  0.00000000E+00      0.9920636390861653E-10      0.8027704341985484E-19
  0.10000000E+01     -0.6057399023894593E-03      0.3669208293671872E-06
  0.20000000E+01     -0.3784561853536112E-01      0.2246623354823345E-01
  0.30000000E+01     -0.1118346357220475E+00      0.7646000778230801E-01
  0.40000000E+01     -0.2227403091172050E+00      0.1790809283888106E+00
  0.50000000E+01     -0.3705101101092877E+00      0.3556937943194220E+00
  0.60000000E+01     -0.5553618435675646E+00      0.6404493954665953E+00
  0.70000000E+01     -0.7772232268214398E+00      0.1074778563414597E+01
  0.80000000E+01     -0.1036627906750991E+01      0.1710699351565609E+01
  0.90000000E+01     -0.1333161278252590E+01      0.2605917853140727E+01
  0.10000000E+02     -0.1667380760335111E+01      0.3830129634294238E+01
  0.11000000E+02     -0.2039435968330875E+01      0.5461212379687621E+01
  0.12000000E+02     -0.2449229882129448E+01      0.7582579538542354E+01
  0.13000000E+02     -0.2896936131631708E+01      0.1029087841278734E+02
  0.14000000E+02     -0.3382746852744293E+01      0.1369103330220164E+02
  0.15000000E+02     -0.3906333352025649E+01      0.1789012364197314E+02
  0.16000000E+02     -0.4468740429256411E+01      0.2302174190371313E+02
  0.17000000E+02     -0.5069177720462580E+01      0.2920621116877088E+02
  0.18000000E+02     -0.5709054271154428E+01      0.3660360569278943E+02
  0.19000000E+02     -0.6387203242438409E+01      0.4535012692222989E+02
  0.20000000E+02     -0.7104467085890041E+01      0.5561390218143258E+02
  0.21000000E+02     -0.7860974572086176E+01      0.6756948577772022E+02
  0.22000000E+02     -0.8657562840873696E+01      0.8140954790856712E+02
  0.23000000E+02     -0.9493899235304507E+01      0.9732485824769635E+02
  0.24000000E+02     -0.1036908756471284E+02      0.1154933952807248E+03
  0.25000000E+02     -0.1128384573581512E+02      0.1361409997230451E+03
  0.26000000E+02     -0.1223895097354609E+02      0.1595070038371048E+03
  0.27000000E+02     -0.1323451368756574E+02      0.1858269598056601E+03
  0.28000000E+02     -0.1427072263731359E+02      0.2153524713876983E+03
  0.29000000E+02     -0.1534705709714147E+02      0.2483295330143683E+03
  0.30000000E+02     -0.1646481947001682E+02      0.2850493209092966E+03
  0.31000000E+02     -0.1762403947890879E+02      0.3258077663834782E+03
  0.32000000E+02     -0.1882458163077293E+02      0.3708878095881989E+03
  0.33000000E+02     -0.2006712840924195E+02      0.4206132710518267E+03
  0.34000000E+02     -0.2135224445592408E+02      0.4753218033345751E+03
  0.35000000E+02     -0.2268041585319661E+02      0.5353795060262759E+03
  0.36000000E+02     -0.2405085265892807E+02      0.6010842135125424E+03
  0.37000000E+02     -0.2546245044488537E+02      0.6727436126352183E+03
  0.38000000E+02     -0.2691674747536275E+02      0.7507883309573126E+03
  0.39000000E+02     -0.2841561846196574E+02      0.8356914254546355E+03
  0.40000000E+02     -0.2995847577016526E+02      0.9278494707504123E+03
  0.41000000E+02     -0.3154250276591605E+02      0.1027458858551052E+04
  0.42000000E+02     -0.3317210731157809E+02      0.1135243482930291E+04
  0.43000000E+02     -0.3484464083721328E+02      0.1251433380816329E+04
  0.44000000E+02     -0.3656278314159638E+02      0.1376688045862476E+04
  0.45000000E+02     -0.3832578498116477E+02      0.1511399207644773E+04
  0.46000000E+02     -0.4013287063395674E+02      0.1656023459183172E+04
  0.47000000E+02     -0.4198623318732565E+02      0.1811193195476739E+04
  0.48000000E+02     -0.4388338211669748E+02      0.1977201636823267E+04
  0.49000000E+02     -0.4582496455496270E+02      0.2154620495400030E+04
  0.50000000E+02     -0.4781126571258541E+02      0.2343983343085959E+04
  0.51000000E+02     -0.4984698530829655E+02      0.2546342615368112E+04
  0.52000000E+02     -0.5192750734041026E+02      0.2761806766108682E+04
  0.53000000E+02     -0.5405398115798537E+02      0.2991018502121935E+04
  0.54000000E+02     -0.5622456232591727E+02      0.3234360039925397E+04
  0.55000000E+02     -0.5844113557929000E+02      0.3492673086110226E+04
  0.56000000E+02     -0.6070116066056688E+02      0.3766230440657680E+04
  0.57000000E+02     -0.6300658379808137E+02      0.4055824639889755E+04
  0.58000000E+02     -0.6535718324085413E+02      0.4362105382416436E+04
  0.59000000E+02     -0.6775355583519023E+02      0.4685818947690368E+04
  0.60000000E+02     -0.7019534405427629E+02      0.5027559375853615E+04
  0.61000000E+02     -0.7268133570400499E+02      0.5387742512913606E+04
  0.62000000E+02     -0.7521268039911037E+02      0.5767306979903577E+04
  0.63000000E+02     -0.7778586645942619E+02      0.6166258697090063E+04
  0.64000000E+02     -0.8040054236795910E+02      0.6585246452246665E+04
  0.65000000E+02     -0.8306139881766138E+02      0.7025697347364886E+04
  0.66000000E+02     -0.8576529302477076E+02      0.7487803516368902E+04
  0.67000000E+02     -0.8851437836399639E+02      0.7972612986118091E+04
  0.68000000E+02     -0.9130713748438302E+02      0.8480710649078446E+04
  0.69000000E+02     -0.9413908694141054E+02      0.9011805333227789E+04
  0.70000000E+02     -0.9701133429329144E+02      0.9566702460391341E+04
  0.71000000E+02     -0.9992133991612731E+02      0.1014579874657825E+05
  0.72000000E+02     -0.1028779252890121E+03      0.1075153107042742E+05
  0.73000000E+02     -0.1058705226784896E+03      0.1138230565615138E+05
  0.74000000E+02     -0.1088999401707625E+03      0.1203911170498844E+05
  0.75000000E+02     -0.1119619223309058E+03      0.1272145110738600E+05
  0.76000000E+02     -0.1150673229507476E+03      0.1343267766782629E+05
  0.77000000E+02     -0.1182119227429458E+03      0.1417245153021060E+05
  0.78000000E+02     -0.1213820935507329E+03      0.1493820595421432E+05
  0.79000000E+02     -0.1245931379045455E+03      0.1573420789472251E+05
  0.80000000E+02     -0.1278406727647092E+03      0.1656023598255432E+05
  0.81000000E+02     -0.1311183179915989E+03      0.1741506814475215E+05
  0.82000000E+02     -0.1344291409103454E+03      0.1830053143566863E+05
  0.83000000E+02     -0.1377755499186172E+03      0.1921765576299090E+05
  0.84000000E+02     -0.1411541816728309E+03      0.2016595095353751E+05
  0.85000000E+02     -0.1445621514130084E+03      0.2114563018786337E+05
  0.86000000E+02     -0.1479980750410829E+03      0.2215685493751126E+05
  0.87000000E+02     -0.1514620336368182E+03      0.2320008825397704E+05
  0.88000000E+02     -0.1549532754460206E+03      0.2427559566535838E+05
  0.89000000E+02     -0.1584771463860071E+03      0.2538590408770823E+05
  0.90000000E+02     -0.1620261997515850E+03      0.2652923743828307E+05
  0.91000000E+02     -0.1655984179056008E+03      0.2770504801348019E+05
  0.92000000E+02     -0.1692031079718529E+03      0.2891747898218658E+05
  0.93000000E+02     -0.1728313456130402E+03      0.3016374188861687E+05
  0.94000000E+02     -0.1764745787675912E+03      0.3144158754192691E+05
  0.95000000E+02     -0.1801481266335105E+03      0.3275702972051127E+05
  0.96000000E+02     -0.1838497724828833E+03      0.3410978476538009E+05
  0.97000000E+02     -0.1875699349991067E+03      0.3549666872987938E+05
  0.98000000E+02     -0.1913078431424531E+03      0.3691788436489272E+05
  0.99000000E+02     -0.1950706877013507E+03      0.3837671990497928E+05
  0.10000000E+03     -0.1988520667988139E+03      0.3987122241755999E+05
  0.10100000E+03     -0.2026551935444968E+03      0.4140291512981147E+05
  0.10200000E+03     -0.2064821119126785E+03      0.4297335918368852E+05
  0.10300000E+03     -0.2103390793829711E+03      0.4458569296937659E+05
  0.10400000E+03     -0.2142059731343946E+03      0.4623189626152036E+05
  0.10500000E+03     -0.2180946026833342E+03      0.4791748610693341E+05
  0.10600000E+03     -0.2220049943662751E+03      0.4964303931178970E+05
  0.10700000E+03     -0.2259249063886117E+03      0.5140330173358285E+05
  0.10800000E+03     -0.2298727230142319E+03      0.5320683278947762E+05
  0.10900000E+03     -0.2338314532558951E+03      0.5504660076512455E+05
  0.11000000E+03     -0.2378102544707534E+03      0.5692718041583869E+05
  0.11100000E+03     -0.2418084005092926E+03      0.5884867787551546E+05
  0.11200000E+03     -0.2458182267471330E+03      0.6080790460343652E+05
  0.11300000E+03     -0.2498423686869928E+03      0.6280636741380917E+05
  0.11400000E+03     -0.2538924009282826E+03      0.6485030438570793E+05
  0.11500000E+03     -0.2579551938606355E+03      0.6693364941763401E+05
  0.11600000E+03     -0.2620371520223069E+03      0.6905996252614520E+05
  0.11700000E+03     -0.2661444802075677E+03      0.7123311754684342E+05
  0.11800000E+03     -0.2702609160108706E+03      0.7344490920687662E+05
  0.11900000E+03     -0.2743976548286604E+03      0.7570172411935795E+05
  0.12000000E+03     -0.2785402887748711E+03      0.7799575932158521E+05
  0.12100000E+03     -0.2827005480322465E+03      0.8033401336405605E+05
  0.12200000E+03     -0.2868746541204314E+03      0.8271463587439588E+05
  0.12300000E+03     -0.2910614859146996E+03      0.8513772874388656E+05
  0.12400000E+03     -0.2952609207536572E+03      0.8760350174832415E+05
  0.12500000E+03     -0.2994726689712700E+03      0.9011165234562939E+05
  0.12600000E+03     -0.3037095120017750E+03      0.9267063029123434E+05
  0.12700000E+03     -0.3079626431538106E+03      0.9527545214973681E+05
  0.12800000E+03     -0.3122252004150720E+03      0.9792225526464573E+05
  0.12900000E+03     -0.3165173095895191E+03      0.1006240759945313E+06
  0.13000000E+03     -0.3208181652234808E+03      0.1033687262154850E+06
  0.13100000E+03     -0.3251356539029646E+03      0.1061610455375189E+06
  0.13200000E+03     -0.3294666679983805E+03      0.1089996568727026E+06
  0.13300000E+03     -0.3338075358021636E+03      0.1118822530425050E+06
  0.13400000E+03     -0.3381634733973636E+03      0.1148124848449330E+06
  0.13500000E+03     -0.3425401470969995E+03      0.1177947712528831E+06
  0.13600000E+03     -0.3469292340296398E+03      0.1208240482436349E+06
  0.13700000E+03     -0.3513242583854026E+03      0.1238957181250196E+06
  0.13800000E+03     -0.3557388501092293E+03      0.1270203139751891E+06
  0.13900000E+03     -0.3601577936453749E+03      0.1301872970292592E+06
  0.14000000E+03     -0.3646026546715187E+03      0.1334119904081150E+06
  0.14100000E+03     -0.3690705779937999E+03      0.1366934833717179E+06
  0.14200000E+03     -0.3735425379514780E+03      0.1400178169037617E+06
  0.14300000E+03     -0.3780167336997915E+03      0.1433835826020127E+06
  0.14400000E+03     -0.3825146310263994E+03      0.1468075991187090E+06
  0.14500000E+03     -0.3870299477827999E+03      0.1502855771393222E+06
  0.14600000E+03     -0.3915592378157281E+03      0.1538155341979745E+06
  0.14700000E+03     -0.3960992044597061E+03      0.1573947844532518E+06
  0.14800000E+03     -0.4006592270417675E+03      0.1610315099419182E+06
  0.14900000E+03     -0.4052230807116027E+03      0.1647126792282736E+06
  0.15000000E+03     -0.4098077351110734E+03      0.1684526632963357E+06
  0.15100000E+03     -0.4143992535634456E+03      0.1722404759776261E+06
  0.15200000E+03     -0.4191307843736245E+03      0.1761881872709708E+06
  0.15300000E+03     -0.4237493431510171E+03      0.1800843598913141E+06
  0.15400000E+03     -0.4283761179084701E+03      0.1840303782981357E+06
  0.15500000E+03     -0.4330764441084773E+03      0.1880833637892072E+06
  0.15600000E+03     -0.4377285405674794E+03      0.1921379430254134E+06
  0.15700000E+03     -0.4423741254976289E+03      0.1962296679045320E+06
  0.15800000E+03     -0.4470539489123540E+03      0.2003956230226563E+06
  0.15900000E+03     -0.4517369728103405E+03      0.2046080755509838E+06
  0.16000000E+03     -0.4564260507967376E+03      0.2088698652966320E+06
  0.16100000E+03     -0.4611255766719346E+03      0.2131852171154318E+06
  0.16200000E+03     -0.4658372676386291E+03      0.2175560850368596E+06
  0.16300000E+03     -0.4705567855536205E+03      0.2219787809655721E+06
  0.16400000E+03     -0.4752866549207671E+03      0.2264556171450315E+06
  0.16500000E+03     -0.4800180801969626E+03      0.2309786019547960E+06
  0.16600000E+03     -0.4847540266092253E+03      0.2355507796338078E+06
  0.16700000E+03     -0.4895089457163430E+03      0.2401864131187806E+06
  0.16800000E+03     -0.4942613652896102E+03      0.2448647688679615E+06
  0.16900000E+03     -0.4990350046722593E+03      0.2496091401324085E+06
  0.17000000E+03     -0.5038032164401700E+03      0.2543937065395050E+06
  0.17100000E+03     -0.5085813172979215E+03      0.2592332628935385E+06
  0.17200000E+03     -0.5133732858406158E+03      0.2641331601668778E+06
  0.17300000E+03     -0.5181680307469842E+03      0.2690813436628541E+06
  0.17400000E+03     -0.5229698520165250E+03      0.2740829619449996E+06
  0.17500000E+03     -0.5277817516056128E+03      0.2791413939552953E+06
  0.17600000E+03     -0.5326008670463962E+03      0.2842533578472299E+06
  0.17700000E+03     -0.5374250221601432E+03      0.2894172096041737E+06
  0.17800000E+03     -0.5422613656887407E+03      0.2946409527374897E+06
  0.17900000E+03     -0.5470848719049427E+03      0.2998970971755629E+06
  0.18000000E+03     -0.5519340986329789E+03      0.3052283134381741E+06
  0.18100000E+03     -0.5567843464582463E+03      0.3106076176064868E+06
  0.18200000E+03     -0.5616458444557595E+03      0.3160462708676055E+06
  0.18300000E+03     -0.5665012399874653E+03      0.3215248752975989E+06
  0.18400000E+03     -0.5713726544565925E+03      0.3270692900998203E+06
  0.18500000E+03     -0.5762529780457249E+03      0.3326709807968160E+06
  0.18600000E+03     -0.5811480950829086E+03      0.3383375870992924E+06
  0.18700000E+03     -0.5860381636136924E+03      0.3440459327504887E+06
  0.18800000E+03     -0.5909431909453623E+03      0.3498196642324498E+06
  0.18900000E+03     -0.5958616268252824E+03      0.3556578157505310E+06
  0.19000000E+03     -0.6007843261419108E+03      0.3615491557930551E+06
  0.19100000E+03     -0.6057120748155377E+03      0.3674946829762150E+06
  0.19200000E+03     -0.6106290568295316E+03      0.3734755856929941E+06
  0.19300000E+03     -0.6155747984906200E+03      0.3795403804380496E+06
  0.19400000E+03     -0.6205261250241238E+03      0.3856610518867889E+06
  0.19500000E+03     -0.6254787895780361E+03      0.3918319250082691E+06
  0.19600000E+03     -0.6304453251365644E+03      0.3980694716029961E+06
  0.19700000E+03     -0.6354133317220396E+03      0.4043581235439308E+06
  0.19800000E+03     -0.6403976432073659E+03      0.4107172337186048E+06
  0.19900000E+03     -0.6454006881252842E+03      0.4171499082088848E+06
  0.20000000E+03     -0.6504161823404879E+03      0.4236484688847118E+06
  0.20100000E+03     -0.6554331584647632E+03      0.4301994955179412E+06
  0.20200000E+03     -0.6604645890136804E+03      0.4368200210678676E+06
  0.20300000E+03     -0.6655080662071442E+03      0.4435074383316711E+06
  0.20400000E+03     -0.6705703346116169E+03      0.4502708542004233E+06
  0.20500000E+03     -0.6756367767151339E+03      0.4570908145406387E+06
  0.20600000E+03     -0.6807180604551222E+03      0.4639823101757804E+06
  0.20700000E+03     -0.6858007946816263E+03      0.4709275367408730E+06
  0.20800000E+03     -0.6908933712730653E+03      0.4779373362801864E+06
  0.20900000E+03     -0.6960088050616620E+03      0.4850314935047453E+06
  0.21000000E+03     -0.7011467887118946E+03      0.4922092697028152E+06
  0.21100000E+03     -0.7062852852560277E+03      0.4994409499676418E+06
  0.21200000E+03     -0.7114337683629949E+03      0.5067393924538986E+06
  0.21300000E+03     -0.7166114463007131E+03      0.5141326995976252E+06
  0.21400000E+03     -0.7218023750107086E+03      0.5215990235853244E+06
  0.21500000E+03     -0.7269823725717694E+03      0.5291030948236092E+06
  0.21600000E+03     -0.7321782627229129E+03      0.5366838062974372E+06
  0.21700000E+03     -0.7373981861197746E+03      0.5443542730053398E+06
  0.21800000E+03     -0.7426281371926881E+03      0.5520937674730201E+06
  0.21900000E+03     -0.7478687739346016E+03      0.5599044984567277E+06
  0.22000000E+03     -0.7531409719698172E+03      0.5678178789787656E+06
  0.22100000E+03     -0.7584086067725328E+03      0.5757793776438289E+06
  0.22200000E+03     -0.7636995986135978E+03      0.5838319598845321E+06
  0.22300000E+03     -0.7690653472471796E+03      0.5920556332781484E+06
  0.22400000E+03     -0.7744080522896827E+03      0.6003013790919977E+06
  0.22500000E+03     -0.7797425614636818E+03      0.6085912779920908E+06
  0.22600000E+03     -0.7850862126754691E+03      0.6169519803571940E+06
  0.22700000E+03     -0.7904594225702514E+03      0.6254160911883522E+06
  0.22800000E+03     -0.7958204813992880E+03      0.6339187916622214E+06
  0.22900000E+03     -0.8012264664853684E+03      0.6425508961950594E+06
  0.23000000E+03     -0.8066225460421621E+03      0.6512257607313202E+06
  0.23100000E+03     -0.8120380581628741E+03      0.6599903340627332E+06
  0.23200000E+03     -0.8174660580887826E+03      0.6688341255738549E+06
  0.23300000E+03     -0.8229113905369396E+03      0.6777654296756582E+06
  0.23400000E+03     -0.8283812757771068E+03      0.6867967477261235E+06
  0.23500000E+03     -0.8338598811399495E+03      0.6959017741480916E+06
  0.23600000E+03     -0.8393735031027143E+03      0.7051253092941918E+06
  0.23700000E+03     -0.8448834058927381E+03      0.7144031830975332E+06
  0.23800000E+03     -0.8503926996741613E+03      0.7237402854959711E+06
  0.23900000E+03     -0.8559510940637296E+03      0.7332226018240666E+06
  0.24000000E+03     -0.8614966240694641E+03      0.7427443047165101E+06
  0.24100000E+03     -0.8670714810882388E+03      0.7523786242900214E+06
  0.24200000E+03     -0.8726817538327632E+03      0.7621363406945474E+06
  0.24300000E+03     -0.8783171798917953E+03      0.7720010153779999E+06
  0.24400000E+03     -0.8839469534172588E+03      0.7819191276753369E+06
  0.24500000E+03     -0.8895909787802933E+03      0.7919254771256852E+06
  0.24600000E+03     -0.8952381995181540E+03      0.8020015249476952E+06
  0.24700000E+03     -0.9009304658004662E+03      0.8122217717349485E+06
  0.24800000E+03     -0.9066532373513471E+03      0.8225630563959646E+06
  0.24900000E+03     -0.9124088679107450E+03      0.8330295528259041E+06
  0.25000000E+03     -0.9181666440976330E+03      0.8435658749171050E+06
  0.25100000E+03     -0.9239427497254134E+03      0.8542019110914838E+06
  0.25200000E+03     -0.9297434596497814E+03      0.8649493673793493E+06
  0.25300000E+03     -0.9355728225066370E+03      0.8758182698847504E+06
  0.25400000E+03     -0.9414025987816425E+03      0.8867555842695863E+06
  0.25500000E+03     -0.9472894626416606E+03      0.8978693002576361E+06
  0.25600000E+03     -0.9531889117303831E+03      0.9090758045763834E+06
  0.25700000E+03     -0.9591080876038893E+03      0.9203898556032244E+06
  0.25800000E+03     -0.9650503164970559E+03      0.9318181616214818E+06
  0.25900000E+03     -0.9710368779389155E+03      0.9434031644337941E+06
  0.26000000E+03     -0.9770576857524986E+03      0.9551267535056896E+06
  0.26100000E+03     -0.9830807730938945E+03      0.9669259230350836E+06
  0.26200000E+03     -0.9891605680514092E+03      0.9789103753567450E+06
  0.26300000E+03     -0.9952770574994559E+03      0.9910417735857889E+06
  0.26400000E+03     -0.1001414153295498E+04      0.1003289039545132E+07
  0.26500000E+03     -0.1007576965530643E+04      0.1015662451567229E+07
  0.26600000E+03     -0.1013790415432046E+04      0.1028215662885178E+07
  0.26700000E+03     -0.1020030909102385E+04      0.1040900764441788E+07
  0.26800000E+03     -0.1026310182035578E+04      0.1053743995473864E+07
  0.26900000E+03     -0.1032624004292583E+04      0.1066736540343801E+07
  0.27000000E+03     -0.1038992223443498E+04      0.1079922300245403E+07
  0.27100000E+03     -0.1045376011047351E+04      0.1093221448854146E+07
  0.27200000E+03     -0.1051802113211075E+04      0.1106691092971122E+07
  0.27300000E+03     -0.1058285305627362E+04      0.1120363950623207E+07
  0.27400000E+03     -0.1064806527956795E+04      0.1134201492258845E+07
  0.27500000E+03     -0.1071358815280837E+04      0.1148191650177866E+07
  0.27600000E+03     -0.1077946960230682E+04      0.1162343364159494E+07
  0.27700000E+03     -0.1084580968064356E+04      0.1176682770513527E+07
  0.27800000E+03     -0.1091278959189092E+04      0.1191250040424748E+07
  0.27900000E+03     -0.1098012019793150E+04      0.1205983991250168E+07
  0.28000000E+03     -0.1104785938113306E+04      0.1220898223234318E+07
  0.28100000E+03     -0.1111591225777426E+04      0.1235974914530201E+07
  0.28200000E+03     -0.1118444842390080E+04      0.1251251872372354E+07
  0.28300000E+03     -0.1125342446438130E+04      0.1266721737399098E+07
  0.28400000E+03     -0.1132299977467208E+04      0.1282422748094831E+07
  0.28500000E+03     -0.1139289870912531E+04      0.1298294356033882E+07
  0.28600000E+03     -0.1146333978789422E+04      0.1314388789503591E+07
  0.28700000E+03     -0.1153427761178796E+04      0.1330696583169514E+07
  0.28800000E+03     -0.1160567705666494E+04      0.1347212796717669E+07
  0.28900000E+03     -0.1167750268720337E+04      0.1363930495454093E+07
  0.29000000E+03     -0.1174975971074289E+04      0.1380852567243672E+07
  0.29100000E+03     -0.1182245489973727E+04      0.1397982814997716E+07
  0.29200000E+03     -0.1189564480229817E+04      0.1415336914464695E+07
  0.29300000E+03     -0.1196942413863389E+04      0.1432939564112897E+07
  0.29400000E+03     -0.1204366370756827E+04      0.1450762182563986E+07
  0.29500000E+03     -0.1211823675634838E+04      0.1468776105433758E+07
  0.29600000E+03     -0.1219317445928060E+04      0.1486990461434598E+07
  0.29700000E+03     -0.1226862097947989E+04      0.1505441109176976E+07
  0.29800000E+03     -0.1234485044979577E+04      0.1524200056845299E+07
  0.29900000E+03     -0.1242134660686715E+04      0.1543141500906645E+07
  0.30000000E+03     -0.1249807057957537E+04      0.1562256921434929E+07
  0.30100000E+03     -0.1257524149358839E+04      0.1581603221164932E+07
  0.30200000E+03     -0.1265299664054091E+04      0.1601216654306828E+07
  0.30300000E+03     -0.1273142491774531E+04      0.1621122019086747E+07
  0.30400000E+03     -0.1280998440659480E+04      0.1641184218886859E+07
  0.30500000E+03     -0.1288907531241909E+04      0.1661507156254787E+07
  0.30600000E+03     -0.1296817022552493E+04      0.1681956008994124E+07
  0.30700000E+03     -0.1304813318143948E+04      0.1702757142436049E+07
  0.30800000E+03     -0.1312854325720248E+04      0.1723803228949992E+07
  0.30900000E+03     -0.1320921834299038E+04      0.1745049297035187E+07
  0.31000000E+03     -0.1329044795576814E+04      0.1766572926863749E+07
  0.31100000E+03     -0.1337203190116750E+04      0.1788323509931392E+07
  0.31200000E+03     -0.1345398220949049E+04      0.1810305891850983E+07
  0.31300000E+03     -0.1353634189286939E+04      0.1832533398614154E+07
  0.31400000E+03     -0.1361923877978551E+04      0.1855042766137725E+07
  0.31500000E+03     -0.1370228343485318E+04      0.1877730384624611E+07
  0.31600000E+03     -0.1378568983878401E+04      0.1900655557980509E+07
  0.31700000E+03     -0.1386948707402378E+04      0.1923829485086068E+07
  0.31800000E+03     -0.1395364664141822E+04      0.1947244748573414E+07
  0.31900000E+03     -0.1403840702099108E+04      0.1970969968535998E+07
  0.32000000E+03     -0.1412352513403379E+04      0.1994939952939628E+07
  0.32100000E+03     -0.1420888246988422E+04      0.2019123753826309E+07
  0.32200000E+03     -0.1429483238342194E+04      0.2043622260885528E+07
  0.32300000E+03     -0.1438103613831890E+04      0.2068340891904646E+07
  0.32400000E+03     -0.1446750985145220E+04      0.2093287223885686E+07
  0.32500000E+03     -0.1455431538681274E+04      0.2118479027022254E+07
  0.32600000E+03     -0.1464154289605009E+04      0.2143945608156507E+07
  0.32700000E+03     -0.1472889215221759E+04      0.2169600233450930E+07
  0.32800000E+03     -0.1481648685904144E+04      0.2195479977662154E+07
  0.32900000E+03     -0.1490489255948331E+04      0.2221755565776371E+07
  0.33000000E+03     -0.1499347614358733E+04      0.2248241140404526E+07
  0.33100000E+03     -0.1508232690332631E+04      0.2274963907236352E+07
  0.33200000E+03     -0.1517165056703392E+04      0.2301988226168481E+07
  0.33300000E+03     -0.1526148696347080E+04      0.2329328340858639E+07
  0.33400000E+03     -0.1535137024971429E+04      0.2356844040789462E+07
  0.33500000E+03     -0.1544156717000969E+04      0.2384618848587953E+07
  0.33600000E+03     -0.1553186781402120E+04      0.2412588760596070E+07
  0.33700000E+03     -0.1562266668279130E+04      0.2440877114299040E+07
  0.33800000E+03     -0.1571395907503527E+04      0.2469485913093229E+07
  0.33900000E+03     -0.1580541667571688E+04      0.2498313228484896E+07
  0.34000000E+03     -0.1589695529831188E+04      0.2527333771208639E+07
  0.34100000E+03     -0.1598918236624176E+04      0.2556742247985335E+07
  0.34200000E+03     -0.1608123256752513E+04      0.2586263552818950E+07
  0.34300000E+03     -0.1617411123464392E+04      0.2616222962583688E+07
  0.34400000E+03     -0.1626698282898780E+04      0.2646352142954299E+07
  0.34500000E+03     -0.1636043329837885E+04      0.2676843935413174E+07
  0.34600000E+03     -0.1645407927374618E+04      0.2707574217229527E+07
  0.34700000E+03     -0.1654779280455737E+04      0.2738502250253440E+07
  0.34800000E+03     -0.1664198932217046E+04      0.2769766951534027E+07
  0.34900000E+03     -0.1673588351035962E+04      0.2801108133432606E+07
  0.35000000E+03     -0.1683046280813565E+04      0.2832856621270151E+07
  0.35100000E+03     -0.1692561664265045E+04      0.2864977518222171E+07
  0.35200000E+03     -0.1702062096335301E+04      0.2897229222810632E+07
  0.35300000E+03     -0.1711632977462573E+04      0.2929902850224041E+07
  0.35400000E+03     -0.1721171642178624E+04      0.2962648905702408E+07
  0.35500000E+03     -0.1730758018087917E+04      0.2995741238903374E+07
  0.35600000E+03     -0.1740408314009868E+04      0.3029240315639339E+07
  0.35700000E+03     -0.1750037877414728E+04      0.3062852864751963E+07
  0.35800000E+03     -0.1759754524766432E+04      0.3096956945731845E+07
  0.35900000E+03     -0.1769441251591317E+04      0.3131145306207180E+07
  0.36000000E+03     -0.1779177842429471E+04      0.3165698079337640E+07
  0.36100000E+03     -0.1788882137453167E+04      0.3200324963143378E+07
  0.36200000E+03     -0.1798671823263930E+04      0.3235447804705310E+07
  0.36300000E+03     -0.1808496218760733E+04      0.3270887786998002E+07
  0.36400000E+03     -0.1818305146085642E+04      0.3306464887094078E+07
  0.36500000E+03     -0.1828163392935812E+04      0.3342413335324650E+07
  0.36600000E+03     -0.1837988155388604E+04      0.3378434764717104E+07
  0.36700000E+03     -0.1847847765000549E+04      0.3414777588015620E+07
  0.36800000E+03     -0.1857741925976844E+04      0.3451443154149283E+07
  0.36900000E+03     -0.1867666461767504E+04      0.3488417221929358E+07
  0.37000000E+03     -0.1877654500888583E+04      0.3525827943528820E+07
  0.37100000E+03     -0.1887608437544993E+04      0.3563309261650534E+07
  0.37200000E+03     -0.1897578614619919E+04      0.3601049428032904E+07
  0.37300000E+03     -0.1907570957043483E+04      0.3639073749988630E+07
  0.37400000E+03     -0.1917581884304501E+04      0.3677369050681084E+07
  0.37500000E+03     -0.1927650649418657E+04      0.3716088008856727E+07
  0.37600000E+03     -0.1937724938961347E+04      0.3755031204923047E+07
  0.37700000E+03     -0.1947802303248919E+04      0.3794188756635668E+07
  0.37800000E+03     -0.1957948167141603E+04      0.3833817590533311E+07
  0.37900000E+03     -0.1968029569318890E+04      0.3873398625033238E+07
  0.38000000E+03     -0.1978200708216017E+04      0.3913539083897286E+07
  0.38100000E+03     -0.1988375597952428E+04      0.3953900506124827E+07
  0.38200000E+03     -0.1998523865579662E+04      0.3994362090459567E+07
  0.38300000E+03     -0.2008679381175835E+04      0.4035060101947605E+07
  0.38400000E+03     -0.2018930022612415E+04      0.4076348651972010E+07
  0.38500000E+03     -0.2029141863187358E+04      0.4117687895878871E+07
  0.38600000E+03     -0.2039377445457502E+04      0.4159333388109706E+07
  0.38700000E+03     -0.2049603588165810E+04      0.4201149895458556E+07
  0.38800000E+03     -0.2059886831941788E+04      0.4243411452441684E+07
  0.38900000E+03     -0.2070185835915307E+04      0.4285949701151484E+07
  0.39000000E+03     -0.2080457625264780E+04      0.4328586482040442E+07
  0.39100000E+03     -0.2090768978980823E+04      0.4371598686066114E+07
  0.39200000E+03     -0.2101144170021487E+04      0.4415094163506382E+07
  0.39300000E+03     -0.2111370335932791E+04      0.4458173956748298E+07
  0.39400000E+03     -0.2121730720784192E+04      0.4502032972044529E+07
  0.39500000E+03     -0.2132103290144132E+04      0.4546158416965194E+07
  0.39600000E+03     -0.2142456980091816E+04      0.4590418544271515E+07
  0.39700000E+03     -0.2152895718551860E+04      0.4635258787359227E+07
  0.39800000E+03     -0.2163248547162717E+04      0.4679947547930720E+07
  0.39900000E+03     -0.2173663480623119E+04      0.4725117736522981E+07
  0.40000000E+03     -0.2184048078797736E+04      0.4770372347914631E+07
  0.40100000E+03     -0.2194513658232908E+04      0.4816200450420815E+07
  0.40200000E+03     -0.2204920647985017E+04      0.4861986619374303E+07
  0.40300000E+03     -0.2215392454277408E+04      0.4908278717577632E+07
  0.40400000E+03     -0.2225906335461275E+04      0.4954976042776681E+07
  0.40500000E+03     -0.2236328343509753E+04      0.5001483305121801E+07
  0.40600000E+03     -0.2246725422011637E+04      0.5048097784255467E+07
  0.40700000E+03     -0.2257226793680565E+04      0.5095398430447008E+07
  0.40800000E+03     -0.2267573031335146E+04      0.5142216376444373E+07
  0.40900000E+03     -0.2278155842405186E+04      0.5190324358862825E+07
  0.41000000E+03     -0.2288624167028704E+04      0.5238133934579326E+07
  0.41100000E+03     -0.2299117420076396E+04      0.5286277485377380E+07
  0.41200000E+03     -0.2309637005916428E+04      0.5334762027140809E+07
  0.41300000E+03     -0.2320177152327820E+04      0.5383563413668161E+07
  0.41400000E+03     -0.2330591825699580E+04      0.5432002951523427E+07
  0.41500000E+03     -0.2341067373998012E+04      0.5480944476249300E+07
  0.41600000E+03     -0.2351629872444641E+04      0.5530513260508120E+07
  0.41700000E+03     -0.2362206074681709E+04      0.5580370430054680E+07
  0.41800000E+03     -0.2372791768605681E+04      0.5630497221006615E+07
  0.41900000E+03     -0.2383178059270449E+04      0.5679896846119322E+07
  0.42000000E+03     -0.2393850765619092E+04      0.5730882543738798E+07
  0.42100000E+03     -0.2404310095658029E+04      0.5781071655005716E+07
  0.42200000E+03     -0.2414759608601576E+04      0.5831433626004673E+07
  0.42300000E+03     -0.2425339506799689E+04      0.5882642948225912E+07
  0.42400000E+03     -0.2435912420682752E+04      0.5934044394275939E+07
  0.42500000E+03     -0.2446352760317801E+04      0.5985019154606871E+07
  0.42600000E+03     -0.2456840621799669E+04      0.6036445280598125E+07
  0.42700000E+03     -0.2467375831833449E+04      0.6088326309163507E+07
  0.42800000E+03     -0.2477940007565526E+04      0.6140574011553677E+07
  0.42900000E+03     -0.2488495553193894E+04      0.6193000218120072E+07
  0.43000000E+03     -0.2498977202567968E+04      0.6245279560323530E+07
  0.43100000E+03     -0.2509485859208332E+04      0.6297914963849617E+07
  0.43200000E+03     -0.2519969363793598E+04      0.6350643959169975E+07
  0.43300000E+03     -0.2530401594624719E+04      0.6403334229208363E+07
  0.43400000E+03     -0.2540919413842503E+04      0.6456678565588122E+07
  0.43500000E+03     -0.2551326822431540E+04      0.6509679976007386E+07
  0.43600000E+03     -0.2561861771355091E+04      0.6563548502553638E+07
  0.43700000E+03     -0.2572384911027509E+04      0.6617580296676141E+07
  0.43800000E+03     -0.2582834605751570E+04      0.6671453486562022E+07
  0.43900000E+03     -0.2593201957050523E+04      0.6725118250990679E+07
  0.44000000E+03     -0.2603599341711225E+04      0.6779154011592628E+07
  0.44100000E+03     -0.2614079099594950E+04      0.6833836865802811E+07
  0.44200000E+03     -0.2624586720962325E+04      0.6888888343187929E+07
  0.44300000E+03     -0.2634997523653037E+04      0.6943648471749270E+07
  0.44400000E+03     -0.2645431934164529E+04      0.6998747838777225E+07
  0.44500000E+03     -0.2655732179155744E+04      0.7053353278081851E+07
  0.44600000E+03     -0.2666162253530317E+04      0.7108864698206226E+07
  0.44700000E+03     -0.2676535261861422E+04      0.7164292590058113E+07
  0.44800000E+03     -0.2686821238543697E+04      0.7219461654536289E+07
  0.44900000E+03     -0.2697053887716432E+04      0.7274556384902336E+07
  0.45000000E+03     -0.2707454304907210E+04      0.7330767436777106E+07
  0.45100000E+03     -0.2717805346357960E+04      0.7386928133492245E+07
  0.45200000E+03     -0.2728189265049235E+04      0.7443484156782210E+07
  0.45300000E+03     -0.2738280418976990E+04      0.7498650265975909E+07
  0.45400000E+03     -0.2748642964302775E+04      0.7555512864040485E+07
  0.45500000E+03     -0.2758808859433683E+04      0.7611505183639137E+07
  0.45600000E+03     -0.2769079474235862E+04      0.7668281164326191E+07
  0.45700000E+03     -0.2779342078357497E+04      0.7725229561506346E+07
  0.45800000E+03     -0.2789403502344274E+04      0.7781260214827569E+07
  0.45900000E+03     -0.2799570411858195E+04      0.7838086809561750E+07
  0.46000000E+03     -0.2809592359323776E+04      0.7894306364455943E+07
  0.46100000E+03     -0.2819778911622974E+04      0.7951653485866442E+07
  0.46200000E+03     -0.2829842812938477E+04      0.8008514593588471E+07
  0.46300000E+03     -0.2839934627969049E+04      0.8065733628195981E+07
  0.46400000E+03     -0.2850055371240694E+04      0.8123326477286705E+07
  0.46500000E+03     -0.2860085204229556E+04      0.8180602025178608E+07
  0.46600000E+03     -0.2869947579823335E+04      0.8237119551585930E+07
  0.46700000E+03     -0.2879993228537953E+04      0.8294880195734184E+07
  0.46800000E+03     -0.2890002595550243E+04      0.8352640543673285E+07
  0.46900000E+03     -0.2899938689309090E+04      0.8410175357961360E+07
  0.47000000E+03     -0.2909779704185063E+04      0.8467356460317632E+07
  0.47100000E+03     -0.2919392433079695E+04      0.8523392375783218E+07
  0.47200000E+03     -0.2929576942727722E+04      0.8582961376075184E+07
  0.47300000E+03     -0.2939378143872490E+04      0.8640489307435907E+07
  0.47400000E+03     -0.2949233533258036E+04      0.8698530486311179E+07
  0.47500000E+03     -0.2958780780741435E+04      0.8754939445210060E+07
  0.47600000E+03     -0.2968497103458113E+04      0.8812534391619217E+07
  0.47700000E+03     -0.2978306798502424E+04      0.8870874035851011E+07
  0.47800000E+03     -0.2987986689235274E+04      0.8928630238078179E+07
  0.47900000E+03     -0.2997297350670844E+04      0.8984363547833035E+07
  0.48000000E+03     -0.3007145234934827E+04      0.9043492054386599E+07
  0.48100000E+03     -0.3016450048048449E+04      0.9099546554912066E+07
  0.48200000E+03     -0.3026080080393433E+04      0.9157743393499142E+07
  0.48300000E+03     -0.3035422494156814E+04      0.9214372532634331E+07
  0.48400000E+03     -0.3044949362569599E+04      0.9272305908237651E+07
  0.48500000E+03     -0.3054396362439645E+04      0.9329934792765999E+07
  0.48600000E+03     -0.3063743202845845E+04      0.9387121611753985E+07
  0.48700000E+03     -0.3072821153020010E+04      0.9442829866634402E+07
  0.48800000E+03     -0.3082177866584398E+04      0.9500427869866351E+07
  0.48900000E+03     -0.3091416580612411E+04      0.9557464624604275E+07
  0.49000000E+03     -0.3100754267443728E+04      0.9615289357131511E+07
  0.49100000E+03     -0.3110107226325302E+04      0.9673379716632750E+07
  0.49200000E+03     -0.3118796131372958E+04      0.9727511688659515E+07
  0.49300000E+03     -0.3128140036351617E+04      0.9785886300852735E+07
  0.49400000E+03     -0.3137100501982688E+04      0.9842025346286844E+07
  0.49500000E+03     -0.3145894883582910E+04      0.9897290311612336E+07
  0.49600000E+03     -0.3154903804003005E+04      0.9954047935756069E+07
  0.49700000E+03     -0.3163669710043624E+04      0.1000944706129272E+08
  0.49800000E+03     -0.3172509190224714E+04      0.1006545875492562E+08
  0.49900000E+03     -0.3181255346744087E+04      0.1012103558565068E+08
  0.50000000E+03     -0.3189981115557697E+04      0.1017663872327068E+08
  0.50100000E+03     -0.3198715005322141E+04      0.1023243402051245E+08
  0.50200000E+03     -0.3207102296489684E+04      0.1028616684498680E+08
  0.50300000E+03     -0.3215904420772620E+04      0.1034270514535095E+08
  0.50400000E+03     -0.3224228069575357E+04      0.1039632338861575E+08
  0.50500000E+03     -0.3232699920083027E+04      0.1045102107714420E+08
  0.50600000E+03     -0.3241159586800289E+04      0.1050579470354605E+08
  0.50700000E+03     -0.3249523310443702E+04      0.1056008826667181E+08
  0.50800000E+03     -0.3257678550152834E+04      0.1061315358846170E+08
  0.50900000E+03     -0.3265674635516084E+04      0.1066532284266488E+08
  0.51000000E+03     -0.3273989597896902E+04      0.1071970399871319E+08
