  0.00000000E+00     -0.4496385644134286E+01
  0.10000000E+01     -0.3057231810895420E+01
  0.20000000E+01     -0.2283952783218599E+01
  0.30000000E+01     -0.1889118537060956E+01
  0.40000000E+01     -0.1754930061809841E+01
  0.50000000E+01     -0.1816572428382674E+01
  0.60000000E+01     -0.2033416958054669E+01
  0.70000000E+01     -0.2377248166148995E+01
  0.80000000E+01     -0.2827577361316337E+01
  0.90000000E+01     -0.3368447299377913E+01
  0.10000000E+02     -0.3987200128814943E+01
  0.11000000E+02     -0.4674304928694582E+01
  0.12000000E+02     -0.5421616743861400E+01
  0.13000000E+02     -0.6221635593902175E+01
  0.14000000E+02     -0.7068445106823617E+01
  0.15000000E+02     -0.7957070436084940E+01
  0.16000000E+02     -0.8883051593543252E+01
  0.17000000E+02     -0.9842368500370778E+01
  0.18000000E+02     -0.1083155851786865E+02
  0.19000000E+02     -0.1184765520170290E+02
  0.20000000E+02     -0.1288784770358940E+02
  0.21000000E+02     -0.1394933148183975E+02
  0.22000000E+02     -0.1503006461902556E+02
  0.23000000E+02     -0.1612822098718568E+02
  0.24000000E+02     -0.1724146210926461E+02
  0.25000000E+02     -0.1836795727235810E+02
  0.26000000E+02     -0.1950631456322855E+02
  0.27000000E+02     -0.2065507254608821E+02
  0.28000000E+02     -0.2181253003452989E+02
  0.29000000E+02     -0.2297752534223233E+02
  0.30000000E+02     -0.2414871084619254E+02
  0.31000000E+02     -0.2532505344769346E+02
  0.32000000E+02     -0.2650560434408672E+02
  0.33000000E+02     -0.2768908619515769E+02
  0.34000000E+02     -0.2887482586031211E+02
  0.35000000E+02     -0.3006179777061586E+02
  0.36000000E+02     -0.3124905052025369E+02
  0.37000000E+02     -0.3243585969917954E+02
  0.38000000E+02     -0.3362133317249250E+02
  0.39000000E+02     -0.3480489274933437E+02
  0.40000000E+02     -0.3598591978583351E+02
  0.41000000E+02     -0.3716363980313352E+02
  0.42000000E+02     -0.3833687118606265E+02
  0.43000000E+02     -0.3950496021886217E+02
  0.44000000E+02     -0.4066837591714563E+02
  0.45000000E+02     -0.4182582100595233E+02
  0.46000000E+02     -0.4297690732518967E+02
  0.47000000E+02     -0.4412137565460358E+02
  0.48000000E+02     -0.4525873978200350E+02
  0.49000000E+02     -0.4638831924388860E+02
  0.50000000E+02     -0.4750961969229100E+02
  0.51000000E+02     -0.4862266507681790E+02
  0.52000000E+02     -0.4972720927456241E+02
  0.53000000E+02     -0.5082300255236857E+02
  0.54000000E+02     -0.5190979467820785E+02
  0.55000000E+02     -0.5298686353615831E+02
  0.56000000E+02     -0.5405455554583004E+02
  0.57000000E+02     -0.5511267229595461E+02
  0.58000000E+02     -0.5616056696837974E+02
  0.59000000E+02     -0.5719843406680696E+02
  0.60000000E+02     -0.5822649998933987E+02
  0.61000000E+02     -0.5924442991719704E+02
  0.62000000E+02     -0.6025224686602620E+02
  0.63000000E+02     -0.6124992465600833E+02
  0.64000000E+02     -0.6223752134386499E+02
  0.65000000E+02     -0.6321480858594005E+02
  0.66000000E+02     -0.6418193187564957E+02
  0.67000000E+02     -0.6513920025105193E+02
  0.68000000E+02     -0.6608631646653296E+02
  0.69000000E+02     -0.6702322417429177E+02
  0.70000000E+02     -0.6795017818811863E+02
  0.71000000E+02     -0.6886713132879079E+02
  0.72000000E+02     -0.6977403086448139E+02
  0.73000000E+02     -0.7067126257232304E+02
  0.74000000E+02     -0.7155882556836572E+02
  0.75000000E+02     -0.7243664298333688E+02
  0.76000000E+02     -0.7330453048307054E+02
  0.77000000E+02     -0.7416288861317373E+02
  0.78000000E+02     -0.7501135115293327E+02
  0.79000000E+02     -0.7585039694050471E+02
  0.80000000E+02     -0.7668051265627641E+02
  0.81000000E+02     -0.7750154336913468E+02
  0.82000000E+02     -0.7831278145604773E+02
  0.83000000E+02     -0.7911488699704567E+02
  0.84000000E+02     -0.7990773029850935E+02
  0.85000000E+02     -0.8069188549261392E+02
  0.86000000E+02     -0.8146684767537322E+02
  0.87000000E+02     -0.8223267915634280E+02
  0.88000000E+02     -0.8298953190217436E+02
  0.89000000E+02     -0.8373797158701960E+02
  0.90000000E+02     -0.8447742882784350E+02
  0.91000000E+02     -0.8520826181466826E+02
  0.92000000E+02     -0.8593042651549352E+02
  0.93000000E+02     -0.8664409812696637E+02
  0.94000000E+02     -0.8734975993595819E+02
  0.95000000E+02     -0.8804725182990022E+02
  0.96000000E+02     -0.8873625811475331E+02
  0.97000000E+02     -0.8941647671191244E+02
  0.98000000E+02     -0.9008896344996394E+02
  0.99000000E+02     -0.9075366907958566E+02
  0.10000000E+03     -0.9140971008912605E+02
  0.10100000E+03     -0.9205770271076078E+02
  0.10200000E+03     -0.9269847959734814E+02
  0.10300000E+03     -0.9333044704549992E+02
  0.10400000E+03     -0.9395438193899254E+02
  0.10500000E+03     -0.9457095030097793E+02
  0.10600000E+03     -0.9517901234322771E+02
  0.10700000E+03     -0.9577975790333640E+02
  0.10800000E+03     -0.9637303871995836E+02
  0.10900000E+03     -0.9695790599061375E+02
  0.11000000E+03     -0.9753598862054835E+02
  0.11100000E+03     -0.9810588916386824E+02
  0.11200000E+03     -0.9866809768060214E+02
  0.11300000E+03     -0.9922243603874966E+02
  0.11400000E+03     -0.9976914812090352E+02
  0.11500000E+03     -0.1003081227277410E+03
  0.11600000E+03     -0.1008388537002984E+03
  0.11700000E+03     -0.1013622876291637E+03
  0.11800000E+03     -0.1018783837634365E+03
  0.11900000E+03     -0.1023858202929952E+03
  0.12000000E+03     -0.1028865942686553E+03
  0.12100000E+03     -0.1033785729795016E+03
  0.12200000E+03     -0.1038636247237177E+03
  0.12300000E+03     -0.1043407896108973E+03
  0.12400000E+03     -0.1048098256888581E+03
  0.12500000E+03     -0.1052712363984148E+03
  0.12600000E+03     -0.1057243958178365E+03
  0.12700000E+03     -0.1061702151913332E+03
  0.12800000E+03     -0.1066082146711794E+03
  0.12900000E+03     -0.1070383267452599E+03
  0.13000000E+03     -0.1074605636102542E+03
  0.13100000E+03     -0.1078746942298497E+03
  0.13200000E+03     -0.1082811635896686E+03
  0.13300000E+03     -0.1086800738180932E+03
  0.13400000E+03     -0.1090706748815105E+03
  0.13500000E+03     -0.1094535583204078E+03
  0.13600000E+03     -0.1098277136043668E+03
  0.13700000E+03     -0.1101945689488844E+03
  0.13800000E+03     -0.1105532287782490E+03
  0.13900000E+03     -0.1109043296287878E+03
  0.14000000E+03     -0.1112475747761046E+03
  0.14100000E+03     -0.1115827328804731E+03
  0.14200000E+03     -0.1119097860589937E+03
  0.14300000E+03     -0.1122284617014487E+03
  0.14400000E+03     -0.1125404921443861E+03
  0.14500000E+03     -0.1128438865663592E+03
  0.14600000E+03     -0.1131400588912076E+03
  0.14700000E+03     -0.1134281539996711E+03
  0.14800000E+03     -0.1137085901247509E+03
  0.14900000E+03     -0.1139813844200688E+03
  0.15000000E+03     -0.1142465824065593E+03
  0.15100000E+03     -0.1145043573381984E+03
  0.15200000E+03     -0.1147542403962377E+03
  0.15300000E+03     -0.1149972907053201E+03
  0.15400000E+03     -0.1152330320780016E+03
  0.15500000E+03     -0.1154614601694122E+03
  0.15600000E+03     -0.1156825822478377E+03
  0.15700000E+03     -0.1158968646109312E+03
  0.15800000E+03     -0.1161045306882995E+03
  0.15900000E+03     -0.1163051055886491E+03
  0.16000000E+03     -0.1164996514857135E+03
  0.16100000E+03     -0.1166870064509780E+03
  0.16200000E+03     -0.1168683355525887E+03
  0.16300000E+03     -0.1170431739025559E+03
  0.16400000E+03     -0.1172126491939972E+03
  0.16500000E+03     -0.1173755828763501E+03
  0.16600000E+03     -0.1175327172445835E+03
  0.16700000E+03     -0.1176844425922335E+03
  0.16800000E+03     -0.1178299888480170E+03
  0.16900000E+03     -0.1179702181213082E+03
  0.17000000E+03     -0.1181046562093741E+03
  0.17100000E+03     -0.1182341332950822E+03
  0.17200000E+03     -0.1183574134301576E+03
  0.17300000E+03     -0.1184762842547786E+03
  0.17400000E+03     -0.1185896435246317E+03
  0.17500000E+03     -0.1186977366750103E+03
  0.17600000E+03     -0.1188010590184545E+03
  0.17700000E+03     -0.1188998126675014E+03
  0.17800000E+03     -0.1189931805992186E+03
  0.17900000E+03     -0.1190820241445271E+03
  0.18000000E+03     -0.1191658607042168E+03
  0.18100000E+03     -0.1192445977380224E+03
  0.18200000E+03     -0.1193183992913402E+03
  0.18300000E+03     -0.1193871893494481E+03
  0.18400000E+03     -0.1194512256204707E+03
  0.18500000E+03     -0.1195105924948370E+03
  0.18600000E+03     -0.1195649732190713E+03
  0.18700000E+03     -0.1196148587899555E+03
  0.18800000E+03     -0.1196598185338286E+03
  0.18900000E+03     -0.1196999696838158E+03
  0.19000000E+03     -0.1197347164724266E+03
  0.19100000E+03     -0.1197650440564067E+03
  0.19200000E+03     -0.1197898266400654E+03
  0.19300000E+03     -0.1198098831513221E+03
  0.19400000E+03     -0.1198243568934063E+03
  0.19500000E+03     -0.1198341759073785E+03
  0.19600000E+03     -0.1198385727248580E+03
  0.19700000E+03     -0.1198376560225783E+03
  0.19800000E+03     -0.1198307970656987E+03
  0.19900000E+03     -0.1198192926391708E+03
  0.20000000E+03     -0.1198015479550182E+03
  0.20100000E+03     -0.1197773531054649E+03
  0.20200000E+03     -0.1197477536005732E+03
  0.20300000E+03     -0.1197123567245379E+03
  0.20400000E+03     -0.1196707541695720E+03
  0.20500000E+03     -0.1196227167810654E+03
  0.20600000E+03     -0.1195685960011961E+03
  0.20700000E+03     -0.1195076332788744E+03
  0.20800000E+03     -0.1194401328077134E+03
  0.20900000E+03     -0.1193660464656822E+03
  0.21000000E+03     -0.1192849836911978E+03
  0.21100000E+03     -0.1191969379908913E+03
  0.21200000E+03     -0.1191023875024590E+03
  0.21300000E+03     -0.1190004767200573E+03
  0.21400000E+03     -0.1188914191203724E+03
  0.21500000E+03     -0.1187744683055102E+03
  0.21600000E+03     -0.1186497783246717E+03
  0.21700000E+03     -0.1185180098718483E+03
  0.21800000E+03     -0.1183783691704992E+03
  0.21900000E+03     -0.1182315621204803E+03
  0.22000000E+03     -0.1180768799159763E+03
  0.22100000E+03     -0.1179143467094120E+03
  0.22200000E+03     -0.1177435312647519E+03
  0.22300000E+03     -0.1175667117756861E+03
  0.22400000E+03     -0.1173805801223246E+03
  0.22500000E+03     -0.1171875555896439E+03
  0.22600000E+03     -0.1169846903048448E+03
  0.22700000E+03     -0.1167773750750736E+03
  0.22800000E+03     -0.1165606923154445E+03
  0.22900000E+03     -0.1163359617671235E+03
  0.23000000E+03     -0.1161024185520435E+03
  0.23100000E+03     -0.1158615014462593E+03
  0.23200000E+03     -0.1156136274095793E+03
  0.23300000E+03     -0.1153583508884079E+03
  0.23400000E+03     -0.1150930508271354E+03
  0.23500000E+03     -0.1148222070051611E+03
  0.23600000E+03     -0.1145428844130785E+03
  0.23700000E+03     -0.1142567508533841E+03
  0.23800000E+03     -0.1139642426329799E+03
  0.23900000E+03     -0.1136623623081448E+03
  0.24000000E+03     -0.1133528560977395E+03
  0.24100000E+03     -0.1130360375313674E+03
  0.24200000E+03     -0.1127105484766097E+03
  0.24300000E+03     -0.1123778067760888E+03
  0.24400000E+03     -0.1120392283949422E+03
  0.24500000E+03     -0.1116916533739625E+03
  0.24600000E+03     -0.1113367442426115E+03
  0.24700000E+03     -0.1109729187869112E+03
  0.24800000E+03     -0.1106035709825396E+03
  0.24900000E+03     -0.1102261268530032E+03
  0.25000000E+03     -0.1098419140536146E+03
  0.25100000E+03     -0.1094489816154671E+03
  0.25200000E+03     -0.1090495073603853E+03
  0.25300000E+03     -0.1086434078725719E+03
  0.25400000E+03     -0.1082284468141234E+03
  0.25500000E+03     -0.1078071226014485E+03
  0.25600000E+03     -0.1073767657992207E+03
  0.25700000E+03     -0.1069400706269386E+03
  0.25800000E+03     -0.1064942035605960E+03
  0.25900000E+03     -0.1060425300736472E+03
  0.26000000E+03     -0.1055829107809124E+03
  0.26100000E+03     -0.1051147691531384E+03
  0.26200000E+03     -0.1046399571353937E+03
  0.26300000E+03     -0.1041561515524675E+03
  0.26400000E+03     -0.1036639513837585E+03
  0.26500000E+03     -0.1031648769244025E+03
  0.26600000E+03     -0.1026581150639371E+03
  0.26700000E+03     -0.1021424932701375E+03
  0.26800000E+03     -0.1016198750656612E+03
  0.26900000E+03     -0.1010895381096715E+03
  0.27000000E+03     -0.1005490412583695E+03
  0.27100000E+03     -0.1000019788798258E+03
  0.27200000E+03     -0.9944507708985644E+02
  0.27300000E+03     -0.9888027750811703E+02
  0.27400000E+03     -0.9830781749365444E+02
  0.27500000E+03     -0.9772453625440778E+02
  0.27600000E+03     -0.9713488622004020E+02
  0.27700000E+03     -0.9653543462617635E+02
  0.27800000E+03     -0.9592756383654104E+02
  0.27900000E+03     -0.9531250079292475E+02
  0.28000000E+03     -0.9468799947198227E+02
  0.28100000E+03     -0.9405403663053903E+02
  0.28200000E+03     -0.9341198597428347E+02
  0.28300000E+03     -0.9276116393055536E+02
  0.28400000E+03     -0.9210105484856581E+02
  0.28500000E+03     -0.9143277930694478E+02
  0.28600000E+03     -0.9075547294484457E+02
  0.28700000E+03     -0.9006673130439648E+02
  0.28800000E+03     -0.8937115720615806E+02
  0.28900000E+03     -0.8866525721640431E+02
  0.29000000E+03     -0.8795053472754768E+02
  0.29100000E+03     -0.8722576416253429E+02
  0.29200000E+03     -0.8649243721810524E+02
  0.29300000E+03     -0.8574940124566747E+02
  0.29400000E+03     -0.8499654749506858E+02
  0.29500000E+03     -0.8423272303824898E+02
  0.29600000E+03     -0.8346324849257630E+02
  0.29700000E+03     -0.8268428643271616E+02
  0.29800000E+03     -0.8189504701272202E+02
  0.29900000E+03     -0.8109965669529667E+02
  0.30000000E+03     -0.8029118393523169E+02
  0.30100000E+03     -0.7947867136251379E+02
  0.30200000E+03     -0.7865559892798375E+02
  0.30300000E+03     -0.7782334002700496E+02
  0.30400000E+03     -0.7698222801587598E+02
  0.30500000E+03     -0.7613276120210912E+02
  0.30600000E+03     -0.7527576905729086E+02
  0.30700000E+03     -0.7441264129493301E+02
  0.30800000E+03     -0.7354479116911655E+02
  0.30900000E+03     -0.7266987113804227E+02
  0.31000000E+03     -0.7178587160239873E+02
  0.31100000E+03     -0.7089606450774309E+02
  0.31200000E+03     -0.7000015276130324E+02
  0.31300000E+03     -0.6910302960265612E+02
  0.31400000E+03     -0.6819703032544481E+02
  0.31500000E+03     -0.6728656295294823E+02
  0.31600000E+03     -0.6637095758580688E+02
  0.31700000E+03     -0.6545193771752240E+02
  0.31800000E+03     -0.6453001849624475E+02
  0.31900000E+03     -0.6360383774278985E+02
  0.32000000E+03     -0.6267497450583852E+02
  0.32100000E+03     -0.6174226393798479E+02
  0.32200000E+03     -0.6080647184505094E+02
  0.32300000E+03     -0.5986939981134912E+02
  0.32400000E+03     -0.5892794435779890E+02
  0.32500000E+03     -0.5798975759648149E+02
  0.32600000E+03     -0.5704991962038790E+02
  0.32700000E+03     -0.5610780840973709E+02
  0.32800000E+03     -0.5516862294255026E+02
  0.32900000E+03     -0.5422915281597724E+02
  0.33000000E+03     -0.5328486997170868E+02
  0.33100000E+03     -0.5234354159793678E+02
  0.33200000E+03     -0.5140219222216204E+02
  0.33300000E+03     -0.5046533311275965E+02
  0.33400000E+03     -0.4953160068524711E+02
  0.33500000E+03     -0.4859438816666697E+02
  0.33600000E+03     -0.4766242635016621E+02
  0.33700000E+03     -0.4673324085141361E+02
  0.33800000E+03     -0.4581114433970259E+02
  0.33900000E+03     -0.4488880049906797E+02
  0.34000000E+03     -0.4397045751898221E+02
  0.34100000E+03     -0.4305880664398979E+02
  0.34200000E+03     -0.4215304941314341E+02
  0.34300000E+03     -0.4124965310218003E+02
  0.34400000E+03     -0.4035186612102403E+02
  0.34500000E+03     -0.3945831710415595E+02
  0.34600000E+03     -0.3857246031428048E+02
  0.34700000E+03     -0.3769675800056061E+02
  0.34800000E+03     -0.3682166958020724E+02
  0.34900000E+03     -0.3596271383666177E+02
  0.35000000E+03     -0.3510909545402594E+02
  0.35100000E+03     -0.3426046592929352E+02
  0.35200000E+03     -0.3341997147865720E+02
  0.35300000E+03     -0.3258417563764678E+02
  0.35400000E+03     -0.3175983413036592E+02
  0.35500000E+03     -0.3094706017353079E+02
  0.35600000E+03     -0.3014405222168790E+02
  0.35700000E+03     -0.2935065825676432E+02
  0.35800000E+03     -0.2857087324279878E+02
  0.35900000E+03     -0.2780265720247451E+02
  0.36000000E+03     -0.2704279590735613E+02
  0.36100000E+03     -0.2629970281359789E+02
  0.36200000E+03     -0.2556612997729608E+02
  0.36300000E+03     -0.2484811715198557E+02
  0.36400000E+03     -0.2413440506870810E+02
  0.36500000E+03     -0.2344285493893651E+02
  0.36600000E+03     -0.2276605359964361E+02
  0.36700000E+03     -0.2210344254824651E+02
  0.36800000E+03     -0.2145512302753349E+02
  0.36900000E+03     -0.2081794285682009E+02
  0.37000000E+03     -0.2020140272957143E+02
  0.37100000E+03     -0.1959676966000809E+02
  0.37200000E+03     -0.1900661421749490E+02
  0.37300000E+03     -0.1843028221701444E+02
  0.37400000E+03     -0.1788182912436794E+02
  0.37500000E+03     -0.1734918597175061E+02
  0.37600000E+03     -0.1682720235330263E+02
  0.37700000E+03     -0.1632446586845758E+02
  0.37800000E+03     -0.1584331806782699E+02
  0.37900000E+03     -0.1538638822152756E+02
  0.38000000E+03     -0.1494102059517303E+02
  0.38100000E+03     -0.1452711007985593E+02
  0.38200000E+03     -0.1412675404613407E+02
  0.38300000E+03     -0.1374385882989585E+02
  0.38400000E+03     -0.1339214878505320E+02
  0.38500000E+03     -0.1306474009301864E+02
  0.38600000E+03     -0.1275883189837999E+02
  0.38700000E+03     -0.1247646824910501E+02
  0.38800000E+03     -0.1222100020877611E+02
  0.38900000E+03     -0.1198962035679735E+02
  0.39000000E+03     -0.1177494931326560E+02
  0.39100000E+03     -0.1157886888331194E+02
  0.39200000E+03     -0.1141922655559696E+02
  0.39300000E+03     -0.1129070362415442E+02
  0.39400000E+03     -0.1117552335824215E+02
  0.39500000E+03     -0.1109491337925077E+02
  0.39600000E+03     -0.1104651981777715E+02
  0.39700000E+03     -0.1102447492152051E+02
  0.39800000E+03     -0.1103131354715656E+02
  0.39900000E+03     -0.1106254877879203E+02
  0.40000000E+03     -0.1112982124861813E+02
  0.40100000E+03     -0.1122623774937706E+02
  0.40200000E+03     -0.1135786778736827E+02
  0.40300000E+03     -0.1151234728048852E+02
  0.40400000E+03     -0.1171005460890814E+02
  0.40500000E+03     -0.1193391679715475E+02
  0.40600000E+03     -0.1219279162267800E+02
  0.40700000E+03     -0.1248051980828810E+02
  0.40800000E+03     -0.1280527288018658E+02
  0.40900000E+03     -0.1316266974164257E+02
  0.41000000E+03     -0.1355738986123965E+02
  0.41100000E+03     -0.1398736551813200E+02
  0.41200000E+03     -0.1446181039546705E+02
  0.41300000E+03     -0.1497478706768221E+02
  0.41400000E+03     -0.1550755783763998E+02
  0.41500000E+03     -0.1609874222517599E+02
  0.41600000E+03     -0.1670316167373052E+02
  0.41700000E+03     -0.1736640126219611E+02
  0.41800000E+03     -0.1806470637375831E+02
  0.41900000E+03     -0.1879990361275228E+02
  0.42000000E+03     -0.1958946776395626E+02
  0.42100000E+03     -0.2041028889754189E+02
  0.42200000E+03     -0.2127607235388086E+02
  0.42300000E+03     -0.2218659823243253E+02
  0.42400000E+03     -0.2312687519837623E+02
  0.42500000E+03     -0.2412579620477505E+02
  0.42600000E+03     -0.2516592437800135E+02
  0.42700000E+03     -0.2625195452690264E+02
  0.42800000E+03     -0.2739542950554909E+02
  0.42900000E+03     -0.2857641426142464E+02
  0.43000000E+03     -0.2981724728488828E+02
  0.43100000E+03     -0.3110055399069424E+02
  0.43200000E+03     -0.3245182770772123E+02
  0.43300000E+03     -0.3384056066567511E+02
  0.43400000E+03     -0.3527576012194538E+02
  0.43500000E+03     -0.3675547805479911E+02
  0.43600000E+03     -0.3829218465008733E+02
  0.43700000E+03     -0.3988234201018831E+02
  0.43800000E+03     -0.4150317844928310E+02
  0.43900000E+03     -0.4321246848779872E+02
  0.44000000E+03     -0.4497767865212096E+02
  0.44100000E+03     -0.4678614530268599E+02
  0.44200000E+03     -0.4865277364844140E+02
  0.44300000E+03     -0.5057505085161522E+02
  0.44400000E+03     -0.5256896861361347E+02
  0.44500000E+03     -0.5459385981192456E+02
  0.44600000E+03     -0.5668871791468470E+02
  0.44700000E+03     -0.5883689175813306E+02
  0.44800000E+03     -0.6104342975359940E+02
  0.44900000E+03     -0.6332270383343366E+02
  0.45000000E+03     -0.6565325754284817E+02
  0.45100000E+03     -0.6805847428547385E+02
  0.45200000E+03     -0.7053460130397417E+02
  0.45300000E+03     -0.7306900103199408E+02
  0.45400000E+03     -0.7564328701991491E+02
  0.45500000E+03     -0.7828903401606679E+02
  0.45600000E+03     -0.8102772037202955E+02
  0.45700000E+03     -0.8378544217049884E+02
  0.45800000E+03     -0.8664235824383616E+02
  0.45900000E+03     -0.8958724868432634E+02
  0.46000000E+03     -0.9258330966624310E+02
  0.46100000E+03     -0.9562214108498080E+02
  0.46200000E+03     -0.9874895435380826E+02
  0.46300000E+03     -0.1019274511514386E+03
  0.46400000E+03     -0.1052147815790677E+03
  0.46500000E+03     -0.1085716760506415E+03
  0.46600000E+03     -0.1119597460145933E+03
  0.46700000E+03     -0.1154555049935170E+03
  0.46800000E+03     -0.1190171206007237E+03
  0.46900000E+03     -0.1226649616067118E+03
  0.47000000E+03     -0.1263995392077256E+03
  0.47100000E+03     -0.1301945919947500E+03
  0.47200000E+03     -0.1340744141099200E+03
  0.47300000E+03     -0.1380404964017808E+03
  0.47400000E+03     -0.1420908557927936E+03
  0.47500000E+03     -0.1462078894804058E+03
  0.47600000E+03     -0.1504137572845852E+03
  0.47700000E+03     -0.1547009781877778E+03
  0.47800000E+03     -0.1591379687020231E+03
  0.47900000E+03     -0.1636189371302777E+03
  0.48000000E+03     -0.1681546901634248E+03
  0.48100000E+03     -0.1727977131378583E+03
  0.48200000E+03     -0.1775419817067981E+03
  0.48300000E+03     -0.1823673378492561E+03
  0.48400000E+03     -0.1872763355057182E+03
  0.48500000E+03     -0.1922225171511885E+03
  0.48600000E+03     -0.1972742935779714E+03
  0.48700000E+03     -0.2023761163318776E+03
  0.48800000E+03     -0.2076396531542547E+03
  0.48900000E+03     -0.2130327134408038E+03
  0.49000000E+03     -0.2185050089773571E+03
  0.49100000E+03     -0.2240556729294483E+03
  0.49200000E+03     -0.2297351969317978E+03
  0.49300000E+03     -0.2355050341552163E+03
  0.49400000E+03     -0.2413573319130914E+03
  0.49500000E+03     -0.2473510408735080E+03
  0.49600000E+03     -0.2534100710423843E+03
  0.49700000E+03     -0.2595079760331857E+03
  0.49800000E+03     -0.2657553779623086E+03
  0.49900000E+03     -0.2721159326157477E+03
  0.50000000E+03     -0.2786175224252599E+03
  0.50100000E+03     -0.2852203989613587E+03
  0.50200000E+03     -0.2919069714525550E+03
  0.50300000E+03     -0.2987997587540015E+03
  0.50400000E+03     -0.3057215138340791E+03
  0.50500000E+03     -0.3127677806315687E+03
  0.50600000E+03     -0.3198748832720669E+03
  0.50700000E+03     -0.3267547269700227E+03
  0.50800000E+03     -0.3306750063077830E+03
  0.50900000E+03     -0.3325974664347061E+03
  0.51000000E+03     -0.3339248632553197E+03
