  0.00000000E+00      0.2628013496998988E-09      0.9803592223428444E-19
  0.10000000E+01     -0.6057397387480507E-03      0.3669206311004103E-06
  0.20000000E+01     -0.3498218141694386E-01      0.2047133075055298E-01
  0.30000000E+01     -0.1031430906278006E+00      0.6883794939496306E-01
  0.40000000E+01     -0.2051071344527261E+00      0.1593292440730444E+00
  0.50000000E+01     -0.3409662457524120E+00      0.3128319517868879E+00
  0.60000000E+01     -0.5103335784178240E+00      0.5575214957579850E+00
  0.70000000E+01     -0.7136653056135990E+00      0.9281253444315301E+00
  0.80000000E+01     -0.9507802360385786E+00      0.1466015012859374E+01
  0.90000000E+01     -0.1221872468939850E+01      0.2221031158250022E+01
  0.10000000E+02     -0.1526837288757541E+01      0.3247422388209499E+01
  0.11000000E+02     -0.1865780892770369E+01      0.4609301398407642E+01
  0.12000000E+02     -0.2238885322024268E+01      0.6377468028072849E+01
  0.13000000E+02     -0.2645382651779955E+01      0.8622494017071379E+01
  0.14000000E+02     -0.3085432322801878E+01      0.1142760615189260E+02
  0.15000000E+02     -0.3560148878466364E+01      0.1489506877879379E+02
  0.16000000E+02     -0.4068812896584150E+01      0.1911273912335107E+02
  0.17000000E+02     -0.4611198130308286E+01      0.2418285928621012E+02
  0.18000000E+02     -0.5187518211274247E+01      0.3022081841929712E+02
  0.19000000E+02     -0.5798252468868768E+01      0.3734919512172134E+02
  0.20000000E+02     -0.6442172910515060E+01      0.4567613919969151E+02
  0.21000000E+02     -0.7121269623945673E+01      0.5536149792809957E+02
  0.22000000E+02     -0.7832870705162039E+01      0.6650335967663534E+02
  0.23000000E+02     -0.8578621806402985E+01      0.7927600322857700E+02
  0.24000000E+02     -0.9359904619634182E+01      0.9385958412245809E+02
  0.25000000E+02     -0.1017439847147051E+02      0.1103611696830687E+03
  0.26000000E+02     -0.1102156917786187E+02      0.1289370582915404E+03
  0.27000000E+02     -0.1190410114679350E+02      0.1498304915200534E+03
  0.28000000E+02     -0.1281966965840214E+02      0.1731531680709591E+03
  0.29000000E+02     -0.1377035055595576E+02      0.1991695503335350E+03
  0.30000000E+02     -0.1475445060498028E+02      0.2280018553452314E+03
  0.31000000E+02     -0.1577228063092836E+02      0.2598660225193681E+03
  0.32000000E+02     -0.1682513461091425E+02      0.2950244734320492E+03
  0.33000000E+02     -0.1791084645104621E+02      0.3336101561230643E+03
  0.34000000E+02     -0.1903114445990045E+02      0.3759023283333260E+03
  0.35000000E+02     -0.2018294414565777E+02      0.4220062884330284E+03
  0.36000000E+02     -0.2136912421904702E+02      0.4722781955664766E+03
  0.37000000E+02     -0.2258882237736421E+02      0.5268978536998014E+03
  0.38000000E+02     -0.2384602563079110E+02      0.5863229718003281E+03
  0.39000000E+02     -0.2513716680195853E+02      0.6506780924295829E+03
  0.40000000E+02     -0.2645854961659003E+02      0.7200018519563846E+03
  0.41000000E+02     -0.2781684755468871E+02      0.7949090525135555E+03
  0.42000000E+02     -0.2920541289090239E+02      0.8753035589038599E+03
  0.43000000E+02     -0.3062976366831828E+02      0.9618035087137982E+03
  0.44000000E+02     -0.3208816705634199E+02      0.1054597105736665E+04
  0.45000000E+02     -0.3358031542693272E+02      0.1153945086428055E+04
  0.46000000E+02     -0.3510477348271485E+02      0.1260052516267282E+04
  0.47000000E+02     -0.3666106522542245E+02      0.1373176011363129E+04
  0.48000000E+02     -0.3824962114638394E+02      0.1493659472825268E+04
  0.49000000E+02     -0.3987318353847687E+02      0.1622004522321953E+04
  0.50000000E+02     -0.4153283823602018E+02      0.1758701233609137E+04
  0.51000000E+02     -0.4322334749195387E+02      0.1903609646380376E+04
  0.52000000E+02     -0.4494603991155146E+02      0.2057147957501003E+04
  0.53000000E+02     -0.4670128622702639E+02      0.2219726751587650E+04
  0.54000000E+02     -0.4849252850837449E+02      0.2391980468163242E+04
  0.55000000E+02     -0.5030993114642383E+02      0.2573364072782680E+04
  0.56000000E+02     -0.5216598475652258E+02      0.2765419338652239E+04
  0.57000000E+02     -0.5406038936298287E+02      0.2968620622893096E+04
  0.58000000E+02     -0.5598001759455471E+02      0.3181801841015132E+04
  0.59000000E+02     -0.5793787709704488E+02      0.3406860267288706E+04
  0.60000000E+02     -0.5991988817295175E+02      0.3642468156616387E+04
  0.61000000E+02     -0.6193638627702881E+02      0.3890275351689998E+04
  0.62000000E+02     -0.6398790850967973E+02      0.4150799787343661E+04
  0.63000000E+02     -0.6607236085986609E+02      0.4424112497192320E+04
  0.64000000E+02     -0.6818415594143256E+02      0.4709831071076212E+04
  0.65000000E+02     -0.7033630591069679E+02      0.5010294942538789E+04
  0.66000000E+02     -0.7251831218185170E+02      0.5324293061813312E+04
  0.67000000E+02     -0.7472530543780782E+02      0.5651601811616327E+04
  0.68000000E+02     -0.7696985142949006E+02      0.5994507339238045E+04
  0.69000000E+02     -0.7924635897254522E+02      0.6352613991112050E+04
  0.70000000E+02     -0.8154855088473327E+02      0.6725244237814001E+04
  0.71000000E+02     -0.8388073902840192E+02      0.7113588155754960E+04
  0.72000000E+02     -0.8624625612065994E+02      0.7518665468038047E+04
  0.73000000E+02     -0.8864269987812288E+02      0.7940452644935946E+04
  0.74000000E+02     -0.9106617779531992E+02      0.8378683943927303E+04
  0.75000000E+02     -0.9352086943985393E+02      0.8834517615222892E+04
  0.76000000E+02     -0.9601105191608268E+02      0.9309190559428942E+04
  0.77000000E+02     -0.9852489865794458E+02      0.9800922234739020E+04
  0.78000000E+02     -0.1010730712935123E+03      0.1031241679731096E+05
  0.79000000E+02     -0.1036520987552082E+03      0.1084335476684258E+05
  0.80000000E+02     -0.1062535394946210E+03      0.1139218987753836E+05
  0.81000000E+02     -0.1088831928222530E+03      0.1196085416396558E+05
  0.82000000E+02     -0.1115434007362842E+03      0.1255015573549526E+05
  0.83000000E+02     -0.1142344877009899E+03      0.1316076787966351E+05
  0.84000000E+02     -0.1169525716977322E+03      0.1379205912907713E+05
  0.85000000E+02     -0.1196970507440611E+03      0.1444456654252557E+05
  0.86000000E+02     -0.1224746559511212E+03      0.1512036496289096E+05
  0.87000000E+02     -0.1252878515754506E+03      0.1582054655398795E+05
  0.88000000E+02     -0.1281185726523319E+03      0.1654104347662695E+05
  0.89000000E+02     -0.1309720459541192E+03      0.1728332438846806E+05
  0.90000000E+02     -0.1338635615323509E+03      0.1805216557000659E+05
  0.91000000E+02     -0.1367777282311116E+03      0.1884411512684152E+05
  0.92000000E+02     -0.1397135656827522E+03      0.1965889923451215E+05
  0.93000000E+02     -0.1426757313130816E+03      0.2049852332593160E+05
  0.94000000E+02     -0.1456694110796442E+03      0.2136499530311673E+05
  0.95000000E+02     -0.1486724443237254E+03      0.2225196192214362E+05
  0.96000000E+02     -0.1517170400204647E+03      0.2316978451086922E+05
  0.97000000E+02     -0.1547906532308715E+03      0.2411513517273989E+05
  0.98000000E+02     -0.1578890454288833E+03      0.2508720540767680E+05
  0.99000000E+02     -0.1610111318956618E+03      0.2608618364000929E+05
  0.10000000E+03     -0.1641628411086941E+03      0.2711427360399850E+05
  0.10100000E+03     -0.1673292747775534E+03      0.2816698042869906E+05
  0.10200000E+03     -0.1705209919609498E+03      0.2924860303869066E+05
  0.10300000E+03     -0.1737306136248268E+03      0.3035662411742863E+05
  0.10400000E+03     -0.1769718424851994E+03      0.3149673456224344E+05
  0.10500000E+03     -0.1802328915929015E+03      0.3266471134766968E+05
  0.10600000E+03     -0.1835271138677471E+03      0.3386635859705743E+05
  0.10700000E+03     -0.1868369479766978E+03      0.3509548456370090E+05
  0.10800000E+03     -0.1901754599263897E+03      0.3635751861647730E+05
  0.10900000E+03     -0.1935460254153394E+03      0.3765411515949902E+05
  0.11000000E+03     -0.1969409391471856E+03      0.3898299594034901E+05
  0.11100000E+03     -0.2003476887697611E+03      0.4033959596265446E+05
  0.11200000E+03     -0.2037795725884084E+03      0.4172989774238694E+05
  0.11300000E+03     -0.2072277106765169E+03      0.4315032950520476E+05
  0.11400000E+03     -0.2107013690999239E+03      0.4460503606064816E+05
  0.11500000E+03     -0.2141971036663753E+03      0.4609355086595187E+05
  0.11600000E+03     -0.2177265046569754E+03      0.4762114722631604E+05
  0.11700000E+03     -0.2212758252846296E+03      0.4918249814461388E+05
  0.11800000E+03     -0.2248378327331872E+03      0.5077468927590002E+05
  0.11900000E+03     -0.2284202919730897E+03      0.5240168695683649E+05
  0.12000000E+03     -0.2320438297083853E+03      0.5407341392297868E+05
  0.12100000E+03     -0.2356612491278157E+03      0.5576828602096671E+05
  0.12200000E+03     -0.2393092262118950E+03      0.5750400190350616E+05
  0.12300000E+03     -0.2429837879090088E+03      0.5927936602779222E+05
  0.12400000E+03     -0.2466695951380573E+03      0.6108680260724148E+05
  0.12500000E+03     -0.2503874418927683E+03      0.6293759762287445E+05
  0.12600000E+03     -0.2541214144677580E+03      0.6482436516408834E+05
  0.12700000E+03     -0.2578624455527130E+03      0.6674235351310777E+05
  0.12800000E+03     -0.2616401729075332E+03      0.6870779350482584E+05
  0.12900000E+03     -0.2654351732774349E+03      0.7071096580010979E+05
  0.13000000E+03     -0.2692682557184387E+03      0.7276347876682290E+05
  0.13100000E+03     -0.2730911089590692E+03      0.7483946214220554E+05
  0.13200000E+03     -0.2769404165185321E+03      0.7695941735564274E+05
  0.13300000E+03     -0.2808149922442085E+03      0.7912358382922171E+05
  0.13400000E+03     -0.2847141136006794E+03      0.8133154307034875E+05
  0.13500000E+03     -0.2886317725392902E+03      0.8358021122568820E+05
  0.13600000E+03     -0.2925637661635361E+03      0.8586846938972305E+05
  0.13700000E+03     -0.2965085422627174E+03      0.8819493873714197E+05
  0.13800000E+03     -0.3004757045373194E+03      0.9056575766325463E+05
  0.13900000E+03     -0.3044607812997343E+03      0.9297909425757384E+05
  0.14000000E+03     -0.3084673850274904E+03      0.9543717217288424E+05
  0.14100000E+03     -0.3124821985617006E+03      0.9793242643228506E+05
  0.14200000E+03     -0.3165227746091632E+03      0.1004763997818599E+06
  0.14300000E+03     -0.3205767907247978E+03      0.1030614051605598E+06
  0.14400000E+03     -0.3246626375480474E+03      0.1057001482994195E+06
  0.14500000E+03     -0.3287616869769955E+03      0.1083808248716651E+06
  0.14600000E+03     -0.3328679695200915E+03      0.1110997663318230E+06
  0.14700000E+03     -0.3370103804647875E+03      0.1138766019502995E+06
  0.14800000E+03     -0.3411638299344266E+03      0.1166957403546433E+06
  0.14900000E+03     -0.3453248829172281E+03      0.1195541990297402E+06
  0.15000000E+03     -0.3495143575005470E+03      0.1224672320780678E+06
  0.15100000E+03     -0.3537109159706997E+03      0.1254203265936304E+06
  0.15200000E+03     -0.3579402981792318E+03      0.1284326639711175E+06
  0.15300000E+03     -0.3621718350386394E+03      0.1314816755604914E+06
  0.15400000E+03     -0.3664380524270284E+03      0.1345919914816105E+06
  0.15500000E+03     -0.3707009307976670E+03      0.1377357902873268E+06
  0.15600000E+03     -0.3749743909083234E+03      0.1409240184675714E+06
  0.15700000E+03     -0.3792830529896300E+03      0.1441758099629456E+06
  0.15800000E+03     -0.3836014034219464E+03      0.1474718691722907E+06
  0.15900000E+03     -0.3879328307002213E+03      0.1508152197849854E+06
  0.16000000E+03     -0.3922800158563409E+03      0.1542087653648812E+06
  0.16100000E+03     -0.3966486030568055E+03      0.1576566923905331E+06
  0.16200000E+03     -0.4010403219915378E+03      0.1611613814895808E+06
  0.16300000E+03     -0.4054476506633497E+03      0.1647172837427992E+06
  0.16400000E+03     -0.4098848601742153E+03      0.1683361909760064E+06
  0.16500000E+03     -0.4143241599741789E+03      0.1719967592596904E+06
  0.16600000E+03     -0.4187931665162242E+03      0.1757213361706934E+06
  0.16700000E+03     -0.4232786099013406E+03      0.1794998640308786E+06
  0.16800000E+03     -0.4277686302667036E+03      0.1833216813300744E+06
  0.16900000E+03     -0.4322874440435956E+03      0.1872093394181682E+06
  0.17000000E+03     -0.4368193397830527E+03      0.1911490514925150E+06
  0.17100000E+03     -0.4413631180102306E+03      0.1951402844147278E+06
  0.17200000E+03     -0.4459056054225815E+03      0.1991716736007545E+06
  0.17300000E+03     -0.4504985341217269E+03      0.2032898999570566E+06
  0.17400000E+03     -0.4552118347817620E+03      0.2075595436795104E+06
  0.17500000E+03     -0.4598178473493618E+03      0.2117746715489559E+06
  0.17600000E+03     -0.4644450608622810E+03      0.2160522694826448E+06
  0.17700000E+03     -0.4691497912123954E+03      0.2204454988019113E+06
  0.17800000E+03     -0.4738182832747509E+03      0.2248483186672703E+06
  0.17900000E+03     -0.4785126159708580E+03      0.2293192910932951E+06
  0.18000000E+03     -0.4832017587987950E+03      0.2338290482433631E+06
  0.18100000E+03     -0.4879436375057653E+03      0.2384348834805625E+06
  0.18200000E+03     -0.4926851019016611E+03      0.2430850287934331E+06
  0.18300000E+03     -0.4974471892165770E+03      0.2478004534755418E+06
  0.18400000E+03     -0.5022341996368743E+03      0.2525861114135410E+06
  0.18500000E+03     -0.5070339635706413E+03      0.2574301791949942E+06
  0.18600000E+03     -0.5118423331172492E+03      0.2623291308230433E+06
  0.18700000E+03     -0.5166442837280014E+03      0.2672677499903074E+06
  0.18800000E+03     -0.5214921027189977E+03      0.2723007612447471E+06
  0.18900000E+03     -0.5263607460941846E+03      0.2774023377356820E+06
  0.19000000E+03     -0.5312449912072437E+03      0.2825677836584775E+06
  0.19100000E+03     -0.5361540420808175E+03      0.2878078846357989E+06
  0.19200000E+03     -0.5410783857894179E+03      0.2931123399955297E+06
  0.19300000E+03     -0.5460161908547057E+03      0.2984796950693910E+06
  0.19400000E+03     -0.5509828004189204E+03      0.3039277212720833E+06
  0.19500000E+03     -0.5559763575255926E+03      0.3094549559667275E+06
  0.19600000E+03     -0.5609741897484548E+03      0.3150370082429684E+06
  0.19700000E+03     -0.5659917748415359E+03      0.3206907521742070E+06
  0.19800000E+03     -0.5710396967870439E+03      0.3264300521865886E+06
  0.19900000E+03     -0.5760881212178693E+03      0.3322208499013186E+06
  0.20000000E+03     -0.5811655500064570E+03      0.3380957781618072E+06
  0.20100000E+03     -0.5862712538198811E+03      0.3440559635634694E+06
  0.20200000E+03     -0.5913834865275306E+03      0.3500753426697208E+06
  0.20300000E+03     -0.5965237783829706E+03      0.3561807245194787E+06
  0.20400000E+03     -0.6016788478561938E+03      0.3623565267596630E+06
  0.20500000E+03     -0.6068575692434109E+03      0.3686141460384374E+06
  0.20600000E+03     -0.6120587150334455E+03      0.3749531777028652E+06
  0.20700000E+03     -0.6172800211997989E+03      0.3813709028921506E+06
  0.20800000E+03     -0.6225181212737434E+03      0.3878637314831879E+06
  0.20900000E+03     -0.6277796011911091E+03      0.3944411323039614E+06
  0.21000000E+03     -0.6330595333601810E+03      0.4010975444378930E+06
  0.21100000E+03     -0.6383748318760430E+03      0.4078544280064313E+06
  0.21200000E+03     -0.6437056733993926E+03      0.4146874563940701E+06
  0.21300000E+03     -0.6490368936386562E+03      0.4215775775264000E+06
  0.21400000E+03     -0.6544144707592451E+03      0.4285862388492464E+06
  0.21500000E+03     -0.6598215696770649E+03      0.4356911926329639E+06
  0.21600000E+03     -0.6652344325049623E+03      0.4428622680176037E+06
  0.21700000E+03     -0.6706667355282945E+03      0.4501179758251092E+06
  0.21800000E+03     -0.6761213990577721E+03      0.4574627057880496E+06
  0.21900000E+03     -0.6815902399757080E+03      0.4648865223042906E+06
  0.22000000E+03     -0.6870813981045644E+03      0.4724006192558964E+06
  0.22100000E+03     -0.6926105515822835E+03      0.4800278370519183E+06
  0.22200000E+03     -0.6981672565447845E+03      0.4877543286973679E+06
  0.22300000E+03     -0.7037412406648715E+03      0.4955667199049261E+06
  0.22400000E+03     -0.7093330074871278E+03      0.5034664557519343E+06
  0.22500000E+03     -0.7149630095012632E+03      0.5114834324927811E+06
  0.22600000E+03     -0.7206106747130733E+03      0.5195893375089925E+06
  0.22700000E+03     -0.7262886594742745E+03      0.5278032207228249E+06
  0.22800000E+03     -0.7319761642126762E+03      0.5360954086868337E+06
  0.22900000E+03     -0.7376947003479481E+03      0.5444979626995983E+06
  0.23000000E+03     -0.7434384563244054E+03      0.5530032951085897E+06
  0.23100000E+03     -0.7492191695923051E+03      0.5616301218455792E+06
  0.23200000E+03     -0.7550108318982629E+03      0.5703401374400425E+06
  0.23300000E+03     -0.7608264637438624E+03      0.5791538788705399E+06
  0.23400000E+03     -0.7666730116343177E+03      0.5880828513222517E+06
  0.23500000E+03     -0.7725530768063240E+03      0.5971314967291420E+06
  0.23600000E+03     -0.7784508827705647E+03      0.6062771198976297E+06
  0.23700000E+03     -0.7843751793130846E+03      0.6155339101348325E+06
  0.23800000E+03     -0.7903370150749121E+03      0.6249200894190515E+06
  0.23900000E+03     -0.7963368262733261E+03      0.6344382469779239E+06
  0.24000000E+03     -0.8023407226879410E+03      0.6440344975764133E+06
  0.24100000E+03     -0.8083802453218556E+03      0.6537606510599793E+06
  0.24200000E+03     -0.8144426215823927E+03      0.6635965800827222E+06
  0.24300000E+03     -0.8205402374597019E+03      0.6735638085996308E+06
  0.24400000E+03     -0.8266499344777038E+03      0.6836258400032762E+06
  0.24500000E+03     -0.8328108502728586E+03      0.6938476023479296E+06
  0.24600000E+03     -0.8389885282846885E+03      0.7041735676135499E+06
  0.24700000E+03     -0.8452176948738621E+03      0.7146627215896787E+06
  0.24800000E+03     -0.8514734209790648E+03      0.7252747973868827E+06
  0.24900000E+03     -0.8577307139939510E+03      0.7359677091059232E+06
  0.25000000E+03     -0.8640242720939360E+03      0.7468015266390914E+06
  0.25100000E+03     -0.8703519616883658E+03      0.7577740793751719E+06
  0.25200000E+03     -0.8766986192163203E+03      0.7688601777574078E+06
  0.25300000E+03     -0.8830951379835642E+03      0.7801146163143704E+06
  0.25400000E+03     -0.8895143352164615E+03      0.7914917106759783E+06
  0.25500000E+03     -0.8959506754248745E+03      0.8029812591285397E+06
  0.25600000E+03     -0.9024374992129415E+03      0.8146451215338006E+06
  0.25700000E+03     -0.9089394049587814E+03      0.8264207342997902E+06
  0.25800000E+03     -0.9154861559773738E+03      0.8383628873830867E+06
  0.25900000E+03     -0.9220547371348940E+03      0.8504309370965657E+06
  0.26000000E+03     -0.9286587600906528E+03      0.8626513925935210E+06
  0.26100000E+03     -0.9352812635882142E+03      0.8749936004643274E+06
  0.26200000E+03     -0.9419400801782381E+03      0.8874919322076568E+06
  0.26300000E+03     -0.9486443200575969E+03      0.9001656371238532E+06
  0.26400000E+03     -0.9553557360498709E+03      0.9129425655019606E+06
  0.26500000E+03     -0.9621139210103383E+03      0.9258994667525099E+06
  0.26600000E+03     -0.9689048584036718E+03      0.9390113397673231E+06
  0.26700000E+03     -0.9757123094332132E+03      0.9522479085816205E+06
  0.26800000E+03     -0.9825831246788601E+03      0.9657015394749409E+06
  0.26900000E+03     -0.9894525404373370E+03      0.9792469708444634E+06
  0.27000000E+03     -0.9963631948598314E+03      0.9929690511468145E+06
  0.27100000E+03     -0.1003328511828872E+04      0.1006896454786878E+07
  0.27200000E+03     -0.1010291883935559E+04      0.1020916737143394E+07
  0.27300000E+03     -0.1017300199845505E+04      0.1035125727804051E+07
  0.27400000E+03     -0.1024330923139252E+04      0.1049478818424409E+07
  0.27500000E+03     -0.1031410347569554E+04      0.1064031342458515E+07
  0.27600000E+03     -0.1038522816703949E+04      0.1078752222651312E+07
  0.27700000E+03     -0.1045635262087602E+04      0.1093574685424587E+07
  0.27800000E+03     -0.1052813797859793E+04      0.1108637427783116E+07
  0.27900000E+03     -0.1060020178324407E+04      0.1123862142698613E+07
  0.28000000E+03     -0.1067254832745217E+04      0.1139251749464591E+07
  0.28100000E+03     -0.1074554586436818E+04      0.1154884696266992E+07
  0.28200000E+03     -0.1081840703220152E+04      0.1170595251816651E+07
  0.28300000E+03     -0.1089166280162052E+04      0.1186498813335655E+07
  0.28400000E+03     -0.1096535877823511E+04      0.1202605730561164E+07
  0.28500000E+03     -0.1103937157301053E+04      0.1218891461598157E+07
  0.28600000E+03     -0.1111337862323319E+04      0.1235285617474988E+07
  0.28700000E+03     -0.1118799548031720E+04      0.1251925903091599E+07
  0.28800000E+03     -0.1126290305553528E+04      0.1268742761059532E+07
  0.28900000E+03     -0.1133821154943915E+04      0.1285762678222065E+07
  0.29000000E+03     -0.1141388460486144E+04      0.1302979624727892E+07
  0.29100000E+03     -0.1149017724334905E+04      0.1320453705905931E+07
  0.29200000E+03     -0.1156623745560832E+04      0.1337989672580052E+07
  0.29300000E+03     -0.1164285662059051E+04      0.1355772222600341E+07
  0.29400000E+03     -0.1171974960295496E+04      0.1373736892161301E+07
  0.29500000E+03     -0.1179705159340499E+04      0.1391915448159139E+07
  0.29600000E+03     -0.1187464687082132E+04      0.1410283522423248E+07
  0.29700000E+03     -0.1195248946814399E+04      0.1428831073226113E+07
  0.29800000E+03     -0.1203060350926249E+04      0.1447565094129434E+07
  0.29900000E+03     -0.1210932136858018E+04      0.1466567431594525E+07
  0.30000000E+03     -0.1218828373653519E+04      0.1485752794885739E+07
  0.30100000E+03     -0.1226748083579147E+04      0.1505120884393040E+07
  0.30200000E+03     -0.1234652601456282E+04      0.1524577522470323E+07
  0.30300000E+03     -0.1242563180113772E+04      0.1544173933123453E+07
  0.30400000E+03     -0.1250572274257205E+04      0.1564142206224126E+07
  0.30500000E+03     -0.1258612491846470E+04      0.1584316244095492E+07
  0.30600000E+03     -0.1266651433441451E+04      0.1604617114620874E+07
  0.30700000E+03     -0.1274712903508246E+04      0.1625104128030312E+07
  0.30800000E+03     -0.1282830433897598E+04      0.1645865684478045E+07
  0.30900000E+03     -0.1290982098724137E+04      0.1666846970556902E+07
  0.31000000E+03     -0.1299166747880030E+04      0.1688047472166112E+07
  0.31100000E+03     -0.1307395497022037E+04      0.1709496344825415E+07
  0.31200000E+03     -0.1315601904297010E+04      0.1731022720341382E+07
  0.31300000E+03     -0.1323884043997947E+04      0.1752884121501007E+07
  0.31400000E+03     -0.1332181274089346E+04      0.1774922691604448E+07
  0.31500000E+03     -0.1340510542428864E+04      0.1797184699724568E+07
  0.31600000E+03     -0.1348897852671396E+04      0.1819741724967695E+07
  0.31700000E+03     -0.1357319483242569E+04      0.1842533431748088E+07
  0.31800000E+03     -0.1365735559615475E+04      0.1865452444651700E+07
  0.31900000E+03     -0.1374200929021067E+04      0.1888647419603072E+07
  0.32000000E+03     -0.1382667824152038E+04      0.1911990482470266E+07
  0.32100000E+03     -0.1391168538208910E+04      0.1935571591641100E+07
  0.32200000E+03     -0.1399717274053689E+04      0.1959430709353829E+07
  0.32300000E+03     -0.1408270360879432E+04      0.1983448744077991E+07
  0.32400000E+03     -0.1416848263613741E+04      0.2007682854821100E+07
  0.32500000E+03     -0.1425475106917890E+04      0.2032204834493145E+07
  0.32600000E+03     -0.1434090476762434E+04      0.2056842146231838E+07
  0.32700000E+03     -0.1442736328296912E+04      0.2081715782653188E+07
  0.32800000E+03     -0.1451417646903626E+04      0.2106841224406418E+07
  0.32900000E+03     -0.1460148921068241E+04      0.2132264346083259E+07
  0.33000000E+03     -0.1468900322092457E+04      0.2157899325138367E+07
  0.33100000E+03     -0.1477667267339350E+04      0.2183733547479572E+07
  0.33200000E+03     -0.1486472419049189E+04      0.2209834394704144E+07
  0.33300000E+03     -0.1495322181718876E+04      0.2236223411501777E+07
  0.33400000E+03     -0.1504227045179860E+04      0.2262935190472702E+07
  0.33500000E+03     -0.1513104075126525E+04      0.2289721484080214E+07
  0.33600000E+03     -0.1522041914697289E+04      0.2316850894210706E+07
  0.33700000E+03     -0.1530969915736817E+04      0.2344109873269616E+07
  0.33800000E+03     -0.1539920218759132E+04      0.2371596390952028E+07
  0.33900000E+03     -0.1548903738671449E+04      0.2399347322111307E+07
  0.34000000E+03     -0.1557893937167486E+04      0.2427279144186864E+07
  0.34100000E+03     -0.1566941928432759E+04      0.2455554046557036E+07
  0.34200000E+03     -0.1576006516478966E+04      0.2484045365817228E+07
  0.34300000E+03     -0.1585073155711752E+04      0.2512706777077895E+07
  0.34400000E+03     -0.1594169116395109E+04      0.2541626607924406E+07
  0.34500000E+03     -0.1603290023342795E+04      0.2570792217753781E+07
  0.34600000E+03     -0.1612448723475055E+04      0.2600245734612239E+07
  0.34700000E+03     -0.1621627354360748E+04      0.2629932753198209E+07
  0.34800000E+03     -0.1630838656911801E+04      0.2659895225609293E+07
  0.34900000E+03     -0.1640062386044114E+04      0.2690066473387350E+07
  0.35000000E+03     -0.1649345741087614E+04      0.2720603921459170E+07
  0.35100000E+03     -0.1658620843889357E+04      0.2751287983460966E+07
  0.35200000E+03     -0.1667908863332168E+04      0.2782187209109023E+07
  0.35300000E+03     -0.1677272571841315E+04      0.2813511700377201E+07
  0.35400000E+03     -0.1686549110279227E+04      0.2844718642332502E+07
  0.35500000E+03     -0.1695910826052079E+04      0.2876386635308187E+07
  0.35600000E+03     -0.1705267738283510E+04      0.2908213246371721E+07
  0.35700000E+03     -0.1714586590079222E+04      0.2940084087970740E+07
  0.35800000E+03     -0.1724023219105247E+04      0.2972534172260225E+07
  0.35900000E+03     -0.1733502901402413E+04      0.3005313750439006E+07
  0.36000000E+03     -0.1742974514167707E+04      0.3038244200374003E+07
  0.36100000E+03     -0.1752395363405968E+04      0.3071175960099713E+07
  0.36200000E+03     -0.1761950867162521E+04      0.3104758713514801E+07
  0.36300000E+03     -0.1771513976352574E+04      0.3138551689433423E+07
  0.36400000E+03     -0.1781010411751891E+04      0.3172290266045092E+07
  0.36500000E+03     -0.1790562090981996E+04      0.3206407080830317E+07
  0.36600000E+03     -0.1800162684660067E+04      0.3240884021735990E+07
  0.36700000E+03     -0.1809773561272703E+04      0.3275579325760363E+07
  0.36800000E+03     -0.1819289002330508E+04      0.3310114326202173E+07
  0.36900000E+03     -0.1828943122289159E+04      0.3345338394442472E+07
  0.37000000E+03     -0.1838602819950338E+04      0.3380768152818059E+07
  0.37100000E+03     -0.1848317857567232E+04      0.3416589103929993E+07
  0.37200000E+03     -0.1858032574032478E+04      0.3452597542390532E+07
  0.37300000E+03     -0.1867754904263488E+04      0.3488820928486547E+07
  0.37400000E+03     -0.1877496072741474E+04      0.3525306002789903E+07
  0.37500000E+03     -0.1887184385704378E+04      0.3561785074097306E+07
  0.37600000E+03     -0.1896996994743907E+04      0.3598919974675964E+07
  0.37700000E+03     -0.1906686312988353E+04      0.3635775713197801E+07
  0.37800000E+03     -0.1916365431046207E+04      0.3672783034322753E+07
  0.37900000E+03     -0.1926192257801109E+04      0.3710545583381029E+07
  0.38000000E+03     -0.1935949143582588E+04      0.3748230582753293E+07
  0.38100000E+03     -0.1945707962272219E+04      0.3786115870706609E+07
  0.38200000E+03     -0.1955567567142745E+04      0.3824581969643140E+07
  0.38300000E+03     -0.1965355360213154E+04      0.3862961368112201E+07
  0.38400000E+03     -0.1975236394691345E+04      0.3901903148838387E+07
  0.38500000E+03     -0.1985152760408704E+04      0.3941177233054171E+07
  0.38600000E+03     -0.1995121167914814E+04      0.3980856281409237E+07
  0.38700000E+03     -0.2004958260744740E+04      0.4020209176583435E+07
  0.38800000E+03     -0.2014908876129748E+04      0.4060213378072866E+07
  0.38900000E+03     -0.2024791429571406E+04      0.4100138253944567E+07
  0.39000000E+03     -0.2034666931910608E+04      0.4140230014665439E+07
  0.39100000E+03     -0.2044617614494860E+04      0.4180822761840567E+07
  0.39200000E+03     -0.2054446897021966E+04      0.4221117702390950E+07
  0.39300000E+03     -0.2064418989962946E+04      0.4262193311134268E+07
  0.39400000E+03     -0.2074403790588862E+04      0.4303524939341149E+07
  0.39500000E+03     -0.2084445750213569E+04      0.4345292127250511E+07
  0.39600000E+03     -0.2094358694937215E+04      0.4386718024379608E+07
  0.39700000E+03     -0.2104356204366006E+04      0.4428697865054995E+07
  0.39800000E+03     -0.2114371727235608E+04      0.4470955704478393E+07
  0.39900000E+03     -0.2124492463447177E+04      0.4513856771792743E+07
  0.40000000E+03     -0.2134449697125964E+04      0.4556266365330042E+07
  0.40100000E+03     -0.2144493540461390E+04      0.4599248879164493E+07
  0.40200000E+03     -0.2154458611124759E+04      0.4642087696889400E+07
  0.40300000E+03     -0.2164411457567875E+04      0.4685077492842934E+07
  0.40400000E+03     -0.2174424589835845E+04      0.4728526889676775E+07
  0.40500000E+03     -0.2184317255984088E+04      0.4771649413352671E+07
  0.40600000E+03     -0.2194361485739284E+04      0.4815635909238315E+07
  0.40700000E+03     -0.2204454473860515E+04      0.4860035975555478E+07
  0.40800000E+03     -0.2214527336416558E+04      0.4904548936956827E+07
  0.40900000E+03     -0.2224663919235396E+04      0.4949551869936347E+07
  0.41000000E+03     -0.2234669136982643E+04      0.4994170574740965E+07
  0.41100000E+03     -0.2244605546476145E+04      0.5038683826925694E+07
  0.41200000E+03     -0.2254649370584450E+04      0.5083875863041413E+07
  0.41300000E+03     -0.2264697603141809E+04      0.5129289517798993E+07
  0.41400000E+03     -0.2274765439330093E+04      0.5174995824623082E+07
  0.41500000E+03     -0.2284912143610361E+04      0.5221267308958532E+07
  0.41600000E+03     -0.2295049121761538E+04      0.5267698163620367E+07
  0.41700000E+03     -0.2304991884379261E+04      0.5313436866348212E+07
  0.41800000E+03     -0.2315063036651672E+04      0.5359971558851741E+07
  0.41900000E+03     -0.2325015114361760E+04      0.5406154852957304E+07
  0.42000000E+03     -0.2335155040271679E+04      0.5453412823762180E+07
  0.42100000E+03     -0.2345198534643795E+04      0.5500420102105469E+07
  0.42200000E+03     -0.2355350001551476E+04      0.5548140857125697E+07
  0.42300000E+03     -0.2365392305549413E+04      0.5595552695242415E+07
  0.42400000E+03     -0.2375304527096321E+04      0.5642549221626320E+07
  0.42500000E+03     -0.2385319499834598E+04      0.5690230126258723E+07
  0.42600000E+03     -0.2395344920172111E+04      0.5738162291973384E+07
  0.42700000E+03     -0.2405373343412252E+04      0.5786313791224979E+07
  0.42800000E+03     -0.2415286708078305E+04      0.5834100380385250E+07
  0.42900000E+03     -0.2425338546381607E+04      0.5882761855924814E+07
  0.43000000E+03     -0.2435427741934863E+04      0.5931809274453766E+07
  0.43100000E+03     -0.2445297681728536E+04      0.5979987018526671E+07
  0.43200000E+03     -0.2455484930211186E+04      0.6029915977912422E+07
  0.43300000E+03     -0.2465297877741134E+04      0.6078207903715579E+07
  0.43400000E+03     -0.2475317180847425E+04      0.6127710665157647E+07
  0.43500000E+03     -0.2485124648693250E+04      0.6176366605004515E+07
  0.43600000E+03     -0.2495093223997208E+04      0.6226014637674172E+07
  0.43700000E+03     -0.2505245281197212E+04      0.6276781147734631E+07
  0.43800000E+03     -0.2515145395432079E+04      0.6326489155621148E+07
  0.43900000E+03     -0.2524938527030342E+04      0.6375851173304602E+07
  0.44000000E+03     -0.2534815439831374E+04      0.6425829297121745E+07
  0.44100000E+03     -0.2544812394998606E+04      0.6476613113109961E+07
  0.44200000E+03     -0.2554723630178725E+04      0.6527162055979099E+07
  0.44300000E+03     -0.2564480230094294E+04      0.6577108541212100E+07
  0.44400000E+03     -0.2574403994637569E+04      0.6628113402335697E+07
  0.44500000E+03     -0.2584087752534400E+04      0.6678071879324510E+07
  0.44600000E+03     -0.2593970407918539E+04      0.6729245738670726E+07
  0.44700000E+03     -0.2603859305230234E+04      0.6780653033803491E+07
  0.44800000E+03     -0.2613740999709567E+04      0.6832213127426880E+07
  0.44900000E+03     -0.2623576384229595E+04      0.6883734673418181E+07
  0.45000000E+03     -0.2632973772709173E+04      0.6933130586419918E+07
  0.45100000E+03     -0.2642805462184058E+04      0.6985012447014649E+07
  0.45200000E+03     -0.2652553173535826E+04      0.7036630730132655E+07
  0.45300000E+03     -0.2662171665105098E+04      0.7087752837580618E+07
  0.45400000E+03     -0.2671771250419306E+04      0.7138965084328462E+07
  0.45500000E+03     -0.2681352876422251E+04      0.7190263812325673E+07
  0.45600000E+03     -0.2691215470091796E+04      0.7243252679056211E+07
  0.45700000E+03     -0.2700798467258376E+04      0.7294928428271863E+07
  0.45800000E+03     -0.2710302454012514E+04      0.7346357895883054E+07
  0.45900000E+03     -0.2720235311569989E+04      0.7400304603397132E+07
  0.46000000E+03     -0.2729695584054770E+04      0.7451868671158792E+07
  0.46100000E+03     -0.2739188386479100E+04      0.7503788943616249E+07
  0.46200000E+03     -0.2748546992598413E+04      0.7555147859889057E+07
  0.46300000E+03     -0.2757895444151970E+04      0.7606631383363354E+07
  0.46400000E+03     -0.2767401030471501E+04      0.7659157435959163E+07
  0.46500000E+03     -0.2776712819846145E+04      0.7710787699848955E+07
  0.46600000E+03     -0.2786057803670240E+04      0.7762782978512909E+07
  0.46700000E+03     -0.2795486099133576E+04      0.7815408090264770E+07
  0.46800000E+03     -0.2804940531342962E+04      0.7868359425600602E+07
  0.46900000E+03     -0.2814196967917180E+04      0.7920380138655438E+07
  0.47000000E+03     -0.2823323386703261E+04      0.7971830418746491E+07
  0.47100000E+03     -0.2832884883988586E+04      0.8025916814173237E+07
  0.47200000E+03     -0.2841854258745545E+04      0.8076821293570483E+07
  0.47300000E+03     -0.2851310043073456E+04      0.8130655821292468E+07
  0.47400000E+03     -0.2860343854713328E+04      0.8182261757792714E+07
  0.47500000E+03     -0.2869548974683027E+04      0.8235010469995694E+07
  0.47600000E+03     -0.2878335962966646E+04      0.8285530097366150E+07
  0.47700000E+03     -0.2887235952978636E+04      0.8336847941357624E+07
  0.47800000E+03     -0.2896439930569861E+04      0.8390079402451225E+07
  0.47900000E+03     -0.2905650957705252E+04      0.8443535457232552E+07
  0.48000000E+03     -0.2914348285485544E+04      0.8494165120145658E+07
  0.48100000E+03     -0.2923252919496842E+04      0.8546138537817165E+07
  0.48200000E+03     -0.2932348061161065E+04      0.8599400678707194E+07
  0.48300000E+03     -0.2941079034169453E+04      0.8650690662346588E+07
  0.48400000E+03     -0.2949914020120077E+04      0.8702744976041880E+07
  0.48500000E+03     -0.2958802280297236E+04      0.8755265765516466E+07
  0.48600000E+03     -0.2967667674609489E+04      0.8807812574764702E+07
  0.48700000E+03     -0.2975925509983655E+04      0.8856901571774764E+07
  0.48800000E+03     -0.2984365113944859E+04      0.8907206109423654E+07
  0.48900000E+03     -0.2993004895189491E+04      0.8958853906495620E+07
  0.49000000E+03     -0.3001485062209762E+04      0.9009690705634538E+07
  0.49100000E+03     -0.3009968078208576E+04      0.9060686025441276E+07
  0.49200000E+03     -0.3018812053792084E+04      0.9114016271744652E+07
  0.49300000E+03     -0.3027319331627715E+04      0.9165455054189747E+07
  0.49400000E+03     -0.3035422976208905E+04      0.9214584724297443E+07
  0.49500000E+03     -0.3043649737886988E+04      0.9264605267488953E+07
  0.49600000E+03     -0.3051732507479681E+04      0.9313881145110330E+07
  0.49700000E+03     -0.3059779571694422E+04      0.9363070513062578E+07
  0.49800000E+03     -0.3067501938622056E+04      0.9410391139488399E+07
  0.49900000E+03     -0.3075740329823403E+04      0.9461008421366757E+07
  0.50000000E+03     -0.3083837313082684E+04      0.9510881840367923E+07
  0.50100000E+03     -0.3091986908135880E+04      0.9561222118062606E+07
  0.50200000E+03     -0.3100146588473280E+04      0.9611753837145284E+07
  0.50300000E+03     -0.3107804054258415E+04      0.9659285760680135E+07
  0.50400000E+03     -0.3115326249793714E+04      0.9706100912188236E+07
  0.50500000E+03     -0.3123101543423740E+04      0.9754619737962749E+07
  0.50600000E+03     -0.3130837608126813E+04      0.9803004385393946E+07
  0.50700000E+03     -0.3138455558133578E+04      0.9850774287250394E+07
  0.50800000E+03     -0.3146406719007642E+04      0.9900754163524026E+07
  0.50900000E+03     -0.3153935844900069E+04      0.9948194387174843E+07
  0.51000000E+03     -0.3160993935227186E+04      0.9992770264862092E+07
