    0.0000000000E+00     -0.4159798990E+01
    0.1000000000E+01     -0.4170625027E+01
    0.2000000000E+01     -0.4836624365E+01
    0.3000000000E+01     -0.5870308367E+01
    0.4000000000E+01     -0.7153644568E+01
    0.5000000000E+01     -0.8621835585E+01
    0.6000000000E+01     -0.1023397762E+02
    0.7000000000E+01     -0.1196150488E+02
    0.8000000000E+01     -0.1378410041E+02
    0.9000000000E+01     -0.1568548712E+02
    0.1000000000E+02     -0.1765324823E+02
    0.1100000000E+02     -0.1967704508E+02
    0.1200000000E+02     -0.2174832300E+02
    0.1300000000E+02     -0.2385976419E+02
    0.1400000000E+02     -0.2600538332E+02
    0.1500000000E+02     -0.2817933021E+02
    0.1600000000E+02     -0.3037689224E+02
    0.1700000000E+02     -0.3259356617E+02
    0.1800000000E+02     -0.3482555835E+02
    0.1900000000E+02     -0.3706915363E+02
    0.2000000000E+02     -0.3932071600E+02
    0.2100000000E+02     -0.4157731414E+02
    0.2200000000E+02     -0.4383556629E+02
    0.2300000000E+02     -0.4609223350E+02
    0.2400000000E+02     -0.4834466088E+02
    0.2500000000E+02     -0.5058978290E+02
    0.2600000000E+02     -0.5282437953E+02
    0.2700000000E+02     -0.5504607528E+02
    0.2800000000E+02     -0.5725151730E+02
    0.2900000000E+02     -0.5943797101E+02
    0.3000000000E+02     -0.6160250031E+02
    0.3100000000E+02     -0.6374277848E+02
    0.3200000000E+02     -0.6585684894E+02
    0.3300000000E+02     -0.6794278310E+02
    0.3400000000E+02     -0.6999954572E+02
    0.3500000000E+02     -0.7202617958E+02
    0.3600000000E+02     -0.7402262779E+02
    0.3700000000E+02     -0.7598929563E+02
    0.3800000000E+02     -0.7792677333E+02
    0.3900000000E+02     -0.7983649636E+02
    0.4000000000E+02     -0.8171937997E+02
    0.4100000000E+02     -0.8357653492E+02
    0.4200000000E+02     -0.8540908920E+02
    0.4300000000E+02     -0.8721824763E+02
    0.4400000000E+02     -0.8900543458E+02
    0.4500000000E+02     -0.9077123770E+02
    0.4600000000E+02     -0.9251715748E+02
    0.4700000000E+02     -0.9424372938E+02
    0.4800000000E+02     -0.9595153925E+02
    0.4900000000E+02     -0.9764165057E+02
    0.5000000000E+02     -0.9931475518E+02
    0.5100000000E+02     -0.1009704078E+03
    0.5200000000E+02     -0.1026101233E+03
    0.5300000000E+02     -0.1042338883E+03
    0.5400000000E+02     -0.1058420761E+03
    0.5500000000E+02     -0.1074346888E+03
    0.5600000000E+02     -0.1090121297E+03
    0.5700000000E+02     -0.1105747046E+03
    0.5800000000E+02     -0.1121224880E+03
    0.5900000000E+02     -0.1136555042E+03
    0.6000000000E+02     -0.1151736371E+03
    0.6100000000E+02     -0.1166769041E+03
    0.6200000000E+02     -0.1181657858E+03
    0.6300000000E+02     -0.1196396867E+03
    0.6400000000E+02     -0.1210990841E+03
    0.6500000000E+02     -0.1225432325E+03
    0.6600000000E+02     -0.1239720130E+03
    0.6700000000E+02     -0.1253855255E+03
    0.6800000000E+02     -0.1267835958E+03
    0.6900000000E+02     -0.1281659621E+03
    0.7000000000E+02     -0.1295329670E+03
    0.7100000000E+02     -0.1308842429E+03
    0.7200000000E+02     -0.1322192822E+03
    0.7300000000E+02     -0.1335382714E+03
    0.7400000000E+02     -0.1348415895E+03
    0.7500000000E+02     -0.1361285409E+03
    0.7600000000E+02     -0.1373999550E+03
    0.7700000000E+02     -0.1386560883E+03
    0.7800000000E+02     -0.1398964675E+03
    0.7900000000E+02     -0.1411220446E+03
    0.8000000000E+02     -0.1423329759E+03
    0.8100000000E+02     -0.1435294532E+03
    0.8200000000E+02     -0.1447121229E+03
    0.8300000000E+02     -0.1458805513E+03
    0.8400000000E+02     -0.1470356329E+03
    0.8500000000E+02     -0.1481785520E+03
    0.8600000000E+02     -0.1493083062E+03
    0.8700000000E+02     -0.1504256530E+03
    0.8800000000E+02     -0.1515319816E+03
    0.8900000000E+02     -0.1526264552E+03
    0.9000000000E+02     -0.1537103123E+03
    0.9100000000E+02     -0.1547823747E+03
    0.9200000000E+02     -0.1558439478E+03
    0.9300000000E+02     -0.1568950731E+03
    0.9400000000E+02     -0.1579363114E+03
    0.9500000000E+02     -0.1589678727E+03
    0.9600000000E+02     -0.1599893065E+03
    0.9700000000E+02     -0.1610018155E+03
    0.9800000000E+02     -0.1620049393E+03
    0.9900000000E+02     -0.1629987764E+03
    0.1000000000E+03     -0.1639834013E+03
    0.1010000000E+03     -0.1649597659E+03
    0.1020000000E+03     -0.1659274613E+03
    0.1030000000E+03     -0.1668863878E+03
    0.1040000000E+03     -0.1678362842E+03
    0.1050000000E+03     -0.1687773660E+03
    0.1060000000E+03     -0.1697096867E+03
    0.1070000000E+03     -0.1706331300E+03
    0.1080000000E+03     -0.1715479346E+03
    0.1090000000E+03     -0.1724542154E+03
    0.1100000000E+03     -0.1733516125E+03
    0.1110000000E+03     -0.1742401995E+03
    0.1120000000E+03     -0.1751197574E+03
    0.1130000000E+03     -0.1759905740E+03
    0.1140000000E+03     -0.1768518165E+03
    0.1150000000E+03     -0.1777033107E+03
    0.1160000000E+03     -0.1785447238E+03
    0.1170000000E+03     -0.1793763086E+03
    0.1180000000E+03     -0.1801977823E+03
    0.1190000000E+03     -0.1810090438E+03
    0.1200000000E+03     -0.1818096157E+03
    0.1210000000E+03     -0.1825992465E+03
    0.1220000000E+03     -0.1833770544E+03
    0.1230000000E+03     -0.1841436042E+03
    0.1240000000E+03     -0.1848979544E+03
    0.1250000000E+03     -0.1856393659E+03
    0.1260000000E+03     -0.1863678001E+03
    0.1270000000E+03     -0.1870829745E+03
    0.1280000000E+03     -0.1877842611E+03
    0.1290000000E+03     -0.1884707771E+03
    0.1300000000E+03     -0.1891428621E+03
    0.1310000000E+03     -0.1897999770E+03
    0.1320000000E+03     -0.1904421043E+03
    0.1330000000E+03     -0.1910682204E+03
    0.1340000000E+03     -0.1916777130E+03
    0.1350000000E+03     -0.1922701477E+03
    0.1360000000E+03     -0.1928451791E+03
    0.1370000000E+03     -0.1934022554E+03
    0.1380000000E+03     -0.1939417501E+03
    0.1390000000E+03     -0.1944625978E+03
    0.1400000000E+03     -0.1949643056E+03
    0.1410000000E+03     -0.1954470444E+03
    0.1420000000E+03     -0.1959103312E+03
    0.1430000000E+03     -0.1963541343E+03
    0.1440000000E+03     -0.1967786716E+03
    0.1450000000E+03     -0.1971838611E+03
    0.1460000000E+03     -0.1975703930E+03
    0.1470000000E+03     -0.1979385910E+03
    0.1480000000E+03     -0.1982889860E+03
    0.1490000000E+03     -0.1986231588E+03
    0.1500000000E+03     -0.1989406421E+03
    0.1510000000E+03     -0.1992431036E+03
    0.1520000000E+03     -0.1995311692E+03
    0.1530000000E+03     -0.1998062690E+03
    0.1540000000E+03     -0.2000699934E+03
    0.1550000000E+03     -0.2003220238E+03
    0.1560000000E+03     -0.2005635996E+03
    0.1570000000E+03     -0.2007951609E+03
    0.1580000000E+03     -0.2010177452E+03
    0.1590000000E+03     -0.2012322042E+03
    0.1600000000E+03     -0.2014381670E+03
    0.1610000000E+03     -0.2016366635E+03
    0.1620000000E+03     -0.2018277765E+03
    0.1630000000E+03     -0.2020124298E+03
    0.1640000000E+03     -0.2021903842E+03
    0.1650000000E+03     -0.2023624779E+03
    0.1660000000E+03     -0.2025280145E+03
    0.1670000000E+03     -0.2026882601E+03
    0.1680000000E+03     -0.2028436085E+03
    0.1690000000E+03     -0.2029937336E+03
    0.1700000000E+03     -0.2031390425E+03
    0.1710000000E+03     -0.2032792753E+03
    0.1720000000E+03     -0.2034152440E+03
    0.1730000000E+03     -0.2035467714E+03
    0.1740000000E+03     -0.2036734950E+03
    0.1750000000E+03     -0.2037960334E+03
    0.1760000000E+03     -0.2039148549E+03
    0.1770000000E+03     -0.2040297213E+03
    0.1780000000E+03     -0.2041403514E+03
    0.1790000000E+03     -0.2042477648E+03
    0.1800000000E+03     -0.2043514672E+03
    0.1810000000E+03     -0.2044503943E+03
    0.1820000000E+03     -0.2045461807E+03
    0.1830000000E+03     -0.2046383540E+03
    0.1840000000E+03     -0.2047271431E+03
    0.1850000000E+03     -0.2048125602E+03
    0.1860000000E+03     -0.2048946866E+03
    0.1870000000E+03     -0.2049737535E+03
    0.1880000000E+03     -0.2050495756E+03
    0.1890000000E+03     -0.2051217352E+03
    0.1900000000E+03     -0.2051908647E+03
    0.1910000000E+03     -0.2052568098E+03
    0.1920000000E+03     -0.2053193954E+03
    0.1930000000E+03     -0.2053789644E+03
    0.1940000000E+03     -0.2054357039E+03
    0.1950000000E+03     -0.2054891054E+03
    0.1960000000E+03     -0.2055390437E+03
    0.1970000000E+03     -0.2055862403E+03
    0.1980000000E+03     -0.2056314571E+03
    0.1990000000E+03     -0.2056730723E+03
    0.2000000000E+03     -0.2057115075E+03
    0.2010000000E+03     -0.2057471923E+03
    0.2020000000E+03     -0.2057806206E+03
    0.2030000000E+03     -0.2058108136E+03
    0.2040000000E+03     -0.2058379502E+03
    0.2050000000E+03     -0.2058620038E+03
    0.2060000000E+03     -0.2058837398E+03
    0.2070000000E+03     -0.2059024746E+03
    0.2080000000E+03     -0.2059177738E+03
    0.2090000000E+03     -0.2059306623E+03
    0.2100000000E+03     -0.2059403410E+03
    0.2110000000E+03     -0.2059470223E+03
    0.2120000000E+03     -0.2059511339E+03
    0.2130000000E+03     -0.2059519931E+03
    0.2140000000E+03     -0.2059503311E+03
    0.2150000000E+03     -0.2059455488E+03
    0.2160000000E+03     -0.2059370944E+03
    0.2170000000E+03     -0.2059258621E+03
    0.2180000000E+03     -0.2059115122E+03
    0.2190000000E+03     -0.2058938059E+03
    0.2200000000E+03     -0.2058725393E+03
    0.2210000000E+03     -0.2058481735E+03
    0.2220000000E+03     -0.2058203339E+03
    0.2230000000E+03     -0.2057887611E+03
    0.2240000000E+03     -0.2057532672E+03
    0.2250000000E+03     -0.2057143924E+03
    0.2260000000E+03     -0.2056715122E+03
    0.2270000000E+03     -0.2056247680E+03
    0.2280000000E+03     -0.2055737822E+03
    0.2290000000E+03     -0.2055184925E+03
    0.2300000000E+03     -0.2054587091E+03
    0.2310000000E+03     -0.2053940499E+03
    0.2320000000E+03     -0.2053248424E+03
    0.2330000000E+03     -0.2052496215E+03
    0.2340000000E+03     -0.2051692678E+03
    0.2350000000E+03     -0.2050822101E+03
    0.2360000000E+03     -0.2049893118E+03
    0.2370000000E+03     -0.2048890484E+03
    0.2380000000E+03     -0.2047804802E+03
    0.2390000000E+03     -0.2046635499E+03
    0.2400000000E+03     -0.2045382168E+03
    0.2410000000E+03     -0.2044023578E+03
    0.2420000000E+03     -0.2042555770E+03
    0.2430000000E+03     -0.2040971440E+03
    0.2440000000E+03     -0.2039254845E+03
    0.2450000000E+03     -0.2037396290E+03
    0.2460000000E+03     -0.2035383291E+03
    0.2470000000E+03     -0.2033206939E+03
    0.2480000000E+03     -0.2030842465E+03
    0.2490000000E+03     -0.2028302357E+03
    0.2500000000E+03     -0.2025565447E+03
    0.2510000000E+03     -0.2022619878E+03
    0.2520000000E+03     -0.2019468882E+03
    0.2530000000E+03     -0.2016096417E+03
    0.2540000000E+03     -0.2012516132E+03
    0.2550000000E+03     -0.2008742382E+03
    0.2560000000E+03     -0.2004773638E+03
    0.2570000000E+03     -0.2000599265E+03
    0.2580000000E+03     -0.1996237291E+03
    0.2590000000E+03     -0.1991678591E+03
    0.2600000000E+03     -0.1986930977E+03
    0.2610000000E+03     -0.1982017421E+03
    0.2620000000E+03     -0.1976930777E+03
    0.2630000000E+03     -0.1971700365E+03
    0.2640000000E+03     -0.1966317664E+03
    0.2650000000E+03     -0.1960799958E+03
    0.2660000000E+03     -0.1955141438E+03
    0.2670000000E+03     -0.1949327202E+03
    0.2680000000E+03     -0.1943397163E+03
    0.2690000000E+03     -0.1937337416E+03
    0.2700000000E+03     -0.1931159332E+03
    0.2710000000E+03     -0.1924866693E+03
    0.2720000000E+03     -0.1918452222E+03
    0.2730000000E+03     -0.1911927471E+03
    0.2740000000E+03     -0.1905308267E+03
    0.2750000000E+03     -0.1898576771E+03
    0.2760000000E+03     -0.1891762165E+03
    0.2770000000E+03     -0.1884840226E+03
    0.2780000000E+03     -0.1877823822E+03
    0.2790000000E+03     -0.1870703600E+03
    0.2800000000E+03     -0.1863483262E+03
    0.2810000000E+03     -0.1856178229E+03
    0.2820000000E+03     -0.1848791014E+03
    0.2830000000E+03     -0.1841311519E+03
    0.2840000000E+03     -0.1833736733E+03
    0.2850000000E+03     -0.1826096783E+03
    0.2860000000E+03     -0.1818362328E+03
    0.2870000000E+03     -0.1810535981E+03
    0.2880000000E+03     -0.1802633800E+03
    0.2890000000E+03     -0.1794649897E+03
    0.2900000000E+03     -0.1786557994E+03
    0.2910000000E+03     -0.1778402448E+03
    0.2920000000E+03     -0.1770142611E+03
    0.2930000000E+03     -0.1761808315E+03
    0.2940000000E+03     -0.1753378401E+03
    0.2950000000E+03     -0.1744849371E+03
    0.2960000000E+03     -0.1736223834E+03
    0.2970000000E+03     -0.1727494872E+03
    0.2980000000E+03     -0.1718673004E+03
    0.2990000000E+03     -0.1709751680E+03
    0.3000000000E+03     -0.1700733822E+03
    0.3010000000E+03     -0.1691598353E+03
    0.3020000000E+03     -0.1682361230E+03
    0.3030000000E+03     -0.1673002240E+03
    0.3040000000E+03     -0.1663536645E+03
    0.3050000000E+03     -0.1653936625E+03
    0.3060000000E+03     -0.1644234910E+03
    0.3070000000E+03     -0.1634394118E+03
    0.3080000000E+03     -0.1624437293E+03
    0.3090000000E+03     -0.1614315571E+03
    0.3100000000E+03     -0.1604060905E+03
    0.3110000000E+03     -0.1593663167E+03
    0.3120000000E+03     -0.1583117309E+03
    0.3130000000E+03     -0.1572430489E+03
    0.3140000000E+03     -0.1561609243E+03
    0.3150000000E+03     -0.1550609594E+03
    0.3160000000E+03     -0.1539480377E+03
    0.3170000000E+03     -0.1528194621E+03
    0.3180000000E+03     -0.1516765934E+03
    0.3190000000E+03     -0.1505190849E+03
    0.3200000000E+03     -0.1493471039E+03
    0.3210000000E+03     -0.1481609208E+03
    0.3220000000E+03     -0.1469613164E+03
    0.3230000000E+03     -0.1457460423E+03
    0.3240000000E+03     -0.1445166487E+03
    0.3250000000E+03     -0.1432690431E+03
    0.3260000000E+03     -0.1420068335E+03
    0.3270000000E+03     -0.1407323045E+03
    0.3280000000E+03     -0.1394417740E+03
    0.3290000000E+03     -0.1381364672E+03
    0.3300000000E+03     -0.1368134381E+03
    0.3310000000E+03     -0.1354726542E+03
    0.3320000000E+03     -0.1341142150E+03
    0.3330000000E+03     -0.1327369237E+03
    0.3340000000E+03     -0.1313442022E+03
    0.3350000000E+03     -0.1299332495E+03
    0.3360000000E+03     -0.1285025768E+03
    0.3370000000E+03     -0.1270488982E+03
    0.3380000000E+03     -0.1255713724E+03
    0.3390000000E+03     -0.1240696013E+03
    0.3400000000E+03     -0.1225452614E+03
    0.3410000000E+03     -0.1209947182E+03
    0.3420000000E+03     -0.1194195818E+03
    0.3430000000E+03     -0.1178151066E+03
    0.3440000000E+03     -0.1161860981E+03
    0.3450000000E+03     -0.1145331007E+03
    0.3460000000E+03     -0.1128566479E+03
    0.3470000000E+03     -0.1111627326E+03
    0.3480000000E+03     -0.1094485572E+03
    0.3490000000E+03     -0.1077119412E+03
    0.3500000000E+03     -0.1059640352E+03
    0.3510000000E+03     -0.1042026746E+03
    0.3520000000E+03     -0.1024312728E+03
    0.3530000000E+03     -0.1006538081E+03
    0.3540000000E+03     -0.9886855159E+02
    0.3550000000E+03     -0.9707592237E+02
    0.3560000000E+03     -0.9528082670E+02
    0.3570000000E+03     -0.9347802801E+02
    0.3580000000E+03     -0.9167843642E+02
    0.3590000000E+03     -0.8987779749E+02
    0.3600000000E+03     -0.8808114932E+02
    0.3610000000E+03     -0.8628343120E+02
    0.3620000000E+03     -0.8448623082E+02
    0.3630000000E+03     -0.8268856882E+02
    0.3640000000E+03     -0.8089278852E+02
    0.3650000000E+03     -0.7910171134E+02
    0.3660000000E+03     -0.7731892646E+02
    0.3670000000E+03     -0.7554133204E+02
    0.3680000000E+03     -0.7377348224E+02
    0.3690000000E+03     -0.7201252065E+02
    0.3700000000E+03     -0.7025794285E+02
    0.3710000000E+03     -0.6851371180E+02
    0.3720000000E+03     -0.6677470840E+02
    0.3730000000E+03     -0.6504877376E+02
    0.3740000000E+03     -0.6333170477E+02
    0.3750000000E+03     -0.6161806370E+02
    0.3760000000E+03     -0.5992187187E+02
    0.3770000000E+03     -0.5823553236E+02
    0.3780000000E+03     -0.5656545444E+02
    0.3790000000E+03     -0.5490613853E+02
    0.3800000000E+03     -0.5326217976E+02
    0.3810000000E+03     -0.5162623811E+02
    0.3820000000E+03     -0.5000432855E+02
    0.3830000000E+03     -0.4840394967E+02
    0.3840000000E+03     -0.4682060492E+02
    0.3850000000E+03     -0.4525692689E+02
    0.3860000000E+03     -0.4371011889E+02
    0.3870000000E+03     -0.4217877752E+02
    0.3880000000E+03     -0.4067306255E+02
    0.3890000000E+03     -0.3918328126E+02
    0.3900000000E+03     -0.3771198571E+02
    0.3910000000E+03     -0.3626624084E+02
    0.3920000000E+03     -0.3484157530E+02
    0.3930000000E+03     -0.3343172389E+02
    0.3940000000E+03     -0.3204389759E+02
    0.3950000000E+03     -0.3067911692E+02
    0.3960000000E+03     -0.2934257048E+02
    0.3970000000E+03     -0.2803104405E+02
    0.3980000000E+03     -0.2673575724E+02
    0.3990000000E+03     -0.2547140187E+02
    0.4000000000E+03     -0.2423931486E+02
    0.4010000000E+03     -0.2302207461E+02
    0.4020000000E+03     -0.2184161469E+02
    0.4030000000E+03     -0.2067906269E+02
    0.4040000000E+03     -0.1955439015E+02
    0.4050000000E+03     -0.1844943943E+02
    0.4060000000E+03     -0.1737930481E+02
    0.4070000000E+03     -0.1633877781E+02
    0.4080000000E+03     -0.1533398549E+02
    0.4090000000E+03     -0.1436279084E+02
    0.4100000000E+03     -0.1341782424E+02
    0.4110000000E+03     -0.1250918505E+02
    0.4120000000E+03     -0.1163557064E+02
    0.4130000000E+03     -0.1078904045E+02
    0.4140000000E+03     -0.9995076866E+01
    0.4150000000E+03     -0.9214979053E+01
    0.4160000000E+03     -0.8483597379E+01
    0.4170000000E+03     -0.7785736453E+01
    0.4180000000E+03     -0.7138840945E+01
    0.4190000000E+03     -0.6510926964E+01
    0.4200000000E+03     -0.5934881287E+01
    0.4210000000E+03     -0.5398690535E+01
    0.4220000000E+03     -0.4909938805E+01
    0.4230000000E+03     -0.4461966666E+01
    0.4240000000E+03     -0.4055126082E+01
    0.4250000000E+03     -0.3696966804E+01
    0.4260000000E+03     -0.3373847617E+01
    0.4270000000E+03     -0.3100840563E+01
    0.4280000000E+03     -0.2872375368E+01
    0.4290000000E+03     -0.2686201872E+01
    0.4300000000E+03     -0.2561378003E+01
    0.4310000000E+03     -0.2486395525E+01
    0.4320000000E+03     -0.2452039512E+01
    0.4330000000E+03     -0.2476731563E+01
    0.4340000000E+03     -0.2554709840E+01
    0.4350000000E+03     -0.2676296947E+01
    0.4360000000E+03     -0.2853800978E+01
    0.4370000000E+03     -0.3075070390E+01
    0.4380000000E+03     -0.3363452403E+01
    0.4390000000E+03     -0.3698718644E+01
    0.4400000000E+03     -0.4085837778E+01
    0.4410000000E+03     -0.4522382662E+01
    0.4420000000E+03     -0.5045523830E+01
    0.4430000000E+03     -0.5608971919E+01
    0.4440000000E+03     -0.6199743143E+01
    0.4450000000E+03     -0.6886465026E+01
    0.4460000000E+03     -0.7648543581E+01
    0.4470000000E+03     -0.8459787555E+01
    0.4480000000E+03     -0.9329736513E+01
    0.4490000000E+03     -0.1025356545E+02
    0.4500000000E+03     -0.1122173669E+02
    0.4510000000E+03     -0.1229870667E+02
    0.4520000000E+03     -0.1345635865E+02
    0.4530000000E+03     -0.1466960119E+02
    0.4540000000E+03     -0.1592823291E+02
    0.4550000000E+03     -0.1726072205E+02
    0.4560000000E+03     -0.1868918706E+02
    0.4570000000E+03     -0.2018185007E+02
    0.4580000000E+03     -0.2172803963E+02
    0.4590000000E+03     -0.2333459760E+02
    0.4600000000E+03     -0.2501961655E+02
    0.4610000000E+03     -0.2679722592E+02
    0.4620000000E+03     -0.2863011748E+02
    0.4630000000E+03     -0.3056275765E+02
    0.4640000000E+03     -0.3258305008E+02
    0.4650000000E+03     -0.3466373602E+02
    0.4660000000E+03     -0.3683216215E+02
    0.4670000000E+03     -0.3907280494E+02
    0.4680000000E+03     -0.4141029656E+02
    0.4690000000E+03     -0.4384767634E+02
    0.4700000000E+03     -0.4631780317E+02
    0.4710000000E+03     -0.4886913189E+02
    0.4720000000E+03     -0.5153398018E+02
    0.4730000000E+03     -0.5425580443E+02
    0.4740000000E+03     -0.5708058154E+02
    0.4750000000E+03     -0.6001236896E+02
    0.4760000000E+03     -0.6298537496E+02
    0.4770000000E+03     -0.6609553010E+02
    0.4780000000E+03     -0.6929801352E+02
    0.4790000000E+03     -0.7261467755E+02
    0.4800000000E+03     -0.7602526193E+02
    0.4810000000E+03     -0.7948375614E+02
    0.4820000000E+03     -0.8304727588E+02
    0.4830000000E+03     -0.8471471616E+02
    0.4840000000E+03     -0.8409175599E+02
    0.4850000000E+03     -0.8317716863E+02
    0.4860000000E+03     -0.8207071295E+02
    0.4870000000E+03     -0.8107964650E+02
    0.4880000000E+03     -0.8046616196E+02
    0.4890000000E+03     -0.8304265570E+02
    0.4900000000E+03     -0.8739981264E+02
    0.4910000000E+03     -0.9192290344E+02
    0.4920000000E+03     -0.9617662895E+02
    0.4930000000E+03     -0.9656750738E+02
    0.4940000000E+03     -0.9623704149E+02
    0.4950000000E+03     -0.9620569051E+02
    0.4960000000E+03     -0.9659318597E+02
    0.4970000000E+03     -0.9745027797E+02
    0.4980000000E+03     -0.9821512532E+02
    0.4990000000E+03     -0.9899568725E+02
    0.5000000000E+03     -0.1008933818E+03
    0.5010000000E+03     -0.1038079933E+03
    0.5020000000E+03     -0.1068734262E+03
    0.5030000000E+03     -0.1079255993E+03
    0.5040000000E+03     -0.1081868966E+03
    0.5050000000E+03     -0.1085428028E+03
    0.5060000000E+03     -0.1090088473E+03
    0.5070000000E+03     -0.1096168902E+03
    0.5080000000E+03     -0.1106345991E+03
    0.5090000000E+03     -0.1226526799E+03
    0.5100000000E+03     -0.1297959899E+03
