  0.00000000E+00     -0.4495948509419421E+01
  0.10000000E+01     -0.3056870775435179E+01
  0.20000000E+01     -0.2283927875904912E+01
  0.30000000E+01     -0.1889281273614515E+01
  0.40000000E+01     -0.1754960579646803E+01
  0.50000000E+01     -0.1816537369129660E+01
  0.60000000E+01     -0.2033440783663448E+01
  0.70000000E+01     -0.2377347139306946E+01
  0.80000000E+01     -0.2827426382435605E+01
  0.90000000E+01     -0.3368212073494053E+01
  0.10000000E+02     -0.3987268259735317E+01
  0.11000000E+02     -0.4674508470718798E+01
  0.12000000E+02     -0.5421625222953931E+01
  0.13000000E+02     -0.6221530313461582E+01
  0.14000000E+02     -0.7068343412430941E+01
  0.15000000E+02     -0.7956948643724694E+01
  0.16000000E+02     -0.8882768192507481E+01
  0.17000000E+02     -0.9841959118502992E+01
  0.18000000E+02     -0.1083132062811440E+02
  0.19000000E+02     -0.1184745611732770E+02
  0.20000000E+02     -0.1288747881073577E+02
  0.21000000E+02     -0.1394894685091024E+02
  0.22000000E+02     -0.1502980629842860E+02
  0.23000000E+02     -0.1612771418230115E+02
  0.24000000E+02     -0.1724097168249272E+02
  0.25000000E+02     -0.1836751776307435E+02
  0.26000000E+02     -0.1950571927632761E+02
  0.27000000E+02     -0.2065454545090993E+02
  0.28000000E+02     -0.2181222079564974E+02
  0.29000000E+02     -0.2297737148933247E+02
  0.30000000E+02     -0.2414865777242193E+02
  0.31000000E+02     -0.2532502200264968E+02
  0.32000000E+02     -0.2650566478735715E+02
  0.33000000E+02     -0.2768926436081275E+02
  0.34000000E+02     -0.2887506775327626E+02
  0.35000000E+02     -0.3006185279349231E+02
  0.36000000E+02     -0.3124913424411089E+02
  0.37000000E+02     -0.3243599584722556E+02
  0.38000000E+02     -0.3362153908990239E+02
  0.39000000E+02     -0.3480501843136984E+02
  0.40000000E+02     -0.3598579468789332E+02
  0.41000000E+02     -0.3716313761070673E+02
  0.42000000E+02     -0.3833631169090870E+02
  0.43000000E+02     -0.3950479981381668E+02
  0.44000000E+02     -0.4066804708735633E+02
  0.45000000E+02     -0.4182567097238477E+02
  0.46000000E+02     -0.4297705719046292E+02
  0.47000000E+02     -0.4412147259952656E+02
  0.48000000E+02     -0.4525860790842222E+02
  0.49000000E+02     -0.4638826307618032E+02
  0.50000000E+02     -0.4751000182535857E+02
  0.51000000E+02     -0.4862343845787763E+02
  0.52000000E+02     -0.4972822640518643E+02
  0.53000000E+02     -0.5082392298844462E+02
  0.54000000E+02     -0.5191047123240460E+02
  0.55000000E+02     -0.5298764936335246E+02
  0.56000000E+02     -0.5405521491574839E+02
  0.57000000E+02     -0.5511317676493132E+02
  0.58000000E+02     -0.5616121780526399E+02
  0.59000000E+02     -0.5719921061019056E+02
  0.60000000E+02     -0.5822694497355926E+02
  0.61000000E+02     -0.5924459991665879E+02
  0.62000000E+02     -0.6025215359415100E+02
  0.63000000E+02     -0.6124937603202058E+02
  0.64000000E+02     -0.6223644309565589E+02
  0.65000000E+02     -0.6321364078897945E+02
  0.66000000E+02     -0.6418054940427206E+02
  0.67000000E+02     -0.6513730780386400E+02
  0.68000000E+02     -0.6608399534547597E+02
  0.69000000E+02     -0.6702063012623003E+02
  0.70000000E+02     -0.6794753317828811E+02
  0.71000000E+02     -0.6886433275663821E+02
  0.72000000E+02     -0.6977118162855531E+02
  0.73000000E+02     -0.7066823226378297E+02
  0.74000000E+02     -0.7155540743074521E+02
  0.75000000E+02     -0.7243296618934144E+02
  0.76000000E+02     -0.7330075199832092E+02
  0.77000000E+02     -0.7415883863836829E+02
  0.78000000E+02     -0.7500781524371995E+02
  0.79000000E+02     -0.7584738715551680E+02
  0.80000000E+02     -0.7667734960641357E+02
  0.81000000E+02     -0.7749786502653988E+02
  0.82000000E+02     -0.7830898783369476E+02
  0.83000000E+02     -0.7911072749873975E+02
  0.84000000E+02     -0.7990378369021064E+02
  0.85000000E+02     -0.8068790687887756E+02
  0.86000000E+02     -0.8146256698319749E+02
  0.87000000E+02     -0.8222870129220877E+02
  0.88000000E+02     -0.8298584583301435E+02
  0.89000000E+02     -0.8373404345699383E+02
  0.90000000E+02     -0.8447345403651833E+02
  0.91000000E+02     -0.8520428577156611E+02
  0.92000000E+02     -0.8592671805463583E+02
  0.93000000E+02     -0.8664044718164088E+02
  0.94000000E+02     -0.8734577394021875E+02
  0.95000000E+02     -0.8804262197884634E+02
  0.96000000E+02     -0.8873161613300518E+02
  0.97000000E+02     -0.8941192543218870E+02
  0.98000000E+02     -0.9008429323966682E+02
  0.99000000E+02     -0.9074872709408557E+02
  0.10000000E+03     -0.9140524991443532E+02
  0.10100000E+03     -0.9205327988864342E+02
  0.10200000E+03     -0.9269360967459828E+02
  0.10300000E+03     -0.9332609280918759E+02
  0.10400000E+03     -0.9395028600082965E+02
  0.10500000E+03     -0.9456643296865921E+02
  0.10600000E+03     -0.9517488336495397E+02
  0.10700000E+03     -0.9577578627329154E+02
  0.10800000E+03     -0.9636854276603026E+02
  0.10900000E+03     -0.9695377954736017E+02
  0.11000000E+03     -0.9753132507861086E+02
  0.11100000E+03     -0.9810084090833355E+02
  0.11200000E+03     -0.9866272683790973E+02
  0.11300000E+03     -0.9921692301105217E+02
  0.11400000E+03     -0.9976317910030757E+02
  0.11500000E+03     -0.1003020289046925E+03
  0.11600000E+03     -0.1008331517751292E+03
  0.11700000E+03     -0.1013565525497024E+03
  0.11800000E+03     -0.1018722789179680E+03
  0.11900000E+03     -0.1023799781348079E+03
  0.12000000E+03     -0.1028803914206996E+03
  0.12100000E+03     -0.1033727172756880E+03
  0.12200000E+03     -0.1038573138591943E+03
  0.12300000E+03     -0.1043346571200083E+03
  0.12400000E+03     -0.1048041231768845E+03
  0.12500000E+03     -0.1052662797504155E+03
  0.12600000E+03     -0.1057201189079945E+03
  0.12700000E+03     -0.1061659497508851E+03
  0.12800000E+03     -0.1066040185634829E+03
  0.12900000E+03     -0.1070348212211863E+03
  0.13000000E+03     -0.1074572317009241E+03
  0.13100000E+03     -0.1078717528899173E+03
  0.13200000E+03     -0.1082784212368198E+03
  0.13300000E+03     -0.1086775061474972E+03
  0.13400000E+03     -0.1090682535961967E+03
  0.13500000E+03     -0.1094513393908596E+03
  0.13600000E+03     -0.1098262946393846E+03
  0.13700000E+03     -0.1101935467388814E+03
  0.13800000E+03     -0.1105526816253993E+03
  0.13900000E+03     -0.1109034004030879E+03
  0.14000000E+03     -0.1112464690365176E+03
  0.14100000E+03     -0.1115818779531535E+03
  0.14200000E+03     -0.1119092022758613E+03
  0.14300000E+03     -0.1122283410013988E+03
  0.14400000E+03     -0.1125396345494245E+03
  0.14500000E+03     -0.1128432627396840E+03
  0.14600000E+03     -0.1131392038359999E+03
  0.14700000E+03     -0.1134271796290978E+03
  0.14800000E+03     -0.1137073481718493E+03
  0.14900000E+03     -0.1139797889855466E+03
  0.15000000E+03     -0.1142450133607386E+03
  0.15100000E+03     -0.1145020025618974E+03
  0.15200000E+03     -0.1147523197661124E+03
  0.15300000E+03     -0.1149945119203880E+03
  0.15400000E+03     -0.1152297099756149E+03
  0.15500000E+03     -0.1154581100882044E+03
  0.15600000E+03     -0.1156789663361265E+03
  0.15700000E+03     -0.1158932396625468E+03
  0.15800000E+03     -0.1161004761649912E+03
  0.15900000E+03     -0.1163012839255927E+03
  0.16000000E+03     -0.1164950548244759E+03
  0.16100000E+03     -0.1166829098082333E+03
  0.16200000E+03     -0.1168641474119790E+03
  0.16300000E+03     -0.1170395003698533E+03
  0.16400000E+03     -0.1172087262759000E+03
  0.16500000E+03     -0.1173718546356857E+03
  0.16600000E+03     -0.1175291226222323E+03
  0.16700000E+03     -0.1176806940011921E+03
  0.16800000E+03     -0.1178264671180183E+03
  0.16900000E+03     -0.1179665168852439E+03
  0.17000000E+03     -0.1181014564990743E+03
  0.17100000E+03     -0.1182308567114517E+03
  0.17200000E+03     -0.1183551156576276E+03
  0.17300000E+03     -0.1184740192211536E+03
  0.17400000E+03     -0.1185876406870504E+03
  0.17500000E+03     -0.1186963397464958E+03
  0.17600000E+03     -0.1187995432140986E+03
  0.17700000E+03     -0.1188980786414448E+03
  0.17800000E+03     -0.1189914860341441E+03
  0.17900000E+03     -0.1190799101211075E+03
  0.18000000E+03     -0.1191634833716612E+03
  0.18100000E+03     -0.1192425893636708E+03
  0.18200000E+03     -0.1193165499552372E+03
  0.18300000E+03     -0.1193854927072655E+03
  0.18400000E+03     -0.1194501017233811E+03
  0.18500000E+03     -0.1195099154054552E+03
  0.18600000E+03     -0.1195643932362396E+03
  0.18700000E+03     -0.1196140929475288E+03
  0.18800000E+03     -0.1196590713212114E+03
  0.18900000E+03     -0.1196995533099075E+03
  0.19000000E+03     -0.1197348587577544E+03
  0.19100000E+03     -0.1197653151653902E+03
  0.19200000E+03     -0.1197905095580561E+03
  0.19300000E+03     -0.1198108361649735E+03
  0.19400000E+03     -0.1198259814245766E+03
  0.19500000E+03     -0.1198357791513265E+03
  0.19600000E+03     -0.1198396239330859E+03
  0.19700000E+03     -0.1198387212226012E+03
  0.19800000E+03     -0.1198320493727460E+03
  0.19900000E+03     -0.1198201393618062E+03
  0.20000000E+03     -0.1198025183416963E+03
  0.20100000E+03     -0.1197788600461548E+03
  0.20200000E+03     -0.1197493448466717E+03
  0.20300000E+03     -0.1197138324110422E+03
  0.20400000E+03     -0.1196722401502439E+03
  0.20500000E+03     -0.1196243144594297E+03
  0.20600000E+03     -0.1195701608439404E+03
  0.20700000E+03     -0.1195091802576741E+03
  0.20800000E+03     -0.1194417941367204E+03
  0.20900000E+03     -0.1193676248758420E+03
  0.21000000E+03     -0.1192864933975879E+03
  0.21100000E+03     -0.1191984472236421E+03
  0.21200000E+03     -0.1191033004898835E+03
  0.21300000E+03     -0.1190007234583788E+03
  0.21400000E+03     -0.1188908225133851E+03
  0.21500000E+03     -0.1187741453328415E+03
  0.21600000E+03     -0.1186497749440564E+03
  0.21700000E+03     -0.1185179130890152E+03
  0.21800000E+03     -0.1183784489190466E+03
  0.21900000E+03     -0.1182315711121353E+03
  0.22000000E+03     -0.1180768848296547E+03
  0.22100000E+03     -0.1179145918713436E+03
  0.22200000E+03     -0.1177447812222944E+03
  0.22300000E+03     -0.1175664576081515E+03
  0.22400000E+03     -0.1173789904867629E+03
  0.22500000E+03     -0.1171861849933303E+03
  0.22600000E+03     -0.1169840151695104E+03
  0.22700000E+03     -0.1167750265498602E+03
  0.22800000E+03     -0.1165574730512553E+03
  0.22900000E+03     -0.1163317852228770E+03
  0.23000000E+03     -0.1160990464855315E+03
  0.23100000E+03     -0.1158591893570498E+03
  0.23200000E+03     -0.1156111951495013E+03
  0.23300000E+03     -0.1153552447392881E+03
  0.23400000E+03     -0.1150917263740924E+03
  0.23500000E+03     -0.1148200117259283E+03
  0.23600000E+03     -0.1145405943055355E+03
  0.23700000E+03     -0.1142532619543697E+03
  0.23800000E+03     -0.1139591846219203E+03
  0.23900000E+03     -0.1136574823167353E+03
  0.24000000E+03     -0.1133475652369843E+03
  0.24100000E+03     -0.1130305050747413E+03
  0.24200000E+03     -0.1127056524637625E+03
  0.24300000E+03     -0.1123735161113057E+03
  0.24400000E+03     -0.1120337238066624E+03
  0.24500000E+03     -0.1116874298352928E+03
  0.24600000E+03     -0.1113329806073987E+03
  0.24700000E+03     -0.1109705973491743E+03
  0.24800000E+03     -0.1106010149257817E+03
  0.24900000E+03     -0.1102242401487739E+03
  0.25000000E+03     -0.1098397430412230E+03
  0.25100000E+03     -0.1094475861322216E+03
  0.25200000E+03     -0.1090479066119573E+03
  0.25300000E+03     -0.1086407387573741E+03
  0.25400000E+03     -0.1082248754154779E+03
  0.25500000E+03     -0.1078018766923747E+03
  0.25600000E+03     -0.1073720542075461E+03
  0.25700000E+03     -0.1069347536898251E+03
  0.25800000E+03     -0.1064900993262098E+03
  0.25900000E+03     -0.1060373316725552E+03
  0.26000000E+03     -0.1055776194150832E+03
  0.26100000E+03     -0.1051099875482997E+03
  0.26200000E+03     -0.1046338067681898E+03
  0.26300000E+03     -0.1041500856521214E+03
  0.26400000E+03     -0.1036592115513113E+03
  0.26500000E+03     -0.1031596746838308E+03
  0.26600000E+03     -0.1026536256786834E+03
  0.26700000E+03     -0.1021381385216036E+03
  0.26800000E+03     -0.1016146161278537E+03
  0.26900000E+03     -0.1010834632083918E+03
  0.27000000E+03     -0.1005435853088966E+03
  0.27100000E+03     -0.9999622027128251E+02
  0.27200000E+03     -0.9944083610013264E+02
  0.27300000E+03     -0.9887639483416702E+02
  0.27400000E+03     -0.9830372371314635E+02
  0.27500000E+03     -0.9772319752198656E+02
  0.27600000E+03     -0.9713310126904702E+02
  0.27700000E+03     -0.9653513778873813E+02
  0.27800000E+03     -0.9592767982623964E+02
  0.27900000E+03     -0.9531280405017722E+02
  0.28000000E+03     -0.9468765692970503E+02
  0.28100000E+03     -0.9405330496241278E+02
  0.28200000E+03     -0.9341064030293535E+02
  0.28300000E+03     -0.9275926637549455E+02
  0.28400000E+03     -0.9210008572292791E+02
  0.28500000E+03     -0.9143081980452664E+02
  0.28600000E+03     -0.9075258340837344E+02
  0.28700000E+03     -0.9006429545273588E+02
  0.28800000E+03     -0.8936739988126769E+02
  0.28900000E+03     -0.8866082096862698E+02
  0.29000000E+03     -0.8794464462403018E+02
  0.29100000E+03     -0.8722101321588318E+02
  0.29200000E+03     -0.8648803963065387E+02
  0.29300000E+03     -0.8574488133699938E+02
  0.29400000E+03     -0.8499187485004124E+02
  0.29500000E+03     -0.8423223567382513E+02
  0.29600000E+03     -0.8346351026606538E+02
  0.29700000E+03     -0.8268525387670604E+02
  0.29800000E+03     -0.8189757516202276E+02
  0.29900000E+03     -0.8109950977308127E+02
  0.30000000E+03     -0.8029455844526532E+02
  0.30100000E+03     -0.7947982982987469E+02
  0.30200000E+03     -0.7865705528874956E+02
  0.30300000E+03     -0.7782278056778979E+02
  0.30400000E+03     -0.7698302698324673E+02
  0.30500000E+03     -0.7613463431030848E+02
  0.30600000E+03     -0.7527759497071996E+02
  0.30700000E+03     -0.7441673614857666E+02
  0.30800000E+03     -0.7354907888596198E+02
  0.30900000E+03     -0.7267279096731900E+02
  0.31000000E+03     -0.7179061727293383E+02
  0.31100000E+03     -0.7090212322491720E+02
  0.31200000E+03     -0.7000671122207322E+02
  0.31300000E+03     -0.6910588751224982E+02
  0.31400000E+03     -0.6820026510681704E+02
  0.31500000E+03     -0.6728814656918915E+02
  0.31600000E+03     -0.6637283400689107E+02
  0.31700000E+03     -0.6545473011896520E+02
  0.31800000E+03     -0.6453156578854333E+02
  0.31900000E+03     -0.6360555851005813E+02
  0.32000000E+03     -0.6267384093874172E+02
  0.32100000E+03     -0.6174348423625259E+02
  0.32200000E+03     -0.6080988697939219E+02
  0.32300000E+03     -0.5987251178831666E+02
  0.32400000E+03     -0.5893517993979453E+02
  0.32500000E+03     -0.5799567903065297E+02
  0.32600000E+03     -0.5705615710595908E+02
  0.32700000E+03     -0.5611459417148995E+02
  0.32800000E+03     -0.5517266109964695E+02
  0.32900000E+03     -0.5423032468701675E+02
  0.33000000E+03     -0.5328736398307159E+02
  0.33100000E+03     -0.5234711309546017E+02
  0.33200000E+03     -0.5140804134366569E+02
  0.33300000E+03     -0.5047063276427991E+02
  0.33400000E+03     -0.4953588761303563E+02
  0.33500000E+03     -0.4860267562858497E+02
  0.33600000E+03     -0.4767299626353734E+02
  0.33700000E+03     -0.4674434588380057E+02
  0.33800000E+03     -0.4581905164391600E+02
  0.33900000E+03     -0.4489788852116683E+02
  0.34000000E+03     -0.4397999011287902E+02
  0.34100000E+03     -0.4306749633134202E+02
  0.34200000E+03     -0.4215914348658304E+02
  0.34300000E+03     -0.4125560097873147E+02
  0.34400000E+03     -0.4035518410604706E+02
  0.34500000E+03     -0.3946110233420784E+02
  0.34600000E+03     -0.3857683163301003E+02
  0.34700000E+03     -0.3769999815196437E+02
  0.34800000E+03     -0.3682738154061467E+02
  0.34900000E+03     -0.3596631430528478E+02
  0.35000000E+03     -0.3511083108358743E+02
  0.35100000E+03     -0.3426054457650829E+02
  0.35200000E+03     -0.3342477000587710E+02
  0.35300000E+03     -0.3259335011016554E+02
  0.35400000E+03     -0.3177409891781571E+02
  0.35500000E+03     -0.3096178538209425E+02
  0.35600000E+03     -0.3016262399151055E+02
  0.35700000E+03     -0.2937287547680317E+02
  0.35800000E+03     -0.2859009789404849E+02
  0.35900000E+03     -0.2782268464322608E+02
  0.36000000E+03     -0.2706719567542568E+02
  0.36100000E+03     -0.2632168799182266E+02
  0.36200000E+03     -0.2558314702844808E+02
  0.36300000E+03     -0.2485866414756081E+02
  0.36400000E+03     -0.2415125084812035E+02
  0.36500000E+03     -0.2345446219670199E+02
  0.36600000E+03     -0.2277445381775997E+02
  0.36700000E+03     -0.2210753574413673E+02
  0.36800000E+03     -0.2145919657275478E+02
  0.36900000E+03     -0.2082394894193808E+02
  0.37000000E+03     -0.2020377607066446E+02
  0.37100000E+03     -0.1960109314905861E+02
  0.37200000E+03     -0.1901181006942874E+02
  0.37300000E+03     -0.1843722108354185E+02
  0.37400000E+03     -0.1788980911663228E+02
  0.37500000E+03     -0.1735252355332153E+02
  0.37600000E+03     -0.1683462172726678E+02
  0.37700000E+03     -0.1633696888232870E+02
  0.37800000E+03     -0.1585834330809457E+02
  0.37900000E+03     -0.1539995374524256E+02
  0.38000000E+03     -0.1495909508744238E+02
  0.38100000E+03     -0.1454433721562141E+02
  0.38200000E+03     -0.1415061095481444E+02
  0.38300000E+03     -0.1377462680819101E+02
  0.38400000E+03     -0.1341905118145394E+02
  0.38500000E+03     -0.1308847946102635E+02
  0.38600000E+03     -0.1277990391324417E+02
  0.38700000E+03     -0.1249603263154406E+02
  0.38800000E+03     -0.1223818949351027E+02
  0.38900000E+03     -0.1199811064012869E+02
  0.39000000E+03     -0.1178348783793422E+02
  0.39100000E+03     -0.1159589695495687E+02
  0.39200000E+03     -0.1143341805184194E+02
  0.39300000E+03     -0.1129932620855278E+02
  0.39400000E+03     -0.1119767053811018E+02
  0.39500000E+03     -0.1111843613473422E+02
  0.39600000E+03     -0.1106359928149379E+02
  0.39700000E+03     -0.1104158396887480E+02
  0.39800000E+03     -0.1104260328466900E+02
  0.39900000E+03     -0.1107526941379847E+02
  0.40000000E+03     -0.1113342788385203E+02
  0.40100000E+03     -0.1122182025830184E+02
  0.40200000E+03     -0.1134932048274674E+02
  0.40300000E+03     -0.1151026325631346E+02
  0.40400000E+03     -0.1170436157128181E+02
  0.40500000E+03     -0.1193041538037714E+02
  0.40600000E+03     -0.1218267521666614E+02
  0.40700000E+03     -0.1247529640759625E+02
  0.40800000E+03     -0.1279612329116848E+02
  0.40900000E+03     -0.1314922546953723E+02
  0.41000000E+03     -0.1354108584007256E+02
  0.41100000E+03     -0.1398524331403852E+02
  0.41200000E+03     -0.1445116678788989E+02
  0.41300000E+03     -0.1495824944844878E+02
  0.41400000E+03     -0.1549956080215775E+02
  0.41500000E+03     -0.1608042350019688E+02
  0.41600000E+03     -0.1671141771457885E+02
  0.41700000E+03     -0.1737407929189428E+02
  0.41800000E+03     -0.1808181509581628E+02
  0.41900000E+03     -0.1880524625312038E+02
  0.42000000E+03     -0.1958119893840479E+02
  0.42100000E+03     -0.2041271345928885E+02
  0.42200000E+03     -0.2126526782209368E+02
  0.42300000E+03     -0.2215956634252859E+02
  0.42400000E+03     -0.2311457948205675E+02
  0.42500000E+03     -0.2412145371980514E+02
  0.42600000E+03     -0.2516562451978474E+02
  0.42700000E+03     -0.2625055346813108E+02
  0.42800000E+03     -0.2739110528444722E+02
  0.42900000E+03     -0.2856249089449103E+02
  0.43000000E+03     -0.2980362040117723E+02
  0.43100000E+03     -0.3108439640016517E+02
  0.43200000E+03     -0.3241194359056421E+02
  0.43300000E+03     -0.3379392150040080E+02
  0.43400000E+03     -0.3522241233194589E+02
  0.43500000E+03     -0.3670287581406841E+02
  0.43600000E+03     -0.3824931766243724E+02
  0.43700000E+03     -0.3983837999872696E+02
  0.43800000E+03     -0.4148326420087409E+02
  0.43900000E+03     -0.4317972423959802E+02
  0.44000000E+03     -0.4492236219550923E+02
  0.44100000E+03     -0.4672999854090691E+02
  0.44200000E+03     -0.4859705188086032E+02
  0.44300000E+03     -0.5051266522686998E+02
  0.44400000E+03     -0.5249946474840863E+02
  0.44500000E+03     -0.5453087163905526E+02
  0.44600000E+03     -0.5662835865031232E+02
  0.44700000E+03     -0.5875998314521652E+02
  0.44800000E+03     -0.6097136330061281E+02
  0.44900000E+03     -0.6324766020169245E+02
  0.45000000E+03     -0.6556676507928844E+02
  0.45100000E+03     -0.6794779486552872E+02
  0.45200000E+03     -0.7040779101330057E+02
  0.45300000E+03     -0.7292177088567219E+02
  0.45400000E+03     -0.7551916810089790E+02
  0.45500000E+03     -0.7817347558510292E+02
  0.45600000E+03     -0.8089865909381911E+02
  0.45700000E+03     -0.8370965752689281E+02
  0.45800000E+03     -0.8655298436616681E+02
  0.45900000E+03     -0.8947723396588418E+02
  0.46000000E+03     -0.9247692208413898E+02
  0.46100000E+03     -0.9554068417181747E+02
  0.46200000E+03     -0.9865046812454790E+02
  0.46300000E+03     -0.1018541536271940E+03
  0.46400000E+03     -0.1051294207253739E+03
  0.46500000E+03     -0.1084721748694356E+03
  0.46600000E+03     -0.1118691109095940E+03
  0.46700000E+03     -0.1153766600796886E+03
  0.46800000E+03     -0.1189351108259495E+03
  0.46900000E+03     -0.1226170826796016E+03
  0.47000000E+03     -0.1263428844912451E+03
  0.47100000E+03     -0.1301535824575818E+03
  0.47200000E+03     -0.1340597473162666E+03
  0.47300000E+03     -0.1380333204317798E+03
  0.47400000E+03     -0.1420912003354341E+03
  0.47500000E+03     -0.1462088736658812E+03
  0.47600000E+03     -0.1504486462034204E+03
  0.47700000E+03     -0.1547490357821441E+03
  0.47800000E+03     -0.1591470803272716E+03
  0.47900000E+03     -0.1636020595992000E+03
  0.48000000E+03     -0.1681370856938903E+03
  0.48100000E+03     -0.1728011343541147E+03
  0.48200000E+03     -0.1775427918892783E+03
  0.48300000E+03     -0.1823814584772485E+03
  0.48400000E+03     -0.1872632306865269E+03
  0.48500000E+03     -0.1922763416222150E+03
  0.48600000E+03     -0.1973828469719058E+03
  0.48700000E+03     -0.2025548774670903E+03
  0.48800000E+03     -0.2078324024478824E+03
  0.48900000E+03     -0.2132163128032130E+03
  0.49000000E+03     -0.2186821951777444E+03
  0.49100000E+03     -0.2242886157214360E+03
  0.49200000E+03     -0.2299190581851391E+03
  0.49300000E+03     -0.2356765514582834E+03
  0.49400000E+03     -0.2415368828944814E+03
  0.49500000E+03     -0.2475315950309454E+03
  0.49600000E+03     -0.2536168875138358E+03
  0.49700000E+03     -0.2591915948074432E+03
  0.49800000E+03     -0.2627380199109757E+03
  0.49900000E+03     -0.2674800374744805E+03
  0.50000000E+03     -0.2739960779358223E+03
  0.50100000E+03     -0.2805551643955154E+03
  0.50200000E+03     -0.2872102343631444E+03
  0.50300000E+03     -0.2939638854417623E+03
  0.50400000E+03     -0.3007818271522232E+03
  0.50500000E+03     -0.3077535792036891E+03
  0.50600000E+03     -0.3150661556509232E+03
  0.50700000E+03     -0.3224341606712237E+03
  0.50800000E+03     -0.3286432644700564E+03
  0.50900000E+03     -0.3299114852066304E+03
  0.51000000E+03     -0.3303311610388459E+03
