  0.00000000E+00     -0.4194215932480586E+02
  0.10000000E+01     -0.3870334826347171E+02
  0.20000000E+01     -0.3614314139224877E+02
  0.30000000E+01     -0.3397343648326325E+02
  0.40000000E+01     -0.3207640266048895E+02
  0.50000000E+01     -0.3038757601858062E+02
  0.60000000E+01     -0.2886602770967855E+02
  0.70000000E+01     -0.2748394612844968E+02
  0.80000000E+01     -0.2622083349172091E+02
  0.90000000E+01     -0.2506080021799750E+02
  0.10000000E+02     -0.2399130700256992E+02
  0.11000000E+02     -0.2300242839261216E+02
  0.12000000E+02     -0.2208603491224323E+02
  0.13000000E+02     -0.2123518720304769E+02
  0.14000000E+02     -0.2044419806864257E+02
  0.15000000E+02     -0.1970754222361159E+02
  0.16000000E+02     -0.1902070674941022E+02
  0.17000000E+02     -0.1838011946178535E+02
  0.18000000E+02     -0.1778243999376467E+02
  0.19000000E+02     -0.1722466787917810E+02
  0.20000000E+02     -0.1670385795383650E+02
  0.21000000E+02     -0.1621732933388629E+02
  0.22000000E+02     -0.1576311238612771E+02
  0.23000000E+02     -0.1533924062806588E+02
  0.24000000E+02     -0.1494377372925607E+02
  0.25000000E+02     -0.1457479358336534E+02
  0.26000000E+02     -0.1423112105854536E+02
  0.27000000E+02     -0.1391103662055922E+02
  0.28000000E+02     -0.1361323831456050E+02
  0.29000000E+02     -0.1333661245487022E+02
  0.30000000E+02     -0.1308005022288638E+02
  0.31000000E+02     -0.1284243218835299E+02
  0.32000000E+02     -0.1262232228837233E+02
  0.33000000E+02     -0.1241933379381039E+02
  0.34000000E+02     -0.1223220557043608E+02
  0.35000000E+02     -0.1206046234799610E+02
  0.36000000E+02     -0.1190310842752693E+02
  0.37000000E+02     -0.1175943636761184E+02
  0.38000000E+02     -0.1162897560277355E+02
  0.39000000E+02     -0.1151075640843846E+02
  0.40000000E+02     -0.1140450223579219E+02
  0.41000000E+02     -0.1130937462344107E+02
  0.42000000E+02     -0.1122468098747082E+02
  0.43000000E+02     -0.1115022802432007E+02
  0.44000000E+02     -0.1108565806305585E+02
  0.45000000E+02     -0.1102991452794502E+02
  0.46000000E+02     -0.1098285128072473E+02
  0.47000000E+02     -0.1094432614051788E+02
  0.48000000E+02     -0.1091359863678425E+02
  0.49000000E+02     -0.1089033670234898E+02
  0.50000000E+02     -0.1087435455304057E+02
  0.51000000E+02     -0.1086492303027949E+02
  0.52000000E+02     -0.1086191816678333E+02
  0.53000000E+02     -0.1086488669927901E+02
  0.54000000E+02     -0.1087324561240920E+02
  0.55000000E+02     -0.1088720939674509E+02
  0.56000000E+02     -0.1090631133533876E+02
  0.57000000E+02     -0.1093050673793454E+02
  0.58000000E+02     -0.1095919281900958E+02
  0.59000000E+02     -0.1099240238476185E+02
  0.60000000E+02     -0.1102953075729572E+02
  0.61000000E+02     -0.1107047902548058E+02
  0.62000000E+02     -0.1111499147111459E+02
  0.63000000E+02     -0.1116310405444785E+02
  0.64000000E+02     -0.1121471764467238E+02
  0.65000000E+02     -0.1126877109404927E+02
  0.66000000E+02     -0.1132598095039304E+02
  0.67000000E+02     -0.1138627435067297E+02
  0.68000000E+02     -0.1144899968450030E+02
  0.69000000E+02     -0.1151410914538159E+02
  0.70000000E+02     -0.1158107438551000E+02
  0.71000000E+02     -0.1165026079423181E+02
  0.72000000E+02     -0.1172100192338498E+02
  0.73000000E+02     -0.1179389528360356E+02
  0.74000000E+02     -0.1186776846510198E+02
  0.75000000E+02     -0.1194313275503923E+02
  0.76000000E+02     -0.1201982631706481E+02
  0.77000000E+02     -0.1209799162899562E+02
  0.78000000E+02     -0.1217712848706685E+02
  0.79000000E+02     -0.1225722402518855E+02
  0.80000000E+02     -0.1233812470398774E+02
  0.81000000E+02     -0.1241954684784894E+02
  0.82000000E+02     -0.1250191788454426E+02
  0.83000000E+02     -0.1258488209658584E+02
  0.84000000E+02     -0.1266839766973591E+02
  0.85000000E+02     -0.1275210539790112E+02
  0.86000000E+02     -0.1283614823106437E+02
  0.87000000E+02     -0.1292028755554033E+02
  0.88000000E+02     -0.1300439398045257E+02
  0.89000000E+02     -0.1308850243756577E+02
  0.90000000E+02     -0.1317255436956640E+02
  0.91000000E+02     -0.1325644874053108E+02
  0.92000000E+02     -0.1334039963365474E+02
  0.93000000E+02     -0.1342374279420281E+02
  0.94000000E+02     -0.1350669141491779E+02
  0.95000000E+02     -0.1358917259715900E+02
  0.96000000E+02     -0.1367138710561840E+02
  0.97000000E+02     -0.1375317426810916E+02
  0.98000000E+02     -0.1383393343533353E+02
  0.99000000E+02     -0.1391397610249147E+02
  0.10000000E+03     -0.1399352291675602E+02
  0.10100000E+03     -0.1407243765930877E+02
  0.10200000E+03     -0.1415043184734718E+02
  0.10300000E+03     -0.1422713346995021E+02
  0.10400000E+03     -0.1430220362297834E+02
  0.10500000E+03     -0.1437687434505200E+02
  0.10600000E+03     -0.1445042843288121E+02
  0.10700000E+03     -0.1452293562771949E+02
  0.10800000E+03     -0.1459468908502116E+02
  0.10900000E+03     -0.1466508791758370E+02
  0.11000000E+03     -0.1473412949654470E+02
  0.11100000E+03     -0.1480175897408164E+02
  0.11200000E+03     -0.1486834690335458E+02
  0.11300000E+03     -0.1493356277588003E+02
  0.11400000E+03     -0.1499777503299716E+02
  0.11500000E+03     -0.1506034739771825E+02
  0.11600000E+03     -0.1512144918072979E+02
  0.11700000E+03     -0.1518143980925435E+02
  0.11800000E+03     -0.1523991232565127E+02
  0.11900000E+03     -0.1529698246782642E+02
  0.12000000E+03     -0.1535258699463554E+02
  0.12100000E+03     -0.1540658481991983E+02
  0.12200000E+03     -0.1545925540226995E+02
  0.12300000E+03     -0.1551000306359054E+02
  0.12400000E+03     -0.1555908218506836E+02
  0.12500000E+03     -0.1560663602706102E+02
  0.12600000E+03     -0.1565241860194216E+02
  0.12700000E+03     -0.1569599799810816E+02
  0.12800000E+03     -0.1573868042828638E+02
  0.12900000E+03     -0.1577980167233039E+02
  0.13000000E+03     -0.1581911230835614E+02
  0.13100000E+03     -0.1585660254618821E+02
  0.13200000E+03     -0.1589231861919972E+02
  0.13300000E+03     -0.1592603011988953E+02
  0.13400000E+03     -0.1595782971839520E+02
  0.13500000E+03     -0.1598791908587232E+02
  0.13600000E+03     -0.1601614259276070E+02
  0.13700000E+03     -0.1604242398324939E+02
  0.13800000E+03     -0.1606682720958179E+02
  0.13900000E+03     -0.1608969023798369E+02
  0.14000000E+03     -0.1611096942634012E+02
  0.14100000E+03     -0.1612989021278144E+02
  0.14200000E+03     -0.1614695271819077E+02
  0.14300000E+03     -0.1616229571646283E+02
  0.14400000E+03     -0.1617585342596505E+02
  0.14500000E+03     -0.1618749173317307E+02
  0.14600000E+03     -0.1619740529834245E+02
  0.14700000E+03     -0.1620577570316055E+02
  0.14800000E+03     -0.1621171552867072E+02
  0.14900000E+03     -0.1621495492249818E+02
  0.15000000E+03     -0.1621656628124382E+02
  0.15100000E+03     -0.1621646113943183E+02
  0.15200000E+03     -0.1621397563350568E+02
  0.15300000E+03     -0.1620985783946456E+02
  0.15400000E+03     -0.1620396873654948E+02
  0.15500000E+03     -0.1619571136131961E+02
  0.15600000E+03     -0.1618585476354945E+02
  0.15700000E+03     -0.1617398279846670E+02
  0.15800000E+03     -0.1616027631455820E+02
  0.15900000E+03     -0.1614463716268136E+02
  0.16000000E+03     -0.1612621708907566E+02
  0.16100000E+03     -0.1610652649846588E+02
  0.16200000E+03     -0.1608475395513748E+02
  0.16300000E+03     -0.1606081791661191E+02
  0.16400000E+03     -0.1603486011010190E+02
  0.16500000E+03     -0.1600723680343665E+02
  0.16600000E+03     -0.1597703062152267E+02
  0.16700000E+03     -0.1594549761974769E+02
  0.16800000E+03     -0.1591189357969231E+02
  0.16900000E+03     -0.1587612562921396E+02
  0.17000000E+03     -0.1583877160596960E+02
  0.17100000E+03     -0.1579894252217453E+02
  0.17200000E+03     -0.1575718930115577E+02
  0.17300000E+03     -0.1571357000099782E+02
  0.17400000E+03     -0.1566831274840854E+02
  0.17500000E+03     -0.1562067950017244E+02
  0.17600000E+03     -0.1557100206665874E+02
  0.17700000E+03     -0.1551979852656990E+02
  0.17800000E+03     -0.1546643498044502E+02
  0.17900000E+03     -0.1541120085337221E+02
  0.18000000E+03     -0.1535432015842914E+02
  0.18100000E+03     -0.1529526835643777E+02
  0.18200000E+03     -0.1523455391227717E+02
  0.18300000E+03     -0.1517178812989382E+02
  0.18400000E+03     -0.1510748160978678E+02
  0.18500000E+03     -0.1504085676469444E+02
  0.18600000E+03     -0.1497224458927490E+02
  0.18700000E+03     -0.1490132965474011E+02
  0.18800000E+03     -0.1482895317627671E+02
  0.18900000E+03     -0.1475446474905406E+02
  0.19000000E+03     -0.1467891190721967E+02
  0.19100000E+03     -0.1460120028474627E+02
  0.19200000E+03     -0.1452205246821814E+02
  0.19300000E+03     -0.1444092911434259E+02
  0.19400000E+03     -0.1435754539351149E+02
  0.19500000E+03     -0.1427303745226034E+02
  0.19600000E+03     -0.1418656669009495E+02
  0.19700000E+03     -0.1409880174471609E+02
  0.19800000E+03     -0.1400931185498821E+02
  0.19900000E+03     -0.1391826088573538E+02
  0.20000000E+03     -0.1382606100726333E+02
  0.20100000E+03     -0.1373180050894908E+02
  0.20200000E+03     -0.1363574835948139E+02
  0.20300000E+03     -0.1353813765999677E+02
  0.20400000E+03     -0.1343892685134460E+02
  0.20500000E+03     -0.1333803646705775E+02
  0.20600000E+03     -0.1323538508731402E+02
  0.20700000E+03     -0.1313146415482314E+02
  0.20800000E+03     -0.1302601623296222E+02
  0.20900000E+03     -0.1291911617040420E+02
  0.21000000E+03     -0.1281033138539483E+02
  0.21100000E+03     -0.1270065876025714E+02
  0.21200000E+03     -0.1258917187290962E+02
  0.21300000E+03     -0.1247643832924035E+02
  0.21400000E+03     -0.1236254679074006E+02
  0.21500000E+03     -0.1224752162874499E+02
  0.21600000E+03     -0.1213136370181285E+02
  0.21700000E+03     -0.1201397686450860E+02
  0.21800000E+03     -0.1189496617398093E+02
  0.21900000E+03     -0.1177478968546338E+02
  0.22000000E+03     -0.1165347906431209E+02
  0.22100000E+03     -0.1153104720079039E+02
  0.22200000E+03     -0.1140694395985487E+02
  0.22300000E+03     -0.1128264006351604E+02
  0.22400000E+03     -0.1115752159162002E+02
  0.22500000E+03     -0.1103155849267273E+02
  0.22600000E+03     -0.1090428279431247E+02
  0.22700000E+03     -0.1077592427575097E+02
  0.22800000E+03     -0.1064674253147056E+02
  0.22900000E+03     -0.1051697944644023E+02
  0.23000000E+03     -0.1038662805379537E+02
  0.23100000E+03     -0.1025563136813842E+02
  0.23200000E+03     -0.1012412005286506E+02
  0.23300000E+03     -0.9992093508899369E+01
  0.23400000E+03     -0.9859068267258262E+01
  0.23500000E+03     -0.9725387750846602E+01
  0.23600000E+03     -0.9591558055078838E+01
  0.23700000E+03     -0.9456906507147499E+01
  0.23800000E+03     -0.9322726061094743E+01
  0.23900000E+03     -0.9187900360929198E+01
  0.24000000E+03     -0.9053042170778269E+01
  0.24100000E+03     -0.8917914802756179E+01
  0.24200000E+03     -0.8782232490420407E+01
  0.24300000E+03     -0.8647241709065142E+01
  0.24400000E+03     -0.8511801790313214E+01
  0.24500000E+03     -0.8375866656798644E+01
  0.24600000E+03     -0.8239604499250120E+01
  0.24700000E+03     -0.8105089787515077E+01
  0.24800000E+03     -0.7970316420802433E+01
  0.24900000E+03     -0.7836042995618502E+01
  0.25000000E+03     -0.7702254078288165E+01
  0.25100000E+03     -0.7568148532987568E+01
  0.25200000E+03     -0.7434792870949108E+01
  0.25300000E+03     -0.7302717183570728E+01
  0.25400000E+03     -0.7170681956435644E+01
  0.25500000E+03     -0.7040088587960824E+01
  0.25600000E+03     -0.6910427229342208E+01
  0.25700000E+03     -0.6780488555737504E+01
  0.25800000E+03     -0.6652387068299211E+01
  0.25900000E+03     -0.6523927031667924E+01
  0.26000000E+03     -0.6396691526226242E+01
  0.26100000E+03     -0.6271938760900426E+01
  0.26200000E+03     -0.6148463975346978E+01
  0.26300000E+03     -0.6026071680337507E+01
  0.26400000E+03     -0.5905688376984067E+01
  0.26500000E+03     -0.5786629386757763E+01
  0.26600000E+03     -0.5670242731715410E+01
  0.26700000E+03     -0.5555013007364378E+01
  0.26800000E+03     -0.5441565792409161E+01
  0.26900000E+03     -0.5330098243774024E+01
  0.27000000E+03     -0.5220687162681262E+01
  0.27100000E+03     -0.5114727093677386E+01
  0.27200000E+03     -0.5010857030110404E+01
  0.27300000E+03     -0.4908076722545580E+01
  0.27400000E+03     -0.4808229728066943E+01
  0.27500000E+03     -0.4710549403103133E+01
  0.27600000E+03     -0.4616299844329923E+01
  0.27700000E+03     -0.4526473315377053E+01
  0.27800000E+03     -0.4438357534843258E+01
  0.27900000E+03     -0.4353205005500346E+01
  0.28000000E+03     -0.4272588613518742E+01
  0.28100000E+03     -0.4194559728435753E+01
  0.28200000E+03     -0.4118827283702469E+01
  0.28300000E+03     -0.4048546702048512E+01
  0.28400000E+03     -0.3981480912010923E+01
  0.28500000E+03     -0.3919250731957626E+01
  0.28600000E+03     -0.3861126858591236E+01
  0.28700000E+03     -0.3806136780614665E+01
  0.28800000E+03     -0.3755786249408069E+01
  0.28900000E+03     -0.3708786357147202E+01
  0.29000000E+03     -0.3667168338336826E+01
  0.29100000E+03     -0.3629561980364198E+01
  0.29200000E+03     -0.3597228038993234E+01
  0.29300000E+03     -0.3570289548953097E+01
  0.29400000E+03     -0.3548581578806635E+01
  0.29500000E+03     -0.3530432926843789E+01
  0.29600000E+03     -0.3520632390693625E+01
  0.29700000E+03     -0.3514773411683004E+01
  0.29800000E+03     -0.3515655294241105E+01
  0.29900000E+03     -0.3519869846676735E+01
  0.30000000E+03     -0.3532039877666699E+01
  0.30100000E+03     -0.3551321316229402E+01
  0.30200000E+03     -0.3575542366997301E+01
  0.30300000E+03     -0.3605885294548527E+01
  0.30400000E+03     -0.3643869930283516E+01
  0.30500000E+03     -0.3688282747885497E+01
  0.30600000E+03     -0.3741294281798651E+01
  0.30700000E+03     -0.3799449610231096E+01
  0.30800000E+03     -0.3865253508041156E+01
  0.30900000E+03     -0.3938460064026910E+01
  0.31000000E+03     -0.4019864703595747E+01
  0.31100000E+03     -0.4107233948004080E+01
  0.31200000E+03     -0.4204801729043961E+01
  0.31300000E+03     -0.4311087680133848E+01
  0.31400000E+03     -0.4426284009381380E+01
  0.31500000E+03     -0.4547113907819234E+01
  0.31600000E+03     -0.4675982603580098E+01
  0.31700000E+03     -0.4815492201940110E+01
  0.31800000E+03     -0.4967656073136182E+01
  0.31900000E+03     -0.5126075309445396E+01
  0.32000000E+03     -0.5293677405981558E+01
  0.32100000E+03     -0.5473216892088425E+01
  0.32200000E+03     -0.5662274409113763E+01
  0.32300000E+03     -0.5860848033683332E+01
  0.32400000E+03     -0.6069190553997053E+01
  0.32500000E+03     -0.6290409419378558E+01
  0.32600000E+03     -0.6522289129734765E+01
  0.32700000E+03     -0.6765640752508950E+01
  0.32800000E+03     -0.7020823489939395E+01
  0.32900000E+03     -0.7284970890184147E+01
  0.33000000E+03     -0.7562383315799796E+01
  0.33100000E+03     -0.7851717266588699E+01
  0.33200000E+03     -0.8152729955029780E+01
  0.33300000E+03     -0.8465683642644054E+01
  0.33400000E+03     -0.8795008603143987E+01
  0.33500000E+03     -0.9135482254545918E+01
  0.33600000E+03     -0.9486930766560397E+01
  0.33700000E+03     -0.9853469948062205E+01
  0.33800000E+03     -0.1023420556112449E+02
  0.33900000E+03     -0.1062785159950567E+02
  0.34000000E+03     -0.1103587811094915E+02
  0.34100000E+03     -0.1145845335445054E+02
  0.34200000E+03     -0.1189192262509108E+02
  0.34300000E+03     -0.1234016205739413E+02
  0.34400000E+03     -0.1280448351097781E+02
  0.34500000E+03     -0.1328700591727880E+02
  0.34600000E+03     -0.1378403711993237E+02
  0.34700000E+03     -0.1429912412375752E+02
  0.34800000E+03     -0.1482918242409094E+02
  0.34900000E+03     -0.1537084261377939E+02
  0.35000000E+03     -0.1593070617559377E+02
  0.35100000E+03     -0.1650940495684219E+02
  0.35200000E+03     -0.1710344089710921E+02
  0.35300000E+03     -0.1771738644654236E+02
  0.35400000E+03     -0.1835050836294569E+02
  0.35500000E+03     -0.1899911350491370E+02
  0.35600000E+03     -0.1966810414128339E+02
  0.35700000E+03     -0.2035256481435263E+02
  0.35800000E+03     -0.2106050241900549E+02
  0.35900000E+03     -0.2178377958024445E+02
  0.36000000E+03     -0.2252769254836275E+02
  0.36100000E+03     -0.2329088834025252E+02
  0.36200000E+03     -0.2407656375709193E+02
  0.36300000E+03     -0.2488153822782864E+02
  0.36400000E+03     -0.2570184902096721E+02
  0.36500000E+03     -0.2654436241207603E+02
  0.36600000E+03     -0.2740581591533124E+02
  0.36700000E+03     -0.2828991981455224E+02
  0.36800000E+03     -0.2920416617631553E+02
  0.36900000E+03     -0.3013766188053960E+02
  0.37000000E+03     -0.3109125824829107E+02
  0.37100000E+03     -0.3207240909973434E+02
  0.37200000E+03     -0.3307639141425505E+02
  0.37300000E+03     -0.3410081086271432E+02
  0.37400000E+03     -0.3514819955555730E+02
  0.37500000E+03     -0.3621959214036526E+02
  0.37600000E+03     -0.3731148877872455E+02
  0.37700000E+03     -0.3843305584545826E+02
  0.37800000E+03     -0.3957267388042062E+02
  0.37900000E+03     -0.4074798398788482E+02
  0.38000000E+03     -0.4194435834415959E+02
  0.38100000E+03     -0.4316225629588552E+02
  0.38200000E+03     -0.4440833492845982E+02
  0.38300000E+03     -0.4568912683973974E+02
  0.38400000E+03     -0.4699244815383536E+02
  0.38500000E+03     -0.4832141925146043E+02
  0.38600000E+03     -0.4968347550921660E+02
  0.38700000E+03     -0.5107229131853224E+02
  0.38800000E+03     -0.5249056609536981E+02
  0.38900000E+03     -0.5392986153046115E+02
  0.39000000E+03     -0.5540948845846950E+02
  0.39100000E+03     -0.5691538473457481E+02
  0.39200000E+03     -0.5845270218993642E+02
  0.39300000E+03     -0.6000811396179444E+02
  0.39400000E+03     -0.6160121370218570E+02
  0.39500000E+03     -0.6322990433166660E+02
  0.39600000E+03     -0.6488720028279054E+02
  0.39700000E+03     -0.6658286890613054E+02
  0.39800000E+03     -0.6829762352141867E+02
  0.39900000E+03     -0.7004532124857887E+02
  0.40000000E+03     -0.7183213795504656E+02
  0.40100000E+03     -0.7365136970354459E+02
  0.40200000E+03     -0.7550262612712838E+02
  0.40300000E+03     -0.7739641449746479E+02
  0.40400000E+03     -0.7932061931165291E+02
  0.40500000E+03     -0.8128567530418862E+02
  0.40600000E+03     -0.8326550856731254E+02
  0.40700000E+03     -0.8529440703854449E+02
  0.40800000E+03     -0.8735456484466484E+02
  0.40900000E+03     -0.8947451817257658E+02
  0.41000000E+03     -0.9161044406137759E+02
  0.41100000E+03     -0.9378795772229297E+02
  0.41200000E+03     -0.9601226141356854E+02
  0.41300000E+03     -0.9826962056823085E+02
  0.41400000E+03     -0.1005533276073130E+03
  0.41500000E+03     -0.1028993806124182E+03
  0.41600000E+03     -0.1052728872261814E+03
  0.41700000E+03     -0.1076891050886315E+03
  0.41800000E+03     -0.1101425780180698E+03
  0.41900000E+03     -0.1126475038247099E+03
  0.42000000E+03     -0.1151825178316098E+03
  0.42100000E+03     -0.1177569886716069E+03
  0.42200000E+03     -0.1203737826223120E+03
  0.42300000E+03     -0.1230248337036476E+03
  0.42400000E+03     -0.1257380473466158E+03
  0.42500000E+03     -0.1284949607651114E+03
  0.42600000E+03     -0.1313007598320658E+03
  0.42700000E+03     -0.1341550329408489E+03
  0.42800000E+03     -0.1370373396230432E+03
  0.42900000E+03     -0.1399798055284462E+03
  0.43000000E+03     -0.1429702673154933E+03
  0.43100000E+03     -0.1459954048957769E+03
  0.43200000E+03     -0.1490703202294814E+03
  0.43300000E+03     -0.1522006445786500E+03
  0.43400000E+03     -0.1553818633064630E+03
  0.43500000E+03     -0.1585919393043644E+03
  0.43600000E+03     -0.1618575661745712E+03
  0.43700000E+03     -0.1651759201640066E+03
  0.43800000E+03     -0.1685275879728770E+03
  0.43900000E+03     -0.1719416949124052E+03
  0.44000000E+03     -0.1753986526706788E+03
  0.44100000E+03     -0.1789316700786468E+03
  0.44200000E+03     -0.1825035523887191E+03
  0.44300000E+03     -0.1861210848686376E+03
  0.44400000E+03     -0.1897968430565420E+03
  0.44500000E+03     -0.1935191689502488E+03
  0.44600000E+03     -0.1973078402629780E+03
  0.44700000E+03     -0.2011469895683313E+03
  0.44800000E+03     -0.2050405465060831E+03
  0.44900000E+03     -0.2089928201832240E+03
  0.45000000E+03     -0.2130113443676166E+03
  0.45100000E+03     -0.2170733671698490E+03
  0.45200000E+03     -0.2211820467013243E+03
  0.45300000E+03     -0.2253801938440689E+03
  0.45400000E+03     -0.2296227460591924E+03
  0.45500000E+03     -0.2339292118846253E+03
  0.45600000E+03     -0.2382811671521157E+03
  0.45700000E+03     -0.2426867224227173E+03
  0.45800000E+03     -0.2471798625318549E+03
  0.45900000E+03     -0.2517225790841424E+03
  0.46000000E+03     -0.2562910162630800E+03
  0.46100000E+03     -0.2609491447935643E+03
  0.46200000E+03     -0.2656884548811608E+03
  0.46300000E+03     -0.2704760098696270E+03
  0.46400000E+03     -0.2753394051123330E+03
  0.46500000E+03     -0.2802465515146314E+03
  0.46600000E+03     -0.2852200576791791E+03
  0.46700000E+03     -0.2902789373893897E+03
  0.46800000E+03     -0.2954089294870485E+03
  0.46900000E+03     -0.3005764679319137E+03
  0.47000000E+03     -0.3058372384483969E+03
  0.47100000E+03     -0.3111527807810594E+03
  0.47200000E+03     -0.3165560184014987E+03
  0.47300000E+03     -0.3220247568195891E+03
  0.47400000E+03     -0.3275561707846027E+03
  0.47500000E+03     -0.3331663035450391E+03
  0.47600000E+03     -0.3388369631390382E+03
  0.47700000E+03     -0.3445695014809895E+03
  0.47800000E+03     -0.3504090255942189E+03
  0.47900000E+03     -0.3562935535272138E+03
  0.48000000E+03     -0.3622544039048605E+03
  0.48100000E+03     -0.3682683593888628E+03
  0.48200000E+03     -0.3743549193042984E+03
  0.48300000E+03     -0.3805241356197436E+03
  0.48400000E+03     -0.3867764315558878E+03
  0.48500000E+03     -0.3931275758208358E+03
  0.48600000E+03     -0.3995540488758325E+03
  0.48700000E+03     -0.4060333018227031E+03
  0.48800000E+03     -0.4126082693179686E+03
  0.48900000E+03     -0.4192656674425681E+03
  0.49000000E+03     -0.4260005130992121E+03
  0.49100000E+03     -0.4328395093539905E+03
  0.49200000E+03     -0.4397225767133848E+03
  0.49300000E+03     -0.4466788789633146E+03
  0.49400000E+03     -0.4537434120079199E+03
  0.49500000E+03     -0.4608981526192329E+03
  0.49600000E+03     -0.4681332992391798E+03
  0.49700000E+03     -0.4754163058862939E+03
  0.49800000E+03     -0.4828312744189272E+03
  0.49900000E+03     -0.4903178174375374E+03
  0.50000000E+03     -0.4978987593591319E+03
  0.50100000E+03     -0.5055183971473115E+03
  0.50200000E+03     -0.5132886864397631E+03
  0.50300000E+03     -0.5211144427102137E+03
  0.50400000E+03     -0.5290791399959733E+03
  0.50500000E+03     -0.5371311546756898E+03
  0.50600000E+03     -0.5453001103679962E+03
  0.50700000E+03     -0.5535387554811882E+03
  0.50800000E+03     -0.5618376718675165E+03
  0.50900000E+03     -0.5702196624183864E+03
  0.51000000E+03     -0.5786557023877263E+03
