  0.00000000E+00     -0.1737955182920120E+03
  0.10000000E+01     -0.1730563459965526E+03
  0.20000000E+01     -0.1729750017180096E+03
  0.30000000E+01     -0.1732639351622829E+03
  0.40000000E+01     -0.1738051718236839E+03
  0.50000000E+01     -0.1745341134793635E+03
  0.60000000E+01     -0.1754097755700975E+03
  0.70000000E+01     -0.1764038452750374E+03
  0.80000000E+01     -0.1774958703030736E+03
  0.90000000E+01     -0.1786695762751622E+03
  0.10000000E+02     -0.1799128397607103E+03
  0.11000000E+02     -0.1812152503217980E+03
  0.12000000E+02     -0.1825679539143771E+03
  0.13000000E+02     -0.1839647217684245E+03
  0.14000000E+02     -0.1853990479144448E+03
  0.15000000E+02     -0.1868652484910905E+03
  0.16000000E+02     -0.1883589816641336E+03
  0.17000000E+02     -0.1898758615226103E+03
  0.18000000E+02     -0.1914125840803007E+03
  0.19000000E+02     -0.1929653611661903E+03
  0.20000000E+02     -0.1945310654058622E+03
  0.21000000E+02     -0.1961068118644394E+03
  0.22000000E+02     -0.1976898805032417E+03
  0.23000000E+02     -0.1992776429322884E+03
  0.24000000E+02     -0.2008674419941507E+03
  0.25000000E+02     -0.2024576163493946E+03
  0.26000000E+02     -0.2040459803431000E+03
  0.27000000E+02     -0.2056295578735706E+03
  0.28000000E+02     -0.2072061260867193E+03
  0.29000000E+02     -0.2087736957343920E+03
  0.30000000E+02     -0.2103306983056020E+03
  0.31000000E+02     -0.2118746953600741E+03
  0.32000000E+02     -0.2134041086024737E+03
  0.33000000E+02     -0.2149167601607398E+03
  0.34000000E+02     -0.2164108683195138E+03
  0.35000000E+02     -0.2178847551283727E+03
  0.36000000E+02     -0.2193378389897521E+03
  0.37000000E+02     -0.2207686567746542E+03
  0.38000000E+02     -0.2221765908451601E+03
  0.39000000E+02     -0.2235611716290611E+03
  0.40000000E+02     -0.2249221776968216E+03
  0.41000000E+02     -0.2262603779880849E+03
  0.42000000E+02     -0.2275753458596469E+03
  0.43000000E+02     -0.2288681284597662E+03
  0.44000000E+02     -0.2301389207855901E+03
  0.45000000E+02     -0.2313885762921629E+03
  0.46000000E+02     -0.2326173106861503E+03
  0.47000000E+02     -0.2338268370775163E+03
  0.48000000E+02     -0.2350174712307109E+03
  0.49000000E+02     -0.2361895909115208E+03
  0.50000000E+02     -0.2373433360677126E+03
  0.51000000E+02     -0.2384798615916215E+03
  0.52000000E+02     -0.2396000907944563E+03
  0.53000000E+02     -0.2407041292812970E+03
  0.54000000E+02     -0.2417924337066691E+03
  0.55000000E+02     -0.2428660220308352E+03
  0.56000000E+02     -0.2439234994297101E+03
  0.57000000E+02     -0.2449667697741365E+03
  0.58000000E+02     -0.2459956995907202E+03
  0.59000000E+02     -0.2470102274498415E+03
  0.60000000E+02     -0.2480102329857777E+03
  0.61000000E+02     -0.2489964440569414E+03
  0.62000000E+02     -0.2499690892983318E+03
  0.63000000E+02     -0.2509277605705257E+03
  0.64000000E+02     -0.2518726475185117E+03
  0.65000000E+02     -0.2528033939800220E+03
  0.66000000E+02     -0.2537203164250416E+03
  0.67000000E+02     -0.2546234119951534E+03
  0.68000000E+02     -0.2555133888151263E+03
  0.69000000E+02     -0.2563891335741461E+03
  0.70000000E+02     -0.2572507373836767E+03
  0.71000000E+02     -0.2580985208703117E+03
  0.72000000E+02     -0.2589324959169371E+03
  0.73000000E+02     -0.2597513976206280E+03
  0.74000000E+02     -0.2605569931921305E+03
  0.75000000E+02     -0.2613482427678686E+03
  0.76000000E+02     -0.2621254687771597E+03
  0.77000000E+02     -0.2628888798535386E+03
  0.78000000E+02     -0.2636388374622492E+03
  0.79000000E+02     -0.2643748008364481E+03
  0.80000000E+02     -0.2650980164158796E+03
  0.81000000E+02     -0.2658077156876136E+03
  0.82000000E+02     -0.2665053159100298E+03
  0.83000000E+02     -0.2671895670505550E+03
  0.84000000E+02     -0.2678611159115397E+03
  0.85000000E+02     -0.2685208024822747E+03
  0.86000000E+02     -0.2691694222850040E+03
  0.87000000E+02     -0.2698064306153293E+03
  0.88000000E+02     -0.2704313308712684E+03
  0.89000000E+02     -0.2710459253804539E+03
  0.90000000E+02     -0.2716495220973864E+03
  0.91000000E+02     -0.2722416883271250E+03
  0.92000000E+02     -0.2728238273722834E+03
  0.93000000E+02     -0.2733953796621455E+03
  0.94000000E+02     -0.2739576371852946E+03
  0.95000000E+02     -0.2745102513776487E+03
  0.96000000E+02     -0.2750533618187782E+03
  0.97000000E+02     -0.2755868562803101E+03
  0.98000000E+02     -0.2761104146894356E+03
  0.99000000E+02     -0.2766253447244455E+03
  0.10000000E+03     -0.2771316885462224E+03
  0.10100000E+03     -0.2776282569686657E+03
  0.10200000E+03     -0.2781161446265365E+03
  0.10300000E+03     -0.2785957586109568E+03
  0.10400000E+03     -0.2790662058827881E+03
  0.10500000E+03     -0.2795286885193779E+03
  0.10600000E+03     -0.2799816321454936E+03
  0.10700000E+03     -0.2804264555239543E+03
  0.10800000E+03     -0.2808619823862177E+03
  0.10900000E+03     -0.2812883273305078E+03
  0.11000000E+03     -0.2817062876297664E+03
  0.11100000E+03     -0.2821155637612165E+03
  0.11200000E+03     -0.2825158806794178E+03
  0.11300000E+03     -0.2829063849891456E+03
  0.11400000E+03     -0.2832879872443567E+03
  0.11500000E+03     -0.2836606255821860E+03
  0.11600000E+03     -0.2840232193860186E+03
  0.11700000E+03     -0.2843753213270368E+03
  0.11800000E+03     -0.2847180784209188E+03
  0.11900000E+03     -0.2850500181563790E+03
  0.12000000E+03     -0.2853716244661962E+03
  0.12100000E+03     -0.2856827374440906E+03
  0.12200000E+03     -0.2859832102377549E+03
  0.12300000E+03     -0.2862722492603437E+03
  0.12400000E+03     -0.2865494441723940E+03
  0.12500000E+03     -0.2868146088716176E+03
  0.12600000E+03     -0.2870685447056500E+03
  0.12700000E+03     -0.2873106519488149E+03
  0.12800000E+03     -0.2875410187928934E+03
  0.12900000E+03     -0.2877584970878909E+03
  0.13000000E+03     -0.2879617104455268E+03
  0.13100000E+03     -0.2881532741552838E+03
  0.13200000E+03     -0.2883310152298785E+03
  0.13300000E+03     -0.2884947157055932E+03
  0.13400000E+03     -0.2886433505225968E+03
  0.13500000E+03     -0.2887788186400096E+03
  0.13600000E+03     -0.2888987364414980E+03
  0.13700000E+03     -0.2890029932386341E+03
  0.13800000E+03     -0.2890933584799061E+03
  0.13900000E+03     -0.2891670664131651E+03
  0.14000000E+03     -0.2892251874392754E+03
  0.14100000E+03     -0.2892675948304231E+03
  0.14200000E+03     -0.2892941343960157E+03
  0.14300000E+03     -0.2893042852072933E+03
  0.14400000E+03     -0.2892995377667172E+03
  0.14500000E+03     -0.2892787480032630E+03
  0.14600000E+03     -0.2892417879521985E+03
  0.14700000E+03     -0.2891898867603793E+03
  0.14800000E+03     -0.2891242312044911E+03
  0.14900000E+03     -0.2890443645478586E+03
  0.15000000E+03     -0.2889511076709390E+03
  0.15100000E+03     -0.2888447390008763E+03
  0.15200000E+03     -0.2887257635916981E+03
  0.15300000E+03     -0.2885945647101929E+03
  0.15400000E+03     -0.2884517514707621E+03
  0.15500000E+03     -0.2883000971653575E+03
  0.15600000E+03     -0.2881378295515201E+03
  0.15700000E+03     -0.2879664260611888E+03
  0.15800000E+03     -0.2877855118058143E+03
  0.15900000E+03     -0.2875968288206540E+03
  0.16000000E+03     -0.2874006859311778E+03
  0.16100000E+03     -0.2871975023694590E+03
  0.16200000E+03     -0.2869869144483170E+03
  0.16300000E+03     -0.2867696374732521E+03
  0.16400000E+03     -0.2865456401857023E+03
  0.16500000E+03     -0.2863155613987435E+03
  0.16600000E+03     -0.2860797914079290E+03
  0.16700000E+03     -0.2858388553608937E+03
  0.16800000E+03     -0.2855924779527913E+03
  0.16900000E+03     -0.2853402144375934E+03
  0.17000000E+03     -0.2850823420303262E+03
  0.17100000E+03     -0.2848191045058258E+03
  0.17200000E+03     -0.2845525497153918E+03
  0.17300000E+03     -0.2842815434169040E+03
  0.17400000E+03     -0.2840054330141309E+03
  0.17500000E+03     -0.2837263622874778E+03
  0.17600000E+03     -0.2834413555564196E+03
  0.17700000E+03     -0.2831529622409601E+03
  0.17800000E+03     -0.2828607735127379E+03
  0.17900000E+03     -0.2825657190964550E+03
  0.18000000E+03     -0.2822658122638424E+03
  0.18100000E+03     -0.2819620986122885E+03
  0.18200000E+03     -0.2816549616038475E+03
  0.18300000E+03     -0.2813437485744552E+03
  0.18400000E+03     -0.2810302991726324E+03
  0.18500000E+03     -0.2807131513283121E+03
  0.18600000E+03     -0.2803919902603024E+03
  0.18700000E+03     -0.2800678713631283E+03
  0.18800000E+03     -0.2797410301073369E+03
  0.18900000E+03     -0.2794111180945912E+03
  0.19000000E+03     -0.2790778017824353E+03
  0.19100000E+03     -0.2787403355401319E+03
  0.19200000E+03     -0.2784007957872126E+03
  0.19300000E+03     -0.2780573740715666E+03
  0.19400000E+03     -0.2777105664936488E+03
  0.19500000E+03     -0.2773601634836109E+03
  0.19600000E+03     -0.2770079494970076E+03
  0.19700000E+03     -0.2766510314409212E+03
  0.19800000E+03     -0.2762914795508625E+03
  0.19900000E+03     -0.2759292438177197E+03
  0.20000000E+03     -0.2755640025320493E+03
  0.20100000E+03     -0.2751940232923325E+03
  0.20200000E+03     -0.2748218154631303E+03
  0.20300000E+03     -0.2744471192520665E+03
  0.20400000E+03     -0.2740689579938049E+03
  0.20500000E+03     -0.2736877249229058E+03
  0.20600000E+03     -0.2733040269758441E+03
  0.20700000E+03     -0.2729168093641304E+03
  0.20800000E+03     -0.2725262255054566E+03
  0.20900000E+03     -0.2721318809825478E+03
  0.21000000E+03     -0.2717343242648724E+03
  0.21100000E+03     -0.2713337079565598E+03
  0.21200000E+03     -0.2709296441081109E+03
  0.21300000E+03     -0.2705223231012922E+03
  0.21400000E+03     -0.2701114109026614E+03
  0.21500000E+03     -0.2696970407729777E+03
  0.21600000E+03     -0.2692790194967769E+03
  0.21700000E+03     -0.2688587114465598E+03
  0.21800000E+03     -0.2684343534438162E+03
  0.21900000E+03     -0.2680043819438297E+03
  0.22000000E+03     -0.2675697391805567E+03
  0.22100000E+03     -0.2671311524961035E+03
  0.22200000E+03     -0.2666888035110095E+03
  0.22300000E+03     -0.2662422288128836E+03
  0.22400000E+03     -0.2657904717211556E+03
  0.22500000E+03     -0.2653330935171032E+03
  0.22600000E+03     -0.2648699020290526E+03
  0.22700000E+03     -0.2644016501689106E+03
  0.22800000E+03     -0.2639266554651763E+03
  0.22900000E+03     -0.2634461124247822E+03
  0.23000000E+03     -0.2629570669128544E+03
  0.23100000E+03     -0.2624609766991509E+03
  0.23200000E+03     -0.2619571806171396E+03
  0.23300000E+03     -0.2614452755678710E+03
  0.23400000E+03     -0.2609245113549788E+03
  0.23500000E+03     -0.2603930847252665E+03
  0.23600000E+03     -0.2598506075803174E+03
  0.23700000E+03     -0.2592969302714082E+03
  0.23800000E+03     -0.2587307630476167E+03
  0.23900000E+03     -0.2581518416083351E+03
  0.24000000E+03     -0.2575599140710581E+03
  0.24100000E+03     -0.2569525042991259E+03
  0.24200000E+03     -0.2563297655623492E+03
  0.24300000E+03     -0.2556911972105090E+03
  0.24400000E+03     -0.2550371675777584E+03
  0.24500000E+03     -0.2543677952581862E+03
  0.24600000E+03     -0.2536835134714619E+03
  0.24700000E+03     -0.2529812017505790E+03
  0.24800000E+03     -0.2522619669402934E+03
  0.24900000E+03     -0.2515265109764250E+03
  0.25000000E+03     -0.2507746680653994E+03
  0.25100000E+03     -0.2500069938275460E+03
  0.25200000E+03     -0.2492232653743964E+03
  0.25300000E+03     -0.2484246404457927E+03
  0.25400000E+03     -0.2476108634322642E+03
  0.25500000E+03     -0.2467819954447534E+03
  0.25600000E+03     -0.2459394205551874E+03
  0.25700000E+03     -0.2450837717101933E+03
  0.25800000E+03     -0.2442141473629140E+03
  0.25900000E+03     -0.2433319225501773E+03
  0.26000000E+03     -0.2424376182889332E+03
  0.26100000E+03     -0.2415306869591518E+03
  0.26200000E+03     -0.2406118647497600E+03
  0.26300000E+03     -0.2396817853249724E+03
  0.26400000E+03     -0.2387408362002112E+03
  0.26500000E+03     -0.2377881605529029E+03
  0.26600000E+03     -0.2368247601628323E+03
  0.26700000E+03     -0.2358519808738131E+03
  0.26800000E+03     -0.2348685250249319E+03
  0.26900000E+03     -0.2338754787877481E+03
  0.27000000E+03     -0.2328723169024221E+03
  0.27100000E+03     -0.2318593740333433E+03
  0.27200000E+03     -0.2308380472087850E+03
  0.27300000E+03     -0.2298068130457429E+03
  0.27400000E+03     -0.2287671569333763E+03
  0.27500000E+03     -0.2277185230404852E+03
  0.27600000E+03     -0.2266614693862161E+03
  0.27700000E+03     -0.2255945988378992E+03
  0.27800000E+03     -0.2245194416102620E+03
  0.27900000E+03     -0.2234362601407958E+03
  0.28000000E+03     -0.2223444197296137E+03
  0.28100000E+03     -0.2212430919916963E+03
  0.28200000E+03     -0.2201338249205329E+03
  0.28300000E+03     -0.2190150411216702E+03
  0.28400000E+03     -0.2178880778239611E+03
  0.28500000E+03     -0.2167522302224689E+03
  0.28600000E+03     -0.2156079382636884E+03
  0.28700000E+03     -0.2144540022104131E+03
  0.28800000E+03     -0.2132907544606722E+03
  0.28900000E+03     -0.2121193664200652E+03
  0.29000000E+03     -0.2109383353479896E+03
  0.29100000E+03     -0.2097479653531365E+03
  0.29200000E+03     -0.2085475955231508E+03
  0.29300000E+03     -0.2073365240898554E+03
  0.29400000E+03     -0.2061158236591635E+03
  0.29500000E+03     -0.2048856630927744E+03
  0.29600000E+03     -0.2036418407562585E+03
  0.29700000E+03     -0.2023883396668135E+03
  0.29800000E+03     -0.2011237687677324E+03
  0.29900000E+03     -0.1998476047547051E+03
  0.30000000E+03     -0.1985587589555140E+03
  0.30100000E+03     -0.1972589728995935E+03
  0.30200000E+03     -0.1959447521616142E+03
  0.30300000E+03     -0.1946192308378613E+03
  0.30400000E+03     -0.1932812303223127E+03
  0.30500000E+03     -0.1919299165918341E+03
  0.30600000E+03     -0.1905674713274542E+03
  0.30700000E+03     -0.1891924762290023E+03
  0.30800000E+03     -0.1878039930952734E+03
  0.30900000E+03     -0.1864030471400112E+03
  0.31000000E+03     -0.1849879328424744E+03
  0.31100000E+03     -0.1835607213407508E+03
  0.31200000E+03     -0.1821185358316084E+03
  0.31300000E+03     -0.1806624850306766E+03
  0.31400000E+03     -0.1791968236060682E+03
  0.31500000E+03     -0.1777144415552852E+03
  0.31600000E+03     -0.1762184268332240E+03
  0.31700000E+03     -0.1747082383884611E+03
  0.31800000E+03     -0.1731864597750115E+03
  0.31900000E+03     -0.1716484918564242E+03
  0.32000000E+03     -0.1700980108110833E+03
  0.32100000E+03     -0.1685305036814408E+03
  0.32200000E+03     -0.1669505809241997E+03
  0.32300000E+03     -0.1653531101235546E+03
  0.32400000E+03     -0.1637406752166586E+03
  0.32500000E+03     -0.1621098596868725E+03
  0.32600000E+03     -0.1604616549228533E+03
  0.32700000E+03     -0.1587971435536750E+03
  0.32800000E+03     -0.1571151556570780E+03
  0.32900000E+03     -0.1554129475555152E+03
  0.33000000E+03     -0.1536922715344063E+03
  0.33100000E+03     -0.1519537824403848E+03
  0.33200000E+03     -0.1501930076071183E+03
  0.33300000E+03     -0.1484130365957168E+03
  0.33400000E+03     -0.1466108342211299E+03
  0.33500000E+03     -0.1447916998540578E+03
  0.33600000E+03     -0.1429535379066861E+03
  0.33700000E+03     -0.1410969269175915E+03
  0.33800000E+03     -0.1392216002921530E+03
  0.33900000E+03     -0.1373291359538914E+03
  0.34000000E+03     -0.1354216619482487E+03
  0.34100000E+03     -0.1334998031602377E+03
  0.34200000E+03     -0.1315631648328558E+03
  0.34300000E+03     -0.1296200735577558E+03
  0.34400000E+03     -0.1276670879315417E+03
  0.34500000E+03     -0.1257040525232518E+03
  0.34600000E+03     -0.1237364788877683E+03
  0.34700000E+03     -0.1217581240965260E+03
  0.34800000E+03     -0.1197784207690468E+03
  0.34900000E+03     -0.1177930734353344E+03
  0.35000000E+03     -0.1158076309221993E+03
  0.35100000E+03     -0.1138172947486587E+03
  0.35200000E+03     -0.1118272798988403E+03
  0.35300000E+03     -0.1098373182536226E+03
  0.35400000E+03     -0.1078472377179780E+03
  0.35500000E+03     -0.1058567789122723E+03
  0.35600000E+03     -0.1038676428327294E+03
  0.35700000E+03     -0.1018812980380631E+03
  0.35800000E+03     -0.9990036040710261E+02
  0.35900000E+03     -0.9792060960625041E+02
  0.36000000E+03     -0.9594393947522245E+02
  0.36100000E+03     -0.9397500144640053E+02
  0.36200000E+03     -0.9200971959829047E+02
  0.36300000E+03     -0.9005423503428054E+02
  0.36400000E+03     -0.8810463220387548E+02
  0.36500000E+03     -0.8615778407556833E+02
  0.36600000E+03     -0.8422498876080786E+02
  0.36700000E+03     -0.8229690937314059E+02
  0.36800000E+03     -0.8037069509089717E+02
  0.36900000E+03     -0.7845721809874610E+02
  0.37000000E+03     -0.7655823555568011E+02
  0.37100000E+03     -0.7466712661625054E+02
  0.37200000E+03     -0.7278686620734047E+02
  0.37300000E+03     -0.7092386233055802E+02
  0.37400000E+03     -0.6906860668400576E+02
  0.37500000E+03     -0.6723047366176733E+02
  0.37600000E+03     -0.6539741365685015E+02
  0.37700000E+03     -0.6358240704186690E+02
  0.37800000E+03     -0.6178331637050829E+02
  0.37900000E+03     -0.5999976620978738E+02
  0.38000000E+03     -0.5822799647290012E+02
  0.38100000E+03     -0.5647601282821958E+02
  0.38200000E+03     -0.5473832772014418E+02
  0.38300000E+03     -0.5301838676669017E+02
  0.38400000E+03     -0.5132019162659601E+02
  0.38500000E+03     -0.4964001528795013E+02
  0.38600000E+03     -0.4797859035234498E+02
  0.38700000E+03     -0.4633709319755719E+02
  0.38800000E+03     -0.4470348833150520E+02
  0.38900000E+03     -0.4310689836126406E+02
  0.39000000E+03     -0.4152598062634547E+02
  0.39100000E+03     -0.3996672042565686E+02
  0.39200000E+03     -0.3842602777216032E+02
  0.39300000E+03     -0.3690467271145829E+02
  0.39400000E+03     -0.3541176349770490E+02
  0.39500000E+03     -0.3394844975799592E+02
  0.39600000E+03     -0.3251347111588012E+02
  0.39700000E+03     -0.3109178514944392E+02
  0.39800000E+03     -0.2970057406771471E+02
  0.39900000E+03     -0.2833082770435624E+02
  0.40000000E+03     -0.2698792637169817E+02
  0.40100000E+03     -0.2568364659392998E+02
  0.40200000E+03     -0.2439373810020510E+02
  0.40300000E+03     -0.2313655604207693E+02
  0.40400000E+03     -0.2191619533292129E+02
  0.40500000E+03     -0.2072952891881553E+02
  0.40600000E+03     -0.1956685229852314E+02
  0.40700000E+03     -0.1843869804201276E+02
  0.40800000E+03     -0.1733418168933238E+02
  0.40900000E+03     -0.1626582220120062E+02
  0.41000000E+03     -0.1522830734852442E+02
  0.41100000E+03     -0.1423017811528893E+02
  0.41200000E+03     -0.1327056018383248E+02
  0.41300000E+03     -0.1233579524871808E+02
  0.41400000E+03     -0.1144143125695621E+02
  0.41500000E+03     -0.1058988712410456E+02
  0.41600000E+03     -0.9773700384376211E+01
  0.41700000E+03     -0.8998127857665365E+01
  0.41800000E+03     -0.8254588253110283E+01
  0.41900000E+03     -0.7559808355617575E+01
  0.42000000E+03     -0.6910029966706558E+01
  0.42100000E+03     -0.6294915734810472E+01
  0.42200000E+03     -0.5731716421096960E+01
  0.42300000E+03     -0.5196703066680156E+01
  0.42400000E+03     -0.4711202430819808E+01
  0.42500000E+03     -0.4274691743220698E+01
  0.42600000E+03     -0.3889415763235517E+01
  0.42700000E+03     -0.3528898097137555E+01
  0.42800000E+03     -0.3231529770802238E+01
  0.42900000E+03     -0.2957778657441620E+01
  0.43000000E+03     -0.2765422135017330E+01
  0.43100000E+03     -0.2613040681115988E+01
  0.43200000E+03     -0.2494049954297706E+01
  0.43300000E+03     -0.2413453062521766E+01
  0.43400000E+03     -0.2393526545255012E+01
  0.43500000E+03     -0.2433696538888482E+01
  0.43600000E+03     -0.2530592581656320E+01
  0.43700000E+03     -0.2662329670063540E+01
  0.43800000E+03     -0.2884481766693112E+01
  0.43900000E+03     -0.3147283180834760E+01
  0.44000000E+03     -0.3459029744686147E+01
  0.44100000E+03     -0.3808359275145675E+01
  0.44200000E+03     -0.4249352168454264E+01
  0.44300000E+03     -0.4705897066884061E+01
  0.44400000E+03     -0.5255355286300498E+01
  0.44500000E+03     -0.5882100218295845E+01
  0.44600000E+03     -0.6547885776822339E+01
  0.44700000E+03     -0.7281617214179930E+01
  0.44800000E+03     -0.8050942668843474E+01
  0.44900000E+03     -0.8903685550185797E+01
  0.45000000E+03     -0.9824433178668810E+01
  0.45100000E+03     -0.1079638174918364E+02
  0.45200000E+03     -0.1185511421463772E+02
  0.45300000E+03     -0.1296570688510090E+02
  0.45400000E+03     -0.1415199141748931E+02
  0.45500000E+03     -0.1539749249787539E+02
  0.45600000E+03     -0.1672416340345194E+02
  0.45700000E+03     -0.1812465895663777E+02
  0.45800000E+03     -0.1955120552226620E+02
  0.45900000E+03     -0.2109100177340710E+02
  0.46000000E+03     -0.2269593809359191E+02
  0.46100000E+03     -0.2438448043597114E+02
  0.46200000E+03     -0.2613979083761683E+02
  0.46300000E+03     -0.2797466903781091E+02
  0.46400000E+03     -0.2987993409768740E+02
  0.46500000E+03     -0.3187270025632648E+02
  0.46600000E+03     -0.3393406824987460E+02
  0.46700000E+03     -0.3606267636152697E+02
  0.46800000E+03     -0.3826176328632846E+02
  0.46900000E+03     -0.4053324047662355E+02
  0.47000000E+03     -0.4288336247394187E+02
  0.47100000E+03     -0.4537780652223702E+02
  0.47200000E+03     -0.4793185367571154E+02
  0.47300000E+03     -0.5056985910352176E+02
  0.47400000E+03     -0.5327061107854716E+02
  0.47500000E+03     -0.5607743774563509E+02
  0.47600000E+03     -0.5900758620643663E+02
  0.47700000E+03     -0.6199205878486168E+02
  0.47800000E+03     -0.6506557228219201E+02
  0.47900000E+03     -0.6823261532952350E+02
  0.48000000E+03     -0.7150008572242366E+02
  0.48100000E+03     -0.7484677364290964E+02
  0.48200000E+03     -0.7828777648531995E+02
  0.48300000E+03     -0.8185316106705743E+02
  0.48400000E+03     -0.8549304601669351E+02
  0.48500000E+03     -0.8923164297821083E+02
  0.48600000E+03     -0.9303078857681366E+02
  0.48700000E+03     -0.9693521948493407E+02
  0.48800000E+03     -0.1009714693463193E+03
  0.48900000E+03     -0.1051103252448450E+03
  0.49000000E+03     -0.1092374238101146E+03
  0.49100000E+03     -0.1134038260497861E+03
  0.49200000E+03     -0.1158761900297798E+03
  0.49300000E+03     -0.1183479529066148E+03
  0.49400000E+03     -0.1226079293477520E+03
  0.49500000E+03     -0.1256204178753158E+03
  0.49600000E+03     -0.1279376397034302E+03
  0.49700000E+03     -0.1300951847693325E+03
  0.49800000E+03     -0.1278449633099527E+03
  0.49900000E+03     -0.1251667419985325E+03
  0.50000000E+03     -0.1229708650767897E+03
  0.50100000E+03     -0.1303241626180267E+03
  0.50200000E+03     -0.1312545563911831E+03
  0.50300000E+03     -0.1320861505352790E+03
  0.50400000E+03     -0.1334427596567692E+03
  0.50500000E+03     -0.1351216362702289E+03
  0.50600000E+03     -0.1367483073776154E+03
  0.50700000E+03     -0.1390200583444029E+03
  0.50800000E+03     -0.1410091946864973E+03
  0.50900000E+03     -0.1427930172263218E+03
  0.51000000E+03     -0.1442747690178375E+03
