  0.00000000E+00     -0.1096822148594532E-08      0.1995510713506415E-17
  0.10000000E+01     -0.6057410984430360E-03      0.3669222783429056E-06
  0.20000000E+01     -0.4529882867667988E-01      0.2816117926998742E-01
  0.30000000E+01     -0.1346002271963927E+00      0.9883107976733431E-01
  0.40000000E+01     -0.2691792216479000E+00      0.2389551434887150E+00
  0.50000000E+01     -0.4495160099288039E+00      0.4885216751943740E+00
  0.60000000E+01     -0.6769970849583056E+00      0.9034743362603325E+00
  0.70000000E+01     -0.9517539953246442E+00      0.1551427441347444E+01
  0.80000000E+01     -0.1274868673734929E+01      0.2518179087100452E+01
  0.90000000E+01     -0.1647367294645389E+01      0.3905885823190317E+01
  0.10000000E+02     -0.2070728157580967E+01      0.5840876194500859E+01
  0.11000000E+02     -0.2544832934546009E+01      0.8455838466107338E+01
  0.12000000E+02     -0.3073169778626801E+01      0.1192793237922856E+02
  0.13000000E+02     -0.3656008692006266E+01      0.1644152570681205E+02
  0.14000000E+02     -0.4295531182247677E+01      0.2221709833954654E+02
  0.15000000E+02     -0.4993473180215777E+01      0.2951143555721868E+02
  0.16000000E+02     -0.5751354328236872E+01      0.3859945641753968E+02
  0.17000000E+02     -0.6573056358277772E+01      0.4982681250688323E+02
  0.18000000E+02     -0.7462607779810332E+01      0.6361271254719122E+02
  0.19000000E+02     -0.8420255186465130E+01      0.8033333888827801E+02
  0.20000000E+02     -0.9453000138343961E+01      0.1005745704524496E+03
  0.21000000E+02     -0.1056555838304408E+02      0.1249379112796637E+03
  0.22000000E+02     -0.1175973908099585E+02      0.1540344297230312E+03
  0.23000000E+02     -0.1304316127165930E+02      0.1887635239289811E+03
  0.24000000E+02     -0.1442285804905588E+02      0.2300360065206409E+03
  0.25000000E+02     -0.1590552231389872E+02      0.2789884145485829E+03
  0.26000000E+02     -0.1750208334281627E+02      0.3369870620727248E+03
  0.27000000E+02     -0.1921759789636395E+02      0.4054599156090350E+03
  0.28000000E+02     -0.2106506695092466E+02      0.4862452210681376E+03
  0.29000000E+02     -0.2304918925147592E+02      0.5810519924051174E+03
  0.30000000E+02     -0.2518807718746119E+02      0.6925934100142550E+03
  0.31000000E+02     -0.2749240159899787E+02      0.8234790682228078E+03
  0.32000000E+02     -0.2995860734284406E+02      0.9756285706436594E+03
  0.33000000E+02     -0.3260013858060267E+02      0.1152299602982175E+04
  0.34000000E+02     -0.3541589277357325E+02      0.1355879294627987E+04
  0.35000000E+02     -0.3841151230447268E+02      0.1589632945362908E+04
  0.36000000E+02     -0.4157341398833451E+02      0.1855253973018085E+04
  0.37000000E+02     -0.4489239667992922E+02      0.2154621865744074E+04
  0.38000000E+02     -0.4833925396954196E+02      0.2487706987687569E+04
  0.39000000E+02     -0.5191478714473381E+02      0.2856968957744189E+04
  0.40000000E+02     -0.5559259887043977E+02      0.3262047062523079E+04
  0.41000000E+02     -0.5934790652977708E+02      0.3702135923704705E+04
  0.42000000E+02     -0.6317749095023537E+02      0.4178256043924628E+04
  0.43000000E+02     -0.6705393328716994E+02      0.4688635463594403E+04
  0.44000000E+02     -0.7095749883354232E+02      0.5231633368012263E+04
  0.45000000E+02     -0.7487898187973202E+02      0.5806683617148635E+04
  0.46000000E+02     -0.7881917945167642E+02      0.6414890827827581E+04
  0.47000000E+02     -0.8275297688403384E+02      0.7052311195124706E+04
  0.48000000E+02     -0.8669114995554926E+02      0.7721078478564326E+04
  0.49000000E+02     -0.9061830963911743E+02      0.8418328170339315E+04
  0.50000000E+02     -0.9454887127415945E+02      0.9146914570272760E+04
  0.51000000E+02     -0.9848981866483096E+02      0.9908134467590669E+04
  0.52000000E+02     -0.1024159138662460E+03      0.1069722325402026E+05
  0.53000000E+02     -0.1063418007700563E+03      0.1151712182183736E+05
  0.54000000E+02     -0.1102613141006627E+03      0.1236641651122062E+05
  0.55000000E+02     -0.1141763546005593E+03      0.1324532872578732E+05
  0.56000000E+02     -0.1180976736192503E+03      0.1415632415455054E+05
  0.57000000E+02     -0.1220200030889522E+03      0.1509855712919170E+05
  0.58000000E+02     -0.1259443350653914E+03      0.1607208473401603E+05
  0.59000000E+02     -0.1298827059040988E+03      0.1708015972207057E+05
  0.60000000E+02     -0.1338129353614096E+03      0.1811702720820733E+05
  0.61000000E+02     -0.1377573801928424E+03      0.1918881612192015E+05
  0.62000000E+02     -0.1417003052353365E+03      0.2029141863982757E+05
  0.63000000E+02     -0.1456746380482449E+03      0.2143411492227674E+05
  0.64000000E+02     -0.1496569838996131E+03      0.2261114994291352E+05
  0.65000000E+02     -0.1536610742739834E+03      0.2382628127884649E+05
  0.66000000E+02     -0.1576753476751287E+03      0.2507701525927025E+05
  0.67000000E+02     -0.1617126624885366E+03      0.2636742933882096E+05
  0.68000000E+02     -0.1657770150911901E+03      0.2769948202943623E+05
  0.69000000E+02     -0.1698595920443528E+03      0.2907095450237449E+05
  0.70000000E+02     -0.1739824671304790E+03      0.3049010544083237E+05
  0.71000000E+02     -0.1781241797990539E+03      0.3194968672991620E+05
  0.72000000E+02     -0.1822871668351554E+03      0.3345188783515603E+05
  0.73000000E+02     -0.1864986387505270E+03      0.3500661452403246E+05
  0.74000000E+02     -0.1907326023158653E+03      0.3660581658634741E+05
  0.75000000E+02     -0.1949945403148985E+03      0.3825160063845228E+05
  0.76000000E+02     -0.1992965076396985E+03      0.3994959805426354E+05
  0.77000000E+02     -0.2036192522936687E+03      0.4169328078907710E+05
  0.78000000E+02     -0.2079650588189881E+03      0.4348431920893856E+05
  0.79000000E+02     -0.2123466155465699E+03      0.4532829054303833E+05
  0.80000000E+02     -0.2167391202443584E+03      0.4721515737893125E+05
  0.81000000E+02     -0.2211565136246017E+03      0.4915194032480190E+05
  0.82000000E+02     -0.2255945546043498E+03      0.5113710592719159E+05
  0.83000000E+02     -0.2300624658078739E+03      0.5317543328424443E+05
  0.84000000E+02     -0.2345520444901559E+03      0.5526362872278700E+05
  0.85000000E+02     -0.2390406599535207E+03      0.5739218124805069E+05
  0.86000000E+02     -0.2435501357230181E+03      0.5957057212733188E+05
  0.87000000E+02     -0.2480747966768897E+03      0.6179720121876227E+05
  0.88000000E+02     -0.2526113648801233E+03      0.6407053998688222E+05
  0.89000000E+02     -0.2571487768974425E+03      0.6638582237558134E+05
  0.90000000E+02     -0.2617132705650739E+03      0.6875641582459715E+05
  0.91000000E+02     -0.2662799494353010E+03      0.7116981672270827E+05
  0.92000000E+02     -0.2708245348417585E+03      0.7361245063627255E+05
  0.93000000E+02     -0.2753857511702332E+03      0.7610556797698002E+05
  0.94000000E+02     -0.2799414188120805E+03      0.7863733322309387E+05
  0.95000000E+02     -0.2845000759007063E+03      0.8121228357643151E+05
  0.96000000E+02     -0.2890631550163328E+03      0.8383154814853522E+05
  0.97000000E+02     -0.2936350294058067E+03      0.8649748404136382E+05
  0.98000000E+02     -0.2981911132276051E+03      0.8919559627967513E+05
  0.99000000E+02     -0.3027479889141267E+03      0.9193519723787747E+05
  0.10000000E+03     -0.3073204209151802E+03      0.9472644701797534E+05
  0.10100000E+03     -0.3118990460369834E+03      0.9756316612822261E+05
  0.10200000E+03     -0.3164529136394814E+03      0.1004262309496939E+06
  0.10300000E+03     -0.3210229813374862E+03      0.1033410187847575E+06
  0.10400000E+03     -0.3255805487391860E+03      0.1062892185403899E+06
  0.10500000E+03     -0.3301424067979115E+03      0.1092816874288420E+06
  0.10600000E+03     -0.3347033287588554E+03      0.1123150538512169E+06
  0.10700000E+03     -0.3392645165542551E+03      0.1153906122584664E+06
  0.10800000E+03     -0.3438058876611148E+03      0.1184941529321038E+06
  0.10900000E+03     -0.3483576488954057E+03      0.1216460673694020E+06
  0.11000000E+03     -0.3529024744707366E+03      0.1248339920915048E+06
  0.11100000E+03     -0.3574483351867425E+03      0.1280642223168619E+06
  0.11200000E+03     -0.3620088419584804E+03      0.1313470454521530E+06
  0.11300000E+03     -0.3665636661462978E+03      0.1346666487348068E+06
  0.11400000E+03     -0.3711406287706015E+03      0.1380442875586027E+06
  0.11500000E+03     -0.3757027434570508E+03      0.1414522050689986E+06
  0.11600000E+03     -0.3802679111476610E+03      0.1449041189175861E+06
  0.11700000E+03     -0.3848494777481895E+03      0.1484099963045351E+06
  0.11800000E+03     -0.3894204670176377E+03      0.1519500990761266E+06
  0.11900000E+03     -0.3939999545841772E+03      0.1555383275616112E+06
  0.12000000E+03     -0.3985996732322648E+03      0.1591852325589202E+06
  0.12100000E+03     -0.4032312826163608E+03      0.1628998281806014E+06
  0.12200000E+03     -0.4078672199078292E+03      0.1666607312327382E+06
  0.12300000E+03     -0.4125222091717278E+03      0.1704796155163507E+06
  0.12400000E+03     -0.4171971932935020E+03      0.1743587282543629E+06
  0.12500000E+03     -0.4218925901975735E+03      0.1782984503944100E+06
  0.12600000E+03     -0.4265904564417212E+03      0.1822844776654796E+06
  0.12700000E+03     -0.4313176319238014E+03      0.1863401564743468E+06
  0.12800000E+03     -0.4360767568260866E+03      0.1904683065329425E+06
  0.12900000E+03     -0.4408312734824275E+03      0.1946378104566099E+06
  0.13000000E+03     -0.4456564181250850E+03      0.1989153841698341E+06
  0.13100000E+03     -0.4504915678167967E+03      0.2032482194409990E+06
  0.13200000E+03     -0.4553712637173716E+03      0.2076689253150079E+06
  0.13300000E+03     -0.4602896928593357E+03      0.2121721331257082E+06
  0.13400000E+03     -0.4652342897221185E+03      0.2167486780682558E+06
  0.13500000E+03     -0.4702218723270341E+03      0.2214142069122388E+06
  0.13600000E+03     -0.4752715661908117E+03      0.2261891477094116E+06
  0.13700000E+03     -0.4803628053449526E+03      0.2310547613461011E+06
  0.13800000E+03     -0.4854950935328384E+03      0.2360118339049990E+06
  0.13900000E+03     -0.4906770427903869E+03      0.2410710910561857E+06
  0.14000000E+03     -0.4959070950615047E+03      0.2462315825933140E+06
  0.14100000E+03     -0.5011940052264169E+03      0.2515036291032975E+06
  0.14200000E+03     -0.5065179044908567E+03      0.2568689625041967E+06
  0.14300000E+03     -0.5118996649109409E+03      0.2623503275403296E+06
  0.14400000E+03     -0.5173391514650880E+03      0.2679500763473054E+06
  0.14500000E+03     -0.5228513655283382E+03      0.2736853379544551E+06
  0.14600000E+03     -0.5283939444429693E+03      0.2795132835641131E+06
  0.14700000E+03     -0.5340043728321860E+03      0.2854755254851984E+06
  0.14800000E+03     -0.5396687620178702E+03      0.2915587119712410E+06
  0.14900000E+03     -0.5453669575173819E+03      0.2977432684635858E+06
  0.15000000E+03     -0.5510617977423723E+03      0.3039884154005228E+06
  0.15100000E+03     -0.5567995889121298E+03      0.3103465014466813E+06
  0.15200000E+03     -0.5625687616816008E+03      0.3168058200747623E+06
  0.15300000E+03     -0.5683853765124770E+03      0.3233856432980244E+06
  0.15400000E+03     -0.5742098798480587E+03      0.3300428861122917E+06
  0.15500000E+03     -0.5800379388956676E+03      0.3367715440265898E+06
  0.15600000E+03     -0.5858846186464401E+03      0.3435903827106457E+06
  0.15700000E+03     -0.5917380722109197E+03      0.3504852992289658E+06
  0.15800000E+03     -0.5976195774687726E+03      0.3574824384248934E+06
  0.15900000E+03     -0.6035022366498032E+03      0.3645501984294147E+06
  0.16000000E+03     -0.6093542107823678E+03      0.3716497257745657E+06
  0.16100000E+03     -0.6152090252989343E+03      0.3788211532508002E+06
  0.16200000E+03     -0.6210759009843404E+03      0.3860761025418457E+06
  0.16300000E+03     -0.6269341524671876E+03      0.3933888609037939E+06
  0.16400000E+03     -0.6328166047385255E+03      0.4008007291512520E+06
  0.16500000E+03     -0.6386855315105082E+03      0.4082646903607418E+06
  0.16600000E+03     -0.6445589442794510E+03      0.4158040101314482E+06
  0.16700000E+03     -0.6504075093800690E+03      0.4233800252171512E+06
  0.16800000E+03     -0.6562995284976918E+03      0.4310809938886124E+06
  0.16900000E+03     -0.6621819781758526E+03      0.4388391454666430E+06
  0.17000000E+03     -0.6680477445565675E+03      0.4466435550837459E+06
  0.17100000E+03     -0.6739127724049831E+03      0.4545159465451105E+06
  0.17200000E+03     -0.6798044992085638E+03      0.4624936868532084E+06
  0.17300000E+03     -0.6856303988506889E+03      0.4704511184283373E+06
  0.17400000E+03     -0.6915118782556144E+03      0.4785527435750859E+06
  0.17500000E+03     -0.6973758321320856E+03      0.4866989878898867E+06
  0.17600000E+03     -0.7032245834911769E+03      0.4948927437783643E+06
  0.17700000E+03     -0.7091030692006429E+03      0.5031971316918079E+06
  0.17800000E+03     -0.7149721672565367E+03      0.5115566488266468E+06
  0.17900000E+03     -0.7208220024164119E+03      0.5199580890905885E+06
  0.18000000E+03     -0.7266697981855331E+03      0.5284249454255317E+06
  0.18100000E+03     -0.7325236622180861E+03      0.5369685583592844E+06
  0.18200000E+03     -0.7383934268601598E+03      0.5456044932015080E+06
  0.18300000E+03     -0.7442443320647461E+03      0.5542810012481399E+06
  0.18400000E+03     -0.7500801013743587E+03      0.5630035397821300E+06
  0.18500000E+03     -0.7559278098747908E+03      0.5718127687526239E+06
  0.18600000E+03     -0.7617946327629733E+03      0.5807190774749140E+06
  0.18700000E+03     -0.7676261409796816E+03      0.5896390999642803E+06
  0.18800000E+03     -0.7735023938882401E+03      0.5986975562290726E+06
  0.18900000E+03     -0.7793384212232578E+03      0.6077622068991137E+06
  0.19000000E+03     -0.7851733755605769E+03      0.6168937001505425E+06
  0.19100000E+03     -0.7910066496363750E+03      0.6260908064501077E+06
  0.19200000E+03     -0.7968657593473682E+03      0.6353976531697953E+06
  0.19300000E+03     -0.8026973303892847E+03      0.6447283176580551E+06
  0.19400000E+03     -0.8085324501057567E+03      0.6541328152530608E+06
  0.19500000E+03     -0.8143589147728534E+03      0.6635911768658331E+06
  0.19600000E+03     -0.8201774890283775E+03      0.6731038210259366E+06
  0.19700000E+03     -0.8260099991072159E+03      0.6827081275442904E+06
  0.19800000E+03     -0.8318356413515048E+03      0.6923678896804637E+06
  0.19900000E+03     -0.8376637326867431E+03      0.7021007481462336E+06
  0.20000000E+03     -0.8435017725191992E+03      0.7119180641091800E+06
  0.20100000E+03     -0.8493022073231934E+03      0.7217402117446661E+06
  0.20200000E+03     -0.8551273313569527E+03      0.7316710653690541E+06
  0.20300000E+03     -0.8609179463397430E+03      0.7416116982935644E+06
  0.20400000E+03     -0.8667222017465251E+03      0.7516433526148531E+06
  0.20500000E+03     -0.8724716327739544E+03      0.7616457732134114E+06
  0.20600000E+03     -0.8782201235117003E+03      0.7717113992820770E+06
  0.20700000E+03     -0.8839949003592719E+03      0.7818909708626382E+06
  0.20800000E+03     -0.8897602765676486E+03      0.7921211502785470E+06
  0.20900000E+03     -0.8954977069306566E+03      0.8023662788540703E+06
  0.21000000E+03     -0.9012489945874322E+03      0.8127036975520082E+06
  0.21100000E+03     -0.9069886261137087E+03      0.8230857064661313E+06
  0.21200000E+03     -0.9127342770359636E+03      0.8335448476835469E+06
  0.21300000E+03     -0.9184423163954970E+03      0.8440009868811546E+06
  0.21400000E+03     -0.9241377162810830E+03      0.8544997584576132E+06
  0.21500000E+03     -0.9298188326289355E+03      0.8650365323046378E+06
  0.21600000E+03     -0.9355061421182617E+03      0.8756495737459114E+06
  0.21700000E+03     -0.9411563596292887E+03      0.8862577316135701E+06
  0.21800000E+03     -0.9467973247400283E+03      0.8969128536010443E+06
  0.21900000E+03     -0.9524298859393289E+03      0.9076155297249568E+06
  0.22000000E+03     -0.9580092390517825E+03      0.9182807669324243E+06
  0.22100000E+03     -0.9635921832164147E+03      0.9290151093968002E+06
  0.22200000E+03     -0.9691454530254521E+03      0.9397555460187237E+06
  0.22300000E+03     -0.9746757845760926E+03      0.9505125247252113E+06
  0.22400000E+03     -0.9801493521288618E+03      0.9612200907821483E+06
  0.22500000E+03     -0.9855914470813545E+03      0.9719249243185100E+06
  0.22600000E+03     -0.9910022752941680E+03      0.9826268070564391E+06
  0.22700000E+03     -0.9963754583161439E+03      0.9933138629887223E+06
  0.22800000E+03     -0.1001691503567094E+04      0.1003944159028144E+07
  0.22900000E+03     -0.1006957551174494E+04      0.1014530974423499E+07
  0.23000000E+03     -0.1012198128014896E+04      0.1025122463087101E+07
  0.23100000E+03     -0.1017379862500727E+04      0.1035648577151270E+07
  0.23200000E+03     -0.1022492082369383E+04      0.1046086303360620E+07
  0.23300000E+03     -0.1027529475736103E+04      0.1056423787614127E+07
  0.23400000E+03     -0.1032486679632138E+04      0.1066645539869005E+07
  0.23500000E+03     -0.1037364775932977E+04      0.1076752141101333E+07
  0.23600000E+03     -0.1042202647754864E+04      0.1086822599709622E+07
  0.23700000E+03     -0.1046981533328071E+04      0.1096814732036660E+07
  0.23800000E+03     -0.1051695106884058E+04      0.1106714470123414E+07
  0.23900000E+03     -0.1056355522526134E+04      0.1116544942444581E+07
  0.24000000E+03     -0.1060973299207087E+04      0.1126325797115996E+07
  0.24100000E+03     -0.1065528479677079E+04      0.1136013833124730E+07
  0.24200000E+03     -0.1070078943799624E+04      0.1145731066363400E+07
  0.24300000E+03     -0.1074606586627840E+04      0.1155438684970312E+07
  0.24400000E+03     -0.1079264497941308E+04      0.1165467031336888E+07
  0.24500000E+03     -0.1083850312060790E+04      0.1175379558671264E+07
  0.24600000E+03     -0.1088485427632991E+04      0.1185440256359939E+07
  0.24700000E+03     -0.1093269562557590E+04      0.1195870152279889E+07
  0.24800000E+03     -0.1098040497052478E+04      0.1206314094448547E+07
  0.24900000E+03     -0.1102890313041232E+04      0.1216977233236803E+07
  0.25000000E+03     -0.1107837217605983E+04      0.1227902200427176E+07
  0.25100000E+03     -0.1112863613696362E+04      0.1239052939780162E+07
  0.25200000E+03     -0.1117986002951638E+04      0.1250469116683490E+07
  0.25300000E+03     -0.1123227107037071E+04      0.1262205575712647E+07
  0.25400000E+03     -0.1128533196385846E+04      0.1274143583977127E+07
  0.25500000E+03     -0.1133943398642720E+04      0.1286375668781642E+07
  0.25600000E+03     -0.1139430646995941E+04      0.1298842206212132E+07
  0.25700000E+03     -0.1144994050444675E+04      0.1311544387875539E+07
  0.25800000E+03     -0.1150632174980468E+04      0.1324481800778444E+07
  0.25900000E+03     -0.1156385035649161E+04      0.1337748758490574E+07
  0.26000000E+03     -0.1162158731430030E+04      0.1351131356626054E+07
  0.26100000E+03     -0.1167990751030037E+04      0.1364716979460027E+07
  0.26200000E+03     -0.1173898704396702E+04      0.1378549253636670E+07
  0.26300000E+03     -0.1179843639678498E+04      0.1392539453236741E+07
  0.26400000E+03     -0.1185836848654535E+04      0.1406715443668494E+07
  0.26500000E+03     -0.1191916866629728E+04      0.1421170145533616E+07
  0.26600000E+03     -0.1198029656054809E+04      0.1435777478132552E+07
  0.26700000E+03     -0.1204143496989943E+04      0.1450463413032062E+07
  0.26800000E+03     -0.1210298145697195E+04      0.1465323056790397E+07
  0.26900000E+03     -0.1216495355230062E+04      0.1480362858478511E+07
  0.27000000E+03     -0.1222734861811631E+04      0.1495583192941039E+07
  0.27100000E+03     -0.1228999818148729E+04      0.1510943545874463E+07
  0.27200000E+03     -0.1235208725535888E+04      0.1526244162519519E+07
  0.27300000E+03     -0.1241508768141915E+04      0.1541849240652493E+07
  0.27400000E+03     -0.1247829381933951E+04      0.1557585490998966E+07
  0.27500000E+03     -0.1254105148936820E+04      0.1573289629560123E+07
  0.27600000E+03     -0.1260429672646286E+04      0.1589195470887970E+07
  0.27700000E+03     -0.1266765890690396E+04      0.1605211268049220E+07
  0.27800000E+03     -0.1273118585199406E+04      0.1621349435822311E+07
  0.27900000E+03     -0.1279473401636984E+04      0.1637573707716592E+07
  0.28000000E+03     -0.1285824657356290E+04      0.1653869168484150E+07
  0.28100000E+03     -0.1292190327937007E+04      0.1670283844277440E+07
  0.28200000E+03     -0.1298541492333663E+04      0.1686741932385046E+07
  0.28300000E+03     -0.1304901289609973E+04      0.1703303422648599E+07
  0.28400000E+03     -0.1311248301899170E+04      0.1719912521754140E+07
  0.28500000E+03     -0.1317579487667283E+04      0.1736560839457731E+07
  0.28600000E+03     -0.1323916330674564E+04      0.1753304010736377E+07
  0.28700000E+03     -0.1330228233822483E+04      0.1770061023214349E+07
  0.28800000E+03     -0.1336543643025247E+04      0.1786907205971648E+07
  0.28900000E+03     -0.1342841778951520E+04      0.1803787048330496E+07
  0.29000000E+03     -0.1349096982472774E+04      0.1820629706260867E+07
  0.29100000E+03     -0.1355333084381274E+04      0.1837499572250580E+07
  0.29200000E+03     -0.1361527829057103E+04      0.1854334683187152E+07
  0.29300000E+03     -0.1367761165163481E+04      0.1871352072773739E+07
  0.29400000E+03     -0.1373972345081104E+04      0.1888384807614756E+07
  0.29500000E+03     -0.1380057411564582E+04      0.1905147184332818E+07
  0.29600000E+03     -0.1386215131904817E+04      0.1922184621609826E+07
  0.29700000E+03     -0.1392362077135617E+04      0.1939269815192863E+07
  0.29800000E+03     -0.1398473406258089E+04      0.1956330058061558E+07
  0.29900000E+03     -0.1404606486823810E+04      0.1973524296738814E+07
  0.30000000E+03     -0.1410697880232735E+04      0.1990677196781532E+07
  0.30100000E+03     -0.1416782751873560E+04      0.2007884288848766E+07
  0.30200000E+03     -0.1422882194896370E+04      0.2025204945670428E+07
  0.30300000E+03     -0.1429017143812039E+04      0.2042701759981503E+07
  0.30400000E+03     -0.1435054334404098E+04      0.2059993878044273E+07
  0.30500000E+03     -0.1441124222930378E+04      0.2077452123285558E+07
  0.30600000E+03     -0.1447256848925705E+04      0.2095163322685605E+07
  0.30700000E+03     -0.1453413785867544E+04      0.2113022837943188E+07
  0.30800000E+03     -0.1459687607752718E+04      0.2131298198534757E+07
  0.30900000E+03     -0.1465866093951422E+04      0.2149372216825716E+07
  0.31000000E+03     -0.1472041529185136E+04      0.2167513750483394E+07
  0.31100000E+03     -0.1478331214692506E+04      0.2186065463193117E+07
  0.31200000E+03     -0.1484520277964866E+04      0.2204402587501792E+07
  0.31300000E+03     -0.1490741791814526E+04      0.2222915910716049E+07
  0.31400000E+03     -0.1496974162508032E+04      0.2241536019434264E+07
  0.31500000E+03     -0.1503176551788694E+04      0.2260146321563871E+07
  0.31600000E+03     -0.1509396229437862E+04      0.2278883706793612E+07
  0.31700000E+03     -0.1515670578539380E+04      0.2297867302873986E+07
  0.31800000E+03     -0.1521926259463550E+04      0.2316873324625279E+07
  0.31900000E+03     -0.1528174580930284E+04      0.2335935004322270E+07
  0.32000000E+03     -0.1534385868234819E+04      0.2354963076009400E+07
  0.32100000E+03     -0.1540533702354549E+04      0.2373871419803489E+07
  0.32200000E+03     -0.1546591906312836E+04      0.2392584952520916E+07
  0.32300000E+03     -0.1552742345927203E+04      0.2411655955320382E+07
  0.32400000E+03     -0.1558864168608189E+04      0.2430713362768521E+07
  0.32500000E+03     -0.1564690133407069E+04      0.2448922801437206E+07
  0.32600000E+03     -0.1570708920316752E+04      0.2467801853240619E+07
  0.32700000E+03     -0.1576545244442911E+04      0.2486175335455558E+07
  0.32800000E+03     -0.1582422007597739E+04      0.2504742189014930E+07
  0.32900000E+03     -0.1588304248793948E+04      0.2523392090572311E+07
  0.33000000E+03     -0.1594127774129691E+04      0.2541921229453011E+07
  0.33100000E+03     -0.1599980055291738E+04      0.2560607991330149E+07
  0.33200000E+03     -0.1605879530760317E+04      0.2579508888653951E+07
  0.33300000E+03     -0.1611836652528070E+04      0.2598659152855388E+07
  0.33400000E+03     -0.1617989363749178E+04      0.2618506768482212E+07
  0.33500000E+03     -0.1624225507945623E+04      0.2638695579775503E+07
  0.33600000E+03     -0.1630697466347220E+04      0.2659729894251101E+07
  0.33700000E+03     -0.1637265068173152E+04      0.2681156257375687E+07
  0.33800000E+03     -0.1644097378888566E+04      0.2703539113688549E+07
  0.33900000E+03     -0.1651236575440241E+04      0.2727029488016755E+07
  0.34000000E+03     -0.1658615406204048E+04      0.2751418123490329E+07
  0.34100000E+03     -0.1666157943924829E+04      0.2776461839891697E+07
  0.34200000E+03     -0.1674008126780638E+04      0.2802652273548581E+07
  0.34300000E+03     -0.1682053677262905E+04      0.2829626376597297E+07
  0.34400000E+03     -0.1690287178056968E+04      0.2857368822728437E+07
  0.34500000E+03     -0.1698688949194888E+04      0.2885822205597123E+07
  0.34600000E+03     -0.1707287843188065E+04      0.2915091482157968E+07
  0.34700000E+03     -0.1716066943723953E+04      0.2945130312530727E+07
  0.34800000E+03     -0.1724954354702823E+04      0.2975697834524231E+07
  0.34900000E+03     -0.1733960041460249E+04      0.3006836777259760E+07
  0.35000000E+03     -0.1743075323845558E+04      0.3038521503172972E+07
  0.35100000E+03     -0.1752290882163612E+04      0.3070723893589976E+07
  0.35200000E+03     -0.1761614310929180E+04      0.3103478735733354E+07
  0.35300000E+03     -0.1771031036662379E+04      0.3136740067629486E+07
  0.35400000E+03     -0.1780574086003582E+04      0.3170628575323865E+07
  0.35500000E+03     -0.1790184877929311E+04      0.3204942247561728E+07
  0.35600000E+03     -0.1799833325079279E+04      0.3239577172922230E+07
  0.35700000E+03     -0.1809495264345099E+04      0.3274447579349185E+07
  0.35800000E+03     -0.1819251698935965E+04      0.3309849173310265E+07
  0.35900000E+03     -0.1829087772139326E+04      0.3345732727111304E+07
  0.36000000E+03     -0.1839013682986614E+04      0.3382141067870402E+07
  0.36100000E+03     -0.1848910544358097E+04      0.3418638074513461E+07
  0.36200000E+03     -0.1858883217254292E+04      0.3455613194426095E+07
  0.36300000E+03     -0.1868849708554456E+04      0.3492765177478763E+07
  0.36400000E+03     -0.1878919580843554E+04      0.3530504699085049E+07
  0.36500000E+03     -0.1889053481540945E+04      0.3568688481328412E+07
  0.36600000E+03     -0.1899236330116737E+04      0.3607263424504181E+07
  0.36700000E+03     -0.1909415257966034E+04      0.3646031156771203E+07
  0.36800000E+03     -0.1919668460829970E+04      0.3685292184870166E+07
  0.36900000E+03     -0.1929924106507004E+04      0.3724772099847829E+07
  0.37000000E+03     -0.1940219785074033E+04      0.3764618546437255E+07
  0.37100000E+03     -0.1950571485196765E+04      0.3804894442423134E+07
  0.37200000E+03     -0.1960950143333620E+04      0.3845491661649001E+07
  0.37300000E+03     -0.1971345681433869E+04      0.3886370524588483E+07
  0.37400000E+03     -0.1981797065750414E+04      0.3927686829541512E+07
  0.37500000E+03     -0.1992298304691489E+04      0.3969420085007494E+07
  0.37600000E+03     -0.2002757038997308E+04      0.4011204648935824E+07
  0.37700000E+03     -0.2013280444808825E+04      0.4053468057727781E+07
  0.37800000E+03     -0.2023820570059637E+04      0.4096020432968507E+07
  0.37900000E+03     -0.2034447559649322E+04      0.4139148371868371E+07
  0.38000000E+03     -0.2045018140894534E+04      0.4182272040837661E+07
  0.38100000E+03     -0.2055663159151793E+04      0.4225924671566180E+07
  0.38200000E+03     -0.2066278729292777E+04      0.4269682283898413E+07
  0.38300000E+03     -0.2077048188609308E+04      0.4314304183784284E+07
  0.38400000E+03     -0.2087729139987141E+04      0.4358789512855725E+07
  0.38500000E+03     -0.2098456195696145E+04      0.4403696737632303E+07
  0.38600000E+03     -0.2109254358470146E+04      0.4449133576426384E+07
  0.38700000E+03     -0.2120018238601496E+04      0.4494658280363266E+07
  0.38800000E+03     -0.2130853284006750E+04      0.4540717445025593E+07
  0.38900000E+03     -0.2141678929492380E+04      0.4586971929253316E+07
  0.39000000E+03     -0.2152525218919720E+04      0.4633548639492624E+07
  0.39100000E+03     -0.2163414094574501E+04      0.4680545924902337E+07
  0.39200000E+03     -0.2174346979758869E+04      0.4727971154094318E+07
  0.39300000E+03     -0.2185197299163654E+04      0.4775274997309942E+07
  0.39400000E+03     -0.2196161009296841E+04      0.4823312842051413E+07
  0.39500000E+03     -0.2207136271305453E+04      0.4871640881111536E+07
  0.39600000E+03     -0.2218093973961224E+04      0.4920132908152231E+07
  0.39700000E+03     -0.2229103607585459E+04      0.4969096748274239E+07
  0.39800000E+03     -0.2240032538394740E+04      0.5017941288202422E+07
  0.39900000E+03     -0.2251127734076592E+04      0.5067773130722966E+07
  0.40000000E+03     -0.2262142153423922E+04      0.5117485688071748E+07
  0.40100000E+03     -0.2273258675120914E+04      0.5167904209933164E+07
  0.40200000E+03     -0.2284378628064044E+04      0.5218587375791120E+07
  0.40300000E+03     -0.2295463669177439E+04      0.5269355924977882E+07
  0.40400000E+03     -0.2306554057472502E+04      0.5320395484624136E+07
  0.40500000E+03     -0.2317656585964046E+04      0.5371738236818386E+07
  0.40600000E+03     -0.2328733449459296E+04      0.5423207380788967E+07
  0.40700000E+03     -0.2339936220906050E+04      0.5475510816357109E+07
  0.40800000E+03     -0.2351096657953889E+04      0.5527866772318778E+07
  0.40900000E+03     -0.2362267096864965E+04      0.5580520567935183E+07
  0.41000000E+03     -0.2373476421066297E+04      0.5633604722866865E+07
  0.41100000E+03     -0.2384703243091234E+04      0.5687026390839220E+07
  0.41200000E+03     -0.2395936003086314E+04      0.5740728522967670E+07
  0.41300000E+03     -0.2407115949254456E+04      0.5794429402858630E+07
  0.41400000E+03     -0.2418241934585410E+04      0.5848117688219955E+07
  0.41500000E+03     -0.2429548998712050E+04      0.5902932739505471E+07
  0.41600000E+03     -0.2440790777638003E+04      0.5957685762987973E+07
  0.41700000E+03     -0.2452051137584866E+04      0.6012782995381773E+07
  0.41800000E+03     -0.2463381060103836E+04      0.6068476462232170E+07
  0.41900000E+03     -0.2474558986961701E+04      0.6123674653213623E+07
  0.42000000E+03     -0.2485857515600602E+04      0.6179721432310213E+07
  0.42100000E+03     -0.2497172607882215E+04      0.6236106247217710E+07
  0.42200000E+03     -0.2508418052356011E+04      0.6292397918328804E+07
  0.42300000E+03     -0.2519735763340969E+04      0.6349307234262796E+07
  0.42400000E+03     -0.2531063878461630E+04      0.6406526385033054E+07
  0.42500000E+03     -0.2542265496561457E+04      0.6463355934948834E+07
  0.42600000E+03     -0.2553627443410458E+04      0.6521258417002241E+07
  0.42700000E+03     -0.2564963765940085E+04      0.6579286647240471E+07
  0.42800000E+03     -0.2576316258323537E+04      0.6637654249410770E+07
  0.42900000E+03     -0.2587496390766802E+04      0.6695389329512461E+07
  0.43000000E+03     -0.2599025322794768E+04      0.6755186193032297E+07
  0.43100000E+03     -0.2610323995374590E+04      0.6814047318783668E+07
  0.43200000E+03     -0.2621512907316792E+04      0.6872586803598263E+07
  0.43300000E+03     -0.2632881349800075E+04      0.6932326147698196E+07
  0.43400000E+03     -0.2644051009403733E+04      0.6991268941153252E+07
  0.43500000E+03     -0.2655354321691944E+04      0.7051171867372647E+07
  0.43600000E+03     -0.2666656146582835E+04      0.7111321988471708E+07
  0.43700000E+03     -0.2678202414032010E+04      0.7173037227943838E+07
  0.43800000E+03     -0.2689503259037270E+04      0.7233698581848746E+07
  0.43900000E+03     -0.2700780792137912E+04      0.7294492058152091E+07
  0.44000000E+03     -0.2712060388087762E+04      0.7355546484631749E+07
  0.44100000E+03     -0.2723367478418551E+04      0.7417008381494875E+07
  0.44200000E+03     -0.2734572158578276E+04      0.7478163678428491E+07
  0.44300000E+03     -0.2745952641225639E+04      0.7540537343305720E+07
  0.44400000E+03     -0.2757251489465342E+04      0.7602719199294749E+07
  0.44500000E+03     -0.2768469939078954E+04      0.7664712751307808E+07
  0.44600000E+03     -0.2779604835490596E+04      0.7726491695513007E+07
  0.44700000E+03     -0.2790987770614627E+04      0.7789904004426528E+07
  0.44800000E+03     -0.2802207382646683E+04      0.7852659287491716E+07
  0.44900000E+03     -0.2813532849136878E+04      0.7916261380277818E+07
  0.45000000E+03     -0.2824760107537942E+04      0.7979568468512667E+07
  0.45100000E+03     -0.2835834654271067E+04      0.8042256702034537E+07
  0.45200000E+03     -0.2846958825347916E+04      0.8105476176289809E+07
  0.45300000E+03     -0.2858198934061500E+04      0.8169604941296319E+07
  0.45400000E+03     -0.2869381447171830E+04      0.8233654241120143E+07
  0.45500000E+03     -0.2880592403056246E+04      0.8298121082513917E+07
  0.45600000E+03     -0.2891797802940257E+04      0.8362806921158506E+07
  0.45700000E+03     -0.2902950558865024E+04      0.8427434000437530E+07
  0.45800000E+03     -0.2914003143207352E+04      0.8491730993684361E+07
  0.45900000E+03     -0.2924933104381343E+04      0.8555552950698476E+07
  0.46000000E+03     -0.2936154177443968E+04      0.8621323559296530E+07
  0.46100000E+03     -0.2947287440822921E+04      0.8686828162117409E+07
  0.46200000E+03     -0.2958172432840082E+04      0.8751112978390090E+07
  0.46300000E+03     -0.2969192888272619E+04      0.8816435130908493E+07
  0.46400000E+03     -0.2980283320482700E+04      0.8882421189067919E+07
  0.46500000E+03     -0.2991247319284462E+04      0.8947891091037938E+07
  0.46600000E+03     -0.3002188095626557E+04      0.9013468798110416E+07
  0.46700000E+03     -0.3013263161407742E+04      0.9080091384549534E+07
  0.46800000E+03     -0.3024166734968032E+04      0.9145923530804520E+07
  0.46900000E+03     -0.3035101556900100E+04      0.9212185632730260E+07
  0.47000000E+03     -0.3046040689094587E+04      0.9278709992416682E+07
  0.47100000E+03     -0.3056721089275442E+04      0.9343887855567453E+07
  0.47200000E+03     -0.3067403037832611E+04      0.9409310623239005E+07
  0.47300000E+03     -0.3078243472857975E+04      0.9475936778137336E+07
  0.47400000E+03     -0.3088879926970641E+04      0.9541532779251376E+07
  0.47500000E+03     -0.3099633127353378E+04      0.9608086446277490E+07
  0.47600000E+03     -0.3110678673048120E+04      0.9676682332781721E+07
  0.47700000E+03     -0.3121068986078887E+04      0.9741432843608281E+07
  0.47800000E+03     -0.3131766147119579E+04      0.9808323934086386E+07
  0.47900000E+03     -0.3142536923211674E+04      0.9875904510479338E+07
  0.48000000E+03     -0.3152880161865012E+04      0.9941022672748640E+07
  0.48100000E+03     -0.3163668787475451E+04      0.1000917620166437E+08
  0.48200000E+03     -0.3174321762374174E+04      0.1007669265419568E+08
  0.48300000E+03     -0.3184768228992714E+04      0.1014312652266807E+08
  0.48400000E+03     -0.3195132325078003E+04      0.1020924934112379E+08
  0.48500000E+03     -0.3205807403803573E+04      0.1027758445260537E+08
  0.48600000E+03     -0.3216249414932918E+04      0.1034464910527407E+08
  0.48700000E+03     -0.3226597959748538E+04      0.1041132755109960E+08
  0.48800000E+03     -0.3236689991313693E+04      0.1047655655133618E+08
  0.48900000E+03     -0.3246868613857092E+04      0.1054255326976462E+08
  0.49000000E+03     -0.3257212534733900E+04      0.1060983109920827E+08
  0.49100000E+03     -0.3281445425393867E+04      0.1077057635713767E+08
  0.49200000E+03     -0.3402017478180590E+04      0.1158158589501819E+08
  0.49300000E+03     -0.3459979425400155E+04      0.1197504190988897E+08
  0.49400000E+03     -0.3483797337416155E+04      0.1213916403503534E+08
  0.49500000E+03     -0.3464584929528639E+04      0.1201126470548113E+08
  0.49600000E+03     -0.3490455483224240E+04      0.1218909674238353E+08
  0.49700000E+03     -0.3547308615628086E+04      0.1258781461696606E+08
  0.49800000E+03     -0.3599262340474152E+04      0.1295647827975029E+08
  0.49900000E+03     -0.3626601939201682E+04      0.1315358469814130E+08
  0.50000000E+03     -0.3641378924391786E+04      0.1326098402858757E+08
  0.50100000E+03     -0.3546816116670879E+04      0.1258531161133100E+08
  0.50200000E+03     -0.3570654440316842E+04      0.1275235571214183E+08
  0.50300000E+03     -0.3615313296369694E+04      0.1307086791480299E+08
  0.50400000E+03     -0.3608274734108967E+04      0.1302005719491380E+08
  0.50500000E+03     -0.3626556434560927E+04      0.1315240911487814E+08
  0.50600000E+03     -0.3649511016015234E+04      0.1331938776811266E+08
  0.50700000E+03     -0.3636175439508973E+04      0.1322214926619550E+08
  0.50800000E+03     -0.3645687267660855E+04      0.1329141390831163E+08
  0.50900000E+03     -0.3654746669709144E+04      0.1335754863715076E+08
  0.51000000E+03     -0.3665188120961948E+04      0.1343397012993727E+08
