  0.00000000E+00      0.2157603977130350E-09      0.1258343818410942E-18
  0.10000000E+01     -0.6057397860406303E-03      0.3669206883912504E-06
  0.20000000E+01     -0.3352634029724600E-01      0.1954642454810152E-01
  0.30000000E+01     -0.9882849319834770E-01      0.6546549788156965E-01
  0.40000000E+01     -0.1964163939939447E+00      0.1504180837952674E+00
  0.50000000E+01     -0.3262356674407663E+00      0.2936535122124018E+00
  0.60000000E+01     -0.4884038757126922E+00      0.5209245423593534E+00
  0.70000000E+01     -0.6828913216399244E+00      0.8632559435574206E+00
  0.80000000E+01     -0.9098300185548416E+00      0.1359577148586977E+01
  0.90000000E+01     -0.1168147302837941E+01      0.2050801020090760E+01
  0.10000000E+02     -0.1459545091993182E+01      0.2991767615574900E+01
  0.11000000E+02     -0.1782980418736628E+01      0.4237024598950571E+01
  0.12000000E+02     -0.2138336319565344E+01      0.5848418778256982E+01
  0.13000000E+02     -0.2525804941882617E+01      0.7894208817408988E+01
  0.14000000E+02     -0.2946556156087226E+01      0.1045896321902769E+02
  0.15000000E+02     -0.3398308705459259E+01      0.1360880828620698E+02
  0.16000000E+02     -0.3882413667047843E+01      0.1743735493865292E+02
  0.17000000E+02     -0.4398027516284577E+01      0.2203486910885152E+02
  0.18000000E+02     -0.4947467535776554E+01      0.2752085623356332E+02
  0.19000000E+02     -0.5527829647796862E+01      0.3397433778803287E+02
  0.20000000E+02     -0.6140229786529669E+01      0.4151590112092148E+02
  0.21000000E+02     -0.6783988860332547E+01      0.5025602086269995E+02
  0.22000000E+02     -0.7461280188548695E+01      0.6034865149422292E+02
  0.23000000E+02     -0.8169684322461842E+01      0.7189128509951432E+02
  0.24000000E+02     -0.8910488495418832E+01      0.8503874315369323E+02
  0.25000000E+02     -0.9681546486164914E+01      0.9989029650787730E+02
  0.26000000E+02     -0.1048520848648462E+02      0.1166405536192530E+03
  0.27000000E+02     -0.1132089690014845E+02      0.1354344248774692E+03
  0.28000000E+02     -0.1218841862362368E+02      0.1564210382694380E+03
  0.29000000E+02     -0.1308756412166060E+02      0.1797705091149973E+03
  0.30000000E+02     -0.1401801800576909E+02      0.2056407607633954E+03
  0.31000000E+02     -0.1498098971452212E+02      0.2342448297797402E+03
  0.32000000E+02     -0.1597472751342418E+02      0.2656954228778077E+03
  0.33000000E+02     -0.1700280571633311E+02      0.3003280928083785E+03
  0.34000000E+02     -0.1805863390794872E+02      0.3380941845435390E+03
  0.35000000E+02     -0.1914725990420693E+02      0.3793804931497053E+03
  0.36000000E+02     -0.2026659701699161E+02      0.4243033752400625E+03
  0.37000000E+02     -0.2141892935516394E+02      0.4731775628361608E+03
  0.38000000E+02     -0.2260101043262151E+02      0.5260695154543445E+03
  0.39000000E+02     -0.2381601838042784E+02      0.5833749896819503E+03
  0.40000000E+02     -0.2506340024218423E+02      0.6452642930984537E+03
  0.41000000E+02     -0.2634186450728477E+02      0.7119248137406914E+03
  0.42000000E+02     -0.2764959880981074E+02      0.7835066757793547E+03
  0.43000000E+02     -0.2898787827648599E+02      0.8603117276019254E+03
  0.44000000E+02     -0.3035794591345266E+02      0.9426477110920010E+03
  0.45000000E+02     -0.3175834880950093E+02      0.1030697465096042E+04
  0.46000000E+02     -0.3318857787153737E+02      0.1124680133320250E+04
  0.47000000E+02     -0.3464981871263440E+02      0.1224913411539098E+04
  0.48000000E+02     -0.3614250113543460E+02      0.1331732893862028E+04
  0.49000000E+02     -0.3766579369552303E+02      0.1445323670377591E+04
  0.50000000E+02     -0.3921882115467547E+02      0.1565941092719445E+04
  0.51000000E+02     -0.4080251204353491E+02      0.1693879355189731E+04
  0.52000000E+02     -0.4241751700082236E+02      0.1829528987920132E+04
  0.53000000E+02     -0.4406269809381072E+02      0.1973113093309132E+04
  0.54000000E+02     -0.4573613328417705E+02      0.2124711725404165E+04
  0.55000000E+02     -0.4743978753998366E+02      0.2284786502748362E+04
  0.56000000E+02     -0.4917516598076710E+02      0.2453827099536036E+04
  0.57000000E+02     -0.5094124699101447E+02      0.2632048583844897E+04
  0.58000000E+02     -0.5273308777742590E+02      0.2819260660829490E+04
  0.59000000E+02     -0.5456051726079561E+02      0.3016785896834057E+04
  0.60000000E+02     -0.5641552581736766E+02      0.3224155644377215E+04
  0.61000000E+02     -0.5830317416815297E+02      0.3442220475148174E+04
  0.62000000E+02     -0.6021447671488527E+02      0.3670332973155661E+04
  0.63000000E+02     -0.6215689687787704E+02      0.3909572313161166E+04
  0.64000000E+02     -0.6412828100531142E+02      0.4160101051313512E+04
  0.65000000E+02     -0.6613292568952663E+02      0.4422887779948547E+04
  0.66000000E+02     -0.6815831988987098E+02      0.4696501833181780E+04
  0.67000000E+02     -0.7021802897064191E+02      0.4983217480644661E+04
  0.68000000E+02     -0.7230669832228131E+02      0.5282587736848935E+04
  0.69000000E+02     -0.7442219530243648E+02      0.5594710740927761E+04
  0.70000000E+02     -0.7656783552487904E+02      0.5920436098180962E+04
  0.71000000E+02     -0.7874273414504525E+02      0.6259966314699264E+04
  0.72000000E+02     -0.8094518762826449E+02      0.6613502233157062E+04
  0.73000000E+02     -0.8317555425098520E+02      0.6981376616468033E+04
  0.74000000E+02     -0.8543314600846624E+02      0.7363870774024739E+04
  0.75000000E+02     -0.8771678217459399E+02      0.7761083886094091E+04
  0.76000000E+02     -0.9003100259275746E+02      0.8174285226079636E+04
  0.77000000E+02     -0.9237367202872218E+02      0.8603455122618707E+04
  0.78000000E+02     -0.9473757679920918E+02      0.9047630175628950E+04
  0.79000000E+02     -0.9713644736159945E+02      0.9509834551641017E+04
  0.80000000E+02     -0.9956149246840971E+02      0.9988767234238305E+04
  0.81000000E+02     -0.1020151041377352E+03      0.1048535413703782E+05
  0.82000000E+02     -0.1044957193951854E+03      0.1099966342347184E+05
  0.83000000E+02     -0.1069950107097315E+03      0.1153022812790488E+05
  0.84000000E+02     -0.1095257245553712E+03      0.1208025303091234E+05
  0.85000000E+02     -0.1120869919073296E+03      0.1264990797392279E+05
  0.86000000E+02     -0.1146740196143947E+03      0.1323863978792359E+05
  0.87000000E+02     -0.1172845285267046E+03      0.1384629643626436E+05
  0.88000000E+02     -0.1199269519261423E+03      0.1447522426388324E+05
  0.89000000E+02     -0.1225936978065480E+03      0.1512406900642472E+05
  0.90000000E+02     -0.1252854469698016E+03      0.1579338619550317E+05
  0.91000000E+02     -0.1279970510405724E+03      0.1648231277934452E+05
  0.92000000E+02     -0.1307409501635661E+03      0.1719448016723409E+05
  0.93000000E+02     -0.1335112837718327E+03      0.1792862290486377E+05
  0.94000000E+02     -0.1363112032403287E+03      0.1868632726277761E+05
  0.95000000E+02     -0.1391342789319761E+03      0.1946603196202498E+05
  0.96000000E+02     -0.1419745131979072E+03      0.2026663219391435E+05
  0.97000000E+02     -0.1448440767529517E+03      0.2109176994159468E+05
  0.98000000E+02     -0.1477375076763001E+03      0.2194051471606190E+05
  0.99000000E+02     -0.1506588563698672E+03      0.2281434414925877E+05
  0.10000000E+03     -0.1536006699525479E+03      0.2371161657984568E+05
  0.10100000E+03     -0.1565676477197799E+03      0.2463398426443142E+05
  0.10200000E+03     -0.1595551217085673E+03      0.2558048210590498E+05
  0.10300000E+03     -0.1625723379185744E+03      0.2655469228902071E+05
  0.10400000E+03     -0.1656233931976575E+03      0.2755837251835257E+05
  0.10500000E+03     -0.1686945105131739E+03      0.2858726484090539E+05
  0.10600000E+03     -0.1717773463593102E+03      0.2963895441756416E+05
  0.10700000E+03     -0.1748878110226513E+03      0.3071938079996678E+05
  0.10800000E+03     -0.1780225161378316E+03      0.3182795850575668E+05
  0.10900000E+03     -0.1811826038761385E+03      0.3296525582780097E+05
  0.11000000E+03     -0.1843774953537519E+03      0.3413546816094552E+05
  0.11100000E+03     -0.1875901759923772E+03      0.3533258876926018E+05
  0.11200000E+03     -0.1908170092673534E+03      0.3655581146712860E+05
  0.11300000E+03     -0.1940800295216437E+03      0.3781394197980472E+05
  0.11400000E+03     -0.1973552828196176E+03      0.3909810623115018E+05
  0.11500000E+03     -0.2006609251075671E+03      0.4041590044718779E+05
  0.11600000E+03     -0.2039827484383890E+03      0.4176204126872982E+05
  0.11700000E+03     -0.2073200620297373E+03      0.4313677701465007E+05
  0.11800000E+03     -0.2106914440816202E+03      0.4454823107712533E+05
  0.11900000E+03     -0.2140964392967904E+03      0.4599678614232511E+05
  0.12000000E+03     -0.2175188363482207E+03      0.4747624029944803E+05
  0.12100000E+03     -0.2209575936630500E+03      0.4898608868646342E+05
  0.12200000E+03     -0.2244261755829546E+03      0.5053296852494211E+05
  0.12300000E+03     -0.2279015950221632E+03      0.5210694888831228E+05
  0.12400000E+03     -0.2314062918371349E+03      0.5371876044666956E+05
  0.12500000E+03     -0.2349275398792925E+03      0.5536287599012791E+05
  0.12600000E+03     -0.2384745187033663E+03      0.5704402006339161E+05
  0.12700000E+03     -0.2420304520472237E+03      0.5875446923807674E+05
  0.12800000E+03     -0.2456104086005197E+03      0.6050207534940608E+05
  0.12900000E+03     -0.2492121533858497E+03      0.6228624251412386E+05
  0.13000000E+03     -0.2528514038334844E+03      0.6411544237162235E+05
  0.13100000E+03     -0.2565154028684000E+03      0.6598365442255294E+05
  0.13200000E+03     -0.2601920555173626E+03      0.6788529592062332E+05
  0.13300000E+03     -0.2638883645393301E+03      0.6982418213750345E+05
  0.13400000E+03     -0.2676173270488047E+03      0.7180810760848614E+05
  0.13500000E+03     -0.2713635150552532E+03      0.7382910763678949E+05
  0.13600000E+03     -0.2751317703160964E+03      0.7589039838988108E+05
  0.13700000E+03     -0.2789204937812709E+03      0.7799101273838255E+05
  0.13800000E+03     -0.2827247840262929E+03      0.8012955198633109E+05
  0.13900000E+03     -0.2865548276224454E+03      0.8231162303088182E+05
  0.14000000E+03     -0.2904023864319980E+03      0.8453317731603091E+05
  0.14100000E+03     -0.2942727374855568E+03      0.8679786286323972E+05
  0.14200000E+03     -0.2981732606459785E+03      0.8911034136191547E+05
  0.14300000E+03     -0.3020875122122948E+03      0.9146154691044190E+05
  0.14400000E+03     -0.3060107467410483E+03      0.9384887488239203E+05
  0.14500000E+03     -0.3099736793321050E+03      0.9629164643701327E+05
  0.14600000E+03     -0.3139434336873673E+03      0.9876995420322083E+05
  0.14700000E+03     -0.3179250362882527E+03      0.1012871264476749E+06
  0.14800000E+03     -0.3219431813445792E+03      0.1038598042009984E+06
  0.14900000E+03     -0.3259822532477401E+03      0.1064782384919131E+06
  0.15000000E+03     -0.3300366269483713E+03      0.1091395145887043E+06
  0.15100000E+03     -0.3341122311657369E+03      0.1118478013994675E+06
  0.15200000E+03     -0.3381914892153255E+03      0.1145915684152271E+06
  0.15300000E+03     -0.3423094234343982E+03      0.1173951656187369E+06
  0.15400000E+03     -0.3464445879467448E+03      0.1202446147158352E+06
  0.15500000E+03     -0.3505921353188709E+03      0.1231369696527802E+06
  0.15600000E+03     -0.3547843298228898E+03      0.1260955362535928E+06
  0.15700000E+03     -0.3589769381340587E+03      0.1290891637720219E+06
  0.15800000E+03     -0.3631921794680854E+03      0.1321345039323087E+06
  0.15900000E+03     -0.3674367708560547E+03      0.1352366636559686E+06
  0.16000000E+03     -0.3716864944666254E+03      0.1383787752064165E+06
  0.16100000E+03     -0.3759740303802964E+03      0.1415856444350436E+06
  0.16200000E+03     -0.3802732574464776E+03      0.1448379073192772E+06
  0.16300000E+03     -0.3845963032264908E+03      0.1481456712788735E+06
  0.16400000E+03     -0.3889344745410827E+03      0.1515024637932917E+06
  0.16500000E+03     -0.3932857738347130E+03      0.1549070178224985E+06
  0.16600000E+03     -0.3976688474534828E+03      0.1583745701419762E+06
  0.16700000E+03     -0.4020750437179810E+03      0.1618993665123040E+06
  0.16800000E+03     -0.4065066842202314E+03      0.1654836927213377E+06
  0.16900000E+03     -0.4109571095993345E+03      0.1691225270789681E+06
  0.17000000E+03     -0.4154243642009450E+03      0.1728149417464162E+06
  0.17100000E+03     -0.4199123744237442E+03      0.1765646501786945E+06
  0.17200000E+03     -0.4244268193829884E+03      0.1803770614129373E+06
  0.17300000E+03     -0.4289620869750347E+03      0.1842483710052520E+06
  0.17400000E+03     -0.4335137359322312E+03      0.1881747267327110E+06
  0.17500000E+03     -0.4380846740244247E+03      0.1921592757081063E+06
  0.17600000E+03     -0.4426780544194824E+03      0.1962054967055216E+06
  0.17700000E+03     -0.4472858691880951E+03      0.2003068017828064E+06
  0.17800000E+03     -0.4519233422728206E+03      0.2044776587610373E+06
  0.17900000E+03     -0.4565708044894702E+03      0.2087004546882715E+06
  0.18000000E+03     -0.4612445940410695E+03      0.2129906577701615E+06
  0.18100000E+03     -0.4659462425145749E+03      0.2173503315239615E+06
  0.18200000E+03     -0.4706618160165004E+03      0.2217672068113101E+06
  0.18300000E+03     -0.4753953191915169E+03      0.2262456666382341E+06
  0.18400000E+03     -0.4801559628657570E+03      0.2307953236903489E+06
  0.18500000E+03     -0.4849367616510790E+03      0.2354095249622652E+06
  0.18600000E+03     -0.4897279912558592E+03      0.2400798056095911E+06
  0.18700000E+03     -0.4945399814706804E+03      0.2448159925489372E+06
  0.18800000E+03     -0.4993854052363475E+03      0.2496321814440329E+06
  0.18900000E+03     -0.5042518875429297E+03      0.2545166092067413E+06
  0.19000000E+03     -0.5091418841822669E+03      0.2594722213422332E+06
  0.19100000E+03     -0.5140559342525429E+03      0.2645004444026646E+06
  0.19200000E+03     -0.5189817471229412E+03      0.2695889544814450E+06
  0.19300000E+03     -0.5239360368751454E+03      0.2747559786802420E+06
  0.19400000E+03     -0.5289246570214481E+03      0.2800084616031788E+06
  0.19500000E+03     -0.5338979422846505E+03      0.2852936266329037E+06
  0.19600000E+03     -0.5389141868117813E+03      0.2906750037037333E+06
  0.19700000E+03     -0.5439587070282223E+03      0.2961374172646021E+06
  0.19800000E+03     -0.5490274861946073E+03      0.3016773299406158E+06
  0.19900000E+03     -0.5541023759937217E+03      0.3072753319066866E+06
  0.20000000E+03     -0.5592075408518762E+03      0.3129587411737262E+06
  0.20100000E+03     -0.5643406799772437E+03      0.3187260295837005E+06
  0.20200000E+03     -0.5695011975597374E+03      0.3245768069209787E+06
  0.20300000E+03     -0.5746727776110783E+03      0.3304936174330119E+06
  0.20400000E+03     -0.5798717589384760E+03      0.3364957974814871E+06
  0.20500000E+03     -0.5850855247034368E+03      0.3425693151956705E+06
  0.20600000E+03     -0.5903302053470283E+03      0.3487336851797738E+06
  0.20700000E+03     -0.5956040951163066E+03      0.3549879238209449E+06
  0.20800000E+03     -0.6009013677239041E+03      0.3613258220387378E+06
  0.20900000E+03     -0.6062110519181969E+03      0.3677349850425627E+06
  0.21000000E+03     -0.6115565318296048E+03      0.3742443685374888E+06
  0.21100000E+03     -0.6169269059869204E+03      0.3808417454690757E+06
  0.21200000E+03     -0.6223305362032720E+03      0.3875379256891186E+06
  0.21300000E+03     -0.6277460274607655E+03      0.3943071806010940E+06
  0.21400000E+03     -0.6331841826826239E+03      0.4011638754502117E+06
  0.21500000E+03     -0.6386525496961413E+03      0.4081185381923235E+06
  0.21600000E+03     -0.6441417125965393E+03      0.4151593707170553E+06
  0.21700000E+03     -0.6496444743195220E+03      0.4222781521484859E+06
  0.21800000E+03     -0.6551882339071361E+03      0.4295112553180219E+06
  0.21900000E+03     -0.6607584105294735E+03      0.4368405994308291E+06
  0.22000000E+03     -0.6663251813946491E+03      0.4442276109020920E+06
  0.22100000E+03     -0.6719250950942771E+03      0.4517209539786585E+06
  0.22200000E+03     -0.6775583599406652E+03      0.4593222887561347E+06
  0.22300000E+03     -0.6832160313922404E+03      0.4670204388690473E+06
  0.22400000E+03     -0.6888963539098553E+03      0.4748140431551991E+06
  0.22500000E+03     -0.6946084046043345E+03      0.4827160799584340E+06
  0.22600000E+03     -0.7003359306351605E+03      0.4907052041838899E+06
  0.22700000E+03     -0.7060967975626463E+03      0.4988071384171062E+06
  0.22800000E+03     -0.7118786559226130E+03      0.5070050318434011E+06
  0.22900000E+03     -0.7177029426747941E+03      0.5153307642576917E+06
  0.23000000E+03     -0.7235455912791975E+03      0.5237505995765462E+06
  0.23100000E+03     -0.7294031283753867E+03      0.5322608385523364E+06
  0.23200000E+03     -0.7352905232856089E+03      0.5408834322821399E+06
  0.23300000E+03     -0.7412049931676282E+03      0.5496154651480977E+06
  0.23400000E+03     -0.7471556129138881E+03      0.5584715788292654E+06
  0.23500000E+03     -0.7531299374547613E+03      0.5674341367609805E+06
  0.23600000E+03     -0.7591244228012491E+03      0.5764986066242699E+06
  0.23700000E+03     -0.7651568203800847E+03      0.5856930469798264E+06
  0.23800000E+03     -0.7712007655529203E+03      0.5949780761084198E+06
  0.23900000E+03     -0.7772804604762321E+03      0.6043917166325833E+06
  0.24000000E+03     -0.7833950218813882E+03      0.6139336524382140E+06
  0.24100000E+03     -0.7895361573310300E+03      0.6235926515269998E+06
  0.24200000E+03     -0.7956942353366003E+03      0.6333537006104025E+06
  0.24300000E+03     -0.8018838320674990E+03      0.6432414895627527E+06
  0.24400000E+03     -0.8080979632642908E+03      0.6532455481024146E+06
  0.24500000E+03     -0.8143660247100709E+03      0.6634141983251710E+06
  0.24600000E+03     -0.8206183176677110E+03      0.6736363102266971E+06
  0.24700000E+03     -0.8269198873520498E+03      0.6840177668896009E+06
  0.24800000E+03     -0.8332276341060206E+03      0.6944891485003651E+06
  0.24900000E+03     -0.8396052449757095E+03      0.7051574360023902E+06
  0.25000000E+03     -0.8460155163803360E+03      0.7159622675688411E+06
  0.25100000E+03     -0.8524356007882897E+03      0.7268658995730393E+06
  0.25200000E+03     -0.8588817076971729E+03      0.7378963837721699E+06
  0.25300000E+03     -0.8653229597965698E+03      0.7490019485903722E+06
  0.25400000E+03     -0.8718496013841640E+03      0.7603395328054065E+06
  0.25500000E+03     -0.8783568365055031E+03      0.7717280277362870E+06
  0.25600000E+03     -0.8849132551297587E+03      0.7832883182495225E+06
  0.25700000E+03     -0.8915064679134771E+03      0.7950002224177099E+06
  0.25800000E+03     -0.8981355490300465E+03      0.8068639875806668E+06
  0.25900000E+03     -0.9047803092001009E+03      0.8188429806602581E+06
  0.26000000E+03     -0.9114431259448293E+03      0.8309437109643347E+06
  0.26100000E+03     -0.9181462686758637E+03      0.8432072188931457E+06
  0.26200000E+03     -0.9248599951525762E+03      0.8555805460416490E+06
  0.26300000E+03     -0.9316208543829474E+03      0.8681316627720442E+06
  0.26400000E+03     -0.9384155593424306E+03      0.8808378384939601E+06
  0.26500000E+03     -0.9452737010540354E+03      0.8937564970637714E+06
  0.26600000E+03     -0.9521048190230151E+03      0.9067178208323889E+06
  0.26700000E+03     -0.9589835964532616E+03      0.9198630599955857E+06
  0.26800000E+03     -0.9658856028989539E+03      0.9331483067219310E+06
  0.26900000E+03     -0.9728245616311394E+03      0.9466006741857961E+06
  0.27000000E+03     -0.9797878910148495E+03      0.9601973491897798E+06
  0.27100000E+03     -0.9867818105176831E+03      0.9739515662057345E+06
  0.27200000E+03     -0.9938006258246024E+03      0.9878525476071382E+06
  0.27300000E+03     -0.1000849402311795E+04      0.1001911998969169E+07
  0.27400000E+03     -0.1007942969433982E+04      0.1016161610877136E+07
  0.27500000E+03     -0.1015058041546791E+04      0.1030555612018457E+07
  0.27600000E+03     -0.1022190309251912E+04      0.1045085566629570E+07
  0.27700000E+03     -0.1029380629231741E+04      0.1059837473371243E+07
  0.27800000E+03     -0.1036604785808632E+04      0.1074762343265150E+07
  0.27900000E+03     -0.1043840358237790E+04      0.1089815697523688E+07
  0.28000000E+03     -0.1051096444615812E+04      0.1105016693442717E+07
  0.28100000E+03     -0.1058400749395551E+04      0.1120425069710690E+07
  0.28200000E+03     -0.1065724777197090E+04      0.1135982737112995E+07
  0.28300000E+03     -0.1073067140038677E+04      0.1151686798575876E+07
  0.28400000E+03     -0.1080447808906711E+04      0.1167581698988641E+07
  0.28500000E+03     -0.1087834490576662E+04      0.1183598462419749E+07
  0.28600000E+03     -0.1095266080535117E+04      0.1199822678189595E+07
  0.28700000E+03     -0.1102745449725587E+04      0.1216263492132361E+07
  0.28800000E+03     -0.1110249255458479E+04      0.1232869556005164E+07
  0.28900000E+03     -0.1117757657917001E+04      0.1249598426640132E+07
  0.29000000E+03     -0.1125298309783368E+04      0.1266513356635222E+07
  0.29100000E+03     -0.1132901859699416E+04      0.1283683847406648E+07
  0.29200000E+03     -0.1140477003066533E+04      0.1300905980644027E+07
  0.29300000E+03     -0.1148127901325682E+04      0.1318415877616480E+07
  0.29400000E+03     -0.1155793387124352E+04      0.1336076852877817E+07
  0.29500000E+03     -0.1163452022502710E+04      0.1353840288551452E+07
  0.29600000E+03     -0.1171214097746674E+04      0.1371962691846959E+07
  0.29700000E+03     -0.1178979024705209E+04      0.1390212242127843E+07
  0.29800000E+03     -0.1186780209740961E+04      0.1408668792006948E+07
  0.29900000E+03     -0.1194596308339020E+04      0.1427282278303855E+07
  0.30000000E+03     -0.1202430462571269E+04      0.1446061745022896E+07
  0.30100000E+03     -0.1210289987359968E+04      0.1465025554327031E+07
  0.30200000E+03     -0.1218161070434457E+04      0.1484140835772681E+07
  0.30300000E+03     -0.1226093503663238E+04      0.1503530643561427E+07
  0.30400000E+03     -0.1234075942648655E+04      0.1523170016850061E+07
  0.30500000E+03     -0.1242066814008931E+04      0.1542956892264019E+07
  0.30600000E+03     -0.1250048232731313E+04      0.1562848004644003E+07
  0.30700000E+03     -0.1258080620148406E+04      0.1582995057037966E+07
  0.30800000E+03     -0.1266152801640990E+04      0.1603372569513802E+07
  0.30900000E+03     -0.1274212231250442E+04      0.1623847892784828E+07
  0.31000000E+03     -0.1282349262921394E+04      0.1644652285187430E+07
  0.31100000E+03     -0.1290507359630080E+04      0.1665642916440031E+07
  0.31200000E+03     -0.1298687406303078E+04      0.1686823943336921E+07
  0.31300000E+03     -0.1306923061382212E+04      0.1708283710077910E+07
  0.31400000E+03     -0.1315178929613594E+04      0.1729933410028791E+07
  0.31500000E+03     -0.1323460530911392E+04      0.1751786454195353E+07
  0.31600000E+03     -0.1331721630758739E+04      0.1773722391329478E+07
  0.31700000E+03     -0.1340039562948644E+04      0.1795947601987120E+07
  0.31800000E+03     -0.1348374299673958E+04      0.1818355717020398E+07
  0.31900000E+03     -0.1356732630055884E+04      0.1840967421305761E+07
  0.32000000E+03     -0.1365124639749926E+04      0.1863810258912807E+07
  0.32100000E+03     -0.1373521522980948E+04      0.1886807306044563E+07
  0.32200000E+03     -0.1381955272888702E+04      0.1910047869799847E+07
  0.32300000E+03     -0.1390398961688391E+04      0.1933458191770222E+07
  0.32400000E+03     -0.1398924084710682E+04      0.1957240172932748E+07
  0.32500000E+03     -0.1407429142696616E+04      0.1981109729786740E+07
  0.32600000E+03     -0.1415964082342703E+04      0.2005208933905500E+07
  0.32700000E+03     -0.1424525755385422E+04      0.2029530452213860E+07
  0.32800000E+03     -0.1433112292155391E+04      0.2054069466855891E+07
  0.32900000E+03     -0.1441738563307321E+04      0.2078869566712738E+07
  0.33000000E+03     -0.1450421315041702E+04      0.2103982620797457E+07
  0.33100000E+03     -0.1459075486939602E+04      0.2129163782675528E+07
  0.33200000E+03     -0.1467755876505394E+04      0.2154571657395126E+07
  0.33300000E+03     -0.1476432040326275E+04      0.2180117739842670E+07
  0.33400000E+03     -0.1485154562688147E+04      0.2205952008231105E+07
  0.33500000E+03     -0.1493909597410249E+04      0.2232036550003021E+07
  0.33600000E+03     -0.1502765036423478E+04      0.2258574363752946E+07
  0.33700000E+03     -0.1511533579570538E+04      0.2285006843695917E+07
  0.33800000E+03     -0.1520372142636526E+04      0.2311806646541294E+07
  0.33900000E+03     -0.1529261326117063E+04      0.2338918683775411E+07
  0.34000000E+03     -0.1538128027808612E+04      0.2366118070435849E+07
  0.34100000E+03     -0.1547032266886245E+04      0.2393589947793722E+07
  0.34200000E+03     -0.1555935038642234E+04      0.2421216498089187E+07
  0.34300000E+03     -0.1564853250476900E+04      0.2449052122307110E+07
  0.34400000E+03     -0.1573826139082134E+04      0.2477216832365356E+07
  0.34500000E+03     -0.1582761364260664E+04      0.2505424095980367E+07
  0.34600000E+03     -0.1591759391924674E+04      0.2533990636722773E+07
  0.34700000E+03     -0.1600820222141540E+04      0.2562920110459752E+07
  0.34800000E+03     -0.1609872964375093E+04      0.2591987082312283E+07
  0.34900000E+03     -0.1619011307666910E+04      0.2621496795458390E+07
  0.35000000E+03     -0.1628009598246297E+04      0.2650717291846171E+07
  0.35100000E+03     -0.1637182977657296E+04      0.2680672070207513E+07
  0.35200000E+03     -0.1646299216888092E+04      0.2710608435431000E+07
  0.35300000E+03     -0.1655457933437535E+04      0.2740848882951774E+07
  0.35400000E+03     -0.1664614290895350E+04      0.2771251756882548E+07
  0.35500000E+03     -0.1673814705170614E+04      0.2801969367182419E+07
  0.35600000E+03     -0.1683003966467670E+04      0.2832818144703096E+07
  0.35700000E+03     -0.1692278238239536E+04      0.2864124121980186E+07
  0.35800000E+03     -0.1701479707265479E+04      0.2895353878652964E+07
  0.35900000E+03     -0.1710750678283431E+04      0.2926991610801447E+07
  0.36000000E+03     -0.1719979002867073E+04      0.2958653036805173E+07
  0.36100000E+03     -0.1729265830385977E+04      0.2990688597956031E+07
  0.36200000E+03     -0.1738600323936952E+04      0.3023062278883966E+07
  0.36300000E+03     -0.1747999406183340E+04      0.3055836403505919E+07
  0.36400000E+03     -0.1757295181240916E+04      0.3088423250658535E+07
  0.36500000E+03     -0.1766677238444731E+04      0.3121487338333119E+07
  0.36600000E+03     -0.1776032926481414E+04      0.3154636740939348E+07
  0.36700000E+03     -0.1785339499441316E+04      0.3187782410009155E+07
  0.36800000E+03     -0.1794760607172669E+04      0.3221514974294017E+07
  0.36900000E+03     -0.1804258105150395E+04      0.3255699285478379E+07
  0.37000000E+03     -0.1813696785745431E+04      0.3289850336651945E+07
  0.37100000E+03     -0.1823191395801910E+04      0.3324383876989004E+07
  0.37200000E+03     -0.1832629361009461E+04      0.3358890339268259E+07
  0.37300000E+03     -0.1842178171924229E+04      0.3393982289840302E+07
  0.37400000E+03     -0.1851633709466862E+04      0.3428912341225183E+07
  0.37500000E+03     -0.1861188969740766E+04      0.3464393292053582E+07
  0.37600000E+03     -0.1870593492988576E+04      0.3499492947464263E+07
  0.37700000E+03     -0.1880225183837728E+04      0.3535622712036343E+07
  0.37800000E+03     -0.1889727236281225E+04      0.3571447952898049E+07
  0.37900000E+03     -0.1899356369673584E+04      0.3607936463312600E+07
  0.38000000E+03     -0.1908950035457710E+04      0.3644473522641179E+07
  0.38100000E+03     -0.1918526564853930E+04      0.3681132499386365E+07
  0.38200000E+03     -0.1928140697995552E+04      0.3718119636422383E+07
  0.38300000E+03     -0.1937730057520618E+04      0.3755193287554590E+07
  0.38400000E+03     -0.1947384706691620E+04      0.3792705996002182E+07
  0.38500000E+03     -0.1956985121843728E+04      0.3830192690524247E+07
  0.38600000E+03     -0.1966578280591019E+04      0.3867834744224641E+07
  0.38700000E+03     -0.1976212520855286E+04      0.3905823402451805E+07
  0.38800000E+03     -0.1985853810285060E+04      0.3944026309070222E+07
  0.38900000E+03     -0.1995666341260635E+04      0.3983099247702464E+07
  0.39000000E+03     -0.2005251372077201E+04      0.4021450132497028E+07
  0.39100000E+03     -0.2014914237612825E+04      0.4060302286510278E+07
  0.39200000E+03     -0.2024688078732064E+04      0.4099787066227396E+07
  0.39300000E+03     -0.2034368583240438E+04      0.4139083246994415E+07
  0.39400000E+03     -0.2044077892231648E+04      0.4178686861264991E+07
  0.39500000E+03     -0.2053797662108350E+04      0.4218521668820502E+07
  0.39600000E+03     -0.2063454258168346E+04      0.4258282722352021E+07
  0.39700000E+03     -0.2073175169883024E+04      0.4298496574187160E+07
  0.39800000E+03     -0.2082886051603125E+04      0.4338860584517180E+07
  0.39900000E+03     -0.2092588182229942E+04      0.4379374116842450E+07
  0.40000000E+03     -0.2102489781863586E+04      0.4420916823756731E+07
  0.40100000E+03     -0.2112277150703947E+04      0.4462170709081722E+07
  0.40200000E+03     -0.2121879268124606E+04      0.4502832354945602E+07
  0.40300000E+03     -0.2131578529015971E+04      0.4544092431246696E+07
  0.40400000E+03     -0.2141382791586507E+04      0.4585989086783382E+07
  0.40500000E+03     -0.2151058481170222E+04      0.4627526752678736E+07
  0.40600000E+03     -0.2160758241502097E+04      0.4669352472836326E+07
  0.40700000E+03     -0.2170575038243630E+04      0.4711874255144532E+07
  0.40800000E+03     -0.2180426698933913E+04      0.4754744066252920E+07
  0.40900000E+03     -0.2190138364601216E+04      0.4797191633500556E+07
  0.41000000E+03     -0.2200004524086633E+04      0.4840513095617378E+07
  0.41100000E+03     -0.2209715810251495E+04      0.4883340142117554E+07
  0.41200000E+03     -0.2219552104836427E+04      0.4926911022635100E+07
  0.41300000E+03     -0.2229221630800771E+04      0.4969931617943927E+07
  0.41400000E+03     -0.2238986401851826E+04      0.5013569359688939E+07
  0.41500000E+03     -0.2248573619150058E+04      0.5056596557990231E+07
  0.41600000E+03     -0.2258454730316610E+04      0.5101137783540152E+07
  0.41700000E+03     -0.2268248328147083E+04      0.5145472171697289E+07
  0.41800000E+03     -0.2277922649017752E+04      0.5189454699355070E+07
  0.41900000E+03     -0.2287771954237158E+04      0.5234430275358870E+07
  0.42000000E+03     -0.2297501288085929E+04      0.5279047463939443E+07
  0.42100000E+03     -0.2307219930634423E+04      0.5323801166451001E+07
  0.42200000E+03     -0.2317122259835806E+04      0.5369595902621143E+07
  0.42300000E+03     -0.2326657549597105E+04      0.5413881229409638E+07
  0.42400000E+03     -0.2336392227803872E+04      0.5459282314566108E+07
  0.42500000E+03     -0.2346115418416637E+04      0.5504814485235603E+07
  0.42600000E+03     -0.2355798738652222E+04      0.5550348283343602E+07
  0.42700000E+03     -0.2365472934822292E+04      0.5596029052949085E+07
  0.42800000E+03     -0.2375213507202950E+04      0.5642211787980841E+07
  0.42900000E+03     -0.2384934506348639E+04      0.5688487327782256E+07
  0.43000000E+03     -0.2394571862718411E+04      0.5734552549586933E+07
  0.43100000E+03     -0.2404223322428180E+04      0.5780874649745255E+07
  0.43200000E+03     -0.2413930023343122E+04      0.5827647454773704E+07
  0.43300000E+03     -0.2423515299561863E+04      0.5874019635839012E+07
  0.43400000E+03     -0.2433332883132464E+04      0.5921702559887690E+07
  0.43500000E+03     -0.2442898311435978E+04      0.5968353278736004E+07
  0.43600000E+03     -0.2452560318136434E+04      0.6015658947919694E+07
  0.43700000E+03     -0.2462213733520663E+04      0.6063106854732537E+07
  0.43800000E+03     -0.2471816422080553E+04      0.6110489539453693E+07
  0.43900000E+03     -0.2481264283120787E+04      0.6157287969450626E+07
  0.44000000E+03     -0.2490729481319330E+04      0.6204364174826293E+07
  0.44100000E+03     -0.2500260864405954E+04      0.6251938650866318E+07
  0.44200000E+03     -0.2509649240844249E+04      0.6298977791993827E+07
  0.44300000E+03     -0.2519377583076297E+04      0.6347905962462605E+07
  0.44400000E+03     -0.2529032939197576E+04      0.6396656250685500E+07
  0.44500000E+03     -0.2538222576339926E+04      0.6443232343222057E+07
  0.44600000E+03     -0.2547860057945795E+04      0.6492252440030933E+07
  0.44700000E+03     -0.2557071907685231E+04      0.6539280829442309E+07
  0.44800000E+03     -0.2566722413241005E+04      0.6588730406189710E+07
  0.44900000E+03     -0.2576029255116660E+04      0.6636595233538191E+07
  0.45000000E+03     -0.2585382266891904E+04      0.6684877022913065E+07
  0.45100000E+03     -0.2594733018961379E+04      0.6733316223472534E+07
  0.45200000E+03     -0.2604214713978441E+04      0.6782614530264767E+07
  0.45300000E+03     -0.2613458480681339E+04      0.6830856647201811E+07
  0.45400000E+03     -0.2622834670735830E+04      0.6879959306850125E+07
  0.45500000E+03     -0.2632191712367329E+04      0.6929135043710627E+07
  0.45600000E+03     -0.2641451408957962E+04      0.6977974081858066E+07
  0.45700000E+03     -0.2650655956861111E+04      0.7026694547987362E+07
  0.45800000E+03     -0.2659893279165189E+04      0.7075751003061621E+07
  0.45900000E+03     -0.2669067545832949E+04      0.7124646856712918E+07
  0.46000000E+03     -0.2678176518580182E+04      0.7173360248510924E+07
  0.46100000E+03     -0.2687321728936094E+04      0.7222428829313932E+07
  0.46200000E+03     -0.2696565602302558E+04      0.7272202413954583E+07
  0.46300000E+03     -0.2705447346758847E+04      0.7320189427430410E+07
  0.46400000E+03     -0.2714703654896424E+04      0.7370371625441787E+07
  0.46500000E+03     -0.2723714790545208E+04      0.7419374686828894E+07
  0.46600000E+03     -0.2732701841074232E+04      0.7468419399976732E+07
  0.46700000E+03     -0.2741720070027448E+04      0.7517792764053675E+07
  0.46800000E+03     -0.2750373842033762E+04      0.7565327488273227E+07
  0.46900000E+03     -0.2759448809374855E+04      0.7615332156203985E+07
  0.47000000E+03     -0.2768636169278040E+04      0.7666130733080951E+07
  0.47100000E+03     -0.2777047937035339E+04      0.7712779737683200E+07
  0.47200000E+03     -0.2785734871225211E+04      0.7761112962021268E+07
  0.47300000E+03     -0.2794838552971859E+04      0.7811920570931287E+07
  0.47400000E+03     -0.2803448106733273E+04      0.7860126600486071E+07
  0.47500000E+03     -0.2812177679157787E+04      0.7909154993243740E+07
  0.47600000E+03     -0.2820865064533121E+04      0.7958093972330206E+07
  0.47700000E+03     -0.2829552938373159E+04      0.8007191913953116E+07
  0.47800000E+03     -0.2837894045602477E+04      0.8054479915741037E+07
  0.47900000E+03     -0.2846671632597121E+04      0.8104374321044295E+07
  0.48000000E+03     -0.2855113357637664E+04      0.8152509657987133E+07
  0.48100000E+03     -0.2863672718302775E+04      0.8201469108639904E+07
  0.48200000E+03     -0.2872183202552409E+04      0.8250291263804040E+07
  0.48300000E+03     -0.2880629322524235E+04      0.8298882349198352E+07
  0.48400000E+03     -0.2888708645186703E+04      0.8345497127427178E+07
  0.48500000E+03     -0.2897534706457443E+04      0.8396574838171313E+07
  0.48600000E+03     -0.2905720098853870E+04      0.8444083599446896E+07
  0.48700000E+03     -0.2913863863267888E+04      0.8491483210633462E+07
  0.48800000E+03     -0.2921820897249011E+04      0.8537926366234183E+07
  0.48900000E+03     -0.2930054831364997E+04      0.8586115280220183E+07
  0.49000000E+03     -0.2938419337867571E+04      0.8635201263209585E+07
  0.49100000E+03     -0.2945973217648683E+04      0.8679651011737298E+07
  0.49200000E+03     -0.2953659969338320E+04      0.8725009798714865E+07
  0.49300000E+03     -0.2961763424021097E+04      0.8772955139995569E+07
  0.49400000E+03     -0.2969789955510880E+04      0.8820579989370771E+07
  0.49500000E+03     -0.2977535061003722E+04      0.8866637059057321E+07
  0.49600000E+03     -0.2985871570114944E+04      0.8916355673609300E+07
  0.49700000E+03     -0.2993263444475075E+04      0.8960564158188930E+07
  0.49800000E+03     -0.3001274144150846E+04      0.9008591087303387E+07
  0.49900000E+03     -0.3008983737080571E+04      0.9054938315332301E+07
  0.50000000E+03     -0.3016328327153150E+04      0.9099200911591331E+07
  0.50100000E+03     -0.3023712148409985E+04      0.9143796921248320E+07
  0.50200000E+03     -0.3031577585495498E+04      0.9191434850022763E+07
  0.50300000E+03     -0.3038307428110780E+04      0.9232292183430161E+07
  0.50400000E+03     -0.3045691340380265E+04      0.9277217990672367E+07
  0.50500000E+03     -0.3053673532552860E+04      0.9325919951562291E+07
  0.50600000E+03     -0.3060311261008628E+04      0.9366504445959540E+07
  0.50700000E+03     -0.3067619550929559E+04      0.9411292320544688E+07
  0.50800000E+03     -0.3075157507488243E+04      0.9457608519368133E+07
  0.50900000E+03     -0.3082198693205816E+04      0.9500967314841211E+07
  0.51000000E+03     -0.3089447564727539E+04      0.9545717626229247E+07
