  0.00000000E+00     -0.4945146832053154E-09      0.3302389895194050E-18
  0.10000000E+01     -0.6057404962184599E-03      0.3669215487651995E-06
  0.20000000E+01     -0.3784760068546102E-01      0.2248582977620379E-01
  0.30000000E+01     -0.1118459387047321E+00      0.7643378107013835E-01
  0.40000000E+01     -0.2226825569261059E+00      0.1790466546023150E+00
  0.50000000E+01     -0.3704989330564000E+00      0.3557189348390115E+00
  0.60000000E+01     -0.5551787467466512E+00      0.6398692328839486E+00
  0.70000000E+01     -0.7771423181348123E+00      0.1074641099941225E+01
  0.80000000E+01     -0.1036803502031657E+01      0.1711303846826967E+01
  0.90000000E+01     -0.1333117260043249E+01      0.2605792276053618E+01
  0.10000000E+02     -0.1667687126123891E+01      0.3831419662173787E+01
  0.11000000E+02     -0.2039840209419170E+01      0.5462439730662033E+01
  0.12000000E+02     -0.2449421965450978E+01      0.7583592340257384E+01
  0.13000000E+02     -0.2896802042478015E+01      0.1029048013341511E+02
  0.14000000E+02     -0.3382587856849188E+01      0.1369000116487598E+02
  0.15000000E+02     -0.3906485024514303E+01      0.1789183430430960E+02
  0.16000000E+02     -0.4468716183159376E+01      0.2302205376681803E+02
  0.17000000E+02     -0.5069423273333178E+01      0.2921156027005902E+02
  0.18000000E+02     -0.5709036148568138E+01      0.3660597353866228E+02
  0.19000000E+02     -0.6387613960735141E+01      0.4535711808773934E+02
  0.20000000E+02     -0.7104865787570591E+01      0.5562106634537248E+02
  0.21000000E+02     -0.7861691017244811E+01      0.6757918969271262E+02
  0.22000000E+02     -0.8657502107345678E+01      0.8140733592174658E+02
  0.23000000E+02     -0.9492811816386665E+01      0.9730242952915771E+02
  0.24000000E+02     -0.1036833656135794E+02      0.1154765545494090E+03
  0.25000000E+02     -0.1128434327808456E+02      0.1361531133885210E+03
  0.26000000E+02     -0.1224008491695231E+02      0.1595407275619061E+03
  0.27000000E+02     -0.1323595203187545E+02      0.1858740400090014E+03
  0.28000000E+02     -0.1427267702610260E+02      0.2154211410733065E+03
  0.29000000E+02     -0.1534936898955431E+02      0.2484122629724239E+03
  0.30000000E+02     -0.1646777009621429E+02      0.2851600940516722E+03
  0.31000000E+02     -0.1762673497026357E+02      0.3259080905563368E+03
  0.32000000E+02     -0.1882782245456350E+02      0.3710124454387342E+03
  0.33000000E+02     -0.2006960657217527E+02      0.4207145434644739E+03
  0.34000000E+02     -0.2135408540032076E+02      0.4754008577534285E+03
  0.35000000E+02     -0.2268220551139899E+02      0.5354682550183114E+03
  0.36000000E+02     -0.2405130490617086E+02      0.6011143464090367E+03
  0.37000000E+02     -0.2546317271696354E+02      0.6727739656143257E+03
  0.38000000E+02     -0.2691918766611126E+02      0.7509249619256908E+03
  0.39000000E+02     -0.2841742014123938E+02      0.8357999914218997E+03
  0.40000000E+02     -0.2995792623961996E+02      0.9278061692513517E+03
  0.41000000E+02     -0.3154430832497959E+02      0.1027560141315483E+04
  0.42000000E+02     -0.3317262004882399E+02      0.1135241918626188E+04
  0.43000000E+02     -0.3484526747322759E+02      0.1251447205033935E+04
  0.44000000E+02     -0.3656120744750347E+02      0.1376532744427092E+04
  0.45000000E+02     -0.3832335928336514E+02      0.1511183307453811E+04
  0.46000000E+02     -0.4013122086624846E+02      0.1655852407826250E+04
  0.47000000E+02     -0.4198453973295815E+02      0.1811014829846911E+04
  0.48000000E+02     -0.4387970685937253E+02      0.1976832404919882E+04
  0.49000000E+02     -0.4582360537561746E+02      0.2154483437347201E+04
  0.50000000E+02     -0.4781076915719869E+02      0.2343952323983265E+04
  0.51000000E+02     -0.4984468581767995E+02      0.2546117367715203E+04
  0.52000000E+02     -0.5192138315275452E+02      0.2761136321143509E+04
  0.53000000E+02     -0.5404794598627362E+02      0.2990329087919234E+04
  0.54000000E+02     -0.5621730491540765E+02      0.3233528008222269E+04
  0.55000000E+02     -0.5843408006151646E+02      0.3491855362138217E+04
  0.56000000E+02     -0.6069532750977593E+02      0.3765562836705703E+04
  0.57000000E+02     -0.6300350113476801E+02      0.4055519339134808E+04
  0.58000000E+02     -0.6535758754221030E+02      0.4362274365860325E+04
  0.59000000E+02     -0.6775463462514530E+02      0.4686144148726786E+04
  0.60000000E+02     -0.7019381915872953E+02      0.5027516601470062E+04
  0.61000000E+02     -0.7267888576932376E+02      0.5387482673099146E+04
  0.62000000E+02     -0.7521018739393111E+02      0.5766989159254192E+04
  0.63000000E+02     -0.7778563244459210E+02      0.6166276943222272E+04
  0.64000000E+02     -0.8040472547667987E+02      0.6585972813426195E+04
  0.65000000E+02     -0.8306469566823978E+02      0.7026297757199574E+04
  0.66000000E+02     -0.8577220674252204E+02      0.7489049416105751E+04
  0.67000000E+02     -0.8851822046968323E+02      0.7973397588186639E+04
  0.68000000E+02     -0.9130625498551480E+02      0.8480567205698546E+04
  0.69000000E+02     -0.9413607802453370E+02      0.9011163613401415E+04
  0.70000000E+02     -0.9701010336392092E+02      0.9566482219712174E+04
  0.71000000E+02     -0.9992625249811553E+02      0.1014671420766510E+05
  0.72000000E+02     -0.1028768211311499E+03      0.1075126110944558E+05
  0.73000000E+02     -0.1058668662384870E+03      0.1138144721540741E+05
  0.74000000E+02     -0.1088959577590955E+03      0.1203803788695991E+05
  0.75000000E+02     -0.1119613971007043E+03      0.1272124788734597E+05
  0.76000000E+02     -0.1150643092775040E+03      0.1343188631561977E+05
  0.77000000E+02     -0.1182040389237301E+03      0.1417046445954560E+05
  0.78000000E+02     -0.1213808202626511E+03      0.1493780923752091E+05
  0.79000000E+02     -0.1245938988277920E+03      0.1573436396016282E+05
  0.80000000E+02     -0.1278393882192805E+03      0.1655975912114868E+05
  0.81000000E+02     -0.1311199378639494E+03      0.1741549308471557E+05
  0.82000000E+02     -0.1344311486143249E+03      0.1830099846866883E+05
  0.83000000E+02     -0.1377833829164402E+03      0.1921957866411603E+05
  0.84000000E+02     -0.1411561190139061E+03      0.2016645527745039E+05
  0.85000000E+02     -0.1445587543627304E+03      0.2114457844540523E+05
  0.86000000E+02     -0.1479969861193451E+03      0.2215645981046869E+05
  0.87000000E+02     -0.1514619518465028E+03      0.2320011229240417E+05
  0.88000000E+02     -0.1549505631564567E+03      0.2427475764446463E+05
  0.89000000E+02     -0.1584691060446462E+03      0.2538331356623390E+05
  0.90000000E+02     -0.1620194754166244E+03      0.2652671085757662E+05
  0.91000000E+02     -0.1655956614761004E+03      0.2770399724676114E+05
  0.92000000E+02     -0.1691962761893173E+03      0.2891506381668770E+05
  0.93000000E+02     -0.1728274041163628E+03      0.3016239297139006E+05
  0.94000000E+02     -0.1764752719828915E+03      0.3144196200094234E+05
  0.95000000E+02     -0.1801479806815206E+03      0.3275721993200562E+05
  0.96000000E+02     -0.1838482766591201E+03      0.3410933127399177E+05
  0.97000000E+02     -0.1875626868599990E+03      0.3549398576543417E+05
  0.98000000E+02     -0.1913040373205418E+03      0.3691654358960770E+05
  0.99000000E+02     -0.1950663411464395E+03      0.3837504904223219E+05
  0.10000000E+03     -0.1988533016944922E+03      0.3987169268851401E+05
  0.10100000E+03     -0.2026700879188342E+03      0.4140911359453486E+05
  0.10200000E+03     -0.2064952713628305E+03      0.4297907341493676E+05
  0.10300000E+03     -0.2103450849907090E+03      0.4458845863071585E+05
  0.10400000E+03     -0.2142188997328038E+03      0.4623768288728545E+05
  0.10500000E+03     -0.2181062670218805E+03      0.4792275196648425E+05
  0.10600000E+03     -0.2220034844681144E+03      0.4964242347591223E+05
  0.10700000E+03     -0.2259290611878699E+03      0.5140493473496306E+05
  0.10800000E+03     -0.2298681022730235E+03      0.5320442397834381E+05
  0.10900000E+03     -0.2338340630603962E+03      0.5504770112551063E+05
  0.11000000E+03     -0.2378169872500950E+03      0.5693050202350481E+05
  0.11100000E+03     -0.2418152949601704E+03      0.5885211575207666E+05
  0.11200000E+03     -0.2458326848838447E+03      0.6081494778172641E+05
  0.11300000E+03     -0.2498554739748579E+03      0.6281304135100808E+05
  0.11400000E+03     -0.2538986967856216E+03      0.6485370059481296E+05
  0.11500000E+03     -0.2579581702063435E+03      0.6693540214497811E+05
  0.11600000E+03     -0.2620448469543393E+03      0.6906412810258027E+05
  0.11700000E+03     -0.2661439304093417E+03      0.7123291695629216E+05
  0.11800000E+03     -0.2702652097010443E+03      0.7344725917100042E+05
  0.11900000E+03     -0.2743830348221382E+03      0.7569319759981694E+05
  0.12000000E+03     -0.2785263530898007E+03      0.7798750632146424E+05
  0.12100000E+03     -0.2826897341141772E+03      0.8032754223329417E+05
  0.12200000E+03     -0.2868632156299619E+03      0.8270771226528558E+05
  0.12300000E+03     -0.2910564936252583E+03      0.8513450051897143E+05
  0.12400000E+03     -0.2952597419816483E+03      0.8760230648077322E+05
  0.12500000E+03     -0.2994837000188851E+03      0.9011791502162287E+05
  0.12600000E+03     -0.3037253303240479E+03      0.9268004947146877E+05
  0.12700000E+03     -0.3079852155642013E+03      0.9528931019092971E+05
  0.12800000E+03     -0.3122602287769027E+03      0.9794410362647839E+05
  0.12900000E+03     -0.3165419646123514E+03      0.1006397687270354E+06
  0.13000000E+03     -0.3208365659130078E+03      0.1033802762312206E+06
  0.13100000E+03     -0.3251529664469547E+03      0.1061719297828538E+06
  0.13200000E+03     -0.3294836326065326E+03      0.1090100925360155E+06
  0.13300000E+03     -0.3338278425632653E+03      0.1118947728450516E+06
  0.13400000E+03     -0.3381851300021890E+03      0.1148262376539173E+06
  0.13500000E+03     -0.3425527632610882E+03      0.1178026896272039E+06
  0.13600000E+03     -0.3469444544202344E+03      0.1208341312289425E+06
  0.13700000E+03     -0.3513363022180393E+03      0.1239040339171694E+06
  0.13800000E+03     -0.3557529886958744E+03      0.1270302945425873E+06
  0.13900000E+03     -0.3601870295571798E+03      0.1302082122169639E+06
  0.14000000E+03     -0.3646254050223453E+03      0.1334287437527235E+06
  0.14100000E+03     -0.3690862453732386E+03      0.1367049965399812E+06
  0.14200000E+03     -0.3735657905873565E+03      0.1400348761280893E+06
  0.14300000E+03     -0.3780529899166537E+03      0.1434109037856365E+06
  0.14400000E+03     -0.3825588800538951E+03      0.1468416200082726E+06
  0.14500000E+03     -0.3870753800622217E+03      0.1503211891003709E+06
  0.14600000E+03     -0.3915968126608796E+03      0.1538451856517762E+06
  0.14700000E+03     -0.3961407254412900E+03      0.1574277014317084E+06
  0.14800000E+03     -0.4006925581295431E+03      0.1610581947048132E+06
  0.14900000E+03     -0.4052593322910801E+03      0.1647422536835845E+06
  0.15000000E+03     -0.4098320301506785E+03      0.1684728555591833E+06
  0.15100000E+03     -0.4144284891842997E+03      0.1722648990323582E+06
  0.15200000E+03     -0.4191513369486423E+03      0.1762056770318414E+06
  0.15300000E+03     -0.4237700453530074E+03      0.1801023025057681E+06
  0.15400000E+03     -0.4283967352359525E+03      0.1840485447464067E+06
  0.15500000E+03     -0.4330999679620024E+03      0.1881040748534910E+06
  0.15600000E+03     -0.4377514396176180E+03      0.1921583389237745E+06
  0.15700000E+03     -0.4424107522768974E+03      0.1962627021447543E+06
  0.15800000E+03     -0.4470800189837275E+03      0.2004193820160420E+06
  0.15900000E+03     -0.4517570766103852E+03      0.2046266300656844E+06
  0.16000000E+03     -0.4564402459470941E+03      0.2088830954253800E+06
  0.16100000E+03     -0.4611410565236199E+03      0.2131998766206548E+06
  0.16200000E+03     -0.4658386365820905E+03      0.2175576552497031E+06
  0.16300000E+03     -0.4705574507090185E+03      0.2219794102366432E+06
  0.16400000E+03     -0.4752798892929610E+03      0.2264489921148094E+06
  0.16500000E+03     -0.4800116452110356E+03      0.2309723605466418E+06
  0.16600000E+03     -0.4847578982362347E+03      0.2355544265650387E+06
  0.16700000E+03     -0.4895056711857181E+03      0.2401829990942503E+06
  0.16800000E+03     -0.4942541425194426E+03      0.2448573681919994E+06
  0.16900000E+03     -0.4990194688638848E+03      0.2495932112258537E+06
  0.17000000E+03     -0.5037901903969376E+03      0.2543801603819762E+06
  0.17100000E+03     -0.5085703916752669E+03      0.2592222079143446E+06
  0.17200000E+03     -0.5133564253650395E+03      0.2641155909628207E+06
  0.17300000E+03     -0.5181454344779589E+03      0.2690575232072771E+06
  0.17400000E+03     -0.5229475998905737E+03      0.2740593401940694E+06
  0.17500000E+03     -0.5277556962208881E+03      0.2791133938642406E+06
  0.17600000E+03     -0.5325639958113067E+03      0.2842136999142542E+06
  0.17700000E+03     -0.5373856398804205E+03      0.2893747814148961E+06
  0.17800000E+03     -0.5422216890756868E+03      0.2945976761124305E+06
  0.17900000E+03     -0.5470578049991545E+03      0.2998672937644151E+06
  0.18000000E+03     -0.5518995244069936E+03      0.3051897276348413E+06
  0.18100000E+03     -0.5567472292404049E+03      0.3105656985379704E+06
  0.18200000E+03     -0.5616049005560171E+03      0.3159996871499041E+06
  0.18300000E+03     -0.5664698466078514E+03      0.3214887856974716E+06
  0.18400000E+03     -0.5713408481122530E+03      0.3270321608220243E+06
  0.18500000E+03     -0.5762176563251941E+03      0.3326294360547547E+06
  0.18600000E+03     -0.5810957146382711E+03      0.3382759690015937E+06
  0.18700000E+03     -0.5859832835038640E+03      0.3439808914860000E+06
  0.18800000E+03     -0.5908909248411620E+03      0.3497574129764329E+06
  0.18900000E+03     -0.5958058922339486E+03      0.3555907724886978E+06
  0.19000000E+03     -0.6007188820095937E+03      0.3614698007611813E+06
  0.19100000E+03     -0.6056392644104469E+03      0.3674057616025229E+06
  0.19200000E+03     -0.6105597546296038E+03      0.3733898588738988E+06
  0.19300000E+03     -0.6155039179106695E+03      0.3794519103977456E+06
  0.19400000E+03     -0.6204519589723723E+03      0.3855675798571547E+06
  0.19500000E+03     -0.6253938398551064E+03      0.3917243601339549E+06
  0.19600000E+03     -0.6303621561767233E+03      0.3979635275455832E+06
  0.19700000E+03     -0.6353471652752330E+03      0.4042733244738113E+06
  0.19800000E+03     -0.6403375717281293E+03      0.4106393730469409E+06
  0.19900000E+03     -0.6453353491046428E+03      0.4170647925712956E+06
  0.20000000E+03     -0.6503481087822273E+03      0.4235592935801960E+06
  0.20100000E+03     -0.6553773521990774E+03      0.4301259637418829E+06
  0.20200000E+03     -0.6604100556208823E+03      0.4367477218673966E+06
  0.20300000E+03     -0.6654505588845352E+03      0.4434305910674428E+06
  0.20400000E+03     -0.6705087200260036E+03      0.4501876450020949E+06
  0.20500000E+03     -0.6755796248213682E+03      0.4570129164147190E+06
  0.20600000E+03     -0.6806524929719739E+03      0.4638922575754160E+06
  0.20700000E+03     -0.6857444591135394E+03      0.4708491920041065E+06
  0.20800000E+03     -0.6908489454083335E+03      0.4778755155873785E+06
  0.20900000E+03     -0.6959747060609004E+03      0.4849838998688955E+06
  0.21000000E+03     -0.7011031577518874E+03      0.4921480647821852E+06
  0.21100000E+03     -0.7062425553924004E+03      0.4993806357051941E+06
  0.21200000E+03     -0.7114047373142937E+03      0.5066981395585833E+06
  0.21300000E+03     -0.7165764755780231E+03      0.5140829583782197E+06
  0.21400000E+03     -0.7217534440701521E+03      0.5215284558623498E+06
  0.21500000E+03     -0.7269517258917506E+03      0.5290588089879344E+06
  0.21600000E+03     -0.7321584957615355E+03      0.5366555621296122E+06
  0.21700000E+03     -0.7373854934523570E+03      0.5443362794610525E+06
  0.21800000E+03     -0.7426145204406585E+03      0.5520747604388123E+06
  0.21900000E+03     -0.7478612619527189E+03      0.5598939351223354E+06
  0.22000000E+03     -0.7531350687632271E+03      0.5678089408286047E+06
  0.22100000E+03     -0.7584071130950417E+03      0.5757767238621174E+06
  0.22200000E+03     -0.7636997281994984E+03      0.5838318844914079E+06
  0.22300000E+03     -0.7691025693408080E+03      0.5921133287498236E+06
  0.22400000E+03     -0.7744264695420602E+03      0.6003291242432350E+06
  0.22500000E+03     -0.7797485135379961E+03      0.6086000713299279E+06
  0.22600000E+03     -0.7851209250359265E+03      0.6170064065019354E+06
  0.22700000E+03     -0.7904510913065440E+03      0.6254033988722248E+06
  0.22800000E+03     -0.7958320243587220E+03      0.6339380398413324E+06
  0.22900000E+03     -0.8012225860158508E+03      0.6425459828508538E+06
  0.23000000E+03     -0.8066213423158398E+03      0.6512252492654372E+06
  0.23100000E+03     -0.8120416113416837E+03      0.6599972638954793E+06
  0.23200000E+03     -0.8174764247209821E+03      0.6688524689441670E+06
  0.23300000E+03     -0.8229342341245132E+03      0.6778033369503380E+06
  0.23400000E+03     -0.8283726633334236E+03      0.6867813662007826E+06
  0.23500000E+03     -0.8338444051674070E+03      0.6958750917490477E+06
  0.23600000E+03     -0.8393499007915890E+03      0.7050849095009525E+06
  0.23700000E+03     -0.8448501430739875E+03      0.7143461250313196E+06
  0.23800000E+03     -0.8503828366174171E+03      0.7237230909796536E+06
  0.23900000E+03     -0.8559330658834779E+03      0.7331909919964775E+06
  0.24000000E+03     -0.8614865402025470E+03      0.7427261439616205E+06
  0.24100000E+03     -0.8670610208020952E+03      0.7523595660170970E+06
  0.24200000E+03     -0.8726801781864126E+03      0.7621330052086554E+06
  0.24300000E+03     -0.8782820235728802E+03      0.7719389072691210E+06
  0.24400000E+03     -0.8839271429309943E+03      0.7818841531287031E+06
  0.24500000E+03     -0.8896070020040537E+03      0.7919549321038596E+06
  0.24600000E+03     -0.8952796634384235E+03      0.8020765942124010E+06
  0.24700000E+03     -0.9009886442622243E+03      0.8123277474758573E+06
  0.24800000E+03     -0.9066943537976993E+03      0.8226380021320507E+06
  0.24900000E+03     -0.9124260198970734E+03      0.8330609179591966E+06
  0.25000000E+03     -0.9181792573525148E+03      0.8435887632682795E+06
  0.25100000E+03     -0.9239179915290914E+03      0.8541550597944140E+06
  0.25200000E+03     -0.9297204801722741E+03      0.8649063814096373E+06
  0.25300000E+03     -0.9355261611099695E+03      0.8757312124568082E+06
  0.25400000E+03     -0.9413953002911235E+03      0.8867423705175314E+06
  0.25500000E+03     -0.9472764624554272E+03      0.8978449256804438E+06
  0.25600000E+03     -0.9531835377589517E+03      0.9090654690588517E+06
  0.25700000E+03     -0.9591045533970477E+03      0.9203826154173021E+06
  0.25800000E+03     -0.9650509953908843E+03      0.9318187484217045E+06
  0.25900000E+03     -0.9710295670203502E+03      0.9433875379018269E+06
  0.26000000E+03     -0.9770520024088978E+03      0.9551144260734163E+06
  0.26100000E+03     -0.9830906023506118E+03      0.9669443107500036E+06
  0.26200000E+03     -0.9891584258591581E+03      0.9789052079680422E+06
  0.26300000E+03     -0.9952747422453150E+03      0.9910362277359498E+06
  0.26400000E+03     -0.1001423993842749E+04      0.1003308085127593E+07
  0.26500000E+03     -0.1007602029634188E+04      0.1015713698985991E+07
  0.26600000E+03     -0.1013814108538550E+04      0.1028264147105832E+07
  0.26700000E+03     -0.1020056187316452E+04      0.1040952812998226E+07
  0.26800000E+03     -0.1026336271235766E+04      0.1053797065030298E+07
  0.26900000E+03     -0.1032656339696394E+04      0.1066802893989981E+07
  0.27000000E+03     -0.1039011088642318E+04      0.1079960971877198E+07
  0.27100000E+03     -0.1045411494996365E+04      0.1093295612213074E+07
  0.27200000E+03     -0.1051860139113798E+04      0.1106813495491329E+07
  0.27300000E+03     -0.1058336310144870E+04      0.1120472313459702E+07
  0.27400000E+03     -0.1064852573189153E+04      0.1134300683066982E+07
  0.27500000E+03     -0.1071397400776073E+04      0.1148274614220846E+07
  0.27600000E+03     -0.1078005290286640E+04      0.1162470149762279E+07
  0.27700000E+03     -0.1084634226501360E+04      0.1176798824698065E+07
  0.27800000E+03     -0.1091244427980470E+04      0.1191174035322462E+07
  0.27900000E+03     -0.1097965115704675E+04      0.1205879718884173E+07
  0.28000000E+03     -0.1104739163642838E+04      0.1220793727505832E+07
  0.28100000E+03     -0.1111514389799806E+04      0.1235802269361033E+07
  0.28200000E+03     -0.1118363876933513E+04      0.1251068902381782E+07
  0.28300000E+03     -0.1125252374996915E+04      0.1266517486808606E+07
  0.28400000E+03     -0.1132221120875737E+04      0.1282242954977636E+07
  0.28500000E+03     -0.1139231153853439E+04      0.1298159784229212E+07
  0.28600000E+03     -0.1146270342465082E+04      0.1314241481265732E+07
  0.28700000E+03     -0.1153356198124851E+04      0.1330530248494199E+07
  0.28800000E+03     -0.1160508027156062E+04      0.1347073320051437E+07
  0.28900000E+03     -0.1167689618579869E+04      0.1363787938407761E+07
  0.29000000E+03     -0.1174919802800975E+04      0.1380719643344136E+07
  0.29100000E+03     -0.1182195047066980E+04      0.1397863235773740E+07
  0.29200000E+03     -0.1189526618162728E+04      0.1415246973867125E+07
  0.29300000E+03     -0.1196911543384510E+04      0.1432865819854192E+07
  0.29400000E+03     -0.1204348990868449E+04      0.1450720507746036E+07
  0.29500000E+03     -0.1211817319058541E+04      0.1468761507665969E+07
  0.29600000E+03     -0.1219316174718723E+04      0.1486987498450786E+07
  0.29700000E+03     -0.1226899697342587E+04      0.1505534301855824E+07
  0.29800000E+03     -0.1234494481315857E+04      0.1524224431354999E+07
  0.29900000E+03     -0.1242150100511316E+04      0.1543180394218390E+07
  0.30000000E+03     -0.1249835544938539E+04      0.1562328956165956E+07
  0.30100000E+03     -0.1257536690967621E+04      0.1581634835913223E+07
  0.30200000E+03     -0.1265320676095929E+04      0.1601269346641306E+07
  0.30300000E+03     -0.1273136259761639E+04      0.1621105517224284E+07
  0.30400000E+03     -0.1281010389674013E+04      0.1641214699309158E+07
  0.30500000E+03     -0.1288903217213774E+04      0.1661495753377417E+07
  0.30600000E+03     -0.1296855159816238E+04      0.1682055162682708E+07
  0.30700000E+03     -0.1304842328236014E+04      0.1702833216750512E+07
  0.30800000E+03     -0.1312865757120063E+04      0.1723833774461507E+07
  0.30900000E+03     -0.1320911476551832E+04      0.1745022865713486E+07
  0.31000000E+03     -0.1329050381371290E+04      0.1766588640824537E+07
  0.31100000E+03     -0.1337194592505823E+04      0.1788300842089001E+07
  0.31200000E+03     -0.1345397790035438E+04      0.1810304762875605E+07
  0.31300000E+03     -0.1353620243610187E+04      0.1832495459628130E+07
  0.31400000E+03     -0.1361894582042538E+04      0.1854963030133878E+07
  0.31500000E+03     -0.1370208741042087E+04      0.1877677100686980E+07
  0.31600000E+03     -0.1378561095469594E+04      0.1900634801368102E+07
  0.31700000E+03     -0.1386953423377502E+04      0.1923842577090001E+07
  0.31800000E+03     -0.1395358088186749E+04      0.1947226034274355E+07
  0.31900000E+03     -0.1403827685007802E+04      0.1970933069648811E+07
  0.32000000E+03     -0.1412351432384148E+04      0.1994936771939657E+07
  0.32100000E+03     -0.1420887882720808E+04      0.2019121871854452E+07
  0.32200000E+03     -0.1429475323696199E+04      0.2043598829703633E+07
  0.32300000E+03     -0.1438065482422364E+04      0.2068231456034725E+07
  0.32400000E+03     -0.1446709974409751E+04      0.2093168167765905E+07
  0.32500000E+03     -0.1455407582130822E+04      0.2118409311632618E+07
  0.32600000E+03     -0.1464122279818306E+04      0.2143852131049608E+07
  0.32700000E+03     -0.1472868310889466E+04      0.2169538904328805E+07
  0.32800000E+03     -0.1481684301431053E+04      0.2195586501728349E+07
  0.32900000E+03     -0.1490498164786463E+04      0.2221782283828207E+07
  0.33000000E+03     -0.1499344630311967E+04      0.2248231858318668E+07
  0.33100000E+03     -0.1508228290634127E+04      0.2274950444607266E+07
  0.33200000E+03     -0.1517170112306650E+04      0.2302003319318119E+07
  0.33300000E+03     -0.1526119185041880E+04      0.2329237868928828E+07
  0.33400000E+03     -0.1535127593442252E+04      0.2356815101732913E+07
  0.33500000E+03     -0.1544156795605038E+04      0.2384618961538598E+07
  0.33600000E+03     -0.1553202341018374E+04      0.2412636324813955E+07
  0.33700000E+03     -0.1562275065040335E+04      0.2440903159700678E+07
  0.33800000E+03     -0.1571392803138885E+04      0.2469476065429819E+07
  0.33900000E+03     -0.1580538191532409E+04      0.2498302051644533E+07
  0.34000000E+03     -0.1589701627396029E+04      0.2527352878991987E+07
  0.34100000E+03     -0.1598896083752742E+04      0.2556671405926526E+07
  0.34200000E+03     -0.1608135012504944E+04      0.2586302220425776E+07
  0.34300000E+03     -0.1617406197861325E+04      0.2616207838509549E+07
  0.34400000E+03     -0.1626693905974628E+04      0.2646338444473356E+07
  0.34500000E+03     -0.1636020873238997E+04      0.2676770600431980E+07
  0.34600000E+03     -0.1645410978162083E+04      0.2707584742595685E+07
  0.34700000E+03     -0.1654786895640261E+04      0.2738528336567692E+07
  0.34800000E+03     -0.1664217762340219E+04      0.2769830724018122E+07
  0.34900000E+03     -0.1673650185689710E+04      0.2801315970846723E+07
  0.35000000E+03     -0.1683121480161672E+04      0.2833109438570858E+07
  0.35100000E+03     -0.1692614666624504E+04      0.2865157148005701E+07
  0.35200000E+03     -0.1702109133186771E+04      0.2897389310263969E+07
  0.35300000E+03     -0.1711624872338885E+04      0.2929874928631478E+07
  0.35400000E+03     -0.1721236317574664E+04      0.2962870474821054E+07
  0.35500000E+03     -0.1730834839188619E+04      0.2996006182517733E+07
  0.35600000E+03     -0.1740459836597501E+04      0.3029419302347478E+07
  0.35700000E+03     -0.1750106484421585E+04      0.3063093168071163E+07
  0.35800000E+03     -0.1759763974087737E+04      0.3096990995299764E+07
  0.35900000E+03     -0.1769472860016136E+04      0.3131257393321434E+07
  0.36000000E+03     -0.1779184027005302E+04      0.3165720500418083E+07
  0.36100000E+03     -0.1788917181183947E+04      0.3200451009824339E+07
  0.36200000E+03     -0.1798718533132487E+04      0.3235616297804743E+07
  0.36300000E+03     -0.1808492643393010E+04      0.3270875576420182E+07
  0.36400000E+03     -0.1818302119732521E+04      0.3306453914470544E+07
  0.36500000E+03     -0.1828108692806756E+04      0.3342213747347453E+07
  0.36600000E+03     -0.1838005070969176E+04      0.3378497282242397E+07
  0.36700000E+03     -0.1847868172585675E+04      0.3414853204687088E+07
  0.36800000E+03     -0.1857817276292564E+04      0.3451723074473548E+07
  0.36900000E+03     -0.1867669185734971E+04      0.3488427323305952E+07
  0.37000000E+03     -0.1877621970997632E+04      0.3525706042275229E+07
  0.37100000E+03     -0.1887589893974951E+04      0.3563239022472239E+07
  0.37200000E+03     -0.1897604424710070E+04      0.3601148153422258E+07
  0.37300000E+03     -0.1907625045028260E+04      0.3639280433839389E+07
  0.37400000E+03     -0.1917595475256967E+04      0.3677421148342990E+07
  0.37500000E+03     -0.1927696235134069E+04      0.3716263405643709E+07
  0.37600000E+03     -0.1937764197056015E+04      0.3755182357734228E+07
  0.37700000E+03     -0.1947868934099963E+04      0.3794448491002549E+07
  0.37800000E+03     -0.1957920668146858E+04      0.3833710016818454E+07
  0.37900000E+03     -0.1968060654187726E+04      0.3873521240938427E+07
  0.38000000E+03     -0.1978146679404083E+04      0.3913325094802316E+07
  0.38100000E+03     -0.1988384041105651E+04      0.3953934069532987E+07
  0.38200000E+03     -0.1998577629465906E+04      0.3994578383281542E+07
  0.38300000E+03     -0.2008696770936101E+04      0.4035129870657165E+07
  0.38400000E+03     -0.2018954014344230E+04      0.4076444325984073E+07
  0.38500000E+03     -0.2029162366577285E+04      0.4117771763731746E+07
  0.38600000E+03     -0.2039386205970952E+04      0.4159369304275909E+07
  0.38700000E+03     -0.2049586529216366E+04      0.4201081202224803E+07
  0.38800000E+03     -0.2059872149917519E+04      0.4243351445129066E+07
  0.38900000E+03     -0.2070156371649699E+04      0.4285828332255803E+07
  0.39000000E+03     -0.2080407866642298E+04      0.4328379740347427E+07
  0.39100000E+03     -0.2090718912449898E+04      0.4371390995098841E+07
  0.39200000E+03     -0.2101110818418519E+04      0.4414954129004666E+07
  0.39300000E+03     -0.2111417907167935E+04      0.4458375480627141E+07
  0.39400000E+03     -0.2121751874658027E+04      0.4502123161919238E+07
  0.39500000E+03     -0.2132116873359470E+04      0.4546217832595225E+07
  0.39600000E+03     -0.2142474791335411E+04      0.4590495149207653E+07
  0.39700000E+03     -0.2152893640260870E+04      0.4635250987443621E+07
  0.39800000E+03     -0.2163274846451723E+04      0.4680059180729280E+07
  0.39900000E+03     -0.2173669928046397E+04      0.4725145296469730E+07
  0.40000000E+03     -0.2184071085110359E+04      0.4770473896468199E+07
  0.40100000E+03     -0.2194490293393216E+04      0.4816096404540545E+07
  0.40200000E+03     -0.2204943390713018E+04      0.4862087786950666E+07
  0.40300000E+03     -0.2215401660573589E+04      0.4908319651963861E+07
  0.40400000E+03     -0.2225848337263150E+04      0.4954717940038269E+07
  0.40500000E+03     -0.2236254526533104E+04      0.5001154588886598E+07
  0.40600000E+03     -0.2246644267406987E+04      0.5047732599184023E+07
  0.40700000E+03     -0.2257181537726130E+04      0.5095194901231222E+07
  0.40800000E+03     -0.2267721273423434E+04      0.5142887098779379E+07
  0.40900000E+03     -0.2278131476830709E+04      0.5190212543784508E+07
  0.41000000E+03     -0.2288663450961519E+04      0.5238313874022188E+07
  0.41100000E+03     -0.2299142481199817E+04      0.5286392900040841E+07
  0.41200000E+03     -0.2309680251123525E+04      0.5334962869493392E+07
  0.41300000E+03     -0.2320068999569689E+04      0.5383062215489468E+07
  0.41400000E+03     -0.2330588182465440E+04      0.5431985539326125E+07
  0.41500000E+03     -0.2341183238561907E+04      0.5481486729807608E+07
  0.41600000E+03     -0.2351711906942629E+04      0.5530900374723454E+07
  0.41700000E+03     -0.2362173010191666E+04      0.5580213842105545E+07
  0.41800000E+03     -0.2372709966419124E+04      0.5630109228632577E+07
  0.41900000E+03     -0.2383348427300729E+04      0.5680708746955576E+07
  0.42000000E+03     -0.2393804851539488E+04      0.5730662400712077E+07
  0.42100000E+03     -0.2404275647608332E+04      0.5780904990149849E+07
  0.42200000E+03     -0.2414839061588331E+04      0.5831814084368478E+07
  0.42300000E+03     -0.2425326091547330E+04      0.5882575567166572E+07
  0.42400000E+03     -0.2435851372491676E+04      0.5933744275245518E+07
  0.42500000E+03     -0.2446389610594069E+04      0.5985199285557835E+07
  0.42600000E+03     -0.2456924501159582E+04      0.6036857239964650E+07
  0.42700000E+03     -0.2467448087743719E+04      0.6088684455850123E+07
  0.42800000E+03     -0.2477944564281683E+04      0.6140595719867404E+07
  0.42900000E+03     -0.2488430648128455E+04      0.6192676345461152E+07
  0.43000000E+03     -0.2498957335260396E+04      0.6245181666516750E+07
  0.43100000E+03     -0.2509507057076341E+04      0.6298020804074879E+07
  0.43200000E+03     -0.2520001343065653E+04      0.6350805692378127E+07
  0.43300000E+03     -0.2530457760547421E+04      0.6403617918796179E+07
  0.43400000E+03     -0.2541066939223289E+04      0.6457426058881797E+07
  0.43500000E+03     -0.2551415782543404E+04      0.6510129811445856E+07
  0.43600000E+03     -0.2561901936926676E+04      0.6563752770877630E+07
  0.43700000E+03     -0.2572380102125073E+04      0.6617555301113990E+07
  0.43800000E+03     -0.2582793751158863E+04      0.6671240737825928E+07
  0.43900000E+03     -0.2593244982708316E+04      0.6725340252181435E+07
  0.44000000E+03     -0.2603762671837274E+04      0.6780007260038015E+07
  0.44100000E+03     -0.2613960467417567E+04      0.6833220703061376E+07
  0.44200000E+03     -0.2624603024244722E+04      0.6888972534991976E+07
  0.44300000E+03     -0.2635047521968985E+04      0.6943910718687002E+07
  0.44400000E+03     -0.2645414313715890E+04      0.6998656773884927E+07
  0.44500000E+03     -0.2655786690374181E+04      0.7053645877842321E+07
  0.44600000E+03     -0.2666064469076362E+04      0.7108344798811927E+07
  0.44700000E+03     -0.2676655277463784E+04      0.7164932888831616E+07
  0.44800000E+03     -0.2686871063568785E+04      0.7219728825122293E+07
  0.44900000E+03     -0.2697115432280078E+04      0.7274886450843022E+07
  0.45000000E+03     -0.2707459454508831E+04      0.7330798462068319E+07
  0.45100000E+03     -0.2717920330453281E+04      0.7387551452904982E+07
  0.45200000E+03     -0.2728152154523911E+04      0.7443282001573891E+07
  0.45300000E+03     -0.2738378091886646E+04      0.7499184249377250E+07
  0.45400000E+03     -0.2748606433684953E+04      0.7555311261779650E+07
  0.45500000E+03     -0.2758812981138041E+04      0.7611525888884186E+07
  0.45600000E+03     -0.2769182546476251E+04      0.7668851304777673E+07
  0.45700000E+03     -0.2779206535926995E+04      0.7724474552203898E+07
  0.45800000E+03     -0.2789262429460163E+04      0.7780473411493360E+07
  0.45900000E+03     -0.2799677531341636E+04      0.7838688650976768E+07
  0.46000000E+03     -0.2809689794403082E+04      0.7894852196368185E+07
  0.46100000E+03     -0.2819816871242803E+04      0.7951866408248410E+07
  0.46200000E+03     -0.2829926385412459E+04      0.8008986649666268E+07
  0.46300000E+03     -0.2840028406123420E+04      0.8066270910876843E+07
  0.46400000E+03     -0.2849960198959493E+04      0.8122782198454381E+07
  0.46500000E+03     -0.2860073562207949E+04      0.8180536858754767E+07
  0.46600000E+03     -0.2870072502559997E+04      0.8237833378400578E+07
  0.46700000E+03     -0.2880101969784313E+04      0.8295509387630601E+07
  0.46800000E+03     -0.2890032003759487E+04      0.8352809821875080E+07
  0.46900000E+03     -0.2899850290339995E+04      0.8409663519866955E+07
  0.47000000E+03     -0.2909732870874034E+04      0.8467079492649391E+07
  0.47100000E+03     -0.2919753345971042E+04      0.8525500803486643E+07
  0.47200000E+03     -0.2929583812835446E+04      0.8583001924304392E+07
  0.47300000E+03     -0.2939202279811654E+04      0.8639456658844057E+07
  0.47400000E+03     -0.2948987217725313E+04      0.8697076233126679E+07
  0.47500000E+03     -0.2958789502841774E+04      0.8754989133951725E+07
  0.47600000E+03     -0.2968417044430010E+04      0.8812054969879854E+07
  0.47700000E+03     -0.2978138994431564E+04      0.8869874171563312E+07
  0.47800000E+03     -0.2988108263169517E+04      0.8929353882635545E+07
  0.47900000E+03     -0.2997479048338098E+04      0.8985449166024277E+07
  0.48000000E+03     -0.3006990601700943E+04      0.9042565626801375E+07
  0.48100000E+03     -0.3016316516468572E+04      0.9098740158562344E+07
  0.48200000E+03     -0.3026076873897884E+04      0.9157719627865037E+07
  0.48300000E+03     -0.3035518235135203E+04      0.9214952549009800E+07
  0.48400000E+03     -0.3044839731371630E+04      0.9271637903653022E+07
  0.48500000E+03     -0.3054505389961126E+04      0.9330596242165487E+07
  0.48600000E+03     -0.3063647490637050E+04      0.9386529038098192E+07
  0.48700000E+03     -0.3072898812007637E+04      0.9443309029159339E+07
  0.48800000E+03     -0.3082266490306840E+04      0.9500969668925714E+07
  0.48900000E+03     -0.3091506636089289E+04      0.9558020229547586E+07
  0.49000000E+03     -0.3100660049007851E+04      0.9614708692924475E+07
  0.49100000E+03     -0.3109790345364345E+04      0.9671412147505488E+07
  0.49200000E+03     -0.3118862709562521E+04      0.9727926497050803E+07
  0.49300000E+03     -0.3127864112260889E+04      0.9784162835847497E+07
  0.49400000E+03     -0.3136997294616528E+04      0.9841388965470633E+07
  0.49500000E+03     -0.3146208764701132E+04      0.9899268796315935E+07
  0.49600000E+03     -0.3155098922925969E+04      0.9955289998954814E+07
  0.49700000E+03     -0.3164132341662028E+04      0.1001237238923837E+08
  0.49800000E+03     -0.3172327737589429E+04      0.1006431139846052E+08
  0.49900000E+03     -0.3181091350147169E+04      0.1011998805407241E+08
  0.50000000E+03     -0.3190061195633086E+04      0.1017714344187714E+08
  0.50100000E+03     -0.3198717124112011E+04      0.1023245185046252E+08
  0.50200000E+03     -0.3207384589008468E+04      0.1028797547030353E+08
  0.50300000E+03     -0.3215801182747222E+04      0.1034204710867606E+08
  0.50400000E+03     -0.3224505281440996E+04      0.1039811079923628E+08
  0.50500000E+03     -0.3232727708877128E+04      0.1045120707929750E+08
  0.50600000E+03     -0.3241171269887519E+04      0.1050587300653504E+08
  0.50700000E+03     -0.3249640827675837E+04      0.1056085373526368E+08
  0.50800000E+03     -0.3257515681424159E+04      0.1061210187388526E+08
  0.50900000E+03     -0.3266098653624438E+04      0.1066809634243488E+08
  0.51000000E+03     -0.3274398819144666E+04      0.1072239631145346E+08
