  0.00000000E+00     -0.1285511478899277E-08      0.2047517615657655E-17
  0.10000000E+01     -0.6057412872278871E-03      0.3669225070524630E-06
  0.20000000E+01     -0.4058047091088293E-01      0.2450916295674720E-01
  0.30000000E+01     -0.1201603329856241E+00      0.8422276596343115E-01
  0.40000000E+01     -0.2395473707512533E+00      0.1995491859973177E+00
  0.50000000E+01     -0.3988565916607375E+00      0.4006303356125548E+00
  0.60000000E+01     -0.5988270527954990E+00      0.7281394570925098E+00
  0.70000000E+01     -0.8390229878857599E+00      0.1231653502874234E+01
  0.80000000E+01     -0.1120397669292814E+01      0.1972872042916157E+01
  0.90000000E+01     -0.1442893334723900E+01      0.3024281248436883E+01
  0.10000000E+02     -0.1806716109754374E+01      0.4467147761518286E+01
  0.11000000E+02     -0.2212350903248645E+01      0.6397287071713969E+01
  0.12000000E+02     -0.2660890914545330E+01      0.8924761056036246E+01
  0.13000000E+02     -0.3151181671565079E+01      0.1216147267901056E+02
  0.14000000E+02     -0.3685175709606139E+01      0.1624675951165522E+02
  0.15000000E+02     -0.4262785932749797E+01      0.2132422657065808E+02
  0.16000000E+02     -0.4884053170751126E+01      0.2754811610118290E+02
  0.17000000E+02     -0.5549869733171322E+01      0.3509598512678040E+02
  0.18000000E+02     -0.6259237900473984E+01      0.4413389041794517E+02
  0.19000000E+02     -0.7015904813892851E+01      0.5491707982541802E+02
  0.20000000E+02     -0.7818251116457431E+01      0.6762978970209349E+02
  0.21000000E+02     -0.8668604506906762E+01      0.8254587949298303E+02
  0.22000000E+02     -0.9566006829037510E+01      0.9990081918286739E+02
  0.23000000E+02     -0.1051189117077771E+02      0.1199723282534559E+03
  0.24000000E+02     -0.1150648866124613E+02      0.1430541869001195E+03
  0.25000000E+02     -0.1255107395165449E+02      0.1694872618086910E+03
  0.26000000E+02     -0.1364556738151275E+02      0.1995864154032023E+03
  0.27000000E+02     -0.1479154165581616E+02      0.2337358929670983E+03
  0.28000000E+02     -0.1599026779681997E+02      0.2723408807990617E+03
  0.29000000E+02     -0.1724458405060407E+02      0.3158953584101102E+03
  0.30000000E+02     -0.1855333715006248E+02      0.3648046814719865E+03
  0.31000000E+02     -0.1991716815581108E+02      0.4194933221727629E+03
  0.32000000E+02     -0.2133792755912493E+02      0.4805515075503367E+03
  0.33000000E+02     -0.2281973558388329E+02      0.5486681563036456E+03
  0.34000000E+02     -0.2436213718658439E+02      0.6243613813860416E+03
  0.35000000E+02     -0.2596499676497638E+02      0.7081981469571427E+03
  0.36000000E+02     -0.2763023511364137E+02      0.8008891567433460E+03
  0.37000000E+02     -0.2935811914921496E+02      0.9030666031775385E+03
  0.38000000E+02     -0.3115439244243772E+02      0.1015816750906395E+04
  0.39000000E+02     -0.3301540369010564E+02      0.1139607933474104E+04
  0.40000000E+02     -0.3494382991561642E+02      0.1275360294704052E+04
  0.41000000E+02     -0.3694563693027655E+02      0.1424352779231641E+04
  0.42000000E+02     -0.3901822215614676E+02      0.1587258629197088E+04
  0.43000000E+02     -0.4116402081269290E+02      0.1765102843411428E+04
  0.44000000E+02     -0.4338233769402629E+02      0.1958773797975280E+04
  0.45000000E+02     -0.4567353246022083E+02      0.2169385507685410E+04
  0.46000000E+02     -0.4804373738342856E+02      0.2398450216125069E+04
  0.47000000E+02     -0.5048558598746990E+02      0.2646227218363304E+04
  0.48000000E+02     -0.5300267017958776E+02      0.2914288679551908E+04
  0.49000000E+02     -0.5559267749678628E+02      0.3203412612377213E+04
  0.50000000E+02     -0.5825455152941051E+02      0.3514563115115644E+04
  0.51000000E+02     -0.6099432082545466E+02      0.3849641471208755E+04
  0.52000000E+02     -0.6379753354337660E+02      0.4207905498916985E+04
  0.53000000E+02     -0.6667756061736593E+02      0.4592199578915435E+04
  0.54000000E+02     -0.6962006382501991E+02      0.5001911805284726E+04
  0.55000000E+02     -0.7263118191160675E+02      0.5438885410756939E+04
  0.56000000E+02     -0.7570776989690405E+02      0.5903903281976818E+04
  0.57000000E+02     -0.7884456256176804E+02      0.6397093569544050E+04
  0.58000000E+02     -0.8203646676618619E+02      0.6919012619604512E+04
  0.59000000E+02     -0.8528462287258856E+02      0.7470751235151554E+04
  0.60000000E+02     -0.8858599354151269E+02      0.8052928321980572E+04
  0.61000000E+02     -0.9193682379738561E+02      0.8665704470095498E+04
  0.62000000E+02     -0.9533648033487560E+02      0.9309927362078764E+04
  0.63000000E+02     -0.9878082665582113E+02      0.9985990489708038E+04
  0.64000000E+02     -0.1022714964845003E+03      0.1069491674946941E+05
  0.65000000E+02     -0.1057975091864091E+03      0.1143510297531737E+05
  0.66000000E+02     -0.1093584856234011E+03      0.1220785755348671E+05
  0.67000000E+02     -0.1129687139308175E+03      0.1301668610594181E+05
  0.68000000E+02     -0.1165895354128216E+03      0.1385379250009279E+05
  0.69000000E+02     -0.1202559497823578E+03      0.1472750455855650E+05
  0.70000000E+02     -0.1239441670139641E+03      0.1563327346367564E+05
  0.71000000E+02     -0.1276662930075897E+03      0.1657478725419575E+05
  0.72000000E+02     -0.1314077165521630E+03      0.1754873738994656E+05
  0.73000000E+02     -0.1351744874776925E+03      0.1855732602642831E+05
  0.74000000E+02     -0.1389604002453076E+03      0.1959942714366014E+05
  0.75000000E+02     -0.1427731546136651E+03      0.2067770976935181E+05
  0.76000000E+02     -0.1466096611424504E+03      0.2179190302079659E+05
  0.77000000E+02     -0.1504750062869335E+03      0.2294407578183268E+05
  0.78000000E+02     -0.1543556272958900E+03      0.2413087394268695E+05
  0.79000000E+02     -0.1582536930309776E+03      0.2535299291587036E+05
  0.80000000E+02     -0.1621746820268858E+03      0.2661272070886704E+05
  0.81000000E+02     -0.1661109783504498E+03      0.2790827732296484E+05
  0.82000000E+02     -0.1700740605933522E+03      0.2924423358516899E+05
  0.83000000E+02     -0.1740485632654598E+03      0.3061527694818477E+05
  0.84000000E+02     -0.1780468705051704E+03      0.3202623109811496E+05
  0.85000000E+02     -0.1820564616691604E+03      0.3347331779262713E+05
  0.86000000E+02     -0.1860772352235953E+03      0.3495666185342554E+05
  0.87000000E+02     -0.1901212789719933E+03      0.3648102080546072E+05
  0.88000000E+02     -0.1941823008093177E+03      0.3804478330198857E+05
  0.89000000E+02     -0.1982498290153575E+03      0.3964397928758091E+05
  0.90000000E+02     -0.2023353009234846E+03      0.4128335126287573E+05
  0.91000000E+02     -0.2064392689935126E+03      0.4296365715511289E+05
  0.92000000E+02     -0.2105606879844913E+03      0.4468520091501829E+05
  0.93000000E+02     -0.2146850532278784E+03      0.4644195087653158E+05
  0.94000000E+02     -0.2188396200000985E+03      0.4824566643361201E+05
  0.95000000E+02     -0.2229851375117533E+03      0.5007979514100430E+05
  0.96000000E+02     -0.2271499838054371E+03      0.5195722985176036E+05
  0.97000000E+02     -0.2313240502908128E+03      0.5387332299863544E+05
  0.98000000E+02     -0.2355173808777197E+03      0.5583301070767268E+05
  0.99000000E+02     -0.2397134199651523E+03      0.5782948560412311E+05
  0.10000000E+03     -0.2439435221904736E+03      0.5987763099923242E+05
  0.10100000E+03     -0.2481681222523869E+03      0.6195865095681533E+05
  0.10200000E+03     -0.2523916768424387E+03      0.6407509107063460E+05
  0.10300000E+03     -0.2566452048067299E+03      0.6624202666315537E+05
  0.10400000E+03     -0.2609100908352415E+03      0.6845116225613853E+05
  0.10500000E+03     -0.2651737625460949E+03      0.7069628143138482E+05
  0.10600000E+03     -0.2694524220884169E+03      0.7298585731366742E+05
  0.10700000E+03     -0.2737394604846671E+03      0.7531638537732488E+05
  0.10800000E+03     -0.2780458429367286E+03      0.7769432058271373E+05
  0.10900000E+03     -0.2823344397517780E+03      0.8009929878760115E+05
  0.11000000E+03     -0.2866399407360423E+03      0.8255075827876542E+05
  0.11100000E+03     -0.2909691714306771E+03      0.8505317987496214E+05
  0.11200000E+03     -0.2953206206114285E+03      0.8760595415819543E+05
  0.11300000E+03     -0.2996696110163811E+03      0.9019504867370783E+05
  0.11400000E+03     -0.3040425145188605E+03      0.9283656449433538E+05
  0.11500000E+03     -0.3084157771150083E+03      0.9551658824812913E+05
  0.11600000E+03     -0.3127989526777720E+03      0.9824098313682222E+05
  0.11700000E+03     -0.3171965065374540E+03      0.1010131714987366E+06
  0.11800000E+03     -0.3216203263089514E+03      0.1038410659096343E+06
  0.11900000E+03     -0.3260566816864585E+03      0.1067158309709772E+06
  0.12000000E+03     -0.3305069289906357E+03      0.1096392293914384E+06
  0.12100000E+03     -0.3349719011042538E+03      0.1126119671936203E+06
  0.12200000E+03     -0.3394347609954254E+03      0.1156233750834156E+06
  0.12300000E+03     -0.3439152769418412E+03      0.1186867115430781E+06
  0.12400000E+03     -0.3484090474024271E+03      0.1218000206151878E+06
  0.12500000E+03     -0.3529430000862055E+03      0.1249814087843780E+06
  0.12600000E+03     -0.3574928015083647E+03      0.1282153992835869E+06
  0.12700000E+03     -0.3620530014104993E+03      0.1314980799283404E+06
  0.12800000E+03     -0.3666294687699373E+03      0.1348351486724124E+06
  0.12900000E+03     -0.3712535544989242E+03      0.1382493955223179E+06
  0.13000000E+03     -0.3758766013220245E+03      0.1417054968236647E+06
  0.13100000E+03     -0.3805191720243777E+03      0.1452191964981421E+06
  0.13200000E+03     -0.3851949896126614E+03      0.1488020282145599E+06
  0.13300000E+03     -0.3898993803489174E+03      0.1524505454862284E+06
  0.13400000E+03     -0.3946179463252286E+03      0.1561547719128441E+06
  0.13500000E+03     -0.3993604137657332E+03      0.1599225160063828E+06
  0.13600000E+03     -0.4041323346834657E+03      0.1637593489937638E+06
  0.13700000E+03     -0.4089098096484427E+03      0.1676464279799199E+06
  0.13800000E+03     -0.4137185853780455E+03      0.1716050863906844E+06
  0.13900000E+03     -0.4185613202316666E+03      0.1756384852465028E+06
  0.14000000E+03     -0.4234431068650313E+03      0.1797526019528138E+06
  0.14100000E+03     -0.4283323323775841E+03      0.1839207140781246E+06
  0.14200000E+03     -0.4332567774315955E+03      0.1881671796179626E+06
  0.14300000E+03     -0.4381952625996562E+03      0.1924740750176365E+06
  0.14400000E+03     -0.4431541120417660E+03      0.1968484054497260E+06
  0.14500000E+03     -0.4481648470156338E+03      0.2013190921864184E+06
  0.14600000E+03     -0.4531801501166116E+03      0.2058438390118275E+06
  0.14700000E+03     -0.4582368718724923E+03      0.2104575272016119E+06
  0.14800000E+03     -0.4632819194159156E+03      0.2151109897741015E+06
  0.14900000E+03     -0.4683755986571661E+03      0.2198610140713731E+06
  0.15000000E+03     -0.4735017235777571E+03      0.2246937939425421E+06
  0.15100000E+03     -0.4786520956665735E+03      0.2296029083474986E+06
  0.15200000E+03     -0.4838525866287340E+03      0.2346137585154610E+06
  0.15300000E+03     -0.4890540027951045E+03      0.2396794764298263E+06
  0.15400000E+03     -0.4942749161691126E+03      0.2448184124571930E+06
  0.15500000E+03     -0.4995357235547036E+03      0.2500517098792415E+06
  0.15600000E+03     -0.5047716424741238E+03      0.2553154176872376E+06
  0.15700000E+03     -0.5100313296166570E+03      0.2606579543639241E+06
  0.15800000E+03     -0.5152924407131985E+03      0.2660575657378575E+06
  0.15900000E+03     -0.5205816185890503E+03      0.2715416238125653E+06
  0.16000000E+03     -0.5258829067874550E+03      0.2770944267449739E+06
  0.16100000E+03     -0.5311815918130619E+03      0.2827005458132069E+06
  0.16200000E+03     -0.5364834837702468E+03      0.2883662382981314E+06
  0.16300000E+03     -0.5418080299446572E+03      0.2941136769513756E+06
  0.16400000E+03     -0.5471303761630387E+03      0.2999146244614899E+06
  0.16500000E+03     -0.5524427600822484E+03      0.3057609571096973E+06
  0.16600000E+03     -0.5577631589198814E+03      0.3116728799400771E+06
  0.16700000E+03     -0.5630866773016857E+03      0.3176450160752150E+06
  0.16800000E+03     -0.5684286340913062E+03      0.3236942623475742E+06
  0.16900000E+03     -0.5737647585228958E+03      0.3297941392899493E+06
  0.17000000E+03     -0.5790893538884491E+03      0.3359377785641597E+06
  0.17100000E+03     -0.5844204532594438E+03      0.3421457635007505E+06
  0.17200000E+03     -0.5897267706871091E+03      0.3483809008873837E+06
  0.17300000E+03     -0.5950321592714135E+03      0.3546710180516337E+06
  0.17400000E+03     -0.6003327345800685E+03      0.3610120296099255E+06
  0.17500000E+03     -0.6056260329824927E+03      0.3674002830694029E+06
  0.17600000E+03     -0.6109096476212368E+03      0.3738331660720878E+06
  0.17700000E+03     -0.6161890292101356E+03      0.3803163112435410E+06
  0.17800000E+03     -0.6214635724418393E+03      0.3868492255957158E+06
  0.17900000E+03     -0.6267203776920812E+03      0.3934158429634779E+06
  0.18000000E+03     -0.6319792933188739E+03      0.4000404944288772E+06
  0.18100000E+03     -0.6372329622713063E+03      0.4067134594007601E+06
  0.18200000E+03     -0.6424664118445259E+03      0.4134157701096834E+06
  0.18300000E+03     -0.6476961251888157E+03      0.4201677437190281E+06
  0.18400000E+03     -0.6529012594134474E+03      0.4269424561602212E+06
  0.18500000E+03     -0.6580970142707453E+03      0.4337589163530481E+06
  0.18600000E+03     -0.6632962248301111E+03      0.4406336080161050E+06
  0.18700000E+03     -0.6684615704369799E+03      0.4475173867113660E+06
  0.18800000E+03     -0.6736220298916757E+03      0.4544476228797057E+06
  0.18900000E+03     -0.6787558051133943E+03      0.4613944818065602E+06
  0.19000000E+03     -0.6838764688639330E+03      0.4683765026420726E+06
  0.19100000E+03     -0.6889776189762854E+03      0.4753837610033635E+06
  0.19200000E+03     -0.6940650648822600E+03      0.4824227880918923E+06
  0.19300000E+03     -0.6991369636699820E+03      0.4894926883874588E+06
  0.19400000E+03     -0.7041958072751075E+03      0.4965956049780958E+06
  0.19500000E+03     -0.7092521776724108E+03      0.5037452720029744E+06
  0.19600000E+03     -0.7142594555475737E+03      0.5108771627848310E+06
  0.19700000E+03     -0.7192508954666220E+03      0.5180352971001850E+06
  0.19800000E+03     -0.7242299899085093E+03      0.5252253381783969E+06
  0.19900000E+03     -0.7292017534715496E+03      0.5324538774245844E+06
  0.20000000E+03     -0.7341499881155235E+03      0.5396977283295054E+06
  0.20100000E+03     -0.7390915889637064E+03      0.5469798449316319E+06
  0.20200000E+03     -0.7440371386111640E+03      0.5543157729761535E+06
  0.20300000E+03     -0.7489540801014163E+03      0.5616573031293594E+06
  0.20400000E+03     -0.7538556409160578E+03      0.5690244943584626E+06
  0.20500000E+03     -0.7587566134897006E+03      0.5764378696226306E+06
  0.20600000E+03     -0.7636624083839772E+03      0.5839066168762207E+06
  0.20700000E+03     -0.7685699868865166E+03      0.5914257057294911E+06
  0.20800000E+03     -0.7734687202992225E+03      0.5989791173896190E+06
  0.20900000E+03     -0.7783535288603751E+03      0.6065580398585001E+06
  0.21000000E+03     -0.7832272318348590E+03      0.6141667277942188E+06
  0.21100000E+03     -0.7881266441751098E+03      0.6218628049672013E+06
  0.21200000E+03     -0.7930241717952313E+03      0.6296036595466348E+06
  0.21300000E+03     -0.7979326820602630E+03      0.6374097974887812E+06
  0.21400000E+03     -0.8028488248276360E+03      0.6452760145738797E+06
  0.21500000E+03     -0.8077947755853860E+03      0.6532380549660953E+06
  0.21600000E+03     -0.8127404425150016E+03      0.6612481037058249E+06
  0.21700000E+03     -0.8177052261935984E+03      0.6693381785903311E+06
  0.21800000E+03     -0.8226792323840641E+03      0.6774925296823415E+06
  0.21900000E+03     -0.8276841523419096E+03      0.6857477050648575E+06
  0.22000000E+03     -0.8327100105359493E+03      0.6940875727533805E+06
  0.22100000E+03     -0.8377377835904493E+03      0.7024812223898948E+06
  0.22200000E+03     -0.8427899846336999E+03      0.7109665787258956E+06
  0.22300000E+03     -0.8478851086233078E+03      0.7195755265075528E+06
  0.22400000E+03     -0.8529494177847727E+03      0.7281842877575867E+06
  0.22500000E+03     -0.8581075795396450E+03      0.7370054152806493E+06
  0.22600000E+03     -0.8632547357468665E+03      0.7458621168139299E+06
  0.22700000E+03     -0.8684474017133518E+03      0.7548506517605417E+06
  0.22800000E+03     -0.8736746131572525E+03      0.7639536329728637E+06
  0.22900000E+03     -0.8789175403832094E+03      0.7731390536142135E+06
  0.23000000E+03     -0.8842005182890085E+03      0.7824499727018644E+06
  0.23100000E+03     -0.8894954750577916E+03      0.7918380379798649E+06
  0.23200000E+03     -0.8948044930695796E+03      0.8013071306845488E+06
  0.23300000E+03     -0.9001522955637272E+03      0.8109036300273609E+06
  0.23400000E+03     -0.9055359842691900E+03      0.8206232355187284E+06
  0.23500000E+03     -0.9109413814512839E+03      0.8304401989005096E+06
  0.23600000E+03     -0.9163962774070819E+03      0.8404077196409146E+06
  0.23700000E+03     -0.9218506796260367E+03      0.8504332630839125E+06
  0.23800000E+03     -0.9272985885319943E+03      0.8605057029485524E+06
  0.23900000E+03     -0.9327646654313897E+03      0.8706725821125887E+06
  0.24000000E+03     -0.9382772704195165E+03      0.8809873551795434E+06
  0.24100000E+03     -0.9437437918902837E+03      0.8912753164305955E+06
  0.24200000E+03     -0.9492873094559387E+03      0.9017675265588905E+06
  0.24300000E+03     -0.9548459348606706E+03      0.9123512667814865E+06
  0.24400000E+03     -0.9604364302430733E+03      0.9230585472389861E+06
  0.24500000E+03     -0.9659955287572762E+03      0.9337670257755966E+06
  0.24600000E+03     -0.9715939281452481E+03      0.9446158432764134E+06
  0.24700000E+03     -0.9772274737408476E+03      0.9555941286273525E+06
  0.24800000E+03     -0.9828519594088334E+03      0.9666199022057600E+06
  0.24900000E+03     -0.9884892248681909E+03      0.9777349526249235E+06
  0.25000000E+03     -0.9941991479747027E+03      0.9890564469749024E+06
  0.25100000E+03     -0.9998552808233125E+03      0.1000336274173021E+07
  0.25200000E+03     -0.1005563116230229E+04      0.1011785998671695E+07
  0.25300000E+03     -0.1011231781828296E+04      0.1023220383008739E+07
  0.25400000E+03     -0.1016912668229053E+04      0.1034743195721594E+07
  0.25500000E+03     -0.1022611387205754E+04      0.1046367222767069E+07
  0.25600000E+03     -0.1028300900915256E+04      0.1058037851020799E+07
  0.25700000E+03     -0.1034043447348893E+04      0.1069881424474411E+07
  0.25800000E+03     -0.1039789966241295E+04      0.1081801835356409E+07
  0.25900000E+03     -0.1045539656347196E+04      0.1093792922235073E+07
  0.26000000E+03     -0.1051279018330407E+04      0.1105829103795897E+07
  0.26100000E+03     -0.1057041632022209E+04      0.1117980441420478E+07
  0.26200000E+03     -0.1062809179528708E+04      0.1130211648262960E+07
  0.26300000E+03     -0.1068586218708020E+04      0.1142526972801684E+07
  0.26400000E+03     -0.1074349422678551E+04      0.1154878431629786E+07
  0.26500000E+03     -0.1080163703984834E+04      0.1167407021657646E+07
  0.26600000E+03     -0.1085970059075480E+04      0.1179983761789880E+07
  0.26700000E+03     -0.1091759934149232E+04      0.1192593136881712E+07
  0.26800000E+03     -0.1097522410122439E+04      0.1205210207184911E+07
  0.26900000E+03     -0.1103304143476552E+04      0.1217936609716710E+07
  0.27000000E+03     -0.1109096700549809E+04      0.1230752379027789E+07
  0.27100000E+03     -0.1114882548193321E+04      0.1243621381515708E+07
  0.27200000E+03     -0.1120711372384393E+04      0.1256651098578803E+07
  0.27300000E+03     -0.1126511339173772E+04      0.1269683482925480E+07
  0.27400000E+03     -0.1132344552053063E+04      0.1282861120593947E+07
  0.27500000E+03     -0.1138186112449729E+04      0.1296124275318685E+07
  0.27600000E+03     -0.1144041865867379E+04      0.1309489001810296E+07
  0.27700000E+03     -0.1149916870687810E+04      0.1322965766233207E+07
  0.27800000E+03     -0.1155762248153283E+04      0.1336439301553664E+07
  0.27900000E+03     -0.1161645354918036E+04      0.1350071331086065E+07
  0.28000000E+03     -0.1167536663024098E+04      0.1363789962232046E+07
  0.28100000E+03     -0.1173428461147314E+04      0.1377579131520716E+07
  0.28200000E+03     -0.1179368011611524E+04      0.1391551816651888E+07
  0.28300000E+03     -0.1185280084547645E+04      0.1405527094590689E+07
  0.28400000E+03     -0.1191223992226706E+04      0.1419648606349804E+07
  0.28500000E+03     -0.1197199917176775E+04      0.1433918241303533E+07
  0.28600000E+03     -0.1203237073936009E+04      0.1448404461021566E+07
  0.28700000E+03     -0.1209237292051797E+04      0.1462873366993705E+07
  0.28800000E+03     -0.1215296638434718E+04      0.1477558551707112E+07
  0.28900000E+03     -0.1221384926286482E+04      0.1492387006514638E+07
  0.29000000E+03     -0.1227482139951416E+04      0.1507310285772063E+07
  0.29100000E+03     -0.1233580140896880E+04      0.1522309125712573E+07
  0.29200000E+03     -0.1239749813806729E+04      0.1537560570304250E+07
  0.29300000E+03     -0.1245981564883704E+04      0.1553041838139428E+07
  0.29400000E+03     -0.1252269425640397E+04      0.1568740636395687E+07
  0.29500000E+03     -0.1258584469831992E+04      0.1584585912018773E+07
  0.29600000E+03     -0.1264968537222774E+04      0.1600686331402802E+07
  0.29700000E+03     -0.1271392604085561E+04      0.1616966602533393E+07
  0.29800000E+03     -0.1277869080127198E+04      0.1633464398645532E+07
  0.29900000E+03     -0.1284420823491146E+04      0.1650238428643673E+07
  0.30000000E+03     -0.1291028322404024E+04      0.1667242156248785E+07
  0.30100000E+03     -0.1297709564393392E+04      0.1684525006679897E+07
  0.30200000E+03     -0.1304423422471525E+04      0.1701982118278606E+07
  0.30300000E+03     -0.1311240590108804E+04      0.1719800118499085E+07
  0.30400000E+03     -0.1318119813197689E+04      0.1737874552821931E+07
  0.30500000E+03     -0.1325052755612093E+04      0.1756185491343674E+07
  0.30600000E+03     -0.1332018350024894E+04      0.1774673766013985E+07
  0.30700000E+03     -0.1339166998601326E+04      0.1793753976649708E+07
  0.30800000E+03     -0.1346354082795105E+04      0.1813041632403163E+07
  0.30900000E+03     -0.1353604198973985E+04      0.1832601502754600E+07
  0.31000000E+03     -0.1360957348494530E+04      0.1852549696997891E+07
  0.31100000E+03     -0.1368381760618521E+04      0.1872800508351674E+07
  0.31200000E+03     -0.1375911925988318E+04      0.1893455008244363E+07
  0.31300000E+03     -0.1383541933095388E+04      0.1914499210917415E+07
  0.31400000E+03     -0.1391248505617414E+04      0.1935872296346467E+07
  0.31500000E+03     -0.1399041865511152E+04      0.1957608670777019E+07
  0.31600000E+03     -0.1406905084939838E+04      0.1979663472571978E+07
  0.31700000E+03     -0.1414804568258623E+04      0.2001945020961291E+07
  0.31800000E+03     -0.1422687433828725E+04      0.2024302699978076E+07
  0.31900000E+03     -0.1430780069928316E+04      0.2047387783699142E+07
  0.32000000E+03     -0.1438941225124884E+04      0.2070801161311301E+07
  0.32100000E+03     -0.1447106110300603E+04      0.2094357628070185E+07
  0.32200000E+03     -0.1455389013480430E+04      0.2118392635839838E+07
  0.32300000E+03     -0.1463689970538992E+04      0.2142618665911598E+07
  0.32400000E+03     -0.1472063012567323E+04      0.2167194660485042E+07
  0.32500000E+03     -0.1480529425594065E+04      0.2192187482821487E+07
  0.32600000E+03     -0.1489007613677029E+04      0.2217359265883661E+07
  0.32700000E+03     -0.1497565133783370E+04      0.2242913166767608E+07
  0.32800000E+03     -0.1506214301727864E+04      0.2268890610639790E+07
  0.32900000E+03     -0.1514913797627788E+04      0.2295169408664751E+07
  0.33000000E+03     -0.1523602317704956E+04      0.2321566478193874E+07
  0.33100000E+03     -0.1532393879242632E+04      0.2348431090983980E+07
  0.33200000E+03     -0.1541222221666776E+04      0.2375563263392094E+07
  0.33300000E+03     -0.1550137897200697E+04      0.2403123569183674E+07
  0.33400000E+03     -0.1559085954253133E+04      0.2430943675240086E+07
  0.33500000E+03     -0.1568051795436926E+04      0.2458978871867869E+07
  0.33600000E+03     -0.1577023582285731E+04      0.2487195002866701E+07
  0.33700000E+03     -0.1586066978065615E+04      0.2515798589996012E+07
  0.33800000E+03     -0.1595219194079169E+04      0.2544912804885283E+07
  0.33900000E+03     -0.1604372614240384E+04      0.2574199218053279E+07
  0.34000000E+03     -0.1613547308162618E+04      0.2603721459723691E+07
  0.34100000E+03     -0.1622769530728155E+04      0.2633566893937280E+07
  0.34200000E+03     -0.1632056070428631E+04      0.2663792074928347E+07
  0.34300000E+03     -0.1641319383574948E+04      0.2694114372224005E+07
  0.34400000E+03     -0.1650649496435615E+04      0.2724829048230114E+07
  0.34500000E+03     -0.1660027899989230E+04      0.2755877663501924E+07
  0.34600000E+03     -0.1669533463097275E+04      0.2787527135644597E+07
  0.34700000E+03     -0.1678987042338421E+04      0.2819181697974257E+07
  0.34800000E+03     -0.1688482892976144E+04      0.2851159558324851E+07
  0.34900000E+03     -0.1697989068794006E+04      0.2883352500949411E+07
  0.35000000E+03     -0.1707517730011739E+04      0.2915802109830002E+07
  0.35100000E+03     -0.1717109389417425E+04      0.2948650655508342E+07
  0.35200000E+03     -0.1726729212262963E+04      0.2981780524955136E+07
  0.35300000E+03     -0.1736338997020166E+04      0.3015059680863680E+07
  0.35400000E+03     -0.1746040895607284E+04      0.3048845540499920E+07
  0.35500000E+03     -0.1755757237077494E+04      0.3082871041341297E+07
  0.35600000E+03     -0.1765523855969998E+04      0.3117263331610500E+07
  0.35700000E+03     -0.1775301083706391E+04      0.3151882731468408E+07
  0.35800000E+03     -0.1785117006416325E+04      0.3186832873908993E+07
  0.35900000E+03     -0.1794983476409814E+04      0.3222156481595521E+07
  0.36000000E+03     -0.1804773351118868E+04      0.3257398984020401E+07
  0.36100000E+03     -0.1814706264046680E+04      0.3293351379799237E+07
  0.36200000E+03     -0.1824697520124931E+04      0.3329715133317023E+07
  0.36300000E+03     -0.1834567083962713E+04      0.3365831547635863E+07
  0.36400000E+03     -0.1844525549273108E+04      0.3402470880207491E+07
  0.36500000E+03     -0.1854619010502657E+04      0.3439809051288959E+07
  0.36600000E+03     -0.1864658796937082E+04      0.3477150555301108E+07
  0.36700000E+03     -0.1874692658159283E+04      0.3514671474397419E+07
  0.36800000E+03     -0.1884796017923771E+04      0.3552656454340631E+07
  0.36900000E+03     -0.1894843060346540E+04      0.3590631682248879E+07
  0.37000000E+03     -0.1904971482733688E+04      0.3629119443345129E+07
  0.37100000E+03     -0.1915152329631646E+04      0.3668013024644322E+07
  0.37200000E+03     -0.1925348802972561E+04      0.3707173693835367E+07
  0.37300000E+03     -0.1935619180439200E+04      0.3746828859988664E+07
  0.37400000E+03     -0.1945808912122887E+04      0.3786381040700001E+07
  0.37500000E+03     -0.1956088640553553E+04      0.3826492959871071E+07
  0.37600000E+03     -0.1966325196361729E+04      0.3866646191902121E+07
  0.37700000E+03     -0.1976672648584683E+04      0.3907447512997302E+07
  0.37800000E+03     -0.1986966627296391E+04      0.3948250708322172E+07
  0.37900000E+03     -0.1997298928040928E+04      0.3989419543137602E+07
  0.38000000E+03     -0.2007664192568528E+04      0.4030932449766304E+07
  0.38100000E+03     -0.2018084086330835E+04      0.4072882877533711E+07
  0.38200000E+03     -0.2028420593812114E+04      0.4114710837274151E+07
  0.38300000E+03     -0.2038817372354740E+04      0.4156998869077011E+07
  0.38400000E+03     -0.2049246548995985E+04      0.4199635906914364E+07
  0.38500000E+03     -0.2059738473982787E+04      0.4242747856719774E+07
  0.38600000E+03     -0.2070251083797182E+04      0.4286167260869609E+07
  0.38700000E+03     -0.2080730221595983E+04      0.4329668580563906E+07
  0.38800000E+03     -0.2091274214774767E+04      0.4373659598394087E+07
  0.38900000E+03     -0.2101747103411824E+04      0.4417574201332603E+07
  0.39000000E+03     -0.2112338493035020E+04      0.4462209169898419E+07
  0.39100000E+03     -0.2122891934711535E+04      0.4506906291319213E+07
  0.39200000E+03     -0.2133469030105693E+04      0.4551929747485660E+07
  0.39300000E+03     -0.2144155030963195E+04      0.4597642302562027E+07
  0.39400000E+03     -0.2154723030559102E+04      0.4643074079286996E+07
  0.39500000E+03     -0.2165379083558450E+04      0.4689110953416401E+07
  0.39600000E+03     -0.2176037869545378E+04      0.4735387554346190E+07
  0.39700000E+03     -0.2186712408364666E+04      0.4781960022515048E+07
  0.39800000E+03     -0.2197335738929416E+04      0.4828535645917661E+07
  0.39900000E+03     -0.2207945659169437E+04      0.4875276439727741E+07
  0.40000000E+03     -0.2218724370428452E+04      0.4922992474991696E+07
  0.40100000E+03     -0.2229431636859474E+04      0.4970623671603832E+07
  0.40200000E+03     -0.2240137624116387E+04      0.5018476063886536E+07
  0.40300000E+03     -0.2250918797064037E+04      0.5066896637360530E+07
  0.40400000E+03     -0.2261588649783778E+04      0.5115046399100577E+07
  0.40500000E+03     -0.2272378717935033E+04      0.5163972014836588E+07
  0.40600000E+03     -0.2283124153143068E+04      0.5212924494281719E+07
  0.40700000E+03     -0.2293898572445763E+04      0.5262238807579523E+07
  0.40800000E+03     -0.2304666669037186E+04      0.5311761082020540E+07
  0.40900000E+03     -0.2315415338807578E+04      0.5361422483563977E+07
  0.41000000E+03     -0.2326260055566297E+04      0.5411764610143090E+07
  0.41100000E+03     -0.2337064013799920E+04      0.5462147535439136E+07
  0.41200000E+03     -0.2347889661878694E+04      0.5512867312318725E+07
  0.41300000E+03     -0.2358674377882605E+04      0.5563628040066211E+07
  0.41400000E+03     -0.2369490454841366E+04      0.5614770434843351E+07
  0.41500000E+03     -0.2380326133081343E+04      0.5666241861062311E+07
  0.41600000E+03     -0.2391125024169500E+04      0.5717769940929690E+07
  0.41700000E+03     -0.2402071143044940E+04      0.5770239098636818E+07
  0.41800000E+03     -0.2412936997117201E+04      0.5822561371944753E+07
  0.41900000E+03     -0.2423844345077357E+04      0.5875319094816526E+07
  0.42000000E+03     -0.2434582858241752E+04      0.5927495333896196E+07
  0.42100000E+03     -0.2445551264913774E+04      0.5981024130438831E+07
  0.42200000E+03     -0.2456592051024410E+04      0.6035152367187573E+07
  0.42300000E+03     -0.2467383040872329E+04      0.6088284937453135E+07
  0.42400000E+03     -0.2478020960937769E+04      0.6140898549805559E+07
  0.42500000E+03     -0.2488878331335415E+04      0.6194828423491737E+07
  0.42600000E+03     -0.2499743587377420E+04      0.6249034282306676E+07
  0.42700000E+03     -0.2510679917270704E+04      0.6303831503697441E+07
  0.42800000E+03     -0.2521498514231366E+04      0.6358275091772095E+07
  0.42900000E+03     -0.2532452262754578E+04      0.6413637376497167E+07
  0.43000000E+03     -0.2543245330312957E+04      0.6468425575415679E+07
  0.43100000E+03     -0.2554162912728818E+04      0.6524076619213521E+07
  0.43200000E+03     -0.2565014313892195E+04      0.6579629283467481E+07
  0.43300000E+03     -0.2575868635786077E+04      0.6635432745851354E+07
  0.43400000E+03     -0.2586780016012143E+04      0.6691767302115126E+07
  0.43500000E+03     -0.2597622590189965E+04      0.6747982669672472E+07
  0.43600000E+03     -0.2608454454999000E+04      0.6804377212778016E+07
  0.43700000E+03     -0.2619283509513089E+04      0.6860991908517745E+07
  0.43800000E+03     -0.2630044675269362E+04      0.6917481118616368E+07
  0.43900000E+03     -0.2640719770304860E+04      0.6973753851814602E+07
  0.44000000E+03     -0.2651737006714274E+04      0.7032061302935936E+07
  0.44100000E+03     -0.2662541655877507E+04      0.7089484051678262E+07
  0.44200000E+03     -0.2673308973536397E+04      0.7146941851034266E+07
  0.44300000E+03     -0.2684107634608881E+04      0.7204795939244869E+07
  0.44400000E+03     -0.2694917075982316E+04      0.7262944890068065E+07
  0.44500000E+03     -0.2705788454022974E+04      0.7321658230433245E+07
  0.44600000E+03     -0.2716632606044470E+04      0.7380462656411051E+07
  0.44700000E+03     -0.2727243461771899E+04      0.7438230336635249E+07
  0.44800000E+03     -0.2737815630893016E+04      0.7496012106230600E+07
  0.44900000E+03     -0.2748670932793299E+04      0.7555573711784306E+07
  0.45000000E+03     -0.2759397037879449E+04      0.7614655598801552E+07
  0.45100000E+03     -0.2770028927689390E+04      0.7673448560502164E+07
  0.45200000E+03     -0.2780742688758803E+04      0.7732919547063555E+07
  0.45300000E+03     -0.2791413734866380E+04      0.7792382496269017E+07
  0.45400000E+03     -0.2802082826549756E+04      0.7852062356387238E+07
  0.45500000E+03     -0.2812613113463772E+04      0.7911187901444954E+07
  0.45600000E+03     -0.2823448574905282E+04      0.7972259458904807E+07
  0.45700000E+03     -0.2834226594188547E+04      0.8033247265879880E+07
  0.45800000E+03     -0.2844509860273734E+04      0.8091641246209620E+07
  0.45900000E+03     -0.2855186966576418E+04      0.8152501791332081E+07
  0.46000000E+03     -0.2865661268450024E+04      0.8212426585294972E+07
  0.46100000E+03     -0.2876235631033138E+04      0.8273146515046661E+07
  0.46200000E+03     -0.2886596953937467E+04      0.8332864914549638E+07
  0.46300000E+03     -0.2897082155717246E+04      0.8393506493908277E+07
  0.46400000E+03     -0.2907587641974411E+04      0.8454491961946391E+07
  0.46500000E+03     -0.2918003184919670E+04      0.8515168830378527E+07
  0.46600000E+03     -0.2928629550215836E+04      0.8577305802754274E+07
  0.46700000E+03     -0.2939062140719738E+04      0.8638519756366201E+07
  0.46800000E+03     -0.2949371642577497E+04      0.8699231865322238E+07
  0.46900000E+03     -0.2959601557660649E+04      0.8759685752816753E+07
  0.47000000E+03     -0.2970027883314972E+04      0.8821509673110973E+07
  0.47100000E+03     -0.2980420091361078E+04      0.8883348807636544E+07
  0.47200000E+03     -0.2990832214255004E+04      0.8945528590617219E+07
  0.47300000E+03     -0.3001088124983150E+04      0.9006987498861343E+07
  0.47400000E+03     -0.3010987039369122E+04      0.9066502959070912E+07
  0.47500000E+03     -0.3021205419659811E+04      0.9128142230555238E+07
  0.47600000E+03     -0.3031525021957706E+04      0.9190606174245900E+07
  0.47700000E+03     -0.3041578309684598E+04      0.9251663570952354E+07
  0.47800000E+03     -0.3051675629347093E+04      0.9313193646766318E+07
  0.47900000E+03     -0.3061747461952922E+04      0.9374769916155105E+07
  0.48000000E+03     -0.3071725752354867E+04      0.9435975783711290E+07
  0.48100000E+03     -0.3081730125521611E+04      0.9497541776799202E+07
  0.48200000E+03     -0.3091398721311919E+04      0.9557227770499486E+07
  0.48300000E+03     -0.3101207956030821E+04      0.9617981684241053E+07
  0.48400000E+03     -0.3111142400885224E+04      0.9679701897159651E+07
  0.48500000E+03     -0.3121121923052218E+04      0.9741891902918963E+07
  0.48600000E+03     -0.3131138440423391E+04      0.9804523995818475E+07
  0.48700000E+03     -0.3140919586692672E+04      0.9865872520456893E+07
  0.48800000E+03     -0.3150971811524251E+04      0.9929124469131945E+07
  0.48900000E+03     -0.3160399883159143E+04      0.9988631500773018E+07
  0.49000000E+03     -0.3170090583761355E+04      0.1004998381776829E+08
  0.49100000E+03     -0.3179431804068629E+04      0.1010929791293340E+08
  0.49200000E+03     -0.3188948342308928E+04      0.1016991236148024E+08
  0.49300000E+03     -0.3198403446799247E+04      0.1023030450541065E+08
  0.49400000E+03     -0.3208237582115622E+04      0.1029331319125882E+08
  0.49500000E+03     -0.3217439370697376E+04      0.1035245003775812E+08
  0.49600000E+03     -0.3227455964345840E+04      0.1041700481762183E+08
  0.49700000E+03     -0.3236314274180006E+04      0.1047426638840513E+08
  0.49800000E+03     -0.3245666281325680E+04      0.1053488736079185E+08
  0.49900000E+03     -0.3254919720551528E+04      0.1059505353944349E+08
  0.50000000E+03     -0.3264367190384029E+04      0.1065664481322413E+08
  0.50100000E+03     -0.3273009247225959E+04      0.1071314534282082E+08
  0.50200000E+03     -0.3282079878765820E+04      0.1077260269586789E+08
  0.50300000E+03     -0.3291324183882018E+04      0.1083337763808795E+08
  0.50400000E+03     -0.3300948508138434E+04      0.1089682628490548E+08
  0.50500000E+03     -0.3310227083004291E+04      0.1095819078581695E+08
  0.50600000E+03     -0.3325584012052022E+04      0.1106157285672027E+08
  0.50700000E+03     -0.3451667025606087E+04      0.1192912444002641E+08
  0.50800000E+03     -0.3546879542224880E+04      0.1258842718237896E+08
  0.50900000E+03     -0.3363473403064932E+04      0.1131749060185891E+08
  0.51000000E+03     -0.3354074873789877E+04      0.1125049509723718E+08
