  0.00000000E+00     -0.4195190707386011E+02
  0.10000000E+01     -0.3871287504649281E+02
  0.20000000E+01     -0.3615225500847332E+02
  0.30000000E+01     -0.3398224669724297E+02
  0.40000000E+01     -0.3208497931106887E+02
  0.50000000E+01     -0.3039628880275263E+02
  0.60000000E+01     -0.2887516112151379E+02
  0.70000000E+01     -0.2749315146641412E+02
  0.80000000E+01     -0.2622994299052679E+02
  0.90000000E+01     -0.2507009422087218E+02
  0.10000000E+02     -0.2400073565975080E+02
  0.11000000E+02     -0.2301175135926358E+02
  0.12000000E+02     -0.2209538201888538E+02
  0.13000000E+02     -0.2124499193439169E+02
  0.14000000E+02     -0.2045385858767831E+02
  0.15000000E+02     -0.1971714097726081E+02
  0.16000000E+02     -0.1903045131154585E+02
  0.17000000E+02     -0.1838993272429506E+02
  0.18000000E+02     -0.1779214861287510E+02
  0.19000000E+02     -0.1723411355348113E+02
  0.20000000E+02     -0.1671298327399059E+02
  0.21000000E+02     -0.1622613265219442E+02
  0.22000000E+02     -0.1577168023285758E+02
  0.23000000E+02     -0.1534758678995742E+02
  0.24000000E+02     -0.1495182931576807E+02
  0.25000000E+02     -0.1458256463415400E+02
  0.26000000E+02     -0.1423845542181601E+02
  0.27000000E+02     -0.1391805997378472E+02
  0.28000000E+02     -0.1362001389569792E+02
  0.29000000E+02     -0.1334304352154082E+02
  0.30000000E+02     -0.1308628277227730E+02
  0.31000000E+02     -0.1284850503828240E+02
  0.32000000E+02     -0.1262792913148524E+02
  0.33000000E+02     -0.1242440894860167E+02
  0.34000000E+02     -0.1223769471574920E+02
  0.35000000E+02     -0.1206618689192667E+02
  0.36000000E+02     -0.1190872094628605E+02
  0.37000000E+02     -0.1176524289594200E+02
  0.38000000E+02     -0.1163504836297008E+02
  0.39000000E+02     -0.1151697943899982E+02
  0.40000000E+02     -0.1141081561136128E+02
  0.41000000E+02     -0.1131550336677588E+02
  0.42000000E+02     -0.1123077385906181E+02
  0.43000000E+02     -0.1115640357525852E+02
  0.44000000E+02     -0.1109148350626216E+02
  0.45000000E+02     -0.1103595651231902E+02
  0.46000000E+02     -0.1098891902796063E+02
  0.47000000E+02     -0.1095003781443073E+02
  0.48000000E+02     -0.1091877358147026E+02
  0.49000000E+02     -0.1089484994008936E+02
  0.50000000E+02     -0.1087812611237023E+02
  0.51000000E+02     -0.1086836564862446E+02
  0.52000000E+02     -0.1086507462650397E+02
  0.53000000E+02     -0.1086772309798016E+02
  0.54000000E+02     -0.1087595519676048E+02
  0.55000000E+02     -0.1088968460988632E+02
  0.56000000E+02     -0.1090866653497373E+02
  0.57000000E+02     -0.1093278003848772E+02
  0.58000000E+02     -0.1096132582346355E+02
  0.59000000E+02     -0.1099468601093375E+02
  0.60000000E+02     -0.1103177102111296E+02
  0.61000000E+02     -0.1107288876675581E+02
  0.62000000E+02     -0.1111789141995081E+02
  0.63000000E+02     -0.1116609574030778E+02
  0.64000000E+02     -0.1121769963510854E+02
  0.65000000E+02     -0.1127177337824348E+02
  0.66000000E+02     -0.1132899529171062E+02
  0.67000000E+02     -0.1138900008625957E+02
  0.68000000E+02     -0.1145156118309490E+02
  0.69000000E+02     -0.1151648905483950E+02
  0.70000000E+02     -0.1158366044378388E+02
  0.71000000E+02     -0.1165283938143090E+02
  0.72000000E+02     -0.1172411981201181E+02
  0.73000000E+02     -0.1179652944437855E+02
  0.74000000E+02     -0.1187087109551920E+02
  0.75000000E+02     -0.1194678546763340E+02
  0.76000000E+02     -0.1202379982250114E+02
  0.77000000E+02     -0.1210206602578938E+02
  0.78000000E+02     -0.1218114343354319E+02
  0.79000000E+02     -0.1226169180041272E+02
  0.80000000E+02     -0.1234279855326398E+02
  0.81000000E+02     -0.1242467372470326E+02
  0.82000000E+02     -0.1250709775824432E+02
  0.83000000E+02     -0.1259001114785643E+02
  0.84000000E+02     -0.1267331563583246E+02
  0.85000000E+02     -0.1275654572453948E+02
  0.86000000E+02     -0.1283995453064398E+02
  0.87000000E+02     -0.1292347029156075E+02
  0.88000000E+02     -0.1300769223961388E+02
  0.89000000E+02     -0.1309195186806636E+02
  0.90000000E+02     -0.1317600798584609E+02
  0.91000000E+02     -0.1325977467911209E+02
  0.92000000E+02     -0.1334364741167393E+02
  0.93000000E+02     -0.1342683248789985E+02
  0.94000000E+02     -0.1350983896872859E+02
  0.95000000E+02     -0.1359234406793021E+02
  0.96000000E+02     -0.1367402939277249E+02
  0.97000000E+02     -0.1375580151649589E+02
  0.98000000E+02     -0.1383622602494258E+02
  0.99000000E+02     -0.1391591010393833E+02
  0.10000000E+03     -0.1399500819105728E+02
  0.10100000E+03     -0.1407326796127296E+02
  0.10200000E+03     -0.1415090265900528E+02
  0.10300000E+03     -0.1422815229846740E+02
  0.10400000E+03     -0.1430391792118592E+02
  0.10500000E+03     -0.1437869161540960E+02
  0.10600000E+03     -0.1445252668802280E+02
  0.10700000E+03     -0.1452487928755277E+02
  0.10800000E+03     -0.1459671968073132E+02
  0.10900000E+03     -0.1466726373378053E+02
  0.11000000E+03     -0.1473653834433771E+02
  0.11100000E+03     -0.1480414690347685E+02
  0.11200000E+03     -0.1487034408990472E+02
  0.11300000E+03     -0.1493572142252362E+02
  0.11400000E+03     -0.1499961561992363E+02
  0.11500000E+03     -0.1506211479084550E+02
  0.11600000E+03     -0.1512320083078592E+02
  0.11700000E+03     -0.1518322986544370E+02
  0.11800000E+03     -0.1524184102443776E+02
  0.11900000E+03     -0.1529851205276232E+02
  0.12000000E+03     -0.1535385753784578E+02
  0.12100000E+03     -0.1540842542332684E+02
  0.12200000E+03     -0.1546126755009653E+02
  0.12300000E+03     -0.1551196815751350E+02
  0.12400000E+03     -0.1556078026410278E+02
  0.12500000E+03     -0.1560809500972481E+02
  0.12600000E+03     -0.1565387389304829E+02
  0.12700000E+03     -0.1569805157483366E+02
  0.12800000E+03     -0.1574061691426142E+02
  0.12900000E+03     -0.1578222960364516E+02
  0.13000000E+03     -0.1582130882211057E+02
  0.13100000E+03     -0.1585863387065825E+02
  0.13200000E+03     -0.1589416083325816E+02
  0.13300000E+03     -0.1592801244696585E+02
  0.13400000E+03     -0.1595954770370103E+02
  0.13500000E+03     -0.1598952768292417E+02
  0.13600000E+03     -0.1601791403692517E+02
  0.13700000E+03     -0.1604490195926425E+02
  0.13800000E+03     -0.1606952196990503E+02
  0.13900000E+03     -0.1609276807104330E+02
  0.14000000E+03     -0.1611383697524739E+02
  0.14100000E+03     -0.1613329632139398E+02
  0.14200000E+03     -0.1615002032688655E+02
  0.14300000E+03     -0.1616535154961754E+02
  0.14400000E+03     -0.1617869532964561E+02
  0.14500000E+03     -0.1618963687926079E+02
  0.14600000E+03     -0.1619850969499542E+02
  0.14700000E+03     -0.1620626454216044E+02
  0.14800000E+03     -0.1621169975582490E+02
  0.14900000E+03     -0.1621574235030186E+02
  0.15000000E+03     -0.1621753355119263E+02
  0.15100000E+03     -0.1621739912176028E+02
  0.15200000E+03     -0.1621556650654352E+02
  0.15300000E+03     -0.1621134852841165E+02
  0.15400000E+03     -0.1620500155036941E+02
  0.15500000E+03     -0.1619660293592765E+02
  0.15600000E+03     -0.1618628568617380E+02
  0.15700000E+03     -0.1617367669026893E+02
  0.15800000E+03     -0.1615936314579201E+02
  0.15900000E+03     -0.1614373486387446E+02
  0.16000000E+03     -0.1612589610534120E+02
  0.16100000E+03     -0.1610574175728910E+02
  0.16200000E+03     -0.1608345356792162E+02
  0.16300000E+03     -0.1605952512638270E+02
  0.16400000E+03     -0.1603363127851447E+02
  0.16500000E+03     -0.1600596075530053E+02
  0.16600000E+03     -0.1597629286946390E+02
  0.16700000E+03     -0.1594439278138830E+02
  0.16800000E+03     -0.1591061866261987E+02
  0.16900000E+03     -0.1587452486864938E+02
  0.17000000E+03     -0.1583695274296316E+02
  0.17100000E+03     -0.1579712514016454E+02
  0.17200000E+03     -0.1575558027555537E+02
  0.17300000E+03     -0.1571225322980404E+02
  0.17400000E+03     -0.1566672567544827E+02
  0.17500000E+03     -0.1561998579732665E+02
  0.17600000E+03     -0.1557019250580396E+02
  0.17700000E+03     -0.1551864806116542E+02
  0.17800000E+03     -0.1546502133552211E+02
  0.17900000E+03     -0.1540936102535369E+02
  0.18000000E+03     -0.1535234745811259E+02
  0.18100000E+03     -0.1529317974295559E+02
  0.18200000E+03     -0.1523233059811231E+02
  0.18300000E+03     -0.1516946801883539E+02
  0.18400000E+03     -0.1510508827351041E+02
  0.18500000E+03     -0.1503846195712803E+02
  0.18600000E+03     -0.1496976746983920E+02
  0.18700000E+03     -0.1489906662159485E+02
  0.18800000E+03     -0.1482737959469878E+02
  0.18900000E+03     -0.1475381490013420E+02
  0.19000000E+03     -0.1467885385263902E+02
  0.19100000E+03     -0.1460172250257917E+02
  0.19200000E+03     -0.1452210501335730E+02
  0.19300000E+03     -0.1444104968114303E+02
  0.19400000E+03     -0.1435854499357119E+02
  0.19500000E+03     -0.1427451010413705E+02
  0.19600000E+03     -0.1418845741397891E+02
  0.19700000E+03     -0.1410035803729098E+02
  0.19800000E+03     -0.1401077711374597E+02
  0.19900000E+03     -0.1391948674849138E+02
  0.20000000E+03     -0.1382635192210789E+02
  0.20100000E+03     -0.1373197234992237E+02
  0.20200000E+03     -0.1363589251934943E+02
  0.20300000E+03     -0.1353772507689889E+02
  0.20400000E+03     -0.1343813190345986E+02
  0.20500000E+03     -0.1333741874883727E+02
  0.20600000E+03     -0.1323487542827471E+02
  0.20700000E+03     -0.1313132095067074E+02
  0.20800000E+03     -0.1302620300867959E+02
  0.20900000E+03     -0.1291900785105382E+02
  0.21000000E+03     -0.1281052212823354E+02
  0.21100000E+03     -0.1270079332657312E+02
  0.21200000E+03     -0.1259004208185856E+02
  0.21300000E+03     -0.1247779698688083E+02
  0.21400000E+03     -0.1236358845357315E+02
  0.21500000E+03     -0.1224782623510186E+02
  0.21600000E+03     -0.1213153966654467E+02
  0.21700000E+03     -0.1201397876579492E+02
  0.21800000E+03     -0.1189539626609037E+02
  0.21900000E+03     -0.1177463344385838E+02
  0.22000000E+03     -0.1165360873664708E+02
  0.22100000E+03     -0.1153079042464007E+02
  0.22200000E+03     -0.1140779573579761E+02
  0.22300000E+03     -0.1128334895970583E+02
  0.22400000E+03     -0.1115817139905256E+02
  0.22500000E+03     -0.1103141032753044E+02
  0.22600000E+03     -0.1090435451836533E+02
  0.22700000E+03     -0.1077631677612431E+02
  0.22800000E+03     -0.1064751679074735E+02
  0.22900000E+03     -0.1051810122302839E+02
  0.23000000E+03     -0.1038814428829332E+02
  0.23100000E+03     -0.1025654664527097E+02
  0.23200000E+03     -0.1012526665258900E+02
  0.23300000E+03     -0.9993014942049639E+01
  0.23400000E+03     -0.9860130824931753E+01
  0.23500000E+03     -0.9727526018856324E+01
  0.23600000E+03     -0.9593785157689311E+01
  0.23700000E+03     -0.9459657955337143E+01
  0.23800000E+03     -0.9325272384070317E+01
  0.23900000E+03     -0.9190397936275755E+01
  0.24000000E+03     -0.9055468360975750E+01
  0.24100000E+03     -0.8920413714133026E+01
  0.24200000E+03     -0.8785361840876215E+01
  0.24300000E+03     -0.8649983442116611E+01
  0.24400000E+03     -0.8513361032370298E+01
  0.24500000E+03     -0.8378330099169649E+01
  0.24600000E+03     -0.8243495170027629E+01
  0.24700000E+03     -0.8106907987976111E+01
  0.24800000E+03     -0.7972234096622230E+01
  0.24900000E+03     -0.7836775378095751E+01
  0.25000000E+03     -0.7703295668472566E+01
  0.25100000E+03     -0.7569981815854427E+01
  0.25200000E+03     -0.7437782291480314E+01
  0.25300000E+03     -0.7307348923137077E+01
  0.25400000E+03     -0.7175324038923684E+01
  0.25500000E+03     -0.7045887878156854E+01
  0.25600000E+03     -0.6914567430017613E+01
  0.25700000E+03     -0.6785720389304956E+01
  0.25800000E+03     -0.6655778529862985E+01
  0.25900000E+03     -0.6527829636308294E+01
  0.26000000E+03     -0.6400630636214135E+01
  0.26100000E+03     -0.6276697879174279E+01
  0.26200000E+03     -0.6154512209969131E+01
  0.26300000E+03     -0.6031196865603038E+01
  0.26400000E+03     -0.5911212503522810E+01
  0.26500000E+03     -0.5792846775947491E+01
  0.26600000E+03     -0.5674716762243671E+01
  0.26700000E+03     -0.5559598000245954E+01
  0.26800000E+03     -0.5447806577366416E+01
  0.26900000E+03     -0.5335186534510241E+01
  0.27000000E+03     -0.5227184160144096E+01
  0.27100000E+03     -0.5119678601475817E+01
  0.27200000E+03     -0.5016292379490450E+01
  0.27300000E+03     -0.4915715324989299E+01
  0.27400000E+03     -0.4815019170097314E+01
  0.27500000E+03     -0.4718579873610276E+01
  0.27600000E+03     -0.4624893313688779E+01
  0.27700000E+03     -0.4533038625152989E+01
  0.27800000E+03     -0.4444576337388797E+01
  0.27900000E+03     -0.4359987329317031E+01
  0.28000000E+03     -0.4278366867368794E+01
  0.28100000E+03     -0.4198541215640171E+01
  0.28200000E+03     -0.4123778546135616E+01
  0.28300000E+03     -0.4052176225535179E+01
  0.28400000E+03     -0.3985111193578016E+01
  0.28500000E+03     -0.3922696679168422E+01
  0.28600000E+03     -0.3864333570703676E+01
  0.28700000E+03     -0.3806163267801986E+01
  0.28800000E+03     -0.3754732384024931E+01
  0.28900000E+03     -0.3706421387491301E+01
  0.29000000E+03     -0.3665501403471407E+01
  0.29100000E+03     -0.3628568057590187E+01
  0.29200000E+03     -0.3596282230689142E+01
  0.29300000E+03     -0.3567924178661801E+01
  0.29400000E+03     -0.3546859482954864E+01
  0.29500000E+03     -0.3530662478889747E+01
  0.29600000E+03     -0.3518355620088863E+01
  0.29700000E+03     -0.3512101597067939E+01
  0.29800000E+03     -0.3512438291042413E+01
  0.29900000E+03     -0.3517696069717720E+01
  0.30000000E+03     -0.3529611785007743E+01
  0.30100000E+03     -0.3548628448255899E+01
  0.30200000E+03     -0.3573664303260041E+01
  0.30300000E+03     -0.3606016079924499E+01
  0.30400000E+03     -0.3643829394664918E+01
  0.30500000E+03     -0.3687170380405069E+01
  0.30600000E+03     -0.3738380085034581E+01
  0.30700000E+03     -0.3796506971073484E+01
  0.30800000E+03     -0.3862274818885328E+01
  0.30900000E+03     -0.3936006329851217E+01
  0.31000000E+03     -0.4018081645804276E+01
  0.31100000E+03     -0.4106909924043286E+01
  0.31200000E+03     -0.4203186220707916E+01
  0.31300000E+03     -0.4308876158767099E+01
  0.31400000E+03     -0.4422386319886950E+01
  0.31500000E+03     -0.4544298440242802E+01
  0.31600000E+03     -0.4674227565174803E+01
  0.31700000E+03     -0.4817434824737163E+01
  0.31800000E+03     -0.4965085420007405E+01
  0.31900000E+03     -0.5123832673202880E+01
  0.32000000E+03     -0.5292991229806084E+01
  0.32100000E+03     -0.5470972893004120E+01
  0.32200000E+03     -0.5662908058406060E+01
  0.32300000E+03     -0.5861608887208012E+01
  0.32400000E+03     -0.6070306169162423E+01
  0.32500000E+03     -0.6288291704262478E+01
  0.32600000E+03     -0.6521629536156014E+01
  0.32700000E+03     -0.6764676886320723E+01
  0.32800000E+03     -0.7017937627088363E+01
  0.32900000E+03     -0.7280469788955668E+01
  0.33000000E+03     -0.7559237822922054E+01
  0.33100000E+03     -0.7848214367425357E+01
  0.33200000E+03     -0.8149745305060879E+01
  0.33300000E+03     -0.8464201237323756E+01
  0.33400000E+03     -0.8790233823118939E+01
  0.33500000E+03     -0.9128201824592669E+01
  0.33600000E+03     -0.9480081795036174E+01
  0.33700000E+03     -0.9847485853194822E+01
  0.33800000E+03     -0.1022990374467901E+02
  0.33900000E+03     -0.1062175303018952E+02
  0.34000000E+03     -0.1103016590673407E+02
  0.34100000E+03     -0.1144817402729780E+02
  0.34200000E+03     -0.1188807146649672E+02
  0.34300000E+03     -0.1233729003604073E+02
  0.34400000E+03     -0.1280095835778617E+02
  0.34500000E+03     -0.1327833122528881E+02
  0.34600000E+03     -0.1377612483859410E+02
  0.34700000E+03     -0.1429122625184496E+02
  0.34800000E+03     -0.1481916973590161E+02
  0.34900000E+03     -0.1535937567380139E+02
  0.35000000E+03     -0.1592238038727192E+02
  0.35100000E+03     -0.1650159395788995E+02
  0.35200000E+03     -0.1709786686303363E+02
  0.35300000E+03     -0.1771334502368814E+02
  0.35400000E+03     -0.1834954433494910E+02
  0.35500000E+03     -0.1900212481996713E+02
  0.35600000E+03     -0.1966762259900367E+02
  0.35700000E+03     -0.2035333130522572E+02
  0.35800000E+03     -0.2105692324943214E+02
  0.35900000E+03     -0.2178129313729959E+02
  0.36000000E+03     -0.2252410979007995E+02
  0.36100000E+03     -0.2328453053662856E+02
  0.36200000E+03     -0.2406703699017352E+02
  0.36300000E+03     -0.2487151769687932E+02
  0.36400000E+03     -0.2570097445859903E+02
  0.36500000E+03     -0.2654350630711331E+02
  0.36600000E+03     -0.2740936201347539E+02
  0.36700000E+03     -0.2829168756276558E+02
  0.36800000E+03     -0.2920544343473466E+02
  0.36900000E+03     -0.3013763226205325E+02
  0.37000000E+03     -0.3108888092997418E+02
  0.37100000E+03     -0.3206750176101236E+02
  0.37200000E+03     -0.3306599421593562E+02
  0.37300000E+03     -0.3408735308116833E+02
  0.37400000E+03     -0.3514243390550877E+02
  0.37500000E+03     -0.3621767568064192E+02
  0.37600000E+03     -0.3732032858631418E+02
  0.37700000E+03     -0.3843729377074445E+02
  0.37800000E+03     -0.3958762479011643E+02
  0.37900000E+03     -0.4075408471122243E+02
  0.38000000E+03     -0.4194769187406932E+02
  0.38100000E+03     -0.4317076523883228E+02
  0.38200000E+03     -0.4441734324068104E+02
  0.38300000E+03     -0.4569279898630414E+02
  0.38400000E+03     -0.4699812055434207E+02
  0.38500000E+03     -0.4832370313741691E+02
  0.38600000E+03     -0.4967616789653073E+02
  0.38700000E+03     -0.5106429113643930E+02
  0.38800000E+03     -0.5247751378736876E+02
  0.38900000E+03     -0.5391567666322118E+02
  0.39000000E+03     -0.5539477200120913E+02
  0.39100000E+03     -0.5690320240843938E+02
  0.39200000E+03     -0.5843859278895315E+02
  0.39300000E+03     -0.6000255261594603E+02
  0.39400000E+03     -0.6159873767050149E+02
  0.39500000E+03     -0.6322942672373450E+02
  0.39600000E+03     -0.6488230626007112E+02
  0.39700000E+03     -0.6657434208706822E+02
  0.39800000E+03     -0.6829975346140488E+02
  0.39900000E+03     -0.7006639302493861E+02
  0.40000000E+03     -0.7185558233818485E+02
  0.40100000E+03     -0.7367484225069649E+02
  0.40200000E+03     -0.7553306734132478E+02
  0.40300000E+03     -0.7742396817540589E+02
  0.40400000E+03     -0.7935219535447952E+02
  0.40500000E+03     -0.8131301881486451E+02
  0.40600000E+03     -0.8331606633097438E+02
  0.40700000E+03     -0.8535344917915141E+02
  0.40800000E+03     -0.8741671332078823E+02
  0.40900000E+03     -0.8952494034014650E+02
  0.41000000E+03     -0.9166149204231894E+02
  0.41100000E+03     -0.9384599220555803E+02
  0.41200000E+03     -0.9605792296980250E+02
  0.41300000E+03     -0.9830092119560311E+02
  0.41400000E+03     -0.1005965445754109E+03
  0.41500000E+03     -0.1029367398411065E+03
  0.41600000E+03     -0.1053097752097654E+03
  0.41700000E+03     -0.1077328124104613E+03
  0.41800000E+03     -0.1101839562912245E+03
  0.41900000E+03     -0.1126771418085350E+03
  0.42000000E+03     -0.1152229845456558E+03
  0.42100000E+03     -0.1177960945499780E+03
  0.42200000E+03     -0.1204226708081659E+03
  0.42300000E+03     -0.1230841639779568E+03
  0.42400000E+03     -0.1257952840244126E+03
  0.42500000E+03     -0.1285470073729897E+03
  0.42600000E+03     -0.1313388496781509E+03
  0.42700000E+03     -0.1341833669020539E+03
  0.42800000E+03     -0.1370764287381087E+03
  0.42900000E+03     -0.1400088308312076E+03
  0.43000000E+03     -0.1429892831618653E+03
  0.43100000E+03     -0.1460027444854753E+03
  0.43200000E+03     -0.1490736878291983E+03
  0.43300000E+03     -0.1521839200548748E+03
  0.43400000E+03     -0.1553576596698100E+03
  0.43500000E+03     -0.1585716646466646E+03
  0.43600000E+03     -0.1618203341275892E+03
  0.43700000E+03     -0.1651374953457383E+03
  0.43800000E+03     -0.1685107408120658E+03
  0.43900000E+03     -0.1719304569236932E+03
  0.44000000E+03     -0.1754117246227253E+03
  0.44100000E+03     -0.1789174559161815E+03
  0.44200000E+03     -0.1824664886781097E+03
  0.44300000E+03     -0.1860816619175346E+03
  0.44400000E+03     -0.1897441913206586E+03
  0.44500000E+03     -0.1934769694709481E+03
  0.44600000E+03     -0.1972643130324852E+03
  0.44700000E+03     -0.2010999605029753E+03
  0.44800000E+03     -0.2049899806739776E+03
  0.44900000E+03     -0.2089463600809175E+03
  0.45000000E+03     -0.2129569592624510E+03
  0.45100000E+03     -0.2170088136242603E+03
  0.45200000E+03     -0.2211437896792146E+03
  0.45300000E+03     -0.2253234750889652E+03
  0.45400000E+03     -0.2295775289999071E+03
  0.45500000E+03     -0.2338743738631355E+03
  0.45600000E+03     -0.2382308370692881E+03
  0.45700000E+03     -0.2426429205545453E+03
  0.45800000E+03     -0.2471198390762195E+03
  0.45900000E+03     -0.2516622628185482E+03
  0.46000000E+03     -0.2562714535311031E+03
  0.46100000E+03     -0.2609239719663543E+03
  0.46200000E+03     -0.2656599235716841E+03
  0.46300000E+03     -0.2704550081906636E+03
  0.46400000E+03     -0.2753021032875575E+03
  0.46500000E+03     -0.2802144783156072E+03
  0.46600000E+03     -0.2852034881992158E+03
  0.46700000E+03     -0.2902777823038098E+03
  0.46800000E+03     -0.2954084740747197E+03
  0.46900000E+03     -0.3006158353988222E+03
  0.47000000E+03     -0.3058645157139208E+03
  0.47100000E+03     -0.3111615251261591E+03
  0.47200000E+03     -0.3165497877772951E+03
  0.47300000E+03     -0.3220089832820169E+03
  0.47400000E+03     -0.3275250724524653E+03
  0.47500000E+03     -0.3331248999844569E+03
  0.47600000E+03     -0.3387907351470242E+03
  0.47700000E+03     -0.3445415411260890E+03
  0.47800000E+03     -0.3503635485521789E+03
  0.47900000E+03     -0.3562448682016542E+03
  0.48000000E+03     -0.3622169364625076E+03
  0.48100000E+03     -0.3682567130789482E+03
  0.48200000E+03     -0.3743724027709690E+03
  0.48300000E+03     -0.3805519291466932E+03
  0.48400000E+03     -0.3868047402192497E+03
  0.48500000E+03     -0.3931310506919733E+03
  0.48600000E+03     -0.3995616807615477E+03
  0.48700000E+03     -0.4060694120911485E+03
  0.48800000E+03     -0.4126271044818774E+03
  0.48900000E+03     -0.4192682993268260E+03
  0.49000000E+03     -0.4260151606047485E+03
  0.49100000E+03     -0.4328632291088628E+03
  0.49200000E+03     -0.4397888193082791E+03
  0.49300000E+03     -0.4467650921748042E+03
  0.49400000E+03     -0.4538063578707107E+03
  0.49500000E+03     -0.4609626299938116E+03
  0.49600000E+03     -0.4681823522978493E+03
  0.49700000E+03     -0.4754531965260689E+03
  0.49800000E+03     -0.4828834297566153E+03
  0.49900000E+03     -0.4903613222581120E+03
  0.50000000E+03     -0.4979568223384634E+03
  0.50100000E+03     -0.5056320419056111E+03
  0.50200000E+03     -0.5133749075634045E+03
  0.50300000E+03     -0.5212049814170864E+03
  0.50400000E+03     -0.5291549004319716E+03
  0.50500000E+03     -0.5372117992644505E+03
  0.50600000E+03     -0.5452977447339209E+03
  0.50700000E+03     -0.5535210866397584E+03
  0.50800000E+03     -0.5618292222106070E+03
  0.50900000E+03     -0.5702146696461107E+03
  0.51000000E+03     -0.5787343462528888E+03
