  0.00000000E+00     -0.2409472289343105E-09      0.1530525371766656E-18
  0.10000000E+01     -0.6057402424756286E-03      0.3669212413531142E-06
  0.20000000E+01     -0.3498797024550540E-01      0.2049588457059491E-01
  0.30000000E+01     -0.1030995313060314E+00      0.6879065694174366E-01
  0.40000000E+01     -0.2049459217513785E+00      0.1590395805838922E+00
  0.50000000E+01     -0.3406977235456978E+00      0.3124946333264180E+00
  0.60000000E+01     -0.5103309565430956E+00      0.5577462286128729E+00
  0.70000000E+01     -0.7135276145615952E+00      0.9278708339440592E+00
  0.80000000E+01     -0.9505087693108221E+00      0.1465490178045917E+01
  0.90000000E+01     -0.1221881555137429E+01      0.2221675124850890E+01
  0.10000000E+02     -0.1526813310051981E+01      0.3248690837683498E+01
  0.11000000E+02     -0.1866022567919746E+01      0.4610911610948217E+01
  0.12000000E+02     -0.2238768797328822E+01      0.6378001555784246E+01
  0.13000000E+02     -0.2645363299317365E+01      0.8621835650548681E+01
  0.14000000E+02     -0.3085092757965108E+01      0.1142516405441041E+02
  0.15000000E+02     -0.3559990653451492E+01      0.1489222810638388E+02
  0.16000000E+02     -0.4068468973367976E+01      0.1910962765709295E+02
  0.17000000E+02     -0.4611098256261029E+01      0.2418283934798898E+02
  0.18000000E+02     -0.5187862606434495E+01      0.3022430608034379E+02
  0.19000000E+02     -0.5797413484840463E+01      0.3733557436299506E+02
  0.20000000E+02     -0.6441895777883857E+01      0.4567030676989920E+02
  0.21000000E+02     -0.7119579679725200E+01      0.5533363325334354E+02
  0.22000000E+02     -0.7832143111768127E+01      0.6648962785945703E+02
  0.23000000E+02     -0.8577426475271343E+01      0.7925163517077031E+02
  0.24000000E+02     -0.9357468380427816E+01      0.9380840144795532E+02
  0.25000000E+02     -0.1017151225463333E+02      0.1102979128463796E+03
  0.26000000E+02     -0.1101846585587517E+02      0.1288691985453747E+03
  0.27000000E+02     -0.1190242156602931E+02      0.1497873564679472E+03
  0.28000000E+02     -0.1281782888650544E+02      0.1731120882195440E+03
  0.29000000E+02     -0.1376820943770088E+02      0.1991073694977347E+03
  0.30000000E+02     -0.1475098320068458E+02      0.2278943810977911E+03
  0.31000000E+02     -0.1577134324020535E+02      0.2598432966831973E+03
  0.32000000E+02     -0.1682356447967038E+02      0.2949684454332320E+03
  0.33000000E+02     -0.1790806053843646E+02      0.3334909180821335E+03
  0.34000000E+02     -0.1902897900980994E+02      0.3758099622468708E+03
  0.35000000E+02     -0.2018309695718253E+02      0.4220241595820653E+03
  0.36000000E+02     -0.2136882725681753E+02      0.4722699843928966E+03
  0.37000000E+02     -0.2259129589400127E+02      0.5270243637440728E+03
  0.38000000E+02     -0.2384577262679509E+02      0.5863320078513547E+03
  0.39000000E+02     -0.2513594687899139E+02      0.6506376023189894E+03
  0.40000000E+02     -0.2645905827755023E+02      0.7200633551793910E+03
  0.41000000E+02     -0.2781208611617620E+02      0.7946677120127431E+03
  0.42000000E+02     -0.2920270414259627E+02      0.8751712164810396E+03
  0.43000000E+02     -0.3062621842269688E+02      0.9616091790185225E+03
  0.44000000E+02     -0.3208431566418461E+02      0.1054369340694553E+04
  0.45000000E+02     -0.3357264061964584E+02      0.1153426186078628E+04
  0.46000000E+02     -0.3509834216491576E+02      0.1259584894323423E+04
  0.47000000E+02     -0.3665720265311005E+02      0.1372867210389367E+04
  0.48000000E+02     -0.3824859681037550E+02      0.1493540675644499E+04
  0.49000000E+02     -0.3987466041874167E+02      0.1622108985262920E+04
  0.50000000E+02     -0.4153431436330335E+02      0.1758797529014836E+04
  0.51000000E+02     -0.4322605213874293E+02      0.1903824107085819E+04
  0.52000000E+02     -0.4495239383833826E+02      0.2057736722858178E+04
  0.53000000E+02     -0.4670928662672642E+02      0.2220492475031453E+04
  0.54000000E+02     -0.4850239794335689E+02      0.2392975135543464E+04
  0.55000000E+02     -0.5032338464903972E+02      0.2574770748839821E+04
  0.56000000E+02     -0.5218063293522558E+02      0.2766973198790263E+04
  0.57000000E+02     -0.5406421770346046E+02      0.2969008760263157E+04
  0.58000000E+02     -0.5598746190013504E+02      0.3182621039987823E+04
  0.59000000E+02     -0.5794561979713841E+02      0.3407760239459765E+04
  0.60000000E+02     -0.5993348842118677E+02      0.3644153868639435E+04
  0.61000000E+02     -0.6195588558818149E+02      0.3892751086766327E+04
  0.62000000E+02     -0.6400705722516146E+02      0.4153253744101724E+04
  0.63000000E+02     -0.6608646085098729E+02      0.4425919360795195E+04
  0.64000000E+02     -0.6819933098771772E+02      0.4711919017434013E+04
  0.65000000E+02     -0.7034502838451282E+02      0.5011487876604766E+04
  0.66000000E+02     -0.7252120090205570E+02      0.5324714553146717E+04
  0.67000000E+02     -0.7473451029294915E+02      0.5653019548444799E+04
  0.68000000E+02     -0.7697405537783749E+02      0.5995205040335271E+04
  0.69000000E+02     -0.7924479237866421E+02      0.6352345738633074E+04
  0.70000000E+02     -0.8154853517823948E+02      0.6725255924442716E+04
  0.71000000E+02     -0.8387738841674013E+02      0.7113022097346258E+04
  0.72000000E+02     -0.8624141782211709E+02      0.7517714209582103E+04
  0.73000000E+02     -0.8862992624581801E+02      0.7938032224824814E+04
  0.74000000E+02     -0.9105287010259174E+02      0.8376066554218898E+04
  0.75000000E+02     -0.9350915033391439E+02      0.8832129488057053E+04
  0.76000000E+02     -0.9599184102774989E+02      0.9305251554823448E+04
  0.77000000E+02     -0.9851097723252867E+02      0.9798034462864556E+04
  0.78000000E+02     -0.1010447319564877E+03      0.1030642385427414E+05
  0.79000000E+02     -0.1036225642140540E+03      0.1083691127097323E+05
  0.80000000E+02     -0.1062299868251889E+03      0.1138692709927607E+05
  0.81000000E+02     -0.1088640932518179E+03      0.1195640582505248E+05
  0.82000000E+02     -0.1115271768535953E+03      0.1254637023447478E+05
  0.83000000E+02     -0.1142198400491436E+03      0.1315709422630232E+05
  0.84000000E+02     -0.1169384076747055E+03      0.1378844950148038E+05
  0.85000000E+02     -0.1196862085839711E+03      0.1444160300575556E+05
  0.86000000E+02     -0.1224608396180020E+03      0.1511652143555079E+05
  0.87000000E+02     -0.1252680470669960E+03      0.1581509134949746E+05
  0.88000000E+02     -0.1280996501663986E+03      0.1653568314536378E+05
  0.89000000E+02     -0.1309618319082078E+03      0.1728028455091449E+05
  0.90000000E+02     -0.1338456087457349E+03      0.1804707906585329E+05
  0.91000000E+02     -0.1367697286847653E+03      0.1884163422029772E+05
  0.92000000E+02     -0.1397084547150785E+03      0.1965739619078695E+05
  0.93000000E+02     -0.1426774927679405E+03      0.2049895138162726E+05
  0.94000000E+02     -0.1456652646236172E+03      0.2136372425573654E+05
  0.95000000E+02     -0.1486847353179634E+03      0.2225577193633256E+05
  0.96000000E+02     -0.1517354021002579E+03      0.2317546981677235E+05
  0.97000000E+02     -0.1548067657958605E+03      0.2412021681389766E+05
  0.98000000E+02     -0.1578946781700056E+03      0.2508899412093635E+05
  0.99000000E+02     -0.1610107336646372E+03      0.2608588059945372E+05
  0.10000000E+03     -0.1641521935448136E+03      0.2711067586210989E+05
  0.10100000E+03     -0.1673189714908306E+03      0.2816346895175962E+05
  0.10200000E+03     -0.1705112188767524E+03      0.2924526858699562E+05
  0.10300000E+03     -0.1737334942555007E+03      0.3035777442495138E+05
  0.10400000E+03     -0.1769709477972507E+03      0.3149633290772451E+05
  0.10500000E+03     -0.1802357770201389E+03      0.3266600136551233E+05
  0.10600000E+03     -0.1835338624019417E+03      0.3386909191416573E+05
  0.10700000E+03     -0.1868442265847502E+03      0.3509843347912347E+05
  0.10800000E+03     -0.1901889391457129E+03      0.3636284222896769E+05
  0.10900000E+03     -0.1935576807656442E+03      0.3765865285195880E+05
  0.11000000E+03     -0.1969383623194954E+03      0.3898198146240500E+05
  0.11100000E+03     -0.2003414333665411E+03      0.4033713477092665E+05
  0.11200000E+03     -0.2037747967559082E+03      0.4172764567095481E+05
  0.11300000E+03     -0.2072326622722379E+03      0.4315217009330797E+05
  0.11400000E+03     -0.2106998033440972E+03      0.4460449898580167E+05
  0.11500000E+03     -0.2141923932544761E+03      0.4609140402291030E+05
  0.11600000E+03     -0.2177120104548647E+03      0.4761485647139775E+05
  0.11700000E+03     -0.2212568858382726E+03      0.4917393427108851E+05
  0.11800000E+03     -0.2248231086833441E+03      0.5076756503315857E+05
  0.11900000E+03     -0.2284079509393657E+03      0.5239516884865621E+05
  0.12000000E+03     -0.2320168996416403E+03      0.5405995768048727E+05
  0.12100000E+03     -0.2356360147853715E+03      0.5575538144534671E+05
  0.12200000E+03     -0.2392931775166445E+03      0.5749566426176543E+05
  0.12300000E+03     -0.2429655939198267E+03      0.5926968284608699E+05
  0.12400000E+03     -0.2466445767562750E+03      0.6107396203020945E+05
  0.12500000E+03     -0.2503628879178114E+03      0.6292480142879511E+05
  0.12600000E+03     -0.2541062286992115E+03      0.6481611602185909E+05
  0.12700000E+03     -0.2578574913295668E+03      0.6673955010230515E+05
  0.12800000E+03     -0.2616267130357256E+03      0.6870044100067102E+05
  0.12900000E+03     -0.2654143192556477E+03      0.7069945455205286E+05
  0.13000000E+03     -0.2692332081402130E+03      0.7274417827810546E+05
  0.13100000E+03     -0.2730593924784190E+03      0.7482189352531855E+05
  0.13200000E+03     -0.2768943326004674E+03      0.7693357981192066E+05
  0.13300000E+03     -0.2807677774387268E+03      0.7909623474473043E+05
  0.13400000E+03     -0.2846586729557134E+03      0.8129911847508012E+05
  0.13500000E+03     -0.2885773919285110E+03      0.8354803255202982E+05
  0.13600000E+03     -0.2925043813729476E+03      0.8583279347540761E+05
  0.13700000E+03     -0.2964453367528818E+03      0.8815614576478602E+05
  0.13800000E+03     -0.3004052369688378E+03      0.9052210490951552E+05
  0.13900000E+03     -0.3043909214616141E+03      0.9293531105888974E+05
  0.14000000E+03     -0.3084011931462717E+03      0.9539539854974403E+05
  0.14100000E+03     -0.3124309976782291E+03      0.9789989305424900E+05
  0.14200000E+03     -0.3164832157121592E+03      0.1004509609830803E+06
  0.14300000E+03     -0.3205297427124245E+03      0.1030308044529001E+06
  0.14400000E+03     -0.3246000600047732E+03      0.1056590807064069E+06
  0.14500000E+03     -0.3287004098631563E+03      0.1083401487191437E+06
  0.14600000E+03     -0.3328318094937098E+03      0.1110753968650769E+06
  0.14700000E+03     -0.3369656028872143E+03      0.1138464861995798E+06
  0.14800000E+03     -0.3411161082181712E+03      0.1166630645669552E+06
  0.14900000E+03     -0.3452912196218256E+03      0.1195310036987844E+06
  0.15000000E+03     -0.3494826651432979E+03      0.1224449556341751E+06
  0.15100000E+03     -0.3536888211401255E+03      0.1254043958765245E+06
  0.15200000E+03     -0.3579066421036671E+03      0.1284077068483075E+06
  0.15300000E+03     -0.3621343315522041E+03      0.1314534498630559E+06
  0.15400000E+03     -0.3663961849251860E+03      0.1345602007018614E+06
  0.15500000E+03     -0.3706599336102777E+03      0.1377047730985731E+06
  0.15600000E+03     -0.3749424734066327E+03      0.1408995538748611E+06
  0.15700000E+03     -0.3792460413995098E+03      0.1441466678955705E+06
  0.15800000E+03     -0.3835791068991493E+03      0.1474540241265094E+06
  0.15900000E+03     -0.3879396023363187E+03      0.1508204796183343E+06
  0.16000000E+03     -0.3923040081632151E+03      0.1542276335877939E+06
  0.16100000E+03     -0.3966929294736626E+03      0.1576917997621034E+06
  0.16200000E+03     -0.4010860375267740E+03      0.1611980303746680E+06
  0.16300000E+03     -0.4054919582166767E+03      0.1647531361724793E+06
  0.16400000E+03     -0.4099276910086276E+03      0.1683714486446807E+06
  0.16500000E+03     -0.4143648834379494E+03      0.1720302923995747E+06
  0.16600000E+03     -0.4188264994277699E+03      0.1757487530015217E+06
  0.16700000E+03     -0.4233173707044074E+03      0.1795321942805646E+06
  0.16800000E+03     -0.4278313373045792E+03      0.1833753939250531E+06
  0.16900000E+03     -0.4323441341725240E+03      0.1872583097238280E+06
  0.17000000E+03     -0.4368844389668026E+03      0.1912060597452835E+06
  0.17100000E+03     -0.4414169564605869E+03      0.1951875064504808E+06
  0.17200000E+03     -0.4459989992040784E+03      0.1992547788229829E+06
  0.17300000E+03     -0.4505875931230599E+03      0.2033700964281683E+06
  0.17400000E+03     -0.4552146529120845E+03      0.2075627151551829E+06
  0.17500000E+03     -0.4598393717165710E+03      0.2117952034960409E+06
  0.17600000E+03     -0.4644872606426613E+03      0.2160920846430742E+06
  0.17700000E+03     -0.4691459470312388E+03      0.2204422373799552E+06
  0.17800000E+03     -0.4738187144348250E+03      0.2248490849550343E+06
  0.17900000E+03     -0.4785001799850594E+03      0.2293078719612857E+06
  0.18000000E+03     -0.4832005270475951E+03      0.2338287521381385E+06
  0.18100000E+03     -0.4879298374742604E+03      0.2384225850924582E+06
  0.18200000E+03     -0.4926720509817034E+03      0.2430730321129205E+06
  0.18300000E+03     -0.4974329155436299E+03      0.2477867778459563E+06
  0.18400000E+03     -0.5022118184055035E+03      0.2525641579298370E+06
  0.18500000E+03     -0.5070105085783056E+03      0.2574069943694300E+06
  0.18600000E+03     -0.5118097941735983E+03      0.2622963660532364E+06
  0.18700000E+03     -0.5166416758106349E+03      0.2672657306477615E+06
  0.18800000E+03     -0.5215024600142389E+03      0.2723121368269686E+06
  0.18900000E+03     -0.5263855810678851E+03      0.2774292935376792E+06
  0.19000000E+03     -0.5312603525011447E+03      0.2825846960965664E+06
  0.19100000E+03     -0.5361599419203716E+03      0.2878144824738047E+06
  0.19200000E+03     -0.5410750464392851E+03      0.2931087626399810E+06
  0.19300000E+03     -0.5460258602225773E+03      0.2984907321312618E+06
  0.19400000E+03     -0.5510014351480547E+03      0.3039485813374592E+06
  0.19500000E+03     -0.5559717952025159E+03      0.3094497070241600E+06
  0.19600000E+03     -0.5609696025713976E+03      0.3150320264908645E+06
  0.19700000E+03     -0.5659903901449319E+03      0.3206897371844858E+06
  0.19800000E+03     -0.5710451515531935E+03      0.3264364382491980E+06
  0.19900000E+03     -0.5760971176592376E+03      0.3322311761005110E+06
  0.20000000E+03     -0.5811752280854085E+03      0.3381071721019037E+06
  0.20100000E+03     -0.5862673280473945E+03      0.3440511633977096E+06
  0.20200000E+03     -0.5913797295919159E+03      0.3500714277910427E+06
  0.20300000E+03     -0.5965016583725286E+03      0.3561547878663390E+06
  0.20400000E+03     -0.6016750431644346E+03      0.3623527944758837E+06
  0.20500000E+03     -0.6068564389248916E+03      0.3686139206759958E+06
  0.20600000E+03     -0.6120530599128741E+03      0.3749473380696250E+06
  0.20700000E+03     -0.6172816223602757E+03      0.3813739760886492E+06
  0.20800000E+03     -0.6225233757424775E+03      0.3878718064186962E+06
  0.20900000E+03     -0.6277676122597876E+03      0.3944274266674370E+06
  0.21000000E+03     -0.6330573713446008E+03      0.4010953047432288E+06
  0.21100000E+03     -0.6383637618524714E+03      0.4078407811225217E+06
  0.21200000E+03     -0.6436842619555817E+03      0.4146604090057766E+06
  0.21300000E+03     -0.6490380084724068E+03      0.4215802999307905E+06
  0.21400000E+03     -0.6543963059584506E+03      0.4285636697337405E+06
  0.21500000E+03     -0.6597889283125418E+03      0.4356488496880227E+06
  0.21600000E+03     -0.6652041673447859E+03      0.4428226671790787E+06
  0.21700000E+03     -0.6706305724391699E+03      0.4500697087818836E+06
  0.21800000E+03     -0.6760887110867999E+03      0.4574189760063268E+06
  0.21900000E+03     -0.6815528056685632E+03      0.4648356412697373E+06
  0.22000000E+03     -0.6871054594592333E+03      0.4724339008015833E+06
  0.22100000E+03     -0.6926252915075919E+03      0.4800480537647625E+06
  0.22200000E+03     -0.6981566383013212E+03      0.4877391687900648E+06
  0.22300000E+03     -0.7037545266989679E+03      0.4955855126854698E+06
  0.22400000E+03     -0.7093665702431363E+03      0.5035146575962413E+06
  0.22500000E+03     -0.7149935685623792E+03      0.5115276849812696E+06
  0.22600000E+03     -0.7206456438732754E+03      0.5196404202155521E+06
  0.22700000E+03     -0.7263136516169977E+03      0.5278396991677185E+06
  0.22800000E+03     -0.7320054563357201E+03      0.5361384361590625E+06
  0.22900000E+03     -0.7377346152199499E+03      0.5445569772781713E+06
  0.23000000E+03     -0.7434781941090977E+03      0.5530628147038284E+06
  0.23100000E+03     -0.7492433640333760E+03      0.5616666031260083E+06
  0.23200000E+03     -0.7550362365771419E+03      0.5703789506540283E+06
  0.23300000E+03     -0.7608734854716445E+03      0.5792256816255166E+06
  0.23400000E+03     -0.7667207854128692E+03      0.5881559421031746E+06
  0.23500000E+03     -0.7725894843443542E+03      0.5971876411487773E+06
  0.23600000E+03     -0.7784939478186743E+03      0.6063436149352909E+06
  0.23700000E+03     -0.7844098464790728E+03      0.6155874746655313E+06
  0.23800000E+03     -0.7903543200675255E+03      0.6249467226114575E+06
  0.23900000E+03     -0.7963382682288461E+03      0.6344395942016483E+06
  0.24000000E+03     -0.8023508492996835E+03      0.6440499502846444E+06
  0.24100000E+03     -0.8083798962594951E+03      0.6537588825593778E+06
  0.24200000E+03     -0.8144514597285845E+03      0.6636099677747570E+06
  0.24300000E+03     -0.8205545141557011E+03      0.6735864554278525E+06
  0.24400000E+03     -0.8266870452149664E+03      0.6836860673458175E+06
  0.24500000E+03     -0.8328315330421040E+03      0.6938810260904640E+06
  0.24600000E+03     -0.8390024535823125E+03      0.7041954069568405E+06
  0.24700000E+03     -0.8451996082230904E+03      0.7146306660020548E+06
  0.24800000E+03     -0.8514257170747412E+03      0.7251920462308924E+06
  0.24900000E+03     -0.8576982211809255E+03      0.7359108346047199E+06
  0.25000000E+03     -0.8639993495705431E+03      0.7467570781297020E+06
  0.25100000E+03     -0.8703109100902293E+03      0.7577013992945052E+06
  0.25200000E+03     -0.8766989259125509E+03      0.7688598399525984E+06
  0.25300000E+03     -0.8830765804935135E+03      0.7800813302130864E+06
  0.25400000E+03     -0.8894913355995636E+03      0.7914501293230326E+06
  0.25500000E+03     -0.8959790936015734E+03      0.8030327120496586E+06
  0.25600000E+03     -0.9024690188700480E+03      0.8147029665820603E+06
  0.25700000E+03     -0.9089918519655912E+03      0.8265172201287532E+06
  0.25800000E+03     -0.9155358877553350E+03      0.8384552139508626E+06
  0.25900000E+03     -0.9221068742035283E+03      0.8505284932593287E+06
  0.26000000E+03     -0.9286955572263798E+03      0.8627207527403296E+06
  0.26100000E+03     -0.9353327294102587E+03      0.8750910039390216E+06
  0.26200000E+03     -0.9419763719537468E+03      0.8875611371294053E+06
  0.26300000E+03     -0.9486529090033720E+03      0.9001821517521221E+06
  0.26400000E+03     -0.9553600857925805E+03      0.9129511887480962E+06
  0.26500000E+03     -0.9621167480958735E+03      0.9259053240077528E+06
  0.26600000E+03     -0.9688913413369335E+03      0.9389855086898655E+06
  0.26700000E+03     -0.9757155435050169E+03      0.9522546104587776E+06
  0.26800000E+03     -0.9825679265307708E+03      0.9656721407843510E+06
  0.26900000E+03     -0.9894357662143934E+03      0.9792140046948028E+06
  0.27000000E+03     -0.9963612591523366E+03      0.9929652878225148E+06
  0.27100000E+03     -0.1003291546910079E+04      0.1006821825314115E+07
  0.27200000E+03     -0.1010280271083805E+04      0.1020892623926287E+07
  0.27300000E+03     -0.1017276719432031E+04      0.1035077062746508E+07
  0.27400000E+03     -0.1024314088255398E+04      0.1049443524583434E+07
  0.27500000E+03     -0.1031400815491065E+04      0.1064010884641130E+07
  0.27600000E+03     -0.1038512101536793E+04      0.1078729996670378E+07
  0.27700000E+03     -0.1045647067268670E+04      0.1093599660387116E+07
  0.27800000E+03     -0.1052829893396553E+04      0.1108671478525460E+07
  0.27900000E+03     -0.1060046843396251E+04      0.1123919153365566E+07
  0.28000000E+03     -0.1067293320585656E+04      0.1139334095874357E+07
  0.28100000E+03     -0.1074496470835695E+04      0.1154759753630272E+07
  0.28200000E+03     -0.1081808768959787E+04      0.1170526694418114E+07
  0.28300000E+03     -0.1089141231802169E+04      0.1186444371023123E+07
  0.28400000E+03     -0.1096517829622510E+04      0.1202566571519286E+07
  0.28500000E+03     -0.1103931220884512E+04      0.1218878448060059E+07
  0.28600000E+03     -0.1111353241208011E+04      0.1235319847512672E+07
  0.28700000E+03     -0.1118844091333862E+04      0.1252025034591783E+07
  0.28800000E+03     -0.1126330097747463E+04      0.1268832155268548E+07
  0.28900000E+03     -0.1133848437919422E+04      0.1285824565576417E+07
  0.29000000E+03     -0.1141426184346129E+04      0.1303065755825841E+07
  0.29100000E+03     -0.1149032609544638E+04      0.1320487967577818E+07
  0.29200000E+03     -0.1156668165562131E+04      0.1338092406752517E+07
  0.29300000E+03     -0.1164310507551147E+04      0.1355830009990313E+07
  0.29400000E+03     -0.1171980402744325E+04      0.1373748545862491E+07
  0.29500000E+03     -0.1179700615704144E+04      0.1391903590861330E+07
  0.29600000E+03     -0.1187429019418411E+04      0.1410197770234645E+07
  0.29700000E+03     -0.1195202467831059E+04      0.1428718351951508E+07
  0.29800000E+03     -0.1203030036360230E+04      0.1447491144407750E+07
  0.29900000E+03     -0.1210853197039862E+04      0.1466376157649151E+07
  0.30000000E+03     -0.1218713290746641E+04      0.1485472755154592E+07
  0.30100000E+03     -0.1226632961526085E+04      0.1504839070521900E+07
  0.30200000E+03     -0.1234559708691646E+04      0.1524348418088966E+07
  0.30300000E+03     -0.1242531854983207E+04      0.1544096372828696E+07
  0.30400000E+03     -0.1250535018106080E+04      0.1564049025449871E+07
  0.30500000E+03     -0.1258567898949953E+04      0.1584204678205307E+07
  0.30600000E+03     -0.1266628871500312E+04      0.1604560708394347E+07
  0.30700000E+03     -0.1274752610806568E+04      0.1625206313096442E+07
  0.30800000E+03     -0.1282870411833484E+04      0.1645968992735024E+07
  0.30900000E+03     -0.1291030719796818E+04      0.1666972934005532E+07
  0.31000000E+03     -0.1299172715699318E+04      0.1688062960863480E+07
  0.31100000E+03     -0.1307394656948583E+04      0.1709494455924732E+07
  0.31200000E+03     -0.1315665811994530E+04      0.1731191189570017E+07
  0.31300000E+03     -0.1323952762145255E+04      0.1753066002596428E+07
  0.31400000E+03     -0.1332223321363675E+04      0.1775034456175564E+07
  0.31500000E+03     -0.1340563305672845E+04      0.1797325510882467E+07
  0.31600000E+03     -0.1348934680666013E+04      0.1819841007489498E+07
  0.31700000E+03     -0.1357317095520452E+04      0.1842527238640721E+07
  0.31800000E+03     -0.1365740997798807E+04      0.1865467114185241E+07
  0.31900000E+03     -0.1374197388802211E+04      0.1888637767554687E+07
  0.32000000E+03     -0.1382687918275732E+04      0.1912045768196856E+07
  0.32100000E+03     -0.1391151419160625E+04      0.1935522810573642E+07
  0.32200000E+03     -0.1399664865672167E+04      0.1959283091789128E+07
  0.32300000E+03     -0.1408256752692659E+04      0.1983409558817153E+07
  0.32400000E+03     -0.1416821298725561E+04      0.2007606681571047E+07
  0.32500000E+03     -0.1425428021728614E+04      0.2032069741749828E+07
  0.32600000E+03     -0.1434079314838318E+04      0.2056809614668448E+07
  0.32700000E+03     -0.1442778163389630E+04      0.2081836474725469E+07
  0.32800000E+03     -0.1451489139357764E+04      0.2107049506769792E+07
  0.32900000E+03     -0.1460207580075491E+04      0.2132435973523090E+07
  0.33000000E+03     -0.1468966244864899E+04      0.2158093174058762E+07
  0.33100000E+03     -0.1477732765072921E+04      0.2183926269980793E+07
  0.33200000E+03     -0.1486542434595148E+04      0.2210042058709492E+07
  0.33300000E+03     -0.1495358299504796E+04      0.2236331237735323E+07
  0.33400000E+03     -0.1504216433354554E+04      0.2262903506170779E+07
  0.33500000E+03     -0.1513087669267955E+04      0.2289672378683773E+07
  0.33600000E+03     -0.1522030138134402E+04      0.2316814598040048E+07
  0.33700000E+03     -0.1530924618603824E+04      0.2343970469806083E+07
  0.33800000E+03     -0.1539879505039796E+04      0.2371470304961090E+07
  0.33900000E+03     -0.1548904556986166E+04      0.2399348767333298E+07
  0.34000000E+03     -0.1557920082356916E+04      0.2427361080582365E+07
  0.34100000E+03     -0.1566937028866070E+04      0.2455539769717789E+07
  0.34200000E+03     -0.1575998480094335E+04      0.2484019720330828E+07
  0.34300000E+03     -0.1585118923430251E+04      0.2512852426880694E+07
  0.34400000E+03     -0.1594172155783584E+04      0.2541637113875488E+07
  0.34500000E+03     -0.1603331978872305E+04      0.2570926643891938E+07
  0.34600000E+03     -0.1612455594052254E+04      0.2600267715149159E+07
  0.34700000E+03     -0.1621656226123854E+04      0.2630026403836929E+07
  0.34800000E+03     -0.1630859026543062E+04      0.2659959817533637E+07
  0.34900000E+03     -0.1640110269449023E+04      0.2690222231254060E+07
  0.35000000E+03     -0.1649388400376178E+04      0.2720744867211898E+07
  0.35100000E+03     -0.1658643220220163E+04      0.2751362086200308E+07
  0.35200000E+03     -0.1667948548248560E+04      0.2782318796182037E+07
  0.35300000E+03     -0.1677250326720244E+04      0.2813437622225701E+07
  0.35400000E+03     -0.1686605284447015E+04      0.2844908346399609E+07
  0.35500000E+03     -0.1695939522356800E+04      0.2876483136083178E+07
  0.35600000E+03     -0.1705309615525765E+04      0.2908355156310546E+07
  0.35700000E+03     -0.1714716732854722E+04      0.2940529655911583E+07
  0.35800000E+03     -0.1724143987832132E+04      0.2972951298599065E+07
  0.35900000E+03     -0.1733558774403859E+04      0.3005506953760515E+07
  0.36000000E+03     -0.1743003796666731E+04      0.3038344944531777E+07
  0.36100000E+03     -0.1752431497425488E+04      0.3071300804008982E+07
  0.36200000E+03     -0.1761883511902804E+04      0.3104521467274959E+07
  0.36300000E+03     -0.1771518642142847E+04      0.3138569615803016E+07
  0.36400000E+03     -0.1781030390636188E+04      0.3172361185196040E+07
  0.36500000E+03     -0.1790614053284753E+04      0.3206593385739402E+07
  0.36600000E+03     -0.1800233926258187E+04      0.3241140005971254E+07
  0.36700000E+03     -0.1809789182731242E+04      0.3275636759447558E+07
  0.36800000E+03     -0.1819360768270011E+04      0.3310373538288403E+07
  0.36900000E+03     -0.1828990968155415E+04      0.3345512034749348E+07
  0.37000000E+03     -0.1838698006954735E+04      0.3381117985290622E+07
  0.37100000E+03     -0.1848278588295580E+04      0.3416444082487376E+07
  0.37200000E+03     -0.1857923978064621E+04      0.3452194124899213E+07
  0.37300000E+03     -0.1867567918022675E+04      0.3488124473192848E+07
  0.37400000E+03     -0.1877275980894617E+04      0.3524484050373819E+07
  0.37500000E+03     -0.1887098050641931E+04      0.3561461193829017E+07
  0.37600000E+03     -0.1896859150643484E+04      0.3598396455599781E+07
  0.37700000E+03     -0.1906558711009296E+04      0.3635290577499874E+07
  0.37800000E+03     -0.1916313152142141E+04      0.3672582350442077E+07
  0.37900000E+03     -0.1926103602706729E+04      0.3710203293878131E+07
  0.38000000E+03     -0.1935933867986370E+04      0.3748171167303367E+07
  0.38100000E+03     -0.1945873649303785E+04      0.3786760996466654E+07
  0.38200000E+03     -0.1955729072489548E+04      0.3825214360622172E+07
  0.38300000E+03     -0.1965491081155688E+04      0.3863495778834440E+07
  0.38400000E+03     -0.1975225580716755E+04      0.3901860165952854E+07
  0.38500000E+03     -0.1985142938035523E+04      0.3941138918836034E+07
  0.38600000E+03     -0.1995067856360354E+04      0.3980645151907796E+07
  0.38700000E+03     -0.2004843692993912E+04      0.4019749134085071E+07
  0.38800000E+03     -0.2014680634257950E+04      0.4059294121670282E+07
  0.38900000E+03     -0.2024628757861902E+04      0.4099478266422333E+07
  0.39000000E+03     -0.2034550021377867E+04      0.4139754701100663E+07
  0.39100000E+03     -0.2044514260333901E+04      0.4180401303274941E+07
  0.39200000E+03     -0.2054510216811605E+04      0.4221377921750402E+07
  0.39300000E+03     -0.2064405242727902E+04      0.4262138749679242E+07
  0.39400000E+03     -0.2074495654544971E+04      0.4303904803171710E+07
  0.39500000E+03     -0.2084472593231946E+04      0.4345402615469473E+07
  0.39600000E+03     -0.2094487714938367E+04      0.4387258797941269E+07
  0.39700000E+03     -0.2104459836487569E+04      0.4429132520937662E+07
  0.39800000E+03     -0.2114288371666242E+04      0.4470598436030694E+07
  0.39900000E+03     -0.2124345851358529E+04      0.4513231256915229E+07
  0.40000000E+03     -0.2134321896569851E+04      0.4555719433214298E+07
  0.40100000E+03     -0.2144318229152744E+04      0.4598493216168628E+07
  0.40200000E+03     -0.2154293849352053E+04      0.4641379904281293E+07
  0.40300000E+03     -0.2164349629728225E+04      0.4684811237477194E+07
  0.40400000E+03     -0.2174404797415174E+04      0.4728442519778195E+07
  0.40500000E+03     -0.2184613895136431E+04      0.4772947885534107E+07
  0.40600000E+03     -0.2194555056001500E+04      0.4816482200432206E+07
  0.40700000E+03     -0.2204571014589939E+04      0.4860547838640093E+07
  0.40800000E+03     -0.2214672255242317E+04      0.4905192586200816E+07
  0.40900000E+03     -0.2224680372931871E+04      0.4949625359782775E+07
  0.41000000E+03     -0.2234657429396858E+04      0.4994119317806565E+07
  0.41100000E+03     -0.2244641900526382E+04      0.5038846445793903E+07
  0.41200000E+03     -0.2254720334600327E+04      0.5084197178631385E+07
  0.41300000E+03     -0.2264777097029060E+04      0.5129652880592486E+07
  0.41400000E+03     -0.2274820488019530E+04      0.5175249143755720E+07
  0.41500000E+03     -0.2284814555484474E+04      0.5220822840041763E+07
  0.41600000E+03     -0.2294934276445831E+04      0.5267170417532803E+07
  0.41700000E+03     -0.2305052104019817E+04      0.5313716090535500E+07
  0.41800000E+03     -0.2315085216340099E+04      0.5360075951574860E+07
  0.41900000E+03     -0.2325204711373709E+04      0.5407039136502059E+07
  0.42000000E+03     -0.2335288381668117E+04      0.5454038449020091E+07
  0.42100000E+03     -0.2345300408602834E+04      0.5500901594468039E+07
  0.42200000E+03     -0.2355419154098018E+04      0.5548465141721000E+07
  0.42300000E+03     -0.2365359347954481E+04      0.5595395557510298E+07
  0.42400000E+03     -0.2375308607514913E+04      0.5642568229394526E+07
  0.42500000E+03     -0.2385344200376702E+04      0.5690348284953993E+07
  0.42600000E+03     -0.2395413656603256E+04      0.5738492711070731E+07
  0.42700000E+03     -0.2405439026043272E+04      0.5786623972729425E+07
  0.42800000E+03     -0.2415430022034278E+04      0.5834793668762176E+07
  0.42900000E+03     -0.2425367234156671E+04      0.5882903505754056E+07
  0.43000000E+03     -0.2435451360075592E+04      0.5931926349032815E+07
  0.43100000E+03     -0.2445344517215051E+04      0.5980215917299238E+07
  0.43200000E+03     -0.2455309575603570E+04      0.6029053404540605E+07
  0.43300000E+03     -0.2465426026707285E+04      0.6078839199343856E+07
  0.43400000E+03     -0.2475457539956818E+04      0.6128406110965009E+07
  0.43500000E+03     -0.2485479254193800E+04      0.6178128784330908E+07
  0.43600000E+03     -0.2495418859374875E+04      0.6227637744100559E+07
  0.43700000E+03     -0.2505102093342083E+04      0.6276065016028049E+07
  0.43800000E+03     -0.2515078961537557E+04      0.6326153315868070E+07
  0.43900000E+03     -0.2525009071307261E+04      0.6376209510012432E+07
  0.44000000E+03     -0.2534912994582507E+04      0.6426324030328882E+07
  0.44100000E+03     -0.2544693920813212E+04      0.6476012473233971E+07
  0.44200000E+03     -0.2554692647877260E+04      0.6527003442121812E+07
  0.44300000E+03     -0.2564498521038029E+04      0.6577209857193310E+07
  0.44400000E+03     -0.2574377240072186E+04      0.6627976503839026E+07
  0.44500000E+03     -0.2584247509543829E+04      0.6678896740593213E+07
  0.44600000E+03     -0.2594268488871575E+04      0.6730795455587490E+07
  0.44700000E+03     -0.2603747442511646E+04      0.6780069326674860E+07
  0.44800000E+03     -0.2613416109938622E+04      0.6830522235336781E+07
  0.44900000E+03     -0.2623140440622026E+04      0.6881443474433332E+07
  0.45000000E+03     -0.2633056324697227E+04      0.6933574911192731E+07
  0.45100000E+03     -0.2642781800960227E+04      0.6984882335267158E+07
  0.45200000E+03     -0.2652514387061388E+04      0.7036425069317717E+07
  0.45300000E+03     -0.2662189342536219E+04      0.7087849209431982E+07
  0.45400000E+03     -0.2671974595064046E+04      0.7140049769781702E+07
  0.45500000E+03     -0.2681509626345052E+04      0.7191099568361853E+07
  0.45600000E+03     -0.2691128186265278E+04      0.7242784397369239E+07
  0.45700000E+03     -0.2700706804143240E+04      0.7294436768374180E+07
  0.45800000E+03     -0.2710171175125611E+04      0.7345647150083822E+07
  0.45900000E+03     -0.2719938223934470E+04      0.7398690549902494E+07
  0.46000000E+03     -0.2729417986128534E+04      0.7450356674105916E+07
  0.46100000E+03     -0.2739110844519212E+04      0.7503363617839813E+07
  0.46200000E+03     -0.2748654997983181E+04      0.7555747346680726E+07
  0.46300000E+03     -0.2758165137134784E+04      0.7608117602019649E+07
  0.46400000E+03     -0.2767519067133498E+04      0.7659814364307995E+07
  0.46500000E+03     -0.2776917240145925E+04      0.7711923955915445E+07
  0.46600000E+03     -0.2786383815006998E+04      0.7764590737987402E+07
  0.46700000E+03     -0.2795495127316627E+04      0.7815458688547987E+07
  0.46800000E+03     -0.2804702802858748E+04      0.7867025842060194E+07
  0.46900000E+03     -0.2814240887041195E+04      0.7920628424089748E+07
  0.47000000E+03     -0.2823308045282233E+04      0.7971754734229847E+07
  0.47100000E+03     -0.2832429707014833E+04      0.8023343565870274E+07
  0.47200000E+03     -0.2841811802839014E+04      0.8076586623621938E+07
  0.47300000E+03     -0.2851047598289523E+04      0.8129170250462105E+07
  0.47400000E+03     -0.2860101401084773E+04      0.8180881213069845E+07
  0.47500000E+03     -0.2869440303458915E+04      0.8234389149422336E+07
  0.47600000E+03     -0.2878620543563490E+04      0.8287163792159660E+07
  0.47700000E+03     -0.2887449640482129E+04      0.8338077806472565E+07
  0.47800000E+03     -0.2896574642236232E+04      0.8390865246024188E+07
  0.47900000E+03     -0.2905393991943046E+04      0.8442040138426909E+07
  0.48000000E+03     -0.2914389593153760E+04      0.8494392251575578E+07
  0.48100000E+03     -0.2923087145540717E+04      0.8545165247750182E+07
  0.48200000E+03     -0.2932270919188406E+04      0.8598948981920835E+07
  0.48300000E+03     -0.2941120079657002E+04      0.8650928642451186E+07
  0.48400000E+03     -0.2949812803848055E+04      0.8702150096314045E+07
  0.48500000E+03     -0.2958538267349396E+04      0.8753705364968475E+07
  0.48600000E+03     -0.2967104406687321E+04      0.8804470217510838E+07
  0.48700000E+03     -0.2976131908850244E+04      0.8858124914071264E+07
  0.48800000E+03     -0.2984637469994123E+04      0.8908829498637946E+07
  0.48900000E+03     -0.2993121620718194E+04      0.8959550035646044E+07
  0.49000000E+03     -0.3001814096856176E+04      0.9011668454041554E+07
  0.49100000E+03     -0.3010235027120323E+04      0.9062293543795718E+07
  0.49200000E+03     -0.3018592873647558E+04      0.9112693994124213E+07
  0.49300000E+03     -0.3026320404488656E+04      0.9159408003911540E+07
  0.49400000E+03     -0.3034694886793290E+04      0.9210172949942125E+07
  0.49500000E+03     -0.3043644464257293E+04      0.9264578147912394E+07
  0.49600000E+03     -0.3051828910668416E+04      0.9314465084814310E+07
  0.49700000E+03     -0.3059901026272027E+04      0.9363814441442501E+07
  0.49800000E+03     -0.3068009067946376E+04      0.9413506864898527E+07
  0.49900000E+03     -0.3076260898465506E+04      0.9464203446613815E+07
  0.50000000E+03     -0.3083963514328120E+04      0.9511654090987952E+07
  0.50100000E+03     -0.3091676116428893E+04      0.9559295304525029E+07
  0.50200000E+03     -0.3099729181634326E+04      0.9609165736135811E+07
  0.50300000E+03     -0.3107582281287872E+04      0.9657917102410980E+07
  0.50400000E+03     -0.3115828597722383E+04      0.9709238215684211E+07
  0.50500000E+03     -0.3123551312285276E+04      0.9757428591011975E+07
  0.50600000E+03     -0.3130784843190620E+04      0.9802680953471161E+07
  0.50700000E+03     -0.3138396273759359E+04      0.9850398869148633E+07
  0.50800000E+03     -0.3145781668516373E+04      0.9896809614523795E+07
  0.50900000E+03     -0.3153078951511452E+04      0.9942780241986414E+07
  0.51000000E+03     -0.3160568353673551E+04      0.9990071865735676E+07
