  0.00000000E+00      0.9135724069122933E-13      0.2947621748528120E-19
  0.10000000E+01     -0.6057400016014154E-03      0.3669209495372538E-06
  0.20000000E+01     -0.3354615531819131E-01      0.1961128626781491E-01
  0.30000000E+01     -0.9885041204087198E-01      0.6538201385190323E-01
  0.40000000E+01     -0.1963389502734552E+00      0.1502295618341927E+00
  0.50000000E+01     -0.3262796997770257E+00      0.2935973895337443E+00
  0.60000000E+01     -0.4883156019398647E+00      0.5203802461488345E+00
  0.70000000E+01     -0.6824831979236494E+00      0.8619458183216989E+00
  0.80000000E+01     -0.9094259207095854E+00      0.1358599251713864E+01
  0.90000000E+01     -0.1168437306993496E+01      0.2052182796577056E+01
  0.10000000E+02     -0.1460176641342385E+01      0.2994588376189495E+01
  0.11000000E+02     -0.1782833176158361E+01      0.4237673969249218E+01
  0.12000000E+02     -0.2138476663077197E+01      0.5849696921869683E+01
  0.13000000E+02     -0.2526636044081441E+01      0.7899622414616920E+01
  0.14000000E+02     -0.2946505096021902E+01      0.1046063669592674E+02
  0.15000000E+02     -0.3398873731247752E+01      0.1361435454044783E+02
  0.16000000E+02     -0.3882278110739427E+01      0.1743767571336271E+02
  0.17000000E+02     -0.4398242689249352E+01      0.2203628971392576E+02
  0.18000000E+02     -0.4946876992455008E+01      0.2751288651534189E+02
  0.19000000E+02     -0.5527723205016713E+01      0.3397171073688569E+02
  0.20000000E+02     -0.6139294175455790E+01      0.4150102524773818E+02
  0.21000000E+02     -0.6783603695200746E+01      0.5024700554627238E+02
  0.22000000E+02     -0.7460059190437812E+01      0.6032995597127595E+02
  0.23000000E+02     -0.8169004523863654E+01      0.7188147418548954E+02
  0.24000000E+02     -0.8907735238580214E+01      0.8498478495753025E+02
  0.25000000E+02     -0.9679405204394678E+01      0.9984902967110612E+02
  0.26000000E+02     -0.1048469424096013E+02      0.1166332070832719E+03
  0.27000000E+02     -0.1131926833893720E+02      0.1354013623374028E+03
  0.28000000E+02     -0.1218646194062222E+02      0.1563753665946812E+03
  0.29000000E+02     -0.1308622354722759E+02      0.1797403143340684E+03
  0.30000000E+02     -0.1401795209803603E+02      0.2056372654417642E+03
  0.31000000E+02     -0.1498148133599988E+02      0.2342536856122018E+03
  0.32000000E+02     -0.1597541190585307E+02      0.2657229226406681E+03
  0.33000000E+02     -0.1700214116659329E+02      0.3003092043857195E+03
  0.34000000E+02     -0.1805962833880044E+02      0.3381387000760936E+03
  0.35000000E+02     -0.1914833186383727E+02      0.3794295524173962E+03
  0.36000000E+02     -0.2026982296055228E+02      0.4244426264518845E+03
  0.37000000E+02     -0.2142065132825458E+02      0.4732602767980222E+03
  0.38000000E+02     -0.2260367224268586E+02      0.5262003226635361E+03
  0.39000000E+02     -0.2381888704185124E+02      0.5835141130484515E+03
  0.40000000E+02     -0.2506560453044577E+02      0.6453799396509130E+03
  0.41000000E+02     -0.2634156066288318E+02      0.7119248658363597E+03
  0.42000000E+02     -0.2765065179305787E+02      0.7835714008577748E+03
  0.43000000E+02     -0.2899104694555019E+02      0.8604962672214679E+03
  0.44000000E+02     -0.3036137228690092E+02      0.9428639481813062E+03
  0.45000000E+02     -0.3176175620467912E+02      0.1030925362840673E+04
  0.46000000E+02     -0.3318891231831943E+02      0.1124688724455483E+04
  0.47000000E+02     -0.3465329050923564E+02      0.1225168860502831E+04
  0.48000000E+02     -0.3614521502462145E+02      0.1331931570350087E+04
  0.49000000E+02     -0.3766466524447154E+02      0.1445243982684046E+04
  0.50000000E+02     -0.3921822834786960E+02      0.1565892560836291E+04
  0.51000000E+02     -0.4080092270895832E+02      0.1693768640188381E+04
  0.52000000E+02     -0.4241462370813102E+02      0.1829314294232382E+04
  0.53000000E+02     -0.4406249997830637E+02      0.1973122476043885E+04
  0.54000000E+02     -0.4573643125404539E+02      0.2124742506312488E+04
  0.55000000E+02     -0.4744232724041515E+02      0.2285087023271173E+04
  0.56000000E+02     -0.4917788576853823E+02      0.2454164943424646E+04
  0.57000000E+02     -0.5094060316029856E+02      0.2632027012955971E+04
  0.58000000E+02     -0.5273785227581743E+02      0.2819808384511756E+04
  0.59000000E+02     -0.5456403941886811E+02      0.3017213815667232E+04
  0.60000000E+02     -0.5641785182940214E+02      0.3224435212486943E+04
  0.61000000E+02     -0.5830123331053552E+02      0.3441986296098824E+04
  0.62000000E+02     -0.6021526809546230E+02      0.3670390438696591E+04
  0.63000000E+02     -0.6215445544824870E+02      0.3909237419263819E+04
  0.64000000E+02     -0.6413087213927409E+02      0.4160455580952317E+04
  0.65000000E+02     -0.6613700762071511E+02      0.4423438982468039E+04
  0.66000000E+02     -0.6816604030317869E+02      0.4697611265813894E+04
  0.67000000E+02     -0.7022507914563501E+02      0.4984207224205538E+04
  0.68000000E+02     -0.7231351638769918E+02      0.5283547022965886E+04
  0.69000000E+02     -0.7442945306002653E+02      0.5595736961073914E+04
  0.70000000E+02     -0.7657573003187649E+02      0.5921575124466764E+04
  0.71000000E+02     -0.7875035888691008E+02      0.6261115551384441E+04
  0.72000000E+02     -0.8095243812322933E+02      0.6614606063446128E+04
  0.73000000E+02     -0.8318229656495056E+02      0.6982390622876986E+04
  0.74000000E+02     -0.8543890388853899E+02      0.7364813761620504E+04
  0.75000000E+02     -0.8772366651361600E+02      0.7762254455878421E+04
  0.76000000E+02     -0.9003832782452258E+02      0.8175598530070498E+04
  0.77000000E+02     -0.9238149384031031E+02      0.8604918561056604E+04
  0.78000000E+02     -0.9474839269397511E+02      0.9049831959233008E+04
  0.79000000E+02     -0.9713991026822006E+02      0.9510656576436239E+04
  0.80000000E+02     -0.9956597781371237E+02      0.9989849290860860E+04
  0.81000000E+02     -0.1020163398595070E+03      0.1048576943743041E+05
  0.82000000E+02     -0.1044924476183339E+03      0.1099909947750013E+05
  0.83000000E+02     -0.1070008457401945E+03      0.1153164886845222E+05
  0.84000000E+02     -0.1095365313962085E+03      0.1208278345027440E+05
  0.85000000E+02     -0.1120970445358720E+03      0.1265237823161052E+05
  0.86000000E+02     -0.1146808811774297E+03      0.1324032494191453E+05
  0.87000000E+02     -0.1172932302979200E+03      0.1384843993925351E+05
  0.88000000E+02     -0.1199302429187633E+03      0.1447605601055873E+05
  0.89000000E+02     -0.1225936420569724E+03      0.1512404303059283E+05
  0.90000000E+02     -0.1252817418291988E+03      0.1579246317507296E+05
  0.91000000E+02     -0.1279990813453640E+03      0.1648282813801858E+05
  0.92000000E+02     -0.1307448484796625E+03      0.1719549601977453E+05
  0.93000000E+02     -0.1335125391740251E+03      0.1792905114138594E+05
  0.94000000E+02     -0.1363142586151295E+03      0.1868721438171306E+05
  0.95000000E+02     -0.1391335579778515E+03      0.1946589376990543E+05
  0.96000000E+02     -0.1419755269173818E+03      0.2026688259329022E+05
  0.97000000E+02     -0.1448433582473820E+03      0.2109166061169505E+05
  0.98000000E+02     -0.1477341384658118E+03      0.2193959661667925E+05
  0.99000000E+02     -0.1506531997579484E+03      0.2281284375673847E+05
  0.10000000E+03     -0.1535978529430198E+03      0.2371090604226484E+05
  0.10100000E+03     -0.1565656469568548E+03      0.2463346042061760E+05
  0.10200000E+03     -0.1595608720598604E+03      0.2558260191194226E+05
  0.10300000E+03     -0.1625761361549034E+03      0.2655610370383485E+05
  0.10400000E+03     -0.1656175096123297E+03      0.2755643602524455E+05
  0.10500000E+03     -0.1686773403379410E+03      0.2858144419121973E+05
  0.10600000E+03     -0.1717691738657839E+03      0.2963623416283673E+05
  0.10700000E+03     -0.1748835556118047E+03      0.3071806797389119E+05
  0.10800000E+03     -0.1780275893249506E+03      0.3182977315763381E+05
  0.10900000E+03     -0.1811893718468613E+03      0.3296764854166323E+05
  0.11000000E+03     -0.1843719157561989E+03      0.3413321423600358E+05
  0.11100000E+03     -0.1875741765985877E+03      0.3532646425395185E+05
  0.11200000E+03     -0.1908076392692720E+03      0.3655214584483764E+05
  0.11300000E+03     -0.1940582914329065E+03      0.3780540536009284E+05
  0.11400000E+03     -0.1973505677423851E+03      0.3909626484598425E+05
  0.11500000E+03     -0.2006499382389829E+03      0.4041150510819855E+05
  0.11600000E+03     -0.2039688372192035E+03      0.4175649852751102E+05
  0.11700000E+03     -0.2073168820671225E+03      0.4313560977224404E+05
  0.11800000E+03     -0.2106790642774430E+03      0.4454305107255262E+05
  0.11900000E+03     -0.2140693675247312E+03      0.4598511227544019E+05
  0.12000000E+03     -0.2174843827841615E+03      0.4746094505878691E+05
  0.12100000E+03     -0.2209203862379568E+03      0.4896937289484784E+05
  0.12200000E+03     -0.2243901976136520E+03      0.5051657615045283E+05
  0.12300000E+03     -0.2278700762417320E+03      0.5209257636635631E+05
  0.12400000E+03     -0.2313778956450496E+03      0.5370561097684382E+05
  0.12500000E+03     -0.2349052998065293E+03      0.5535251120677617E+05
  0.12600000E+03     -0.2384522336276974E+03      0.5703354476602840E+05
  0.12700000E+03     -0.2420159028029403E+03      0.5874761174543336E+05
  0.12800000E+03     -0.2456098749711790E+03      0.6050219047313393E+05
  0.12900000E+03     -0.2492245643959995E+03      0.6229268534467155E+05
  0.13000000E+03     -0.2528689415548556E+03      0.6412443601390303E+05
  0.13100000E+03     -0.2565225191283679E+03      0.6598727450557017E+05
  0.13200000E+03     -0.2601984739887829E+03      0.6788857499425643E+05
  0.13300000E+03     -0.2639043127089416E+03      0.6983270482792803E+05
  0.13400000E+03     -0.2676136108417340E+03      0.7180608782140870E+05
  0.13500000E+03     -0.2713526260833027E+03      0.7382328397627560E+05
  0.13600000E+03     -0.2751244376548525E+03      0.7588630735222786E+05
  0.13700000E+03     -0.2789057723102765E+03      0.7798302576500786E+05
  0.13800000E+03     -0.2827192108943783E+03      0.8012645138822234E+05
  0.13900000E+03     -0.2865393559781783E+03      0.8230272798104798E+05
  0.14000000E+03     -0.2903783092541437E+03      0.8451928465233841E+05
  0.14100000E+03     -0.2942543552673762E+03      0.8678700254720081E+05
  0.14200000E+03     -0.2981410294898479E+03      0.8909101146298919E+05
  0.14300000E+03     -0.3020472117964546E+03      0.9143684923000730E+05
  0.14400000E+03     -0.3059740403277248E+03      0.9382585368570729E+05
  0.14500000E+03     -0.3099153298834848E+03      0.9625465177450750E+05
  0.14600000E+03     -0.3138878560325651E+03      0.9873432460083293E+05
  0.14700000E+03     -0.3178743578654966E+03      0.1012544089107069E+06
  0.14800000E+03     -0.3218771116843587E+03      0.1038166052488356E+06
  0.14900000E+03     -0.3259186770930073E+03      0.1064364662087463E+06
  0.15000000E+03     -0.3299702321799132E+03      0.1090951652711125E+06
  0.15100000E+03     -0.3340519760415190E+03      0.1118067609772473E+06
  0.15200000E+03     -0.3381782467024243E+03      0.1145825029064389E+06
  0.15300000E+03     -0.3422935730124410E+03      0.1173841541837689E+06
  0.15400000E+03     -0.3464299623670873E+03      0.1202343070181247E+06
  0.15500000E+03     -0.3505983049929627E+03      0.1231412904046328E+06
  0.15600000E+03     -0.3547725942001010E+03      0.1260869317915625E+06
  0.15700000E+03     -0.3589661979931757E+03      0.1290812396296289E+06
  0.15800000E+03     -0.3631941757614286E+03      0.1321358581204479E+06
  0.15900000E+03     -0.3674387824205646E+03      0.1352383211557881E+06
  0.16000000E+03     -0.3716970810997003E+03      0.1383868861240407E+06
  0.16100000E+03     -0.3759759955729882E+03      0.1415872507415956E+06
  0.16200000E+03     -0.3802810654487167E+03      0.1448441544966146E+06
  0.16300000E+03     -0.3846136557635449E+03      0.1481591736637831E+06
  0.16400000E+03     -0.3889621582580363E+03      0.1515240813905541E+06
  0.16500000E+03     -0.3933198405439967E+03      0.1549338680808066E+06
  0.16600000E+03     -0.3977022021374945E+03      0.1584012564888625E+06
  0.16700000E+03     -0.4020954883696898E+03      0.1619157178262173E+06
  0.16800000E+03     -0.4065189638363741E+03      0.1654933976641433E+06
  0.16900000E+03     -0.4109657317286658E+03      0.1691294050559799E+06
  0.17000000E+03     -0.4154273488445728E+03      0.1728174038957847E+06
  0.17100000E+03     -0.4199220660695960E+03      0.1765729652964946E+06
  0.17200000E+03     -0.4244262877960620E+03      0.1803768281280913E+06
  0.17300000E+03     -0.4289499608371264E+03      0.1842379323478927E+06
  0.17400000E+03     -0.4334985893380881E+03      0.1881614800179893E+06
  0.17500000E+03     -0.4380664782507660E+03      0.1921434913501228E+06
  0.17600000E+03     -0.4426608287810377E+03      0.1961903959652910E+06
  0.17700000E+03     -0.4472677022677332E+03      0.2002906038156420E+06
  0.17800000E+03     -0.4518967597566465E+03      0.2044534533063865E+06
  0.17900000E+03     -0.4565488366871472E+03      0.2086802211263903E+06
  0.18000000E+03     -0.4612152735260098E+03      0.2129636391103374E+06
  0.18100000E+03     -0.4659109137510612E+03      0.2173174413368376E+06
  0.18200000E+03     -0.4706336249111206E+03      0.2217408763043526E+06
  0.18300000E+03     -0.4753667563581577E+03      0.2262185907226154E+06
  0.18400000E+03     -0.4801223841303614E+03      0.2307629002555397E+06
  0.18500000E+03     -0.4849008905386854E+03      0.2353745727307955E+06
  0.18600000E+03     -0.4897003758811292E+03      0.2400523043282217E+06
  0.18700000E+03     -0.4945293450413816E+03      0.2448053211820267E+06
  0.18800000E+03     -0.4993741540110080E+03      0.2496210423098475E+06
  0.18900000E+03     -0.5042351323749705E+03      0.2544996056270056E+06
  0.19000000E+03     -0.5091221607858989E+03      0.2594519342455682E+06
  0.19100000E+03     -0.5140300365820967E+03      0.2644734169253578E+06
  0.19200000E+03     -0.5189565219064333E+03      0.2695627403993851E+06
  0.19300000E+03     -0.5239097190384713E+03      0.2747282732286156E+06
  0.19400000E+03     -0.5288875148169803E+03      0.2799687761303589E+06
  0.19500000E+03     -0.5338843435387247E+03      0.2852794265707782E+06
  0.19600000E+03     -0.5389088233837595E+03      0.2906696412715999E+06
  0.19700000E+03     -0.5439511249712649E+03      0.2961296342920333E+06
  0.19800000E+03     -0.5490220597296495E+03      0.3016720371092070E+06
  0.19900000E+03     -0.5541145461467645E+03      0.3072894154429472E+06
  0.20000000E+03     -0.5592231858413438E+03      0.3129769614313028E+06
  0.20100000E+03     -0.5643482129727319E+03      0.3187350204437862E+06
  0.20200000E+03     -0.5695066103211865E+03      0.3245835446902655E+06
  0.20300000E+03     -0.5746853898774244E+03      0.3305088429681898E+06
  0.20400000E+03     -0.5798894362938586E+03      0.3365172355778306E+06
  0.20500000E+03     -0.5851066900307605E+03      0.3425950007474523E+06
  0.20600000E+03     -0.5903562324440711E+03      0.3487654176828975E+06
  0.20700000E+03     -0.5956177999197316E+03      0.3550048227188381E+06
  0.20800000E+03     -0.6009139896859782E+03      0.3613417160427179E+06
  0.20900000E+03     -0.6062314583227610E+03      0.3677603990671721E+06
  0.21000000E+03     -0.6115721251980245E+03      0.3742639854491900E+06
  0.21100000E+03     -0.6169416907379040E+03      0.3808600828535495E+06
  0.21200000E+03     -0.6223288173808472E+03      0.3875355067429484E+06
  0.21300000E+03     -0.6277458327804916E+03      0.3943068971170246E+06
  0.21400000E+03     -0.6331751233391993E+03      0.4011523266024250E+06
  0.21500000E+03     -0.6386396282264778E+03      0.4081017097202985E+06
  0.21600000E+03     -0.6441147544985081E+03      0.4151243050208235E+06
  0.21700000E+03     -0.6496217223768591E+03      0.4222483851846804E+06
  0.21800000E+03     -0.6551558923543420E+03      0.4294686313898561E+06
  0.21900000E+03     -0.6607080304554960E+03      0.4367739509794169E+06
  0.22000000E+03     -0.6663176986941983E+03      0.4442175432221305E+06
  0.22100000E+03     -0.6719223813022639E+03      0.4517173154357374E+06
  0.22200000E+03     -0.6775496990728161E+03      0.4593106843596506E+06
  0.22300000E+03     -0.6832307048834542E+03      0.4670407249390142E+06
  0.22400000E+03     -0.6889073183336777E+03      0.4748292928744328E+06
  0.22500000E+03     -0.6946241097553778E+03      0.4827379563333069E+06
  0.22600000E+03     -0.7003450415699205E+03      0.4907179484411501E+06
  0.22700000E+03     -0.7061042190115002E+03      0.4988172233882177E+06
  0.22800000E+03     -0.7118927852202040E+03      0.5070246275089693E+06
  0.22900000E+03     -0.7177068583022842E+03      0.5153358541719562E+06
  0.23000000E+03     -0.7235495192668462E+03      0.5237560769378507E+06
  0.23100000E+03     -0.7294110061167672E+03      0.5322720271146162E+06
  0.23200000E+03     -0.7352997848372820E+03      0.5408966414020191E+06
  0.23300000E+03     -0.7412142989004323E+03      0.5496289553158607E+06
  0.23400000E+03     -0.7471491283332380E+03      0.5584615009999588E+06
  0.23500000E+03     -0.7531315966129725E+03      0.5674363105948326E+06
  0.23600000E+03     -0.7591231146548125E+03      0.5764960553111611E+06
  0.23700000E+03     -0.7651434380719292E+03      0.5856718305949422E+06
  0.23800000E+03     -0.7712082423615020E+03      0.5949888363367260E+06
  0.23900000E+03     -0.7772935305491078E+03      0.6044113834836613E+06
  0.24000000E+03     -0.7834018614849260E+03      0.6139441806444617E+06
  0.24100000E+03     -0.7895424787936640E+03      0.6236023170828406E+06
  0.24200000E+03     -0.7957047099322635E+03      0.6333700208560069E+06
  0.24300000E+03     -0.8018912781131182E+03      0.6432531594313164E+06
  0.24400000E+03     -0.8081130878306959E+03      0.6532700359715271E+06
  0.24500000E+03     -0.8143721001445236E+03      0.6634243534317681E+06
  0.24600000E+03     -0.8206510877349167E+03      0.6736900986598177E+06
  0.24700000E+03     -0.8269308722220416E+03      0.6840361484859446E+06
  0.24800000E+03     -0.8332631572096227E+03      0.6945481701584515E+06
  0.24900000E+03     -0.8396346299545889E+03      0.7052065805118422E+06
  0.25000000E+03     -0.8460133057217266E+03      0.7159579176983028E+06
  0.25100000E+03     -0.8524307249680843E+03      0.7268567416490394E+06
  0.25200000E+03     -0.8588565400962460E+03      0.7378527333871668E+06
  0.25300000E+03     -0.8653502768174139E+03      0.7490489674788791E+06
  0.25400000E+03     -0.8718562642660978E+03      0.7603506959939071E+06
  0.25500000E+03     -0.8783860376823038E+03      0.7717792932610527E+06
  0.25600000E+03     -0.8849421347492389E+03      0.7833395824922862E+06
  0.25700000E+03     -0.8915113738158734E+03      0.7950088027024317E+06
  0.25800000E+03     -0.8981231437721860E+03      0.8068411725050565E+06
  0.25900000E+03     -0.9047766569698624E+03      0.8188362385215937E+06
  0.26000000E+03     -0.9114612996827979E+03      0.8309768787379485E+06
  0.26100000E+03     -0.9181719669454567E+03      0.8432546072981043E+06
  0.26200000E+03     -0.9249184743141119E+03      0.8556884212681978E+06
  0.26300000E+03     -0.9316612915689649E+03      0.8682069112772990E+06
  0.26400000E+03     -0.9384284129918771E+03      0.8808614976167020E+06
  0.26500000E+03     -0.9452787324271884E+03      0.8937655038200320E+06
  0.26600000E+03     -0.9521288479076313E+03      0.9067630870492262E+06
  0.26700000E+03     -0.9590300961041307E+03      0.9199523642035086E+06
  0.26800000E+03     -0.9659131455080158E+03      0.9332019848107004E+06
  0.26900000E+03     -0.9728665020976907E+03      0.9466828550919392E+06
  0.27000000E+03     -0.9798324768836799E+03      0.9602854436186478E+06
  0.27100000E+03     -0.9868107366197793E+03      0.9740085525115164E+06
  0.27200000E+03     -0.9938396147436114E+03      0.9879301581535611E+06
  0.27300000E+03     -0.1000892832089867E+04      0.1001999757309644E+07
  0.27400000E+03     -0.1007977645635303E+04      0.1016232114391097E+07
  0.27500000E+03     -0.1015091474634267E+04      0.1030623519900498E+07
  0.27600000E+03     -0.1022223075776440E+04      0.1045152570466392E+07
  0.27700000E+03     -0.1029402796299146E+04      0.1059882968719545E+07
  0.27800000E+03     -0.1036583395643834E+04      0.1074718142423439E+07
  0.27900000E+03     -0.1043820679991305E+04      0.1089774949475797E+07
  0.28000000E+03     -0.1051083245951640E+04      0.1104989522280685E+07
  0.28100000E+03     -0.1058329865404618E+04      0.1120275614062516E+07
  0.28200000E+03     -0.1065641053560927E+04      0.1135804406342739E+07
  0.28300000E+03     -0.1073006243889440E+04      0.1151556148169177E+07
  0.28400000E+03     -0.1080388582503514E+04      0.1167453368315682E+07
  0.28500000E+03     -0.1087794384836596E+04      0.1183511127999992E+07
  0.28600000E+03     -0.1095238549987949E+04      0.1199762675340027E+07
  0.28700000E+03     -0.1102701400557792E+04      0.1216165931137679E+07
  0.28800000E+03     -0.1110193797331476E+04      0.1232745914425979E+07
  0.28900000E+03     -0.1117716136776056E+04      0.1249505357868254E+07
  0.29000000E+03     -0.1125298667391289E+04      0.1266513494659664E+07
  0.29100000E+03     -0.1132908274620366E+04      0.1283698030359754E+07
  0.29200000E+03     -0.1140507399966953E+04      0.1300974491664938E+07
  0.29300000E+03     -0.1148152030439006E+04      0.1318471227700768E+07
  0.29400000E+03     -0.1155827234270705E+04      0.1336155213336416E+07
  0.29500000E+03     -0.1163529888806969E+04      0.1354021176558422E+07
  0.29600000E+03     -0.1171251962582344E+04      0.1372051201390245E+07
  0.29700000E+03     -0.1179004694842594E+04      0.1390272680503499E+07
  0.29800000E+03     -0.1186788758754613E+04      0.1408688972798360E+07
  0.29900000E+03     -0.1194589041724229E+04      0.1427265400634058E+07
  0.30000000E+03     -0.1202437103681049E+04      0.1446077865431736E+07
  0.30100000E+03     -0.1210290004369606E+04      0.1465026043631179E+07
  0.30200000E+03     -0.1218184563505896E+04      0.1484198365829962E+07
  0.30300000E+03     -0.1226103921043033E+04      0.1503556312736801E+07
  0.30400000E+03     -0.1234057953325840E+04      0.1523125221600102E+07
  0.30500000E+03     -0.1242045455767135E+04      0.1542904100624150E+07
  0.30600000E+03     -0.1250064673788208E+04      0.1562889496763083E+07
  0.30700000E+03     -0.1258094965978899E+04      0.1583032141179361E+07
  0.30800000E+03     -0.1266164604656264E+04      0.1603403195138172E+07
  0.30900000E+03     -0.1274263594081105E+04      0.1623979095151596E+07
  0.31000000E+03     -0.1282370791158687E+04      0.1644707003832117E+07
  0.31100000E+03     -0.1290546141580467E+04      0.1665742697384295E+07
  0.31200000E+03     -0.1298713095170249E+04      0.1686890041931372E+07
  0.31300000E+03     -0.1306924757338607E+04      0.1708288097861467E+07
  0.31400000E+03     -0.1315139867256551E+04      0.1729830207263066E+07
  0.31500000E+03     -0.1323381371577723E+04      0.1751576392331087E+07
  0.31600000E+03     -0.1331682652087673E+04      0.1773618097659054E+07
  0.31700000E+03     -0.1339999451155240E+04      0.1795839338460929E+07
  0.31800000E+03     -0.1348335904693830E+04      0.1818251961155100E+07
  0.31900000E+03     -0.1356694529464974E+04      0.1840863960845669E+07
  0.32000000E+03     -0.1365072035676745E+04      0.1863666605066391E+07
  0.32100000E+03     -0.1373486301489912E+04      0.1886711898274597E+07
  0.32200000E+03     -0.1381961637456381E+04      0.1910066176814141E+07
  0.32300000E+03     -0.1390450827707306E+04      0.1933602553903794E+07
  0.32400000E+03     -0.1398925024861378E+04      0.1957242071766664E+07
  0.32500000E+03     -0.1407449691477293E+04      0.1981166929048352E+07
  0.32600000E+03     -0.1415954699749529E+04      0.2005181161068837E+07
  0.32700000E+03     -0.1424547716346497E+04      0.2029591394621649E+07
  0.32800000E+03     -0.1433170732714791E+04      0.2054236281546599E+07
  0.32900000E+03     -0.1441754722200183E+04      0.2078916292102448E+07
  0.33000000E+03     -0.1450364845476283E+04      0.2103819197884455E+07
  0.33100000E+03     -0.1459030535869620E+04      0.2129033294059737E+07
  0.33200000E+03     -0.1467734694811541E+04      0.2154510551422299E+07
  0.33300000E+03     -0.1476516229270858E+04      0.2180367210696291E+07
  0.33400000E+03     -0.1485185764685502E+04      0.2206045248199189E+07
  0.33500000E+03     -0.1494012657133166E+04      0.2232343719424881E+07
  0.33600000E+03     -0.1502751236843017E+04      0.2258532735795391E+07
  0.33700000E+03     -0.1511540836040595E+04      0.2285029586832195E+07
  0.33800000E+03     -0.1520311272000587E+04      0.2311622202782257E+07
  0.33900000E+03     -0.1529162436338242E+04      0.2338615213280503E+07
  0.34000000E+03     -0.1538087525824158E+04      0.2365993191380945E+07
  0.34100000E+03     -0.1546966963357520E+04      0.2393388470930670E+07
  0.34200000E+03     -0.1555889022172559E+04      0.2421074190453365E+07
  0.34300000E+03     -0.1564910389691307E+04      0.2449231071831216E+07
  0.34400000E+03     -0.1573857850461938E+04      0.2477316012846918E+07
  0.34500000E+03     -0.1582815306307608E+04      0.2505594301652607E+07
  0.34600000E+03     -0.1591866877362328E+04      0.2534331562300420E+07
  0.34700000E+03     -0.1600879652031252E+04      0.2563110217765345E+07
  0.34800000E+03     -0.1609889564112224E+04      0.2592042362129511E+07
  0.34900000E+03     -0.1619000585766414E+04      0.2621462836719164E+07
  0.35000000E+03     -0.1628025149368578E+04      0.2650768553566954E+07
  0.35100000E+03     -0.1637128192386084E+04      0.2680493307302332E+07
  0.35200000E+03     -0.1646216272040757E+04      0.2710334624084634E+07
  0.35300000E+03     -0.1655482673532531E+04      0.2740932262633210E+07
  0.35400000E+03     -0.1664622362939829E+04      0.2771277698827316E+07
  0.35500000E+03     -0.1673772192070884E+04      0.2801828359701430E+07
  0.35600000E+03     -0.1683025695156575E+04      0.2832892186507076E+07
  0.35700000E+03     -0.1692207541106976E+04      0.2863885978388665E+07
  0.35800000E+03     -0.1701479056152062E+04      0.2895352422466583E+07
  0.35900000E+03     -0.1710685851107398E+04      0.2926769921062165E+07
  0.36000000E+03     -0.1719986098229592E+04      0.2958677317644949E+07
  0.36100000E+03     -0.1729285453221936E+04      0.2990756011784154E+07
  0.36200000E+03     -0.1738592634283576E+04      0.3023035525190394E+07
  0.36300000E+03     -0.1748032259975873E+04      0.3055950768213234E+07
  0.36400000E+03     -0.1757350893875125E+04      0.3088618569409172E+07
  0.36500000E+03     -0.1766713468243755E+04      0.3121615924263243E+07
  0.36600000E+03     -0.1776101286831533E+04      0.3154877678442760E+07
  0.36700000E+03     -0.1785467187454847E+04      0.3188239435113987E+07
  0.36800000E+03     -0.1794842234909561E+04      0.3221807716973779E+07
  0.36900000E+03     -0.1804336421113011E+04      0.3255982047625870E+07
  0.37000000E+03     -0.1813793382252224E+04      0.3290200759026044E+07
  0.37100000E+03     -0.1823185454547084E+04      0.3324363099386590E+07
  0.37200000E+03     -0.1832690394633529E+04      0.3359115620951995E+07
  0.37300000E+03     -0.1842127674730271E+04      0.3393798007757058E+07
  0.37400000E+03     -0.1851606489364184E+04      0.3428813491636183E+07
  0.37500000E+03     -0.1861108847838030E+04      0.3464094403834682E+07
  0.37600000E+03     -0.1870678259838172E+04      0.3499806945423640E+07
  0.37700000E+03     -0.1880129757201562E+04      0.3535261074019266E+07
  0.37800000E+03     -0.1889731906475170E+04      0.3571464409234947E+07
  0.37900000E+03     -0.1899355216039151E+04      0.3607931521597229E+07
  0.38000000E+03     -0.1908859585386446E+04      0.3644127146185996E+07
  0.38100000E+03     -0.1918427371836321E+04      0.3680750807225402E+07
  0.38200000E+03     -0.1927890245984831E+04      0.3717152884066299E+07
  0.38300000E+03     -0.1937680029817770E+04      0.3754997471064068E+07
  0.38400000E+03     -0.1947242049307975E+04      0.3792148270069298E+07
  0.38500000E+03     -0.1956832320243773E+04      0.3829592915142572E+07
  0.38600000E+03     -0.1966539182574918E+04      0.3867680127120386E+07
  0.38700000E+03     -0.1976244123306735E+04      0.3905948235721703E+07
  0.38800000E+03     -0.1985933182875637E+04      0.3944341689197172E+07
  0.38900000E+03     -0.1995578037788842E+04      0.3982746385748640E+07
  0.39000000E+03     -0.2005276892421423E+04      0.4021555894416144E+07
  0.39100000E+03     -0.2014930876525445E+04      0.4060370318807556E+07
  0.39200000E+03     -0.2024615643281648E+04      0.4099493301543078E+07
  0.39300000E+03     -0.2034270483250282E+04      0.4138684359724844E+07
  0.39400000E+03     -0.2043997617837004E+04      0.4178359615323007E+07
  0.39500000E+03     -0.2053785032761254E+04      0.4218469784290974E+07
  0.39600000E+03     -0.2063459828808188E+04      0.4258306489259467E+07
  0.39700000E+03     -0.2073103210698105E+04      0.4298201165744439E+07
  0.39800000E+03     -0.2082894936811398E+04      0.4338897004888451E+07
  0.39900000E+03     -0.2092759195219074E+04      0.4380092261379175E+07
  0.40000000E+03     -0.2102375045179192E+04      0.4420433477413148E+07
  0.40100000E+03     -0.2112125423099485E+04      0.4461528797990499E+07
  0.40200000E+03     -0.2121941319493994E+04      0.4503095282633414E+07
  0.40300000E+03     -0.2131569139947148E+04      0.4544052736515218E+07
  0.40400000E+03     -0.2141329292638726E+04      0.4585759679336245E+07
  0.40500000E+03     -0.2151223384698907E+04      0.4628234585358075E+07
  0.40600000E+03     -0.2160889446530428E+04      0.4669920813866018E+07
  0.40700000E+03     -0.2170732144746731E+04      0.4712561412008555E+07
  0.40800000E+03     -0.2180540378958330E+04      0.4755243286425828E+07
  0.40900000E+03     -0.2190400417066028E+04      0.4798343887977475E+07
  0.41000000E+03     -0.2199933656506563E+04      0.4840202533238580E+07
  0.41100000E+03     -0.2209692113639671E+04      0.4883237695765402E+07
  0.41200000E+03     -0.2219433768696686E+04      0.4926384194223796E+07
  0.41300000E+03     -0.2229224644126386E+04      0.4969944282620866E+07
  0.41400000E+03     -0.2239069558163247E+04      0.5013940868263991E+07
  0.41500000E+03     -0.2248651279676340E+04      0.5056943986457154E+07
  0.41600000E+03     -0.2258563748353218E+04      0.5101626253389059E+07
  0.41700000E+03     -0.2268219092831514E+04      0.5145339793792352E+07
  0.41800000E+03     -0.2277938167620778E+04      0.5189525542005287E+07
  0.41900000E+03     -0.2287551759429094E+04      0.5233424280913877E+07
  0.42000000E+03     -0.2297355212907230E+04      0.5278373685299202E+07
  0.42100000E+03     -0.2306997851439312E+04      0.5322774123173970E+07
  0.42200000E+03     -0.2316810276190677E+04      0.5368154739713693E+07
  0.42300000E+03     -0.2326663326969567E+04      0.5413911326741237E+07
  0.42400000E+03     -0.2336407024950416E+04      0.5459348127921266E+07
  0.42500000E+03     -0.2346179549428493E+04      0.5505114690264179E+07
  0.42600000E+03     -0.2355657844303100E+04      0.5549687578919316E+07
  0.42700000E+03     -0.2365354543146681E+04      0.5595464946356229E+07
  0.42800000E+03     -0.2375114944060873E+04      0.5641740110138183E+07
  0.42900000E+03     -0.2384844779259509E+04      0.5688059004836627E+07
  0.43000000E+03     -0.2394563935892268E+04      0.5734514377991971E+07
  0.43100000E+03     -0.2404298858004324E+04      0.5781233576893960E+07
  0.43200000E+03     -0.2414124407893702E+04      0.5828582910999059E+07
  0.43300000E+03     -0.2423732459587689E+04      0.5875071482237086E+07
  0.43400000E+03     -0.2433276240300535E+04      0.5921430128058478E+07
  0.43500000E+03     -0.2442959144752520E+04      0.5968652107578846E+07
  0.43600000E+03     -0.2452573342777476E+04      0.6015719883610106E+07
  0.43700000E+03     -0.2462139488766030E+04      0.6062741505630298E+07
  0.43800000E+03     -0.2471654388165966E+04      0.6109689430830988E+07
  0.43900000E+03     -0.2481150909361726E+04      0.6156734366313011E+07
  0.44000000E+03     -0.2490815514191579E+04      0.6204787957211868E+07
  0.44100000E+03     -0.2500469800832341E+04      0.6252978071298716E+07
  0.44200000E+03     -0.2509834722643033E+04      0.6299905370758882E+07
  0.44300000E+03     -0.2519415482764629E+04      0.6348094297259246E+07
  0.44400000E+03     -0.2529011130916326E+04      0.6396542422298321E+07
  0.44500000E+03     -0.2538340344353117E+04      0.6443821989742188E+07
  0.44600000E+03     -0.2547864234170056E+04      0.6492267473629426E+07
  0.44700000E+03     -0.2557042814413969E+04      0.6539128798187864E+07
  0.44800000E+03     -0.2566758347407203E+04      0.6588912647738579E+07
  0.44900000E+03     -0.2576119991884917E+04      0.6637059941031370E+07
  0.45000000E+03     -0.2585506504134639E+04      0.6685516729420728E+07
  0.45100000E+03     -0.2594842318135371E+04      0.6733890215634628E+07
  0.45200000E+03     -0.2604395978543838E+04      0.6783572075417229E+07
  0.45300000E+03     -0.2613490054736321E+04      0.6831026466761493E+07
  0.45400000E+03     -0.2623017065324211E+04      0.6880914622020161E+07
  0.45500000E+03     -0.2632459665563367E+04      0.6930546567618310E+07
  0.45600000E+03     -0.2641721381380562E+04      0.6979394427989936E+07
  0.45700000E+03     -0.2650881832887806E+04      0.7027884855196845E+07
  0.45800000E+03     -0.2659838236249043E+04      0.7075455471053109E+07
  0.45900000E+03     -0.2669414872347483E+04      0.7126502020067845E+07
  0.46000000E+03     -0.2678277445001060E+04      0.7173901261084051E+07
  0.46100000E+03     -0.2687491768267629E+04      0.7223343873014068E+07
  0.46200000E+03     -0.2696497450870811E+04      0.7271838457338408E+07
  0.46300000E+03     -0.2705382341919450E+04      0.7319832493251657E+07
  0.46400000E+03     -0.2714683302121012E+04      0.7370252865616534E+07
  0.46500000E+03     -0.2723459717533123E+04      0.7417990188782668E+07
  0.46600000E+03     -0.2732540375193544E+04      0.7467541290566782E+07
  0.46700000E+03     -0.2741618588847993E+04      0.7517234147377006E+07
  0.46800000E+03     -0.2750765675467341E+04      0.7567485367716078E+07
  0.46900000E+03     -0.2759482348852718E+04      0.7615520549431914E+07
  0.47000000E+03     -0.2768167507780059E+04      0.7663535103913998E+07
  0.47100000E+03     -0.2776798921820556E+04      0.7711392352375438E+07
  0.47200000E+03     -0.2786230731863806E+04      0.7763879029117577E+07
  0.47300000E+03     -0.2794859818255939E+04      0.7812042651610701E+07
  0.47400000E+03     -0.2803258437645438E+04      0.7859067049450554E+07
  0.47500000E+03     -0.2812149307326543E+04      0.7908997945498415E+07
  0.47600000E+03     -0.2820745923105419E+04      0.7957431466026996E+07
  0.47700000E+03     -0.2829239831891344E+04      0.8005419873851053E+07
  0.47800000E+03     -0.2838116169069449E+04      0.8055736740581973E+07
  0.47900000E+03     -0.2846566781282451E+04      0.8103773282174917E+07
  0.48000000E+03     -0.2855623958790752E+04      0.8155421440429432E+07
  0.48100000E+03     -0.2863463620122825E+04      0.8200265076704231E+07
  0.48200000E+03     -0.2872158036538202E+04      0.8250135279659603E+07
  0.48300000E+03     -0.2880239656533774E+04      0.8296646742203950E+07
  0.48400000E+03     -0.2888676234203697E+04      0.8345323386113466E+07
  0.48500000E+03     -0.2897121349119632E+04      0.8394179866317453E+07
  0.48600000E+03     -0.2905328168301851E+04      0.8441797848179810E+07
  0.48700000E+03     -0.2913109768184460E+04      0.8487086507468654E+07
  0.48800000E+03     -0.2921853343777229E+04      0.8538115270772584E+07
  0.48900000E+03     -0.2930042954528495E+04      0.8586048751579588E+07
  0.49000000E+03     -0.2938050306096745E+04      0.8633033167055374E+07
  0.49100000E+03     -0.2946191075243761E+04      0.8680942228659136E+07
  0.49200000E+03     -0.2953775294717632E+04      0.8725700804408351E+07
  0.49300000E+03     -0.2962111074674627E+04      0.8775015538634388E+07
  0.49400000E+03     -0.2970156878492916E+04      0.8822752449034186E+07
  0.49500000E+03     -0.2977341720265445E+04      0.8865480473598065E+07
  0.49600000E+03     -0.2985705709699208E+04      0.8915365159822581E+07
  0.49700000E+03     -0.2993031155510515E+04      0.8959164090010045E+07
  0.49800000E+03     -0.3000661869708519E+04      0.9004922035593942E+07
  0.49900000E+03     -0.3008543668077585E+04      0.9052292510399744E+07
  0.50000000E+03     -0.3015928129436876E+04      0.9096780108368933E+07
  0.50100000E+03     -0.3024167910011749E+04      0.9146558640956309E+07
  0.50200000E+03     -0.3031621160550950E+04      0.9191702842192318E+07
  0.50300000E+03     -0.3038450631886753E+04      0.9233167633817226E+07
  0.50400000E+03     -0.3045416877883430E+04      0.9275566975004617E+07
  0.50500000E+03     -0.3052651041095789E+04      0.9319653538944352E+07
  0.50600000E+03     -0.3060697318530617E+04      0.9368866692964952E+07
  0.50700000E+03     -0.3067367752315979E+04      0.9409756677284699E+07
  0.50800000E+03     -0.3074229355180617E+04      0.9451887944523523E+07
  0.50900000E+03     -0.3081349206845540E+04      0.9495731464424526E+07
  0.51000000E+03     -0.3088166730337620E+04      0.9537790151931046E+07
