  0.00000000E+00     -0.4110686715524128E+01
  0.10000000E+01     -0.4121362894573945E+01
  0.20000000E+01     -0.4787377294954894E+01
  0.30000000E+01     -0.5821007174000602E+01
  0.40000000E+01     -0.7104150456446177E+01
  0.50000000E+01     -0.8572162590987958E+01
  0.60000000E+01     -0.1018415675820283E+02
  0.70000000E+01     -0.1191176974853725E+02
  0.80000000E+01     -0.1373418779247906E+02
  0.90000000E+01     -0.1563562169194145E+02
  0.10000000E+02     -0.1760354839910678E+02
  0.11000000E+02     -0.1962730648378999E+02
  0.12000000E+02     -0.2169833325369936E+02
  0.13000000E+02     -0.2380951024547010E+02
  0.14000000E+02     -0.2595494399678667E+02
  0.15000000E+02     -0.2812896127007602E+02
  0.16000000E+02     -0.3032637357898306E+02
  0.17000000E+02     -0.3254317322736550E+02
  0.18000000E+02     -0.3477507222058836E+02
  0.19000000E+02     -0.3701838781563805E+02
  0.20000000E+02     -0.3926979079740516E+02
  0.21000000E+02     -0.4152606097799683E+02
  0.22000000E+02     -0.4378376646706043E+02
  0.23000000E+02     -0.4604030800576322E+02
  0.24000000E+02     -0.4829272259302884E+02
  0.25000000E+02     -0.5053774540995578E+02
  0.26000000E+02     -0.5277267874132289E+02
  0.27000000E+02     -0.5499394949210937E+02
  0.28000000E+02     -0.5719920794083887E+02
  0.29000000E+02     -0.5938537158669598E+02
  0.30000000E+02     -0.6154995377863649E+02
  0.31000000E+02     -0.6369027471119905E+02
  0.32000000E+02     -0.6580435464941451E+02
  0.33000000E+02     -0.6789009908709914E+02
  0.34000000E+02     -0.6994691221421314E+02
  0.35000000E+02     -0.7197382872987568E+02
  0.36000000E+02     -0.7397089034135847E+02
  0.37000000E+02     -0.7593822409454481E+02
  0.38000000E+02     -0.7787582098966256E+02
  0.39000000E+02     -0.7978546584470759E+02
  0.40000000E+02     -0.8166807729396068E+02
  0.41000000E+02     -0.8352542795665282E+02
  0.42000000E+02     -0.8535782839230565E+02
  0.43000000E+02     -0.8716640252524658E+02
  0.44000000E+02     -0.8895289255255805E+02
  0.45000000E+02     -0.9071858373228243E+02
  0.46000000E+02     -0.9246406776036076E+02
  0.47000000E+02     -0.9419006461513460E+02
  0.48000000E+02     -0.9589804351474172E+02
  0.49000000E+02     -0.9758757108387447E+02
  0.50000000E+02     -0.9926042554134844E+02
  0.51000000E+02     -0.1009162271688774E+03
  0.52000000E+02     -0.1025557377297302E+03
  0.53000000E+02     -0.1041796916877100E+03
  0.54000000E+02     -0.1057881367014035E+03
  0.55000000E+02     -0.1073809371816829E+03
  0.56000000E+02     -0.1089583988277492E+03
  0.57000000E+02     -0.1105205982129202E+03
  0.58000000E+02     -0.1120687525514468E+03
  0.59000000E+02     -0.1136015053592997E+03
  0.60000000E+02     -0.1151197409933501E+03
  0.61000000E+02     -0.1166233996388070E+03
  0.62000000E+02     -0.1181118713681957E+03
  0.63000000E+02     -0.1195860619167469E+03
  0.64000000E+02     -0.1210450766146611E+03
  0.65000000E+02     -0.1224888561810485E+03
  0.66000000E+02     -0.1239179607150460E+03
  0.67000000E+02     -0.1253308876726998E+03
  0.68000000E+02     -0.1267292821245490E+03
  0.69000000E+02     -0.1281120981821870E+03
  0.70000000E+02     -0.1294792857266414E+03
  0.71000000E+02     -0.1308295409802089E+03
  0.72000000E+02     -0.1321641375958282E+03
  0.73000000E+02     -0.1334831191976803E+03
  0.74000000E+02     -0.1347855517646484E+03
  0.75000000E+02     -0.1360723454283403E+03
  0.76000000E+02     -0.1373433994313715E+03
  0.77000000E+02     -0.1385995809552326E+03
  0.78000000E+02     -0.1398400267836920E+03
  0.79000000E+02     -0.1410655320252095E+03
  0.80000000E+02     -0.1422765356983230E+03
  0.81000000E+02     -0.1434732401141677E+03
  0.82000000E+02     -0.1446549319314660E+03
  0.83000000E+02     -0.1458228973744876E+03
  0.84000000E+02     -0.1469781255483801E+03
  0.85000000E+02     -0.1481210459342110E+03
  0.86000000E+02     -0.1492510388093219E+03
  0.87000000E+02     -0.1503685735384134E+03
  0.88000000E+02     -0.1514750196762693E+03
  0.89000000E+02     -0.1525689422994282E+03
  0.90000000E+02     -0.1536525001344298E+03
  0.91000000E+02     -0.1547251766387443E+03
  0.92000000E+02     -0.1557870335335996E+03
  0.93000000E+02     -0.1568383547416558E+03
  0.94000000E+02     -0.1578801646397008E+03
  0.95000000E+02     -0.1589125345939501E+03
  0.96000000E+02     -0.1599351388024818E+03
  0.97000000E+02     -0.1609476565060453E+03
  0.98000000E+02     -0.1619508452763582E+03
  0.99000000E+02     -0.1629448711909240E+03
  0.10000000E+03     -0.1639305615096314E+03
  0.10100000E+03     -0.1649072507124943E+03
  0.10200000E+03     -0.1658749009570990E+03
  0.10300000E+03     -0.1668336629351218E+03
  0.10400000E+03     -0.1677837621864354E+03
  0.10500000E+03     -0.1687249775737915E+03
  0.10600000E+03     -0.1696570710265882E+03
  0.10700000E+03     -0.1705814334734507E+03
  0.10800000E+03     -0.1714961873739458E+03
  0.10900000E+03     -0.1724025448574915E+03
  0.11000000E+03     -0.1733005312216861E+03
  0.11100000E+03     -0.1741893077133087E+03
  0.11200000E+03     -0.1750690453099986E+03
  0.11300000E+03     -0.1759396969429672E+03
  0.11400000E+03     -0.1768006847257074E+03
  0.11500000E+03     -0.1776522351254448E+03
  0.11600000E+03     -0.1784941315714390E+03
  0.11700000E+03     -0.1793257796499930E+03
  0.11800000E+03     -0.1801476202595675E+03
  0.11900000E+03     -0.1809595211329042E+03
  0.12000000E+03     -0.1817601390633979E+03
  0.12100000E+03     -0.1825497016827174E+03
  0.12200000E+03     -0.1833274331346460E+03
  0.12300000E+03     -0.1840934220619851E+03
  0.12400000E+03     -0.1848473302607793E+03
  0.12500000E+03     -0.1855889915293018E+03
  0.12600000E+03     -0.1863172580568109E+03
  0.12700000E+03     -0.1870322841067600E+03
  0.12800000E+03     -0.1877335764105945E+03
  0.12900000E+03     -0.1884206021016614E+03
  0.13000000E+03     -0.1890922678014474E+03
  0.13100000E+03     -0.1897494876195010E+03
  0.13200000E+03     -0.1903905523105453E+03
  0.13300000E+03     -0.1910165266189663E+03
  0.13400000E+03     -0.1916263210626421E+03
  0.13500000E+03     -0.1922195060035588E+03
  0.13600000E+03     -0.1927947927306919E+03
  0.13700000E+03     -0.1933523841225057E+03
  0.13800000E+03     -0.1938926726565635E+03
  0.13900000E+03     -0.1944133965503611E+03
  0.14000000E+03     -0.1949152202173917E+03
  0.14100000E+03     -0.1953991800628753E+03
  0.14200000E+03     -0.1958631448240162E+03
  0.14300000E+03     -0.1963073910652236E+03
  0.14400000E+03     -0.1967331878491509E+03
  0.14500000E+03     -0.1971399960701581E+03
  0.14600000E+03     -0.1975275597265107E+03
  0.14700000E+03     -0.1978971907226434E+03
  0.14800000E+03     -0.1982495075094405E+03
  0.14900000E+03     -0.1985850411446394E+03
  0.15000000E+03     -0.1989036741066739E+03
  0.15100000E+03     -0.1992068847738197E+03
  0.15200000E+03     -0.1994964071735875E+03
  0.15300000E+03     -0.1997723186082530E+03
  0.15400000E+03     -0.2000363237434773E+03
  0.15500000E+03     -0.2002887211308038E+03
  0.15600000E+03     -0.2005300666886823E+03
  0.15700000E+03     -0.2007615510052258E+03
  0.15800000E+03     -0.2009844213408885E+03
  0.15900000E+03     -0.2011979314042096E+03
  0.16000000E+03     -0.2014041861619105E+03
  0.16100000E+03     -0.2016023810501444E+03
  0.16200000E+03     -0.2017933116373325E+03
  0.16300000E+03     -0.2019777448457347E+03
  0.16400000E+03     -0.2021553080550397E+03
  0.16500000E+03     -0.2023276352468904E+03
  0.16600000E+03     -0.2024941010188196E+03
  0.16700000E+03     -0.2026547181709411E+03
  0.16800000E+03     -0.2028099966915478E+03
  0.16900000E+03     -0.2029605373311770E+03
  0.17000000E+03     -0.2031052756869491E+03
  0.17100000E+03     -0.2032457525163364E+03
  0.17200000E+03     -0.2033814115264553E+03
  0.17300000E+03     -0.2035123399435015E+03
  0.17400000E+03     -0.2036389485358749E+03
  0.17500000E+03     -0.2037615139504362E+03
  0.17600000E+03     -0.2038799117144140E+03
  0.17700000E+03     -0.2039947545439207E+03
  0.17800000E+03     -0.2041058493866368E+03
  0.17900000E+03     -0.2042123412499981E+03
  0.18000000E+03     -0.2043153121110026E+03
  0.18100000E+03     -0.2044149342278627E+03
  0.18200000E+03     -0.2045111881088454E+03
  0.18300000E+03     -0.2046030844141992E+03
  0.18400000E+03     -0.2046917838832426E+03
  0.18500000E+03     -0.2047771264582111E+03
  0.18600000E+03     -0.2048595196363528E+03
  0.18700000E+03     -0.2049386689253166E+03
  0.18800000E+03     -0.2050142502804871E+03
  0.18900000E+03     -0.2050874436909326E+03
  0.19000000E+03     -0.2051565733706865E+03
  0.19100000E+03     -0.2052229836026418E+03
  0.19200000E+03     -0.2052860337153051E+03
  0.19300000E+03     -0.2053462083172516E+03
  0.19400000E+03     -0.2054033515098783E+03
  0.19500000E+03     -0.2054572414499719E+03
  0.19600000E+03     -0.2055083772429596E+03
  0.19700000E+03     -0.2055562016571927E+03
  0.19800000E+03     -0.2056014591111220E+03
  0.19900000E+03     -0.2056437929740352E+03
  0.20000000E+03     -0.2056831601588166E+03
  0.20100000E+03     -0.2057187836014772E+03
  0.20200000E+03     -0.2057518076568204E+03
  0.20300000E+03     -0.2057821204210521E+03
  0.20400000E+03     -0.2058088463373973E+03
  0.20500000E+03     -0.2058334512973914E+03
  0.20600000E+03     -0.2058549551408710E+03
  0.20700000E+03     -0.2058742588648435E+03
  0.20800000E+03     -0.2058896119891217E+03
  0.20900000E+03     -0.2059025022920906E+03
  0.21000000E+03     -0.2059122571765207E+03
  0.21100000E+03     -0.2059182352449869E+03
  0.21200000E+03     -0.2059222797539009E+03
  0.21300000E+03     -0.2059229626278060E+03
  0.21400000E+03     -0.2059211128244719E+03
  0.21500000E+03     -0.2059156359196080E+03
  0.21600000E+03     -0.2059076784142387E+03
  0.21700000E+03     -0.2058965936462018E+03
  0.21800000E+03     -0.2058815763226170E+03
  0.21900000E+03     -0.2058633039758944E+03
  0.22000000E+03     -0.2058420115675457E+03
  0.22100000E+03     -0.2058176219926723E+03
  0.22200000E+03     -0.2057903303619736E+03
  0.22300000E+03     -0.2057599863891824E+03
  0.22400000E+03     -0.2057258520910263E+03
  0.22500000E+03     -0.2056880989368890E+03
  0.22600000E+03     -0.2056461881627138E+03
  0.22700000E+03     -0.2055990675439230E+03
  0.22800000E+03     -0.2055486604606784E+03
  0.22900000E+03     -0.2054926622421904E+03
  0.23000000E+03     -0.2054319410202144E+03
  0.23100000E+03     -0.2053683989810566E+03
  0.23200000E+03     -0.2052998382076424E+03
  0.23300000E+03     -0.2052251454291710E+03
  0.23400000E+03     -0.2051443286164716E+03
  0.23500000E+03     -0.2050581796167518E+03
  0.23600000E+03     -0.2049658316666455E+03
  0.23700000E+03     -0.2048655723070279E+03
  0.23800000E+03     -0.2047568125777185E+03
  0.23900000E+03     -0.2046406890477208E+03
  0.24000000E+03     -0.2045159527909944E+03
  0.24100000E+03     -0.2043804621850620E+03
  0.24200000E+03     -0.2042356156191266E+03
  0.24300000E+03     -0.2040786274181203E+03
  0.24400000E+03     -0.2039074187434605E+03
  0.24500000E+03     -0.2037216971444826E+03
  0.24600000E+03     -0.2035213919009171E+03
  0.24700000E+03     -0.2033042149186738E+03
  0.24800000E+03     -0.2030700705238191E+03
  0.24900000E+03     -0.2028146267159610E+03
  0.25000000E+03     -0.2025414157278441E+03
  0.25100000E+03     -0.2022480504542813E+03
  0.25200000E+03     -0.2019346183903138E+03
  0.25300000E+03     -0.2015993195142247E+03
  0.25400000E+03     -0.2012425281956845E+03
  0.25500000E+03     -0.2008658127763151E+03
  0.25600000E+03     -0.2004704295003394E+03
  0.25700000E+03     -0.2000541229834571E+03
  0.25800000E+03     -0.1996201367591270E+03
  0.25900000E+03     -0.1991661508087721E+03
  0.26000000E+03     -0.1986951010770573E+03
  0.26100000E+03     -0.1982052245389932E+03
  0.26200000E+03     -0.1977000685674859E+03
  0.26300000E+03     -0.1971783292848287E+03
  0.26400000E+03     -0.1966384216848717E+03
  0.26500000E+03     -0.1960846184928586E+03
  0.26600000E+03     -0.1955182004320975E+03
  0.26700000E+03     -0.1949367382576284E+03
  0.26800000E+03     -0.1943438446948250E+03
  0.26900000E+03     -0.1937390938186066E+03
  0.27000000E+03     -0.1931188025559586E+03
  0.27100000E+03     -0.1924887468564853E+03
  0.27200000E+03     -0.1918464740419299E+03
  0.27300000E+03     -0.1911945530919103E+03
  0.27400000E+03     -0.1905320871626367E+03
  0.27500000E+03     -0.1898608524859746E+03
  0.27600000E+03     -0.1891768137149504E+03
  0.27700000E+03     -0.1884849209965580E+03
  0.27800000E+03     -0.1877817776067606E+03
  0.27900000E+03     -0.1870696386733690E+03
  0.28000000E+03     -0.1863502277925157E+03
  0.28100000E+03     -0.1856210058026005E+03
  0.28200000E+03     -0.1848805428311434E+03
  0.28300000E+03     -0.1841326502112384E+03
  0.28400000E+03     -0.1833755393953654E+03
  0.28500000E+03     -0.1826123993503536E+03
  0.28600000E+03     -0.1818396712977693E+03
  0.28700000E+03     -0.1810581940502945E+03
  0.28800000E+03     -0.1802692875994506E+03
  0.28900000E+03     -0.1794710023028539E+03
  0.29000000E+03     -0.1786632370431207E+03
  0.29100000E+03     -0.1778476687791770E+03
  0.29200000E+03     -0.1770229539565537E+03
  0.29300000E+03     -0.1761901629826903E+03
  0.29400000E+03     -0.1753475768790038E+03
  0.29500000E+03     -0.1744925642685366E+03
  0.29600000E+03     -0.1736268754033733E+03
  0.29700000E+03     -0.1727557676217612E+03
  0.29800000E+03     -0.1718730383273973E+03
  0.29900000E+03     -0.1709838293444845E+03
  0.30000000E+03     -0.1700806255871236E+03
  0.30100000E+03     -0.1691688850490476E+03
  0.30200000E+03     -0.1682434008388283E+03
  0.30300000E+03     -0.1673065169885632E+03
  0.30400000E+03     -0.1663566446327868E+03
  0.30500000E+03     -0.1653999244238525E+03
  0.30600000E+03     -0.1644276599316704E+03
  0.30700000E+03     -0.1634427414893242E+03
  0.30800000E+03     -0.1624400600919727E+03
  0.30900000E+03     -0.1614309004995820E+03
  0.31000000E+03     -0.1604040705173387E+03
  0.31100000E+03     -0.1593661475009320E+03
  0.31200000E+03     -0.1583143744038125E+03
  0.31300000E+03     -0.1572462061193272E+03
  0.31400000E+03     -0.1561657251974302E+03
  0.31500000E+03     -0.1550661975718429E+03
  0.31600000E+03     -0.1539516366215570E+03
  0.31700000E+03     -0.1528218234166780E+03
  0.31800000E+03     -0.1516780116375633E+03
  0.31900000E+03     -0.1505190820437456E+03
  0.32000000E+03     -0.1493486050758950E+03
  0.32100000E+03     -0.1481595148701081E+03
  0.32200000E+03     -0.1469606305963030E+03
  0.32300000E+03     -0.1457439814577597E+03
  0.32400000E+03     -0.1445082226105689E+03
  0.32500000E+03     -0.1432596502902185E+03
  0.32600000E+03     -0.1419973506570791E+03
  0.32700000E+03     -0.1407221909073647E+03
  0.32800000E+03     -0.1394302959559701E+03
  0.32900000E+03     -0.1381235555675719E+03
  0.33000000E+03     -0.1367997661697714E+03
  0.33100000E+03     -0.1354622551728190E+03
  0.33200000E+03     -0.1341054122360191E+03
  0.33300000E+03     -0.1327308599828679E+03
  0.33400000E+03     -0.1313390501185014E+03
  0.33500000E+03     -0.1299273474292637E+03
  0.33600000E+03     -0.1284978280307000E+03
  0.33700000E+03     -0.1270459676900538E+03
  0.33800000E+03     -0.1255666399471615E+03
  0.33900000E+03     -0.1240697206244463E+03
  0.34000000E+03     -0.1225437928804174E+03
  0.34100000E+03     -0.1209913968674966E+03
  0.34200000E+03     -0.1194117556239663E+03
  0.34300000E+03     -0.1178076793341110E+03
  0.34400000E+03     -0.1161834728571271E+03
  0.34500000E+03     -0.1145313430161458E+03
  0.34600000E+03     -0.1128513363168091E+03
  0.34700000E+03     -0.1111506167538751E+03
  0.34800000E+03     -0.1094370484839257E+03
  0.34900000E+03     -0.1076981449826476E+03
  0.35000000E+03     -0.1059476460131447E+03
  0.35100000E+03     -0.1041897551068001E+03
  0.35200000E+03     -0.1024170841601330E+03
  0.35300000E+03     -0.1006399345786185E+03
  0.35400000E+03     -0.9885775099793257E+02
  0.35500000E+03     -0.9706533532266336E+02
  0.35600000E+03     -0.9527087137885755E+02
  0.35700000E+03     -0.9347197570556663E+02
  0.35800000E+03     -0.9166976787242942E+02
  0.35900000E+03     -0.8987526747174284E+02
  0.36000000E+03     -0.8807526706754408E+02
  0.36100000E+03     -0.8627379447731860E+02
  0.36200000E+03     -0.8447522642582997E+02
  0.36300000E+03     -0.8268010176763650E+02
  0.36400000E+03     -0.8089107050956412E+02
  0.36500000E+03     -0.7910676138518866E+02
  0.36600000E+03     -0.7732593640669207E+02
  0.36700000E+03     -0.7554675877129729E+02
  0.36800000E+03     -0.7377586047610160E+02
  0.36900000E+03     -0.7200818722801804E+02
  0.37000000E+03     -0.7025202711187228E+02
  0.37100000E+03     -0.6850698542637554E+02
  0.37200000E+03     -0.6676760278726064E+02
  0.37300000E+03     -0.6504354905650329E+02
  0.37400000E+03     -0.6332592086023284E+02
  0.37500000E+03     -0.6161743937359408E+02
  0.37600000E+03     -0.5991654182737271E+02
  0.37700000E+03     -0.5823635899247803E+02
  0.37800000E+03     -0.5655863677028874E+02
  0.37900000E+03     -0.5489759242775699E+02
  0.38000000E+03     -0.5324941720609371E+02
  0.38100000E+03     -0.5162562581426634E+02
  0.38200000E+03     -0.5000726039991363E+02
  0.38300000E+03     -0.4840348858140946E+02
  0.38400000E+03     -0.4682458998852715E+02
  0.38500000E+03     -0.4526793739702254E+02
  0.38600000E+03     -0.4371486234163919E+02
  0.38700000E+03     -0.4218649077944453E+02
  0.38800000E+03     -0.4068093213235579E+02
  0.38900000E+03     -0.3918504029742597E+02
  0.39000000E+03     -0.3771675589074758E+02
  0.39100000E+03     -0.3625975587333389E+02
  0.39200000E+03     -0.3482556898510217E+02
  0.39300000E+03     -0.3340810505466376E+02
  0.39400000E+03     -0.3202106212699152E+02
  0.39500000E+03     -0.3064994767601148E+02
  0.39600000E+03     -0.2930903803795115E+02
  0.39700000E+03     -0.2799662194108836E+02
  0.39800000E+03     -0.2669839146938536E+02
  0.39900000E+03     -0.2542621825300372E+02
  0.40000000E+03     -0.2419016533796157E+02
  0.40100000E+03     -0.2298234207324483E+02
  0.40200000E+03     -0.2179505468989307E+02
  0.40300000E+03     -0.2063724028765264E+02
  0.40400000E+03     -0.1950505980075387E+02
  0.40500000E+03     -0.1840060020734889E+02
  0.40600000E+03     -0.1733620024396994E+02
  0.40700000E+03     -0.1629688512809851E+02
  0.40800000E+03     -0.1529557249138011E+02
  0.40900000E+03     -0.1431639333020687E+02
  0.41000000E+03     -0.1336742132531150E+02
  0.41100000E+03     -0.1245791625067591E+02
  0.41200000E+03     -0.1158431031286762E+02
  0.41300000E+03     -0.1075609727084991E+02
  0.41400000E+03     -0.9952825787808877E+01
  0.41500000E+03     -0.9192325822293277E+01
  0.41600000E+03     -0.8476144209722751E+01
  0.41700000E+03     -0.7789293229795881E+01
  0.41800000E+03     -0.7152042284289852E+01
  0.41900000E+03     -0.6529560975012629E+01
  0.42000000E+03     -0.5936010773356834E+01
  0.42100000E+03     -0.5398513730419872E+01
  0.42200000E+03     -0.4911663725383637E+01
  0.42300000E+03     -0.4448443731651023E+01
  0.42400000E+03     -0.4043931859406777E+01
  0.42500000E+03     -0.3683054115637738E+01
  0.42600000E+03     -0.3367404428221299E+01
  0.42700000E+03     -0.3096652973192391E+01
  0.42800000E+03     -0.2881421706642595E+01
  0.42900000E+03     -0.2705258659967335E+01
  0.43000000E+03     -0.2574640416988956E+01
  0.43100000E+03     -0.2504392969597845E+01
  0.43200000E+03     -0.2454407757560407E+01
  0.43300000E+03     -0.2465055534517361E+01
  0.43400000E+03     -0.2544823406556748E+01
  0.43500000E+03     -0.2671232861745853E+01
  0.43600000E+03     -0.2834144189827782E+01
  0.43700000E+03     -0.3061514135515260E+01
  0.43800000E+03     -0.3369960351023878E+01
  0.43900000E+03     -0.3710936547225490E+01
  0.44000000E+03     -0.4116232224761511E+01
  0.44100000E+03     -0.4580535177051459E+01
  0.44200000E+03     -0.5103104914564202E+01
  0.44300000E+03     -0.5682598168738593E+01
  0.44400000E+03     -0.6302628520658821E+01
  0.44500000E+03     -0.6974830918757138E+01
  0.44600000E+03     -0.7717734014109216E+01
  0.44700000E+03     -0.8519042835160747E+01
  0.44800000E+03     -0.9422698546320234E+01
  0.44900000E+03     -0.1034349596372383E+02
  0.45000000E+03     -0.1135613303263682E+02
  0.45100000E+03     -0.1244439724691662E+02
  0.45200000E+03     -0.1358044854919558E+02
  0.45300000E+03     -0.1477071741087105E+02
  0.45400000E+03     -0.1603206149555952E+02
  0.45500000E+03     -0.1737419615112635E+02
  0.45600000E+03     -0.1877405411192143E+02
  0.45700000E+03     -0.2025754654920365E+02
  0.45800000E+03     -0.2181929297714397E+02
  0.45900000E+03     -0.2344690750261616E+02
  0.46000000E+03     -0.2515682670868876E+02
  0.46100000E+03     -0.2692735227453222E+02
  0.46200000E+03     -0.2879134950247151E+02
  0.46300000E+03     -0.3068999373191014E+02
  0.46400000E+03     -0.3271864157975048E+02
  0.46500000E+03     -0.3482288171652513E+02
  0.46600000E+03     -0.3695775367807197E+02
  0.46700000E+03     -0.3919903426388279E+02
  0.46800000E+03     -0.4151555414881955E+02
  0.46900000E+03     -0.4391655867462438E+02
  0.47000000E+03     -0.4637863403146250E+02
  0.47100000E+03     -0.4897578896637913E+02
  0.47200000E+03     -0.5164738611482591E+02
  0.47300000E+03     -0.5439524516839568E+02
  0.47400000E+03     -0.5724407813880477E+02
  0.47500000E+03     -0.6016429849116783E+02
  0.47600000E+03     -0.6318276296966586E+02
  0.47700000E+03     -0.6628847189336835E+02
  0.47800000E+03     -0.6951457671479966E+02
  0.47900000E+03     -0.7279584111779548E+02
  0.48000000E+03     -0.7621825445785024E+02
  0.48100000E+03     -0.7970822546517758E+02
  0.48200000E+03     -0.8329868840602288E+02
  0.48300000E+03     -0.8697947820807457E+02
  0.48400000E+03     -0.9072331404060526E+02
  0.48500000E+03     -0.9456450009955226E+02
  0.48600000E+03     -0.9861594158508275E+02
  0.48700000E+03     -0.1026718660740650E+03
  0.48800000E+03     -0.1066878937353474E+03
  0.48900000E+03     -0.1100103855935535E+03
  0.49000000E+03     -0.1142264770883844E+03
  0.49100000E+03     -0.1167042716785651E+03
  0.49200000E+03     -0.1171877554586547E+03
  0.49300000E+03     -0.1195698561782564E+03
  0.49400000E+03     -0.1245118990136271E+03
  0.49500000E+03     -0.1287041163612877E+03
  0.49600000E+03     -0.1300790487892549E+03
  0.49700000E+03     -0.1311182820100398E+03
  0.49800000E+03     -0.1318063135830086E+03
  0.49900000E+03     -0.1313866876263008E+03
  0.50000000E+03     -0.1304145309562065E+03
  0.50100000E+03     -0.1297731087952427E+03
  0.50200000E+03     -0.1332689085716781E+03
  0.50300000E+03     -0.1335828762802369E+03
  0.50400000E+03     -0.1338338555306020E+03
  0.50500000E+03     -0.1342059557715200E+03
  0.50600000E+03     -0.1346510808249925E+03
  0.50700000E+03     -0.1352590697905619E+03
  0.50800000E+03     -0.1362837272774246E+03
  0.50900000E+03     -0.1484812859935416E+03
  0.51000000E+03     -0.1555926867380567E+03
