  0.00000000E+00     -0.8304519235148843E-09      0.8501207585678023E-18
  0.10000000E+01     -0.6057408321261591E-03      0.3669219556929869E-06
  0.20000000E+01     -0.4689850089094445E-01      0.2942753501150681E-01
  0.30000000E+01     -0.1395167367642814E+00      0.1039674587224550E+00
  0.40000000E+01     -0.2791815473359479E+00      0.2529334208909245E+00
  0.50000000E+01     -0.4670533483246329E+00      0.5211451930202012E+00
  0.60000000E+01     -0.7039614285095038E+00      0.9685539875030225E+00
  0.70000000E+01     -0.9908333929232698E+00      0.1671879672258195E+01
  0.80000000E+01     -0.1329249350743980E+01      0.2728026889873418E+01
  0.90000000E+01     -0.1720060552123803E+01      0.4252039450832375E+01
  0.10000000E+02     -0.2165454860631783E+01      0.6385710520113172E+01
  0.11000000E+02     -0.2666621117747979E+01      0.9293127840793115E+01
  0.12000000E+02     -0.3226699734343715E+01      0.1317874063029513E+02
  0.13000000E+02     -0.3847217848042046E+01      0.1826543882445455E+02
  0.14000000E+02     -0.4530518902054450E+01      0.2482207191216736E+02
  0.15000000E+02     -0.5280975690792315E+01      0.3317923625439369E+02
  0.16000000E+02     -0.6101885839787269E+01      0.4371111075027831E+02
  0.17000000E+02     -0.6997743583128842E+01      0.5687053864916701E+02
  0.18000000E+02     -0.7972229234292062E+01      0.7316727248119419E+02
  0.19000000E+02     -0.9034572076648246E+01      0.9329011461001731E+02
  0.20000000E+02     -0.1019073698357056E+02      0.1180087000325890E+03
  0.21000000E+02     -0.1144766181846799E+02      0.1482123858064521E+03
  0.22000000E+02     -0.1281722643179315E+02      0.1850963941107377E+03
  0.23000000E+02     -0.1431008396054944E+02      0.2299843957335721E+03
  0.24000000E+02     -0.1594209940528486E+02      0.2846925105598987E+03
  0.25000000E+02     -0.1772271971835129E+02      0.3509864474104059E+03
  0.26000000E+02     -0.1967004969814768E+02      0.4313348687214151E+03
  0.27000000E+02     -0.2179845682111034E+02      0.5284195197780566E+03
  0.28000000E+02     -0.2412351432131411E+02      0.6453569206145478E+03
  0.29000000E+02     -0.2666332394817186E+02      0.7858508747316241E+03
  0.30000000E+02     -0.2941997601912996E+02      0.9530901831216461E+03
  0.31000000E+02     -0.3239767249100127E+02      0.1150488515992865E+04
  0.32000000E+02     -0.3559016245866337E+02      0.1381089983867263E+04
  0.33000000E+02     -0.3898427687873522E+02      0.1647401467478370E+04
  0.34000000E+02     -0.4255659957769256E+02      0.1951073933332846E+04
  0.35000000E+02     -0.4627780461418546E+02      0.2292571078740689E+04
  0.36000000E+02     -0.5012101412136414E+02      0.2672324244873762E+04
  0.37000000E+02     -0.5404979719635779E+02      0.3089028096175482E+04
  0.38000000E+02     -0.5804268382077484E+02      0.3542156652275429E+04
  0.39000000E+02     -0.6206606800271756E+02      0.4029350973275959E+04
  0.40000000E+02     -0.6609880631319872E+02      0.4548783285103166E+04
  0.41000000E+02     -0.7014088867642863E+02      0.5101064136870345E+04
  0.42000000E+02     -0.7417430929820408E+02      0.5684056786727464E+04
  0.43000000E+02     -0.7819998154522091E+02      0.6297674076649480E+04
  0.44000000E+02     -0.8220483462969354E+02      0.6940065353514010E+04
  0.45000000E+02     -0.8620212782670757E+02      0.7613142924081561E+04
  0.46000000E+02     -0.9018357429899098E+02      0.8315174322987108E+04
  0.47000000E+02     -0.9415261191152094E+02      0.9046701412177712E+04
  0.48000000E+02     -0.9811402748671438E+02      0.9808395956591427E+04
  0.49000000E+02     -0.1020634882108210E+03      0.1059901303846377E+05
  0.50000000E+02     -0.1060042530612129E+03      0.1141901200076227E+05
  0.51000000E+02     -0.1099473223756235E+03      0.1227074855648943E+05
  0.52000000E+02     -0.1138793554203304E+03      0.1315101650600691E+05
  0.53000000E+02     -0.1178094716535940E+03      0.1406175827563281E+05
  0.54000000E+02     -0.1217424144034695E+03      0.1500424825270819E+05
  0.55000000E+02     -0.1256720667998310E+03      0.1597699375509759E+05
  0.56000000E+02     -0.1296173812964891E+03      0.1698469888075364E+05
  0.57000000E+02     -0.1335617613431361E+03      0.1802328742116428E+05
  0.58000000E+02     -0.1375067311319364E+03      0.1909339591406284E+05
  0.59000000E+02     -0.1414760457330526E+03      0.2020136400077073E+05
  0.60000000E+02     -0.1454469830024129E+03      0.2134131182581062E+05
  0.61000000E+02     -0.1494321231966217E+03      0.2251708225086499E+05
  0.62000000E+02     -0.1534367579585882E+03      0.2373063422964642E+05
  0.63000000E+02     -0.1574547015689483E+03      0.2498045286183661E+05
  0.64000000E+02     -0.1614847505729951E+03      0.2626666127114286E+05
  0.65000000E+02     -0.1655465656998979E+03      0.2759592719796725E+05
  0.66000000E+02     -0.1696234119179951E+03      0.2896325820625025E+05
  0.67000000E+02     -0.1737266171478348E+03      0.3037305030394165E+05
  0.68000000E+02     -0.1778576534388233E+03      0.3182662747283848E+05
  0.69000000E+02     -0.1820270137220685E+03      0.3332824010035428E+05
  0.70000000E+02     -0.1862221772122969E+03      0.3487449745713203E+05
  0.71000000E+02     -0.1904444711819778E+03      0.3646627556582912E+05
  0.72000000E+02     -0.1947221872232936E+03      0.3811542488852601E+05
  0.73000000E+02     -0.1990353207594889E+03      0.3981536230946008E+05
  0.74000000E+02     -0.2033787456024419E+03      0.4156478055898097E+05
  0.75000000E+02     -0.2077600884078263E+03      0.4336813763971994E+05
  0.76000000E+02     -0.2121672230380908E+03      0.4522058810717211E+05
  0.77000000E+02     -0.2166058645671607E+03      0.4712586146767760E+05
  0.78000000E+02     -0.2210801571078789E+03      0.4908608590348990E+05
  0.79000000E+02     -0.2255743876967364E+03      0.5109550546312153E+05
  0.80000000E+02     -0.2301051492505586E+03      0.5316224327468023E+05
  0.81000000E+02     -0.2346551224015374E+03      0.5527897727300772E+05
  0.82000000E+02     -0.2392223166456979E+03      0.5744533719366189E+05
  0.83000000E+02     -0.2438137673290919E+03      0.5966533250190635E+05
  0.84000000E+02     -0.2484170289872711E+03      0.6193320517189590E+05
  0.85000000E+02     -0.2530347731306403E+03      0.6425063654518775E+05
  0.86000000E+02     -0.2576602571156471E+03      0.6661487070003879E+05
  0.87000000E+02     -0.2622996907653061E+03      0.6902909732066696E+05
  0.88000000E+02     -0.2669376520599517E+03      0.7148552561704614E+05
  0.89000000E+02     -0.2715865695787693E+03      0.7399104328782618E+05
  0.90000000E+02     -0.2762422018429659E+03      0.7654345477737290E+05
  0.91000000E+02     -0.2809127464016775E+03      0.7914761621620227E+05
  0.92000000E+02     -0.2855822760387168E+03      0.8179448349366865E+05
  0.93000000E+02     -0.2902493960737077E+03      0.8448353401929006E+05
  0.94000000E+02     -0.2949165614628508E+03      0.8721626368704918E+05
  0.95000000E+02     -0.2995829192842244E+03      0.8999211516198593E+05
  0.96000000E+02     -0.3042598486847570E+03      0.9281801100885634E+05
  0.97000000E+02     -0.3089261490833705E+03      0.9568103144346958E+05
  0.98000000E+02     -0.3135951739830123E+03      0.9858929410473406E+05
  0.99000000E+02     -0.3182531218442327E+03      0.1015339847587114E+06
  0.10000000E+03     -0.3229127007765119E+03      0.1045231931557077E+06
  0.10100000E+03     -0.3275684502141511E+03      0.1075533805745753E+06
  0.10200000E+03     -0.3322233384722715E+03      0.1106264841187722E+06
  0.10300000E+03     -0.3368892476134360E+03      0.1137502534791723E+06
  0.10400000E+03     -0.3415553973244416E+03      0.1169177894485265E+06
  0.10500000E+03     -0.3462185941917647E+03      0.1201268778446363E+06
  0.10600000E+03     -0.3508764351614278E+03      0.1233754725204698E+06
  0.10700000E+03     -0.3555305710330528E+03      0.1266649332282952E+06
  0.10800000E+03     -0.3601783122646684E+03      0.1299928923547107E+06
  0.10900000E+03     -0.3648169491130573E+03      0.1333577515544560E+06
  0.11000000E+03     -0.3694719587357264E+03      0.1367774236793403E+06
  0.11100000E+03     -0.3741176449211651E+03      0.1402335035593300E+06
  0.11200000E+03     -0.3787554362714314E+03      0.1437266699646994E+06
  0.11300000E+03     -0.3833937977643409E+03      0.1472634524536852E+06
  0.11400000E+03     -0.3880293335975687E+03      0.1508408048617250E+06
  0.11500000E+03     -0.3926689630622094E+03      0.1544643011298888E+06
  0.11600000E+03     -0.3973045447568712E+03      0.1581275192204956E+06
  0.11700000E+03     -0.4019348653555410E+03      0.1618293388409001E+06
  0.11800000E+03     -0.4065740546912006E+03      0.1655813279520030E+06
  0.11900000E+03     -0.4112048813392398E+03      0.1693690870090800E+06
  0.12000000E+03     -0.4158461186586813E+03      0.1732081415334123E+06
  0.12100000E+03     -0.4204847623165896E+03      0.1770879355375416E+06
  0.12200000E+03     -0.4251421360408895E+03      0.1810271291981920E+06
  0.12300000E+03     -0.4298011005687257E+03      0.1850104564296508E+06
  0.12400000E+03     -0.4344707288152379E+03      0.1890464296612206E+06
  0.12500000E+03     -0.4391522241367400E+03      0.1931362108732491E+06
  0.12600000E+03     -0.4438537865055928E+03      0.1972881596892796E+06
  0.12700000E+03     -0.4485805784641373E+03      0.2015062155029508E+06
  0.12800000E+03     -0.4533304816406186E+03      0.2057900852324394E+06
  0.12900000E+03     -0.4580987604269255E+03      0.2101357173287264E+06
  0.13000000E+03     -0.4628941103170932E+03      0.2145516030279237E+06
  0.13100000E+03     -0.4677142264338337E+03      0.2190369740734319E+06
  0.13200000E+03     -0.4725917764016391E+03      0.2236231416240026E+06
  0.13300000E+03     -0.4774997866978426E+03      0.2282856467530493E+06
  0.13400000E+03     -0.4824391625310525E+03      0.2330266294029785E+06
  0.13500000E+03     -0.4874372014561845E+03      0.2378736882154829E+06
  0.13600000E+03     -0.4924522361976859E+03      0.2427875178043893E+06
  0.13700000E+03     -0.4975260707575036E+03      0.2478102617506084E+06
  0.13800000E+03     -0.5026508907158560E+03      0.2529356987540698E+06
  0.13900000E+03     -0.5078220940871631E+03      0.2581606863736360E+06
  0.14000000E+03     -0.5130489634208321E+03      0.2634962770262700E+06
  0.14100000E+03     -0.5183345693550224E+03      0.2689476228952921E+06
  0.14200000E+03     -0.5236718919809972E+03      0.2745091076943756E+06
  0.14300000E+03     -0.5290836312470680E+03      0.2802064106234283E+06
  0.14400000E+03     -0.5345587378216635E+03      0.2860305569144643E+06
  0.14500000E+03     -0.5401088984052320E+03      0.2919954716998253E+06
  0.14600000E+03     -0.5457111817528382E+03      0.2980791438470143E+06
  0.14700000E+03     -0.5513735322689196E+03      0.3042922799710125E+06
  0.14800000E+03     -0.5571076576714362E+03      0.3106497339851439E+06
  0.14900000E+03     -0.5628976955489610E+03      0.3171360950513298E+06
  0.15000000E+03     -0.5687102255140325E+03      0.3237151072017241E+06
  0.15100000E+03     -0.5745728602211045E+03      0.3304192842255498E+06
  0.15200000E+03     -0.5804314062610433E+03      0.3371865935210015E+06
  0.15300000E+03     -0.5863335497693868E+03      0.3440747433415598E+06
  0.15400000E+03     -0.5922616738631998E+03      0.3510632012833172E+06
  0.15500000E+03     -0.5981601138028972E+03      0.3580860381484852E+06
  0.15600000E+03     -0.6041086346738439E+03      0.3652394774006191E+06
  0.15700000E+03     -0.6100660516442824E+03      0.3724746120762405E+06
  0.15800000E+03     -0.6160197523924962E+03      0.3797760519303312E+06
  0.15900000E+03     -0.6219894375819009E+03      0.3871683757522677E+06
  0.16000000E+03     -0.6279593557365710E+03      0.3946321569623213E+06
  0.16100000E+03     -0.6339409325398145E+03      0.4021819616269156E+06
  0.16200000E+03     -0.6399157488275016E+03      0.4097948977868941E+06
  0.16300000E+03     -0.6459057674439068E+03      0.4174985234514495E+06
  0.16400000E+03     -0.6518888181869307E+03      0.4252647121406981E+06
  0.16500000E+03     -0.6578629963724679E+03      0.4330912462000231E+06
  0.16600000E+03     -0.6638430556500466E+03      0.4409969239284427E+06
  0.16700000E+03     -0.6698187369426048E+03      0.4489680310511345E+06
  0.16800000E+03     -0.6757835098397913E+03      0.4569954439621824E+06
  0.16900000E+03     -0.6817517359161808E+03      0.4650992105829612E+06
  0.17000000E+03     -0.6877202106777872E+03      0.4732744115746039E+06
  0.17100000E+03     -0.6936924990363196E+03      0.4815265764722502E+06
  0.17200000E+03     -0.6996607311624947E+03      0.4898440466066341E+06
  0.17300000E+03     -0.7056371166375375E+03      0.4982443230721382E+06
  0.17400000E+03     -0.7116045238167338E+03      0.5067035199112205E+06
  0.17500000E+03     -0.7175836807554808E+03      0.5152507381408426E+06
  0.17600000E+03     -0.7235544713564236E+03      0.5238571443057471E+06
  0.17700000E+03     -0.7295254988421029E+03      0.5325354149147141E+06
  0.17800000E+03     -0.7354900151413915E+03      0.5412747275539027E+06
  0.17900000E+03     -0.7414565561493937E+03      0.5500886539634742E+06
  0.18000000E+03     -0.7474303336573574E+03      0.5589850198989918E+06
  0.18100000E+03     -0.7533993071230992E+03      0.5679454637472320E+06
  0.18200000E+03     -0.7593703218199631E+03      0.5769799370130447E+06
  0.18300000E+03     -0.7653354926146202E+03      0.5860771950220903E+06
  0.18400000E+03     -0.7713025192421646E+03      0.5952482325080773E+06
  0.18500000E+03     -0.7772613327303764E+03      0.6044776251170364E+06
  0.18600000E+03     -0.7832281591404574E+03      0.6137905888520220E+06
  0.18700000E+03     -0.7891907259985621E+03      0.6231678040587069E+06
  0.18800000E+03     -0.7951654483186894E+03      0.6326360187454638E+06
  0.18900000E+03     -0.8011250532042170E+03      0.6421514635410930E+06
  0.19000000E+03     -0.8070974175769769E+03      0.6517585553511332E+06
  0.19100000E+03     -0.8130633258340062E+03      0.6614262220588179E+06
  0.19200000E+03     -0.8190161253910761E+03      0.6711436417069855E+06
  0.19300000E+03     -0.8249838690878332E+03      0.6809566972992130E+06
  0.19400000E+03     -0.8309488791668547E+03      0.6908365007351052E+06
  0.19500000E+03     -0.8369097584478690E+03      0.7007802262674166E+06
  0.19600000E+03     -0.8428704562350308E+03      0.7107952141548437E+06
  0.19700000E+03     -0.8488332012436322E+03      0.7208844876241961E+06
  0.19800000E+03     -0.8547949409369144E+03      0.7310426276856576E+06
  0.19900000E+03     -0.8607412440275849E+03      0.7412459185874813E+06
  0.20000000E+03     -0.8666926542764397E+03      0.7515290645521837E+06
  0.20100000E+03     -0.8726385950952844E+03      0.7618737808822301E+06
  0.20200000E+03     -0.8785914978365806E+03      0.7723014540759934E+06
  0.20300000E+03     -0.8845604715192610E+03      0.7828277130292705E+06
  0.20400000E+03     -0.8905159547330278E+03      0.7934016091749447E+06
  0.20500000E+03     -0.8964576581664679E+03      0.8040214466683527E+06
  0.20600000E+03     -0.9024071179856754E+03      0.8147260589774788E+06
  0.20700000E+03     -0.9083479346775650E+03      0.8254857265051827E+06
  0.20800000E+03     -0.9142928661134121E+03      0.8363236018084692E+06
  0.20900000E+03     -0.9202209237257091E+03      0.8472010654873858E+06
  0.21000000E+03     -0.9261395522525482E+03      0.8581316692414070E+06
  0.21100000E+03     -0.9320682091324031E+03      0.8691511547427848E+06
  0.21200000E+03     -0.9379987414902650E+03      0.8802442607231103E+06
  0.21300000E+03     -0.9439187118460025E+03      0.8913878561952967E+06
  0.21400000E+03     -0.9498156268783872E+03      0.9025578623801197E+06
  0.21500000E+03     -0.9557242291084550E+03      0.9138198191720609E+06
  0.21600000E+03     -0.9616236154288074E+03      0.9251339471647673E+06
  0.21700000E+03     -0.9675134205531211E+03      0.9364993844884846E+06
  0.21800000E+03     -0.9733961185539819E+03      0.9479204129550586E+06
  0.21900000E+03     -0.9792698761472319E+03      0.9593933192395312E+06
  0.22000000E+03     -0.9851823799952265E+03      0.9710117711357145E+06
  0.22100000E+03     -0.9910222116958599E+03      0.9825563310438095E+06
  0.22200000E+03     -0.9968618069187049E+03      0.9941683952808436E+06
  0.22300000E+03     -0.1002747592893214E+04      0.1005942204103488E+07
  0.22400000E+03     -0.1008566872110703E+04      0.1017650983267538E+07
  0.22500000E+03     -0.1014370964749088E+04      0.1029396666337542E+07
  0.22600000E+03     -0.1020147514291710E+04      0.1041154124154788E+07
  0.22700000E+03     -0.1025912044214832E+04      0.1052953525466565E+07
  0.22800000E+03     -0.1031646505362318E+04      0.1064757660242361E+07
  0.22900000E+03     -0.1037357344005577E+04      0.1076578907618775E+07
  0.23000000E+03     -0.1043047990242006E+04      0.1088423959512555E+07
  0.23100000E+03     -0.1048710500094369E+04      0.1100274873093195E+07
  0.23200000E+03     -0.1054334628091931E+04      0.1112109477277086E+07
  0.23300000E+03     -0.1059924013812840E+04      0.1123934801168836E+07
  0.23400000E+03     -0.1065457204614504E+04      0.1135703178327171E+07
  0.23500000E+03     -0.1070951140867776E+04      0.1147449320452582E+07
  0.23600000E+03     -0.1076399496533548E+04      0.1159158154937718E+07
  0.23700000E+03     -0.1081782810916648E+04      0.1170786371815224E+07
  0.23800000E+03     -0.1087087710974806E+04      0.1182302448866356E+07
  0.23900000E+03     -0.1092326790578735E+04      0.1193731849126078E+07
  0.24000000E+03     -0.1097489818831071E+04      0.1205049650404717E+07
  0.24100000E+03     -0.1102565543526563E+04      0.1216228625467858E+07
  0.24200000E+03     -0.1107539708936235E+04      0.1227233492337656E+07
  0.24300000E+03     -0.1112417411892194E+04      0.1238073520885139E+07
  0.24400000E+03     -0.1117193110230334E+04      0.1248732824011128E+07
  0.24500000E+03     -0.1121897118476798E+04      0.1259274957044022E+07
  0.24600000E+03     -0.1126482440211650E+04      0.1269593811408145E+07
  0.24700000E+03     -0.1130997768906404E+04      0.1279791830243298E+07
  0.24800000E+03     -0.1135438310728328E+04      0.1289859472954273E+07
  0.24900000E+03     -0.1139827016631869E+04      0.1299843852368742E+07
  0.25000000E+03     -0.1144228419862348E+04      0.1309894375690975E+07
  0.25100000E+03     -0.1148681189801985E+04      0.1320098950090877E+07
  0.25200000E+03     -0.1153155846057123E+04      0.1330389845762342E+07
  0.25300000E+03     -0.1157654189258510E+04      0.1340773586046677E+07
  0.25400000E+03     -0.1162244657307948E+04      0.1351410313759724E+07
  0.25500000E+03     -0.1167002122652633E+04      0.1362478187644979E+07
  0.25600000E+03     -0.1171870238532512E+04      0.1373851407398503E+07
  0.25700000E+03     -0.1176850487163498E+04      0.1385536734387932E+07
  0.25800000E+03     -0.1181922303871967E+04      0.1397488116701539E+07
  0.25900000E+03     -0.1187126807522649E+04      0.1409805391598945E+07
  0.26000000E+03     -0.1192465295308395E+04      0.1422498799151257E+07
  0.26100000E+03     -0.1197942173275110E+04      0.1435581175232811E+07
  0.26200000E+03     -0.1203551991199654E+04      0.1449045178016745E+07
  0.26300000E+03     -0.1209229103607387E+04      0.1462734134152903E+07
  0.26400000E+03     -0.1214980888413970E+04      0.1476671243847397E+07
  0.26500000E+03     -0.1220808163193356E+04      0.1490859300737668E+07
  0.26600000E+03     -0.1226737137255559E+04      0.1505366371087434E+07
  0.26700000E+03     -0.1232729640303012E+04      0.1520100402156573E+07
  0.26800000E+03     -0.1238829174872265E+04      0.1535171922861484E+07
  0.26900000E+03     -0.1244951789355733E+04      0.1550376036433218E+07
  0.27000000E+03     -0.1251158106473830E+04      0.1565865084685240E+07
  0.27100000E+03     -0.1257361339392943E+04      0.1581424183793459E+07
  0.27200000E+03     -0.1263653145115524E+04      0.1597283385121047E+07
  0.27300000E+03     -0.1269966729996947E+04      0.1613278500325303E+07
  0.27400000E+03     -0.1276303130819349E+04      0.1629411720234068E+07
  0.27500000E+03     -0.1282701363702092E+04      0.1645785789789769E+07
  0.27600000E+03     -0.1289141056884775E+04      0.1662347952441446E+07
  0.27700000E+03     -0.1295581671114592E+04      0.1678995991338744E+07
  0.27800000E+03     -0.1302039004309935E+04      0.1695771971881288E+07
  0.27900000E+03     -0.1308526816588155E+04      0.1712710261317449E+07
  0.28000000E+03     -0.1315029006396204E+04      0.1729770361030193E+07
  0.28100000E+03     -0.1321524308363080E+04      0.1746899176564202E+07
  0.28200000E+03     -0.1328071357290992E+04      0.1764249677903834E+07
  0.28300000E+03     -0.1334628124361340E+04      0.1781710280229487E+07
  0.28400000E+03     -0.1341183338876579E+04      0.1799253372517212E+07
  0.28500000E+03     -0.1347778021828060E+04      0.1816989657910284E+07
  0.28600000E+03     -0.1354352907725826E+04      0.1834760328579865E+07
  0.28700000E+03     -0.1360916073813103E+04      0.1852585192938219E+07
  0.28800000E+03     -0.1367491245230168E+04      0.1870528404190544E+07
  0.28900000E+03     -0.1374039627221029E+04      0.1888484774325310E+07
  0.29000000E+03     -0.1380565343639342E+04      0.1906464278676592E+07
  0.29100000E+03     -0.1387134782606469E+04      0.1924649771058050E+07
  0.29200000E+03     -0.1393628277954864E+04      0.1942711859209114E+07
  0.29300000E+03     -0.1400147693666014E+04      0.1960930777586508E+07
  0.29400000E+03     -0.1406639260572089E+04      0.1979156576710867E+07
  0.29500000E+03     -0.1413049497745822E+04      0.1997235773704465E+07
  0.29600000E+03     -0.1419490410844106E+04      0.2015485131943969E+07
  0.29700000E+03     -0.1425925088015129E+04      0.2033798701602858E+07
  0.29800000E+03     -0.1432369482983601E+04      0.2052224364171830E+07
  0.29900000E+03     -0.1438730517929485E+04      0.2070491880624602E+07
  0.30000000E+03     -0.1445056187529809E+04      0.2088738224028028E+07
  0.30100000E+03     -0.1451395163845702E+04      0.2107104761579730E+07
  0.30200000E+03     -0.1457725076864838E+04      0.2125524926026055E+07
  0.30300000E+03     -0.1463995871068892E+04      0.2143851701858734E+07
  0.30400000E+03     -0.1470256815241984E+04      0.2162227524457114E+07
  0.30500000E+03     -0.1476478705923380E+04      0.2180565754258939E+07
  0.30600000E+03     -0.1482606392129635E+04      0.2198701636996529E+07
  0.30700000E+03     -0.1488763537651103E+04      0.2217000421513731E+07
  0.30800000E+03     -0.1494915681456636E+04      0.2235358951009363E+07
  0.30900000E+03     -0.1500995531385111E+04      0.2253575365821846E+07
  0.31000000E+03     -0.1507127959458011E+04      0.2272022894992443E+07
  0.31100000E+03     -0.1513227022484955E+04      0.2290443724018123E+07
  0.31200000E+03     -0.1519354094900056E+04      0.2309024214891306E+07
  0.31300000E+03     -0.1525503219054196E+04      0.2327746120256664E+07
  0.31400000E+03     -0.1531624204325896E+04      0.2346456938424280E+07
  0.31500000E+03     -0.1537819198292352E+04      0.2365471049341852E+07
  0.31600000E+03     -0.1544034375803583E+04      0.2384621273628682E+07
  0.31700000E+03     -0.1550268666063837E+04      0.2403909217359032E+07
  0.31800000E+03     -0.1556592150702391E+04      0.2423552629047135E+07
  0.31900000E+03     -0.1562892320438182E+04      0.2443203405250456E+07
  0.32000000E+03     -0.1569191063488900E+04      0.2462930438265767E+07
  0.32100000E+03     -0.1575675412526453E+04      0.2483322684929614E+07
  0.32200000E+03     -0.1582124405740979E+04      0.2503685986785763E+07
  0.32300000E+03     -0.1588480069653686E+04      0.2523838782681992E+07
  0.32400000E+03     -0.1594911458920132E+04      0.2544312620847568E+07
  0.32500000E+03     -0.1601386253594238E+04      0.2565011408408710E+07
  0.32600000E+03     -0.1607785301222851E+04      0.2585550320557609E+07
  0.32700000E+03     -0.1614327660887501E+04      0.2606635165107259E+07
  0.32800000E+03     -0.1620722648209425E+04      0.2627328975479278E+07
  0.32900000E+03     -0.1627079429683609E+04      0.2647980752744026E+07
  0.33000000E+03     -0.1633363156187545E+04      0.2668480028590244E+07
  0.33100000E+03     -0.1639703148463821E+04      0.2689241281090251E+07
  0.33200000E+03     -0.1645932268950656E+04      0.2709719452172635E+07
  0.33300000E+03     -0.1652006506850669E+04      0.2729769742098831E+07
  0.33400000E+03     -0.1658065824248609E+04      0.2749842929464931E+07
  0.33500000E+03     -0.1664038297423011E+04      0.2769699652421775E+07
  0.33600000E+03     -0.1669844853480349E+04      0.2789075124483891E+07
  0.33700000E+03     -0.1675632956494457E+04      0.2808451723509977E+07
  0.33800000E+03     -0.1681195098628193E+04      0.2827130610412408E+07
  0.33900000E+03     -0.1686749439258018E+04      0.2845841265662145E+07
  0.34000000E+03     -0.1692294480070459E+04      0.2864572191608462E+07
  0.34100000E+03     -0.1697831820591306E+04      0.2883329753891116E+07
  0.34200000E+03     -0.1703501227329817E+04      0.2902587946412807E+07
  0.34300000E+03     -0.1709385037505896E+04      0.2922633922365182E+07
  0.34400000E+03     -0.1715401019239874E+04      0.2943197140971567E+07
  0.34500000E+03     -0.1721720670703254E+04      0.2964872798034827E+07
  0.34600000E+03     -0.1728362703406781E+04      0.2987740687032724E+07
  0.34700000E+03     -0.1735327556601779E+04      0.3011818587238838E+07
  0.34800000E+03     -0.1742615579824270E+04      0.3037120717427188E+07
  0.34900000E+03     -0.1750307983867691E+04      0.3063949019962873E+07
  0.35000000E+03     -0.1758228282735820E+04      0.3091701291011855E+07
  0.35100000E+03     -0.1766462149417044E+04      0.3120691648950727E+07
  0.35200000E+03     -0.1774936185117603E+04      0.3150674672938114E+07
  0.35300000E+03     -0.1783652747369806E+04      0.3181670833706991E+07
  0.35400000E+03     -0.1792604834613699E+04      0.3213668924226065E+07
  0.35500000E+03     -0.1801668780828898E+04      0.3246231156391442E+07
  0.35600000E+03     -0.1810924900350733E+04      0.3279657313835106E+07
  0.35700000E+03     -0.1820286011277542E+04      0.3313640368892144E+07
  0.35800000E+03     -0.1829823830810717E+04      0.3348446800283137E+07
  0.35900000E+03     -0.1839405377548820E+04      0.3383596966907857E+07
  0.36000000E+03     -0.1849146530357413E+04      0.3419522556244300E+07
  0.36100000E+03     -0.1858952511318302E+04      0.3455879387544433E+07
  0.36200000E+03     -0.1868788729709509E+04      0.3492542860335179E+07
  0.36300000E+03     -0.1878741692732795E+04      0.3529839178146113E+07
  0.36400000E+03     -0.1888711177682997E+04      0.3567396391554132E+07
  0.36500000E+03     -0.1898765284892028E+04      0.3605473707636577E+07
  0.36600000E+03     -0.1908868248420714E+04      0.3643940398735364E+07
  0.36700000E+03     -0.1919027386727655E+04      0.3682827768557733E+07
  0.36800000E+03     -0.1929202628514824E+04      0.3721983132363053E+07
  0.36900000E+03     -0.1939471520431437E+04      0.3761709797916840E+07
  0.37000000E+03     -0.1949743617484028E+04      0.3801660010521585E+07
  0.37100000E+03     -0.1960120049683031E+04      0.3842230243002458E+07
  0.37200000E+03     -0.1970522903079890E+04      0.3883119641976409E+07
  0.37300000E+03     -0.1980896212860482E+04      0.3924109641107227E+07
  0.37400000E+03     -0.1991336199544319E+04      0.3965579315855726E+07
  0.37500000E+03     -0.2001861129817494E+04      0.4007608263643687E+07
  0.37600000E+03     -0.2012412603160646E+04      0.4049964884283162E+07
  0.37700000E+03     -0.2022969657064410E+04      0.4092566927882846E+07
  0.37800000E+03     -0.2033609675144116E+04      0.4135729345579843E+07
  0.37900000E+03     -0.2044230923066770E+04      0.4179042443247593E+07
  0.38000000E+03     -0.2054877187084569E+04      0.4222683272329484E+07
  0.38100000E+03     -0.2065553925980697E+04      0.4266676327818300E+07
  0.38200000E+03     -0.2076265007320516E+04      0.4311041064216372E+07
  0.38300000E+03     -0.2087055956553939E+04      0.4355968093356712E+07
  0.38400000E+03     -0.2097775219555203E+04      0.4400826943092801E+07
  0.38500000E+03     -0.2108595984600592E+04      0.4446343786269167E+07
  0.38600000E+03     -0.2119436923539749E+04      0.4492180798791283E+07
  0.38700000E+03     -0.2130301141750490E+04      0.4538351823187100E+07
  0.38800000E+03     -0.2141168862800151E+04      0.4584773901104713E+07
  0.38900000E+03     -0.2152110596334016E+04      0.4631750784902958E+07
  0.39000000E+03     -0.2162996661672942E+04      0.4678726154093758E+07
  0.39100000E+03     -0.2173921020980255E+04      0.4726105594586712E+07
  0.39200000E+03     -0.2184924834656760E+04      0.4774071842122767E+07
  0.39300000E+03     -0.2195956289805326E+04      0.4822400066602653E+07
  0.39400000E+03     -0.2206923715260512E+04      0.4870688999213793E+07
  0.39500000E+03     -0.2217944707454179E+04      0.4919457233199042E+07
  0.39600000E+03     -0.2229032406922069E+04      0.4968765456270649E+07
  0.39700000E+03     -0.2240095125095833E+04      0.5018207634795611E+07
  0.39800000E+03     -0.2251216017026020E+04      0.5068156616501722E+07
  0.39900000E+03     -0.2262323934949476E+04      0.5118293798719457E+07
  0.40000000E+03     -0.2273440903718850E+04      0.5168719065629639E+07
  0.40100000E+03     -0.2284623713014658E+04      0.5219693165237137E+07
  0.40200000E+03     -0.2295768759435973E+04      0.5270742723023697E+07
  0.40300000E+03     -0.2306987131998347E+04      0.5322378827198692E+07
  0.40400000E+03     -0.2318202434911342E+04      0.5374253262875701E+07
  0.40500000E+03     -0.2329440758864753E+04      0.5426486810942630E+07
  0.40600000E+03     -0.2340680537225258E+04      0.5478980081676880E+07
  0.40700000E+03     -0.2351874505700599E+04      0.5531509807273218E+07
  0.40800000E+03     -0.2363117208042850E+04      0.5584520371583272E+07
  0.40900000E+03     -0.2374450691294172E+04      0.5638215936697538E+07
  0.41000000E+03     -0.2385671891194382E+04      0.5691631233367749E+07
  0.41100000E+03     -0.2396972736802364E+04      0.5745680631716635E+07
  0.41200000E+03     -0.2408257198185632E+04      0.5799907201827719E+07
  0.41300000E+03     -0.2419565529308701E+04      0.5854502610176472E+07
  0.41400000E+03     -0.2430908646762171E+04      0.5909525292555694E+07
  0.41500000E+03     -0.2442285958887905E+04      0.5964970261105023E+07
  0.41600000E+03     -0.2453626271474629E+04      0.6020492639316495E+07
  0.41700000E+03     -0.2464996394633205E+04      0.6076419907919812E+07
  0.41800000E+03     -0.2476442734743229E+04      0.6132983594248374E+07
  0.41900000E+03     -0.2487859419868696E+04      0.6189661032007747E+07
  0.42000000E+03     -0.2499184062228070E+04      0.6246138760988122E+07
  0.42100000E+03     -0.2510575243790990E+04      0.6303207462715950E+07
  0.42200000E+03     -0.2521832351533167E+04      0.6359860700301231E+07
  0.42300000E+03     -0.2533283586249971E+04      0.6417750094743800E+07
  0.42400000E+03     -0.2544685470153544E+04      0.6475648964056565E+07
  0.42500000E+03     -0.2556152052549796E+04      0.6534140114739837E+07
  0.42600000E+03     -0.2567606879096665E+04      0.6592835330739015E+07
  0.42700000E+03     -0.2578960432871293E+04      0.6651267337284840E+07
  0.42800000E+03     -0.2590454635455193E+04      0.6710687051498065E+07
  0.42900000E+03     -0.2601911020008596E+04      0.6770174652524264E+07
  0.43000000E+03     -0.2613376850368148E+04      0.6829975367518357E+07
  0.43100000E+03     -0.2624804532193438E+04      0.6889838153482829E+07
  0.43200000E+03     -0.2636241642576359E+04      0.6950010894986304E+07
  0.43300000E+03     -0.2647745831865293E+04      0.7010800632476888E+07
  0.43400000E+03     -0.2659188958230883E+04      0.7071530612785254E+07
  0.43500000E+03     -0.2670643572350332E+04      0.7132583238881608E+07
  0.43600000E+03     -0.2681952649582947E+04      0.7193118221478379E+07
  0.43700000E+03     -0.2693370672706323E+04      0.7254496901300698E+07
  0.43800000E+03     -0.2704802243926461E+04      0.7316207421174419E+07
  0.43900000E+03     -0.2716282432137331E+04      0.7378445122081575E+07
  0.44000000E+03     -0.2727655828312192E+04      0.7440363738119377E+07
  0.44100000E+03     -0.2739062311024973E+04      0.7502720782891738E+07
  0.44200000E+03     -0.2750517602054649E+04      0.7565607776223090E+07
  0.44300000E+03     -0.2761915654863835E+04      0.7628440811701240E+07
  0.44400000E+03     -0.2773389286716878E+04      0.7691952765334968E+07
  0.44500000E+03     -0.2784730749489380E+04      0.7754992059595437E+07
  0.44600000E+03     -0.2796130181545366E+04      0.7818613262895939E+07
  0.44700000E+03     -0.2807364426897357E+04      0.7881565875224554E+07
  0.44800000E+03     -0.2818846086532402E+04      0.7946167060277369E+07
  0.44900000E+03     -0.2830185172389773E+04      0.8010223426915137E+07
  0.45000000E+03     -0.2841671435987987E+04      0.8075373748068137E+07
  0.45100000E+03     -0.2852960105545213E+04      0.8139661312530503E+07
  0.45200000E+03     -0.2864216117063150E+04      0.8204015510354761E+07
  0.45300000E+03     -0.2875554804554011E+04      0.8269100443903489E+07
  0.45400000E+03     -0.2886907767066919E+04      0.8334522421450933E+07
  0.45500000E+03     -0.2898224776406615E+04      0.8399994764888570E+07
  0.45600000E+03     -0.2909469478542474E+04      0.8465304001740528E+07
  0.45700000E+03     -0.2920698734355930E+04      0.8530773867001981E+07
  0.45800000E+03     -0.2931835916902047E+04      0.8595958574318841E+07
  0.45900000E+03     -0.2943184169118201E+04      0.8662631783359220E+07
  0.46000000E+03     -0.2954497300486998E+04      0.8729353939460319E+07
  0.46100000E+03     -0.2965615241061242E+04      0.8795174688847538E+07
  0.46200000E+03     -0.2976685849780047E+04      0.8860962995030401E+07
  0.46300000E+03     -0.2988054071902407E+04      0.8928774578669334E+07
  0.46400000E+03     -0.2999217901527878E+04      0.8995618157208359E+07
  0.46500000E+03     -0.3010218708820257E+04      0.9061729063564308E+07
  0.46600000E+03     -0.3021469151742562E+04      0.9129589594369983E+07
  0.46700000E+03     -0.3032294477238396E+04      0.9195126472833235E+07
  0.46800000E+03     -0.3043324796806752E+04      0.9262143301635131E+07
  0.46900000E+03     -0.3054302707034664E+04      0.9329085390187148E+07
  0.47000000E+03     -0.3065480949860099E+04      0.9397495016767254E+07
  0.47100000E+03     -0.3076388886987081E+04      0.9464492420960212E+07
  0.47200000E+03     -0.3087392078042100E+04      0.9532317050313935E+07
  0.47300000E+03     -0.3098199968310032E+04      0.9599171833570914E+07
  0.47400000E+03     -0.3109181425194095E+04      0.9667340110217983E+07
  0.47500000E+03     -0.3120150066881906E+04      0.9735670886499330E+07
  0.47600000E+03     -0.3130820395651696E+04      0.9802372478773450E+07
  0.47700000E+03     -0.3141583571682507E+04      0.9869887163437640E+07
  0.47800000E+03     -0.3152461901322285E+04      0.9938357066826809E+07
  0.47900000E+03     -0.3163493757515854E+04      0.1000803514306440E+08
  0.48000000E+03     -0.3174094670110198E+04      0.1007522298959118E+08
  0.48100000E+03     -0.3184484553162782E+04      0.1014128810319016E+08
  0.48200000E+03     -0.3207513956263547E+04      0.1029002253668386E+08
  0.48300000E+03     -0.3236130341093515E+04      0.1047637521419257E+08
  0.48400000E+03     -0.3269524388141067E+04      0.1069556137171509E+08
  0.48500000E+03     -0.3391139307109092E+04      0.1150065959760345E+08
  0.48600000E+03     -0.3411874556338191E+04      0.1164156911631256E+08
  0.48700000E+03     -0.3428900281108322E+04      0.1175796547555869E+08
  0.48800000E+03     -0.3411129938431408E+04      0.1164141459308727E+08
  0.48900000E+03     -0.3403162291257492E+04      0.1158695487099472E+08
  0.49000000E+03     -0.3422981740090592E+04      0.1172172557438469E+08
  0.49100000E+03     -0.3290549503492026E+04      0.1082816775952558E+08
  0.49200000E+03     -0.3404902221660243E+04      0.1160230454907323E+08
  0.49300000E+03     -0.3479397592812424E+04      0.1211066421527390E+08
  0.49400000E+03     -0.3509003124061941E+04      0.1231543320629516E+08
  0.49500000E+03     -0.3531809336352148E+04      0.1247405741506866E+08
  0.49600000E+03     -0.3544495966790949E+04      0.1256383522254452E+08
  0.49700000E+03     -0.3554199155646472E+04      0.1263272366837637E+08
  0.49800000E+03     -0.3564873749306024E+04      0.1270866850539744E+08
  0.49900000E+03     -0.3577624049532370E+04      0.1279973337374333E+08
  0.50000000E+03     -0.3590945763634871E+04      0.1289521931159819E+08
  0.50100000E+03     -0.3601432473238805E+04      0.1297067433318789E+08
  0.50200000E+03     -0.3593864952477477E+04      0.1291639225411667E+08
  0.50300000E+03     -0.3606432720449817E+04      0.1300684858850790E+08
  0.50400000E+03     -0.3616102926725414E+04      0.1307661707957405E+08
  0.50500000E+03     -0.3621706499487931E+04      0.1311710601233288E+08
  0.50600000E+03     -0.3635633175335557E+04      0.1321816781275797E+08
  0.50700000E+03     -0.3650693362565283E+04      0.1332789304495337E+08
  0.50800000E+03     -0.3666412488670028E+04      0.1344290931294121E+08
  0.50900000E+03     -0.3670374711086243E+04      0.1347199009425097E+08
  0.51000000E+03     -0.3681236118942779E+04      0.1355183856803967E+08
