  0.00000000E+00     -0.4029636008624937E-09      0.2255639208048818E-18
  0.10000000E+01     -0.6057404046495320E-03      0.3669214378228425E-06
  0.20000000E+01     -0.4691646992259203E-01      0.2946657417233895E-01
  0.30000000E+01     -0.1394991254479434E+00      0.1039572657598031E+00
  0.40000000E+01     -0.2791631712128202E+00      0.2529516345086629E+00
  0.50000000E+01     -0.4671878968818204E+00      0.5212704394670019E+00
  0.60000000E+01     -0.7038456103296685E+00      0.9682459420552002E+00
  0.70000000E+01     -0.9908269528299035E+00      0.1671501962823643E+01
  0.80000000E+01     -0.1329258884432677E+01      0.2727666032420653E+01
  0.90000000E+01     -0.1720298655582213E+01      0.4252941219802760E+01
  0.10000000E+02     -0.2164864793191694E+01      0.6381972402629900E+01
  0.11000000E+02     -0.2666405658998028E+01      0.9292973193777465E+01
  0.12000000E+02     -0.3225716882467611E+01      0.1317259938099704E+02
  0.13000000E+02     -0.3845563454537516E+01      0.1824907979234957E+02
  0.14000000E+02     -0.4529696228689715E+01      0.2481168579074096E+02
  0.15000000E+02     -0.5280557035801493E+01      0.3317098292108028E+02
  0.16000000E+02     -0.6101304816807241E+01      0.4370422920859240E+02
  0.17000000E+02     -0.6995833180006630E+01      0.5683229508862152E+02
  0.18000000E+02     -0.7971409012052161E+01      0.7314307148018381E+02
  0.19000000E+02     -0.9033620519556568E+01      0.9326932163825948E+02
  0.20000000E+02     -0.1018888257257364E+02      0.1179695494188087E+03
  0.21000000E+02     -0.1144634884158214E+02      0.1481760985045619E+03
  0.22000000E+02     -0.1281405143550729E+02      0.1849769085450023E+03
  0.23000000E+02     -0.1430782031268378E+02      0.2298873074917478E+03
  0.24000000E+02     -0.1593804996867207E+02      0.2845234802417442E+03
  0.25000000E+02     -0.1772402169612017E+02      0.3510661360238111E+03
  0.26000000E+02     -0.1967240284397768E+02      0.4315059186908088E+03
  0.27000000E+02     -0.2180701604130683E+02      0.5289369325500137E+03
  0.28000000E+02     -0.2413502544942471E+02      0.6460960562178021E+03
  0.29000000E+02     -0.2667380436517523E+02      0.7865751853244802E+03
  0.30000000E+02     -0.2943154871971274E+02      0.9538732545896818E+03
  0.31000000E+02     -0.3241385881303113E+02      0.1151610819743312E+04
  0.32000000E+02     -0.3560939315850178E+02      0.1382552778765529E+04
  0.33000000E+02     -0.3900100900980517E+02      0.1648892564370820E+04
  0.34000000E+02     -0.4257762209520665E+02      0.1953147749895849E+04
  0.35000000E+02     -0.4630465895692551E+02      0.2295431375658198E+04
  0.36000000E+02     -0.5014205381793957E+02      0.2674599241649033E+04
  0.37000000E+02     -0.5407613935584147E+02      0.3092144248863547E+04
  0.38000000E+02     -0.5807340474852359E+02      0.3546003014236124E+04
  0.39000000E+02     -0.6209935804528801E+02      0.4033678799243872E+04
  0.40000000E+02     -0.6613533057797711E+02      0.4553676292905036E+04
  0.41000000E+02     -0.7017555085538956E+02      0.5105886416583990E+04
  0.42000000E+02     -0.7420373654238351E+02      0.5688121705869747E+04
  0.43000000E+02     -0.7822976843378488E+02      0.6302212265219760E+04
  0.44000000E+02     -0.8223352570756822E+02      0.6944621015201833E+04
  0.45000000E+02     -0.8621666250142177E+02      0.7615397110262452E+04
  0.46000000E+02     -0.9018715805310164E+02      0.8315733383243391E+04
  0.47000000E+02     -0.9415642032261827E+02      0.9047446519653498E+04
  0.48000000E+02     -0.9811570085541196E+02      0.9808788429712402E+04
  0.49000000E+02     -0.1020731030606438E+03      0.1060097001767665E+05
  0.50000000E+02     -0.1060132281581671E+03      0.1142088550883462E+05
  0.51000000E+02     -0.1099610747159462E+03      0.1227368753950568E+05
  0.52000000E+02     -0.1138984465784182E+03      0.1315544921375326E+05
  0.53000000E+02     -0.1178292662854810E+03      0.1406668765372717E+05
  0.54000000E+02     -0.1217669618000488E+03      0.1501048558005830E+05
  0.55000000E+02     -0.1257067545134701E+03      0.1598595262677710E+05
  0.56000000E+02     -0.1296445913758025E+03      0.1699194952970227E+05
  0.57000000E+02     -0.1335897956185873E+03      0.1803090831919571E+05
  0.58000000E+02     -0.1375496609880867E+03      0.1910504420426373E+05
  0.59000000E+02     -0.1415043467685704E+03      0.2020922492090051E+05
  0.60000000E+02     -0.1454738119927542E+03      0.2134903111282111E+05
  0.61000000E+02     -0.1494574699621083E+03      0.2252454468243347E+05
  0.62000000E+02     -0.1534536989540726E+03      0.2373580258200451E+05
  0.63000000E+02     -0.1574685780230083E+03      0.2498468775637400E+05
  0.64000000E+02     -0.1614996768033453E+03      0.2627141391582026E+05
  0.65000000E+02     -0.1655576144849054E+03      0.2759937173941627E+05
  0.66000000E+02     -0.1696383876248736E+03      0.2896824046706551E+05
  0.67000000E+02     -0.1737468948409140E+03      0.3037997330078027E+05
  0.68000000E+02     -0.1778878323603681E+03      0.3183712941394005E+05
  0.69000000E+02     -0.1820527994400064E+03      0.3333745770363909E+05
  0.70000000E+02     -0.1862449692780328E+03      0.3488253983193458E+05
  0.71000000E+02     -0.1904770179892884E+03      0.3647801673373142E+05
  0.72000000E+02     -0.1947369852217133E+03      0.3812076525573413E+05
  0.73000000E+02     -0.1990508102442255E+03      0.3982117240096883E+05
  0.74000000E+02     -0.2033936380902466E+03      0.4157065843656637E+05
  0.75000000E+02     -0.2077728111854762E+03      0.4337328564932389E+05
  0.76000000E+02     -0.2121895571594614E+03      0.4523005414651710E+05
  0.77000000E+02     -0.2166271459490331E+03      0.4713473655155479E+05
  0.78000000E+02     -0.2211038345194699E+03      0.4909652437100535E+05
  0.79000000E+02     -0.2255959298454942E+03      0.5110525881039072E+05
  0.80000000E+02     -0.2301327496812331E+03      0.5317512677134002E+05
  0.81000000E+02     -0.2346847031237854E+03      0.5529294854999346E+05
  0.82000000E+02     -0.2392695123567067E+03      0.5746816526156409E+05
  0.83000000E+02     -0.2438558453109818E+03      0.5968580626751463E+05
  0.84000000E+02     -0.2484553339642087E+03      0.6195225847860263E+05
  0.85000000E+02     -0.2530832679548339E+03      0.6427532092889662E+05
  0.86000000E+02     -0.2576939258764747E+03      0.6663217745023406E+05
  0.87000000E+02     -0.2623247311295369E+03      0.6904216330828861E+05
  0.88000000E+02     -0.2669613498919797E+03      0.7149815654168541E+05
  0.89000000E+02     -0.2716158560580711E+03      0.7400633427635893E+05
  0.90000000E+02     -0.2762533151034170E+03      0.7654895657402590E+05
  0.91000000E+02     -0.2809039990860189E+03      0.7914172657881638E+05
  0.92000000E+02     -0.2855550269769321E+03      0.8177822684461779E+05
  0.93000000E+02     -0.2902075757212950E+03      0.8445897404516423E+05
  0.94000000E+02     -0.2948750528382605E+03      0.8719181066287393E+05
  0.95000000E+02     -0.2995408828405225E+03      0.8996718998724883E+05
  0.96000000E+02     -0.3042184335463120E+03      0.9279324457907588E+05
  0.97000000E+02     -0.3088921317203533E+03      0.9566047592384912E+05
  0.98000000E+02     -0.3135533869911381E+03      0.9856331223535661E+05
  0.99000000E+02     -0.3182350522362599E+03      0.1015229946153364E+06
  0.10000000E+03     -0.3229144196433570E+03      0.1045248166427116E+06
  0.10100000E+03     -0.3275851727289168E+03      0.1075647513030518E+06
  0.10200000E+03     -0.3322479362923988E+03      0.1106430599958516E+06
  0.10300000E+03     -0.3369227380439916E+03      0.1137729715860067E+06
  0.10400000E+03     -0.3415735516992100E+03      0.1169303419481033E+06
  0.10500000E+03     -0.3462276451461240E+03      0.1201332278087328E+06
  0.10600000E+03     -0.3508753405805210E+03      0.1233749322894806E+06
  0.10700000E+03     -0.3555164743414923E+03      0.1266552417975288E+06
  0.10800000E+03     -0.3601655447264365E+03      0.1299843186229686E+06
  0.10900000E+03     -0.3648145220974803E+03      0.1333564203153087E+06
  0.11000000E+03     -0.3694549179074833E+03      0.1367650327375372E+06
  0.11100000E+03     -0.3740929473103225E+03      0.1402152985889408E+06
  0.11200000E+03     -0.3787462156364951E+03      0.1437201835299720E+06
  0.11300000E+03     -0.3833939361504769E+03      0.1472640575986477E+06
  0.11400000E+03     -0.3880502810357095E+03      0.1508574680047380E+06
  0.11500000E+03     -0.3926821199166180E+03      0.1544749222815876E+06
  0.11600000E+03     -0.3973135180456838E+03      0.1581350206431909E+06
  0.11700000E+03     -0.4019527243680981E+03      0.1618436720938724E+06
  0.11800000E+03     -0.4065995966919119E+03      0.1656018751765245E+06
  0.11900000E+03     -0.4112335378468297E+03      0.1693922985558406E+06
  0.12000000E+03     -0.4158599608902319E+03      0.1732194382383975E+06
  0.12100000E+03     -0.4204995238193345E+03      0.1770998870897450E+06
  0.12200000E+03     -0.4251382898533451E+03      0.1810229432583095E+06
  0.12300000E+03     -0.4298045381994554E+03      0.1850127352243899E+06
  0.12400000E+03     -0.4344635475373347E+03      0.1890395228920748E+06
  0.12500000E+03     -0.4391435734665998E+03      0.1931283024778589E+06
  0.12600000E+03     -0.4438440558283253E+03      0.1972788435435210E+06
  0.12700000E+03     -0.4485648290034802E+03      0.2014916568107872E+06
  0.12800000E+03     -0.4533195335140231E+03      0.2057796756626715E+06
  0.12900000E+03     -0.4580961718220723E+03      0.2101328428667616E+06
  0.13000000E+03     -0.4629201080554458E+03      0.2145754891629528E+06
  0.13100000E+03     -0.4677594249023705E+03      0.2190790524980250E+06
  0.13200000E+03     -0.4726236067599694E+03      0.2236526360430109E+06
  0.13300000E+03     -0.4775217105560593E+03      0.2283061352979057E+06
  0.13400000E+03     -0.4824654888251653E+03      0.2330513931931368E+06
  0.13500000E+03     -0.4874466282910115E+03      0.2378821607488119E+06
  0.13600000E+03     -0.4924682358132211E+03      0.2428026330805278E+06
  0.13700000E+03     -0.4975482196586801E+03      0.2478312402755321E+06
  0.13800000E+03     -0.5026631980739996E+03      0.2529472331094935E+06
  0.13900000E+03     -0.5078341933076281E+03      0.2581723978361186E+06
  0.14000000E+03     -0.5130719654587775E+03      0.2635195691091759E+06
  0.14100000E+03     -0.5183644201384589E+03      0.2689784206922127E+06
  0.14200000E+03     -0.5237183249704644E+03      0.2745573165551735E+06
  0.14300000E+03     -0.5291256140586664E+03      0.2802508242216114E+06
  0.14400000E+03     -0.5345956115175260E+03      0.2860696677860787E+06
  0.14500000E+03     -0.5401336639651280E+03      0.2920224088831802E+06
  0.14600000E+03     -0.5457585154205545E+03      0.2981311531955977E+06
  0.14700000E+03     -0.5514236411504512E+03      0.3043478950227125E+06
  0.14800000E+03     -0.5571522130242381E+03      0.3106994915647289E+06
  0.14900000E+03     -0.5629221310146627E+03      0.3171635494134621E+06
  0.15000000E+03     -0.5687318074870435E+03      0.3237396038857739E+06
  0.15100000E+03     -0.5745753601062767E+03      0.3304214004076612E+06
  0.15200000E+03     -0.5804461818373535E+03      0.3372037821379500E+06
  0.15300000E+03     -0.5863495175149003E+03      0.3440933549885241E+06
  0.15400000E+03     -0.5922730301046831E+03      0.3510768060861182E+06
  0.15500000E+03     -0.5982164917048880E+03      0.3581537486083296E+06
  0.15600000E+03     -0.6041643027536735E+03      0.3653066787331920E+06
  0.15700000E+03     -0.6101226952445105E+03      0.3725439111060422E+06
  0.15800000E+03     -0.6161035553243197E+03      0.3798794817514343E+06
  0.15900000E+03     -0.6220635928160719E+03      0.3872604251475561E+06
  0.16000000E+03     -0.6280415971958311E+03      0.3947350639150669E+06
  0.16100000E+03     -0.6340050836205560E+03      0.4022630737862735E+06
  0.16200000E+03     -0.6399715914269736E+03      0.4098657782889684E+06
  0.16300000E+03     -0.6459440738845141E+03      0.4175474180297026E+06
  0.16400000E+03     -0.6518978539581826E+03      0.4252762749703950E+06
  0.16500000E+03     -0.6578751733681901E+03      0.4331069830059712E+06
  0.16600000E+03     -0.6638341225807121E+03      0.4409844222775138E+06
  0.16700000E+03     -0.6698026548553225E+03      0.4489459502748008E+06
  0.16800000E+03     -0.6757764810029183E+03      0.4569856446118485E+06
  0.16900000E+03     -0.6817458775144016E+03      0.4650911339628577E+06
  0.17000000E+03     -0.6877162737845437E+03      0.4732690376612224E+06
  0.17100000E+03     -0.6936870698184927E+03      0.4815188091294108E+06
  0.17200000E+03     -0.6996619094054787E+03      0.4898455807600221E+06
  0.17300000E+03     -0.7056388405399053E+03      0.4982467419194132E+06
  0.17400000E+03     -0.7116042381284155E+03      0.5067031280425955E+06
  0.17500000E+03     -0.7175798934471796E+03      0.5152450023370397E+06
  0.17600000E+03     -0.7235478062770019E+03      0.5238473997167797E+06
  0.17700000E+03     -0.7295145514898077E+03      0.5325192867081399E+06
  0.17800000E+03     -0.7354767396909815E+03      0.5412557090839291E+06
  0.17900000E+03     -0.7414512458477562E+03      0.5500813110919562E+06
  0.18000000E+03     -0.7474214297840601E+03      0.5589725069925843E+06
  0.18100000E+03     -0.7533942083874553E+03      0.5679381840723458E+06
  0.18200000E+03     -0.7593611711291088E+03      0.5769661928111997E+06
  0.18300000E+03     -0.7653307234626784E+03      0.5860696560595612E+06
  0.18400000E+03     -0.7712818002163173E+03      0.5952156964300363E+06
  0.18500000E+03     -0.7772539342838132E+03      0.6044662369658106E+06
  0.18600000E+03     -0.7832195466158612E+03      0.6137773538066483E+06
  0.18700000E+03     -0.7891936431545930E+03      0.6231728379289900E+06
  0.18800000E+03     -0.7951551200365612E+03      0.6326196900832333E+06
  0.18900000E+03     -0.8011201222980371E+03      0.6421438324892002E+06
  0.19000000E+03     -0.8070778189146702E+03      0.6517270289098860E+06
  0.19100000E+03     -0.8130242157798335E+03      0.6613630920411102E+06
  0.19200000E+03     -0.8189865365390889E+03      0.6710953922109950E+06
  0.19300000E+03     -0.8249480434406228E+03      0.6808979348714217E+06
  0.19400000E+03     -0.8309229821272223E+03      0.6907939504695829E+06
  0.19500000E+03     -0.8368739538882558E+03      0.7007209611900351E+06
  0.19600000E+03     -0.8428347965238445E+03      0.7107352525876947E+06
  0.19700000E+03     -0.8487965025817565E+03      0.7208228964448391E+06
  0.19800000E+03     -0.8547579395386766E+03      0.7309807006219103E+06
  0.19900000E+03     -0.8607247239233423E+03      0.7412190089943603E+06
  0.20000000E+03     -0.8666804526765713E+03      0.7515093137305798E+06
  0.20100000E+03     -0.8726502501868561E+03      0.7618947674326547E+06
  0.20200000E+03     -0.8785996753447594E+03      0.7723160686162648E+06
  0.20300000E+03     -0.8845614428296524E+03      0.7828300260722132E+06
  0.20400000E+03     -0.8904926340072998E+03      0.7933607256930943E+06
  0.20500000E+03     -0.8964368170036281E+03      0.8039847109982794E+06
  0.20600000E+03     -0.9023832922083448E+03      0.8146837292341399E+06
  0.20700000E+03     -0.9083263582273644E+03      0.8254473652812390E+06
  0.20800000E+03     -0.9142534376339561E+03      0.8362526271062262E+06
  0.20900000E+03     -0.9202020693032458E+03      0.8471678921773690E+06
  0.21000000E+03     -0.9261461197974849E+03      0.8581452047263897E+06
  0.21100000E+03     -0.9320789164963963E+03      0.8691723925569978E+06
  0.21200000E+03     -0.9380179525171532E+03      0.8802813264673038E+06
  0.21300000E+03     -0.9439336335641025E+03      0.8914170726086677E+06
  0.21400000E+03     -0.9498321222946672E+03      0.9025896689981793E+06
  0.21500000E+03     -0.9557395344232217E+03      0.9138495157524451E+06
  0.21600000E+03     -0.9616173725283016E+03      0.9251225607559491E+06
  0.21700000E+03     -0.9675212561411550E+03      0.9365148705229445E+06
  0.21800000E+03     -0.9734073878107985E+03      0.9479425305080776E+06
  0.21900000E+03     -0.9792852290666616E+03      0.9594239963939531E+06
  0.22000000E+03     -0.9851744074997899E+03      0.9709961997695671E+06
  0.22100000E+03     -0.9910192155500100E+03      0.9825503469236797E+06
  0.22200000E+03     -0.9968797457857100E+03      0.9942041693842032E+06
  0.22300000E+03     -0.1002781185649236E+04      0.1006009914870816E+07
  0.22400000E+03     -0.1008572644640268E+04      0.1017662317213362E+07
  0.22500000E+03     -0.1014387590705665E+04      0.1029431405428622E+07
  0.22600000E+03     -0.1020178232354251E+04      0.1041217942800060E+07
  0.22700000E+03     -0.1025969362159292E+04      0.1053072305269508E+07
  0.22800000E+03     -0.1031675563543764E+04      0.1064818917088333E+07
  0.22900000E+03     -0.1037402309631662E+04      0.1076673839010111E+07
  0.23000000E+03     -0.1043142613285493E+04      0.1088622287993390E+07
  0.23100000E+03     -0.1048820974051765E+04      0.1100507486380448E+07
  0.23200000E+03     -0.1054470432818183E+04      0.1112396183197654E+07
  0.23300000E+03     -0.1060030987676943E+04      0.1124163293677101E+07
  0.23400000E+03     -0.1065535730513514E+04      0.1135872405414617E+07
  0.23500000E+03     -0.1071057662479062E+04      0.1147678997316969E+07
  0.23600000E+03     -0.1076549685173986E+04      0.1159483058740751E+07
  0.23700000E+03     -0.1081922339032217E+04      0.1171089189434954E+07
  0.23800000E+03     -0.1087289852683333E+04      0.1182742288756663E+07
  0.23900000E+03     -0.1092517432662062E+04      0.1194148222676679E+07
  0.24000000E+03     -0.1097683137717668E+04      0.1205473191564972E+07
  0.24100000E+03     -0.1102733415374129E+04      0.1216598277572157E+07
  0.24200000E+03     -0.1107754971800058E+04      0.1227708948614664E+07
  0.24300000E+03     -0.1112639842415534E+04      0.1238567547043688E+07
  0.24400000E+03     -0.1117445306578482E+04      0.1249295172511530E+07
  0.24500000E+03     -0.1122086748894848E+04      0.1259700085517250E+07
  0.24600000E+03     -0.1126718196982623E+04      0.1270124415109693E+07
  0.24700000E+03     -0.1131230145896655E+04      0.1280318188097295E+07
  0.24800000E+03     -0.1135716134353878E+04      0.1290491090263678E+07
  0.24900000E+03     -0.1140099246408709E+04      0.1300465701369798E+07
  0.25000000E+03     -0.1144452555500796E+04      0.1310410031909272E+07
  0.25100000E+03     -0.1148905922913607E+04      0.1320617115112036E+07
  0.25200000E+03     -0.1153364618242724E+04      0.1330874322088929E+07
  0.25300000E+03     -0.1157847688924162E+04      0.1341224954984448E+07
  0.25400000E+03     -0.1162404412106829E+04      0.1351784385130150E+07
  0.25500000E+03     -0.1167084553090094E+04      0.1362673642319597E+07
  0.25600000E+03     -0.1171895969455912E+04      0.1373914079347791E+07
  0.25700000E+03     -0.1176848703734957E+04      0.1385532931281814E+07
  0.25800000E+03     -0.1181978007020340E+04      0.1397619778972787E+07
  0.25900000E+03     -0.1187114730015733E+04      0.1409776396060707E+07
  0.26000000E+03     -0.1192416320949990E+04      0.1422378580619480E+07
  0.26100000E+03     -0.1197832379264784E+04      0.1435315103159047E+07
  0.26200000E+03     -0.1203553203846698E+04      0.1449047801423577E+07
  0.26300000E+03     -0.1209174320714870E+04      0.1462602370852632E+07
  0.26400000E+03     -0.1214910974669899E+04      0.1476501267592241E+07
  0.26500000E+03     -0.1220900423515153E+04      0.1491086100923191E+07
  0.26600000E+03     -0.1226775894984278E+04      0.1505460535480438E+07
  0.26700000E+03     -0.1232771837247815E+04      0.1520202967534367E+07
  0.26800000E+03     -0.1238827342258219E+04      0.1535165544889907E+07
  0.26900000E+03     -0.1244972541572170E+04      0.1550426130832982E+07
  0.27000000E+03     -0.1251125297722827E+04      0.1565781306633831E+07
  0.27100000E+03     -0.1257341362967192E+04      0.1581372627661582E+07
  0.27200000E+03     -0.1263637595698923E+04      0.1597242882835492E+07
  0.27300000E+03     -0.1269970701274828E+04      0.1613288051211115E+07
  0.27400000E+03     -0.1276277032255276E+04      0.1629343811986479E+07
  0.27500000E+03     -0.1282679900131430E+04      0.1645729218294489E+07
  0.27600000E+03     -0.1289119972908390E+04      0.1662292591734146E+07
  0.27700000E+03     -0.1295570327333032E+04      0.1678966614145873E+07
  0.27800000E+03     -0.1302083357862046E+04      0.1695887091769946E+07
  0.27900000E+03     -0.1308566636439057E+04      0.1712814040811698E+07
  0.28000000E+03     -0.1315066502925358E+04      0.1729868690495862E+07
  0.28100000E+03     -0.1321559324078994E+04      0.1746992784536220E+07
  0.28200000E+03     -0.1328066251234063E+04      0.1764236926047769E+07
  0.28300000E+03     -0.1334630896805450E+04      0.1781719252512557E+07
  0.28400000E+03     -0.1341181308263022E+04      0.1799250591765810E+07
  0.28500000E+03     -0.1347768762189527E+04      0.1816966187139614E+07
  0.28600000E+03     -0.1354293970153025E+04      0.1834601063987949E+07
  0.28700000E+03     -0.1360828751795620E+04      0.1852346276198001E+07
  0.28800000E+03     -0.1367365516418317E+04      0.1870182779187637E+07
  0.28900000E+03     -0.1373869710720262E+04      0.1888015691808702E+07
  0.29000000E+03     -0.1380389163530027E+04      0.1905976831476578E+07
  0.29100000E+03     -0.1386869764135168E+04      0.1923915389139044E+07
  0.29200000E+03     -0.1393452231219229E+04      0.1942221511684630E+07
  0.29300000E+03     -0.1399925090628115E+04      0.1960308595637789E+07
  0.29400000E+03     -0.1406449707365519E+04      0.1978625092939967E+07
  0.29500000E+03     -0.1413157701535425E+04      0.1997537888449363E+07
  0.29600000E+03     -0.1419628546757554E+04      0.2015875380249246E+07
  0.29700000E+03     -0.1426046932559684E+04      0.2034143103125016E+07
  0.29800000E+03     -0.1432452196487908E+04      0.2052456216987789E+07
  0.29900000E+03     -0.1438793900335279E+04      0.2070669456811803E+07
  0.30000000E+03     -0.1445231644195570E+04      0.2089243119863294E+07
  0.30100000E+03     -0.1451578890568080E+04      0.2107636089319369E+07
  0.30200000E+03     -0.1457827024225382E+04      0.2125819615904944E+07
  0.30300000E+03     -0.1463970909899921E+04      0.2143776886188595E+07
  0.30400000E+03     -0.1470185631476550E+04      0.2162014148919005E+07
  0.30500000E+03     -0.1476437455679213E+04      0.2180439551979605E+07
  0.30600000E+03     -0.1482654911019057E+04      0.2198847263056232E+07
  0.30700000E+03     -0.1488768810942987E+04      0.2217018633636196E+07
  0.30800000E+03     -0.1494859070465935E+04      0.2235191272359205E+07
  0.30900000E+03     -0.1500994560964117E+04      0.2253576022459576E+07
  0.31000000E+03     -0.1507169712054223E+04      0.2272153254353113E+07
  0.31100000E+03     -0.1513243410814988E+04      0.2290497046844673E+07
  0.31200000E+03     -0.1519409243283252E+04      0.2309194638534673E+07
  0.31300000E+03     -0.1525528764761643E+04      0.2327825635143123E+07
  0.31400000E+03     -0.1531748330708278E+04      0.2346840026384337E+07
  0.31500000E+03     -0.1537832041073103E+04      0.2365510987871022E+07
  0.31600000E+03     -0.1544102192387436E+04      0.2384836146652357E+07
  0.31700000E+03     -0.1550307608961365E+04      0.2404035291274134E+07
  0.31800000E+03     -0.1556651586431779E+04      0.2423741873044616E+07
  0.31900000E+03     -0.1562940681223523E+04      0.2443358084634259E+07
  0.32000000E+03     -0.1569271744443790E+04      0.2463186403362252E+07
  0.32100000E+03     -0.1575617414667502E+04      0.2483140870125845E+07
  0.32200000E+03     -0.1582057703149842E+04      0.2503477122022260E+07
  0.32300000E+03     -0.1588483769733884E+04      0.2523855422947671E+07
  0.32400000E+03     -0.1594938105864423E+04      0.2544402604314358E+07
  0.32500000E+03     -0.1601453228810019E+04      0.2565229416724593E+07
  0.32600000E+03     -0.1607924664000800E+04      0.2586001880897157E+07
  0.32700000E+03     -0.1614312709394862E+04      0.2606591541155027E+07
  0.32800000E+03     -0.1620747736336956E+04      0.2627413011876440E+07
  0.32900000E+03     -0.1627155695670594E+04      0.2648231793430117E+07
  0.33000000E+03     -0.1633608949076062E+04      0.2669283099118264E+07
  0.33100000E+03     -0.1639911489596233E+04      0.2689924275137150E+07
  0.33200000E+03     -0.1646171078266405E+04      0.2710508501539320E+07
  0.33300000E+03     -0.1652354078055595E+04      0.2730918474271330E+07
  0.33400000E+03     -0.1658396448785065E+04      0.2750939853662052E+07
  0.33500000E+03     -0.1664377531582979E+04      0.2770828424250808E+07
  0.33600000E+03     -0.1670243394850928E+04      0.2790404494058841E+07
  0.33700000E+03     -0.1675948494544253E+04      0.2809505394416825E+07
  0.33800000E+03     -0.1681552572438349E+04      0.2828327396846660E+07
  0.33900000E+03     -0.1687082381968788E+04      0.2846958373943574E+07
  0.34000000E+03     -0.1692653216108861E+04      0.2865787685404191E+07
  0.34100000E+03     -0.1698223518649006E+04      0.2884662074003338E+07
  0.34200000E+03     -0.1703872381051333E+04      0.2903857078845985E+07
  0.34300000E+03     -0.1709629546777118E+04      0.2923481004402706E+07
  0.34400000E+03     -0.1715572328936153E+04      0.2943794815064586E+07
  0.34500000E+03     -0.1721785776104165E+04      0.2965104448069665E+07
  0.34600000E+03     -0.1728332914787956E+04      0.2987645746097521E+07
  0.34700000E+03     -0.1735282726548129E+04      0.3011669185231249E+07
  0.34800000E+03     -0.1742616616402891E+04      0.3037132769617218E+07
  0.34900000E+03     -0.1750277804806363E+04      0.3063850287475676E+07
  0.35000000E+03     -0.1758213594028635E+04      0.3091651673689921E+07
  0.35100000E+03     -0.1766446883767848E+04      0.3120640622334507E+07
  0.35200000E+03     -0.1774978647451563E+04      0.3150830047474089E+07
  0.35300000E+03     -0.1783761625049061E+04      0.3182062928811882E+07
  0.35400000E+03     -0.1792643258604435E+04      0.3213807610361733E+07
  0.35500000E+03     -0.1801780474580750E+04      0.3246637895435796E+07
  0.35600000E+03     -0.1811001334187891E+04      0.3279936617536278E+07
  0.35700000E+03     -0.1820341300425397E+04      0.3313841457794870E+07
  0.35800000E+03     -0.1829802586891434E+04      0.3348368981691185E+07
  0.35900000E+03     -0.1839422043478299E+04      0.3383657691351517E+07
  0.36000000E+03     -0.1849144810025591E+04      0.3419516301336908E+07
  0.36100000E+03     -0.1858893994675580E+04      0.3455662372382693E+07
  0.36200000E+03     -0.1868787225439138E+04      0.3492537789330968E+07
  0.36300000E+03     -0.1878671891177463E+04      0.3529578212768771E+07
  0.36400000E+03     -0.1888679699488657E+04      0.3567278009673896E+07
  0.36500000E+03     -0.1898786761208320E+04      0.3605556000095222E+07
  0.36600000E+03     -0.1908833570811308E+04      0.3643809573911581E+07
  0.36700000E+03     -0.1918983987357495E+04      0.3682662413711257E+07
  0.36800000E+03     -0.1929235064225400E+04      0.3722108857335520E+07
  0.36900000E+03     -0.1939542042228918E+04      0.3761983563792368E+07
  0.37000000E+03     -0.1949784973251048E+04      0.3801821306413773E+07
  0.37100000E+03     -0.1960138808848603E+04      0.3842303751083221E+07
  0.37200000E+03     -0.1970504672155327E+04      0.3883048255556038E+07
  0.37300000E+03     -0.1980928132200665E+04      0.3924235761764260E+07
  0.37400000E+03     -0.1991376703903505E+04      0.3965740714888929E+07
  0.37500000E+03     -0.2001886454138863E+04      0.4007709796594300E+07
  0.37600000E+03     -0.2012385449861784E+04      0.4049855874152205E+07
  0.37700000E+03     -0.2022901280596430E+04      0.4092290569513391E+07
  0.37800000E+03     -0.2033541263179203E+04      0.4135451727031322E+07
  0.37900000E+03     -0.2044227890652669E+04      0.4179029777208935E+07
  0.38000000E+03     -0.2054854808172559E+04      0.4222590636641452E+07
  0.38100000E+03     -0.2065541177908047E+04      0.4266623215147641E+07
  0.38200000E+03     -0.2076321007925252E+04      0.4311273292136426E+07
  0.38300000E+03     -0.2087022945943058E+04      0.4355830398551957E+07
  0.38400000E+03     -0.2097748814550669E+04      0.4400716257296130E+07
  0.38500000E+03     -0.2108615135693907E+04      0.4446424246508434E+07
  0.38600000E+03     -0.2119432253353544E+04      0.4492161344117672E+07
  0.38700000E+03     -0.2130314677840688E+04      0.4538409688435278E+07
  0.38800000E+03     -0.2141151985521543E+04      0.4584702648442182E+07
  0.38900000E+03     -0.2151979947625055E+04      0.4631188650724811E+07
  0.39000000E+03     -0.2163015877790753E+04      0.4678809949561929E+07
  0.39100000E+03     -0.2173979276770304E+04      0.4726360622591279E+07
  0.39200000E+03     -0.2184923052850916E+04      0.4774063917386441E+07
  0.39300000E+03     -0.2195924344146201E+04      0.4822259686107405E+07
  0.39400000E+03     -0.2206964953244899E+04      0.4870871563588868E+07
  0.39500000E+03     -0.2217937604464005E+04      0.4919425764435953E+07
  0.39600000E+03     -0.2228966518510540E+04      0.4968472291191250E+07
  0.39700000E+03     -0.2240038910297706E+04      0.5017956371915053E+07
  0.39800000E+03     -0.2251229314271823E+04      0.5068216496898173E+07
  0.39900000E+03     -0.2262332997533016E+04      0.5118334823301620E+07
  0.40000000E+03     -0.2273448215536114E+04      0.5168752254537956E+07
  0.40100000E+03     -0.2284589725300197E+04      0.5219537059089392E+07
  0.40200000E+03     -0.2295805975366278E+04      0.5270913789735544E+07
  0.40300000E+03     -0.2307014526758025E+04      0.5322505998219260E+07
  0.40400000E+03     -0.2318155729157128E+04      0.5374038391965324E+07
  0.40500000E+03     -0.2329332833809239E+04      0.5425983556250375E+07
  0.40600000E+03     -0.2340519678053749E+04      0.5478226280088358E+07
  0.40700000E+03     -0.2351850713570711E+04      0.5531398805706133E+07
  0.40800000E+03     -0.2362947630711634E+04      0.5583719138862402E+07
  0.40900000E+03     -0.2374365767541295E+04      0.5637811261509816E+07
  0.41000000E+03     -0.2385541967566108E+04      0.5691011138045078E+07
  0.41100000E+03     -0.2396963616664901E+04      0.5745636580898212E+07
  0.41200000E+03     -0.2408226198742901E+04      0.5799756590637156E+07
  0.41300000E+03     -0.2419637849018656E+04      0.5854852160735850E+07
  0.41400000E+03     -0.2430879635147965E+04      0.5909383208839329E+07
  0.41500000E+03     -0.2442221409006764E+04      0.5964654919470942E+07
  0.41600000E+03     -0.2453648754321796E+04      0.6020602544998573E+07
  0.41700000E+03     -0.2464935501119101E+04      0.6076119824627177E+07
  0.41800000E+03     -0.2476377776823159E+04      0.6132662247840606E+07
  0.41900000E+03     -0.2487742487570915E+04      0.6189078507808807E+07
  0.42000000E+03     -0.2499225009915184E+04      0.6246342295975928E+07
  0.42100000E+03     -0.2510546426387828E+04      0.6303063452707430E+07
  0.42200000E+03     -0.2522003199251171E+04      0.6360723151638842E+07
  0.42300000E+03     -0.2533297409523700E+04      0.6417818885202714E+07
  0.42400000E+03     -0.2544768240575218E+04      0.6476070642562855E+07
  0.42500000E+03     -0.2556176233096309E+04      0.6534263909365801E+07
  0.42600000E+03     -0.2567522646589406E+04      0.6592403151224838E+07
  0.42700000E+03     -0.2578958341667401E+04      0.6651256079930160E+07
  0.42800000E+03     -0.2590537414633448E+04      0.6711115702383368E+07
  0.42900000E+03     -0.2601855373915405E+04      0.6769886043095578E+07
  0.43000000E+03     -0.2613332547699306E+04      0.6829744160087631E+07
  0.43100000E+03     -0.2624763644972355E+04      0.6889622789071240E+07
  0.43200000E+03     -0.2636283707146425E+04      0.6950234497199046E+07
  0.43300000E+03     -0.2647687003033024E+04      0.7010488720394611E+07
  0.43400000E+03     -0.2659236648500900E+04      0.7071785384278105E+07
  0.43500000E+03     -0.2670544693950639E+04      0.7132056486308774E+07
  0.43600000E+03     -0.2682031421476926E+04      0.7193540306101766E+07
  0.43700000E+03     -0.2693347529301749E+04      0.7254372969157050E+07
  0.43800000E+03     -0.2704792801962858E+04      0.7316157654759622E+07
  0.43900000E+03     -0.2716388805644137E+04      0.7379024201466347E+07
  0.44000000E+03     -0.2727786555501508E+04      0.7441074782067572E+07
  0.44100000E+03     -0.2739069741273766E+04      0.7502762213001099E+07
  0.44200000E+03     -0.2750429372021918E+04      0.7565123814944038E+07
  0.44300000E+03     -0.2761911335360988E+04      0.7628418315305938E+07
  0.44400000E+03     -0.2773200228206213E+04      0.7690904365898854E+07
  0.44500000E+03     -0.2784608828704813E+04      0.7754311028375542E+07
  0.44600000E+03     -0.2796078647770374E+04      0.7818322318293285E+07
  0.44700000E+03     -0.2807521727826770E+04      0.7882448122649693E+07
  0.44800000E+03     -0.2818989209760265E+04      0.7946974066206312E+07
  0.44900000E+03     -0.2830161931816526E+04      0.8010091954987977E+07
  0.45000000E+03     -0.2841599180699659E+04      0.8074966017479797E+07
  0.45100000E+03     -0.2852940446952327E+04      0.8139548223645340E+07
  0.45200000E+03     -0.2864190823558882E+04      0.8203871047488880E+07
  0.45300000E+03     -0.2875499310982315E+04      0.8268779519382075E+07
  0.45400000E+03     -0.2886784637006253E+04      0.8333812170854123E+07
  0.45500000E+03     -0.2898249752716583E+04      0.8400141157525497E+07
  0.45600000E+03     -0.2909321040491420E+04      0.8464439869073454E+07
  0.45700000E+03     -0.2920578749866660E+04      0.8530072816671170E+07
  0.45800000E+03     -0.2931750396745951E+04      0.8595452310920123E+07
  0.45900000E+03     -0.2943093536621170E+04      0.8662095595050773E+07
  0.46000000E+03     -0.2954497647208524E+04      0.8729354967763506E+07
  0.46100000E+03     -0.2965616423037732E+04      0.8795181507104533E+07
  0.46200000E+03     -0.2976711548454965E+04      0.8861116936160836E+07
  0.46300000E+03     -0.2987924576068167E+04      0.8928000469138416E+07
  0.46400000E+03     -0.2999045080188496E+04      0.8994578611440593E+07
  0.46500000E+03     -0.3010210245811688E+04      0.9061674876978865E+07
  0.46600000E+03     -0.3021202752355388E+04      0.9127977739783630E+07
  0.46700000E+03     -0.3032339318430374E+04      0.9195398151236113E+07
  0.46800000E+03     -0.3043262806933459E+04      0.9261769762824798E+07
  0.46900000E+03     -0.3054336192744971E+04      0.9329290891278381E+07
  0.47000000E+03     -0.3065345712753173E+04      0.9396665479601268E+07
  0.47100000E+03     -0.3076767113679978E+04      0.9466821176042963E+07
  0.47200000E+03     -0.3087493875749396E+04      0.9532946404180581E+07
  0.47300000E+03     -0.3098166038445187E+04      0.9598963706843397E+07
  0.47400000E+03     -0.3109254828824635E+04      0.9667799061780978E+07
  0.47500000E+03     -0.3119808005472061E+04      0.9733536662906211E+07
  0.47600000E+03     -0.3130989956918009E+04      0.9803435578154039E+07
  0.47700000E+03     -0.3141715564183241E+04      0.9870717232655210E+07
  0.47800000E+03     -0.3152556024244750E+04      0.9938947701666182E+07
  0.47900000E+03     -0.3163421171111174E+04      0.1000758028286389E+08
  0.48000000E+03     -0.3174128166284131E+04      0.1007543922337798E+08
  0.48100000E+03     -0.3184801728623681E+04      0.1014331191174994E+08
  0.48200000E+03     -0.3195170391257251E+04      0.1020946699812184E+08
  0.48300000E+03     -0.3205968966952480E+04      0.1027859002239944E+08
  0.48400000E+03     -0.3216816824570134E+04      0.1034826716557997E+08
  0.48500000E+03     -0.3227939223101088E+04      0.1041995294008768E+08
  0.48600000E+03     -0.3238176152469484E+04      0.1048614636815751E+08
  0.48700000E+03     -0.3248509546565612E+04      0.1055317616344872E+08
  0.48800000E+03     -0.3259180509909141E+04      0.1062263389640575E+08
  0.48900000E+03     -0.3278588556821569E+04      0.1075109208871209E+08
  0.49000000E+03     -0.3406311121084793E+04      0.1161038892341641E+08
  0.49100000E+03     -0.3432922049742756E+04      0.1179134459502144E+08
  0.49200000E+03     -0.3473405928059034E+04      0.1206760538706272E+08
  0.49300000E+03     -0.3486028504156267E+04      0.1215473020870733E+08
  0.49400000E+03     -0.3493717850660706E+04      0.1220786690830109E+08
  0.49500000E+03     -0.3544556796285938E+04      0.1256421446544967E+08
  0.49600000E+03     -0.3559237421246149E+04      0.1266849729068687E+08
  0.49700000E+03     -0.3574208342852929E+04      0.1277529057303969E+08
  0.49800000E+03     -0.3571519446654606E+04      0.1275625329756368E+08
  0.49900000E+03     -0.3584767883695790E+04      0.1285113699732907E+08
  0.50000000E+03     -0.3599426716194698E+04      0.1295655570682756E+08
  0.50100000E+03     -0.3593135253290359E+04      0.1291094576691813E+08
  0.50200000E+03     -0.3612316079375160E+04      0.1304952746353851E+08
  0.50300000E+03     -0.3622744431915527E+04      0.1312507931293412E+08
  0.50400000E+03     -0.3634252383355974E+04      0.1320875692001664E+08
  0.50500000E+03     -0.3680210418194475E+04      0.1354426187780369E+08
  0.50600000E+03     -0.3682624000308638E+04      0.1356204200483627E+08
  0.50700000E+03     -0.3686467129945120E+04      0.1359035792354979E+08
  0.50800000E+03     -0.3692028061165493E+04      0.1363139528645502E+08
  0.50900000E+03     -0.3696707489168297E+04      0.1366597761830629E+08
  0.51000000E+03     -0.3704138622936139E+04      0.1372099626401362E+08
