  0.00000000E+00     -0.2306433730421107E+02
  0.10000000E+01     -0.2020523615137652E+02
  0.20000000E+01     -0.1802202203746960E+02
  0.30000000E+01     -0.1622701495536321E+02
  0.40000000E+01     -0.1470217809828890E+02
  0.50000000E+01     -0.1338304177652183E+02
  0.60000000E+01     -0.1222916902491703E+02
  0.70000000E+01     -0.1121231705861876E+02
  0.80000000E+01     -0.1031174121358682E+02
  0.90000000E+01     -0.9511542973716999E+01
  0.10000000E+02     -0.8799574134629538E+01
  0.11000000E+02     -0.8166028871040428E+01
  0.12000000E+02     -0.7601979154168510E+01
  0.13000000E+02     -0.7100730043405988E+01
  0.14000000E+02     -0.6656985353062256E+01
  0.15000000E+02     -0.6265364046720572E+01
  0.16000000E+02     -0.5921496058260295E+01
  0.17000000E+02     -0.5620971069089797E+01
  0.18000000E+02     -0.5360759697573537E+01
  0.19000000E+02     -0.5137400463508928E+01
  0.20000000E+02     -0.4948699329365519E+01
  0.21000000E+02     -0.4792140517159076E+01
  0.22000000E+02     -0.4664996212573193E+01
  0.23000000E+02     -0.4565481181886781E+01
  0.24000000E+02     -0.4492577278900647E+01
  0.25000000E+02     -0.4443988696863371E+01
  0.26000000E+02     -0.4417586632520594E+01
  0.27000000E+02     -0.4412773228175698E+01
  0.28000000E+02     -0.4427894701113665E+01
  0.29000000E+02     -0.4461511672714241E+01
  0.30000000E+02     -0.4512548707169559E+01
  0.31000000E+02     -0.4579863702249291E+01
  0.32000000E+02     -0.4662506456237366E+01
  0.33000000E+02     -0.4759656441555041E+01
  0.34000000E+02     -0.4870294393703140E+01
  0.35000000E+02     -0.4993539657599955E+01
  0.36000000E+02     -0.5129017894907811E+01
  0.37000000E+02     -0.5275950910783791E+01
  0.38000000E+02     -0.5433558686073527E+01
  0.39000000E+02     -0.5601084236295278E+01
  0.40000000E+02     -0.5777655485170881E+01
  0.41000000E+02     -0.5963113266905110E+01
  0.42000000E+02     -0.6156552511232877E+01
  0.43000000E+02     -0.6357808737625656E+01
  0.44000000E+02     -0.6566278214912411E+01
  0.45000000E+02     -0.6781176414488992E+01
  0.46000000E+02     -0.7002273109002977E+01
  0.47000000E+02     -0.7229523873647071E+01
  0.48000000E+02     -0.7462079282431104E+01
  0.49000000E+02     -0.7699383624624545E+01
  0.50000000E+02     -0.7941639959398588E+01
  0.51000000E+02     -0.8188124139348716E+01
  0.52000000E+02     -0.8438162825632364E+01
  0.53000000E+02     -0.8691946138095272E+01
  0.54000000E+02     -0.8949556389190402E+01
  0.55000000E+02     -0.9210493863310768E+01
  0.56000000E+02     -0.9473936969308646E+01
  0.57000000E+02     -0.9739804073145834E+01
  0.58000000E+02     -0.1000759706295579E+02
  0.59000000E+02     -0.1027759436945968E+02
  0.60000000E+02     -0.1054923710688262E+02
  0.61000000E+02     -0.1082294621078241E+02
  0.62000000E+02     -0.1109771869633767E+02
  0.63000000E+02     -0.1137321169438007E+02
  0.64000000E+02     -0.1164982922829815E+02
  0.65000000E+02     -0.1192765831357623E+02
  0.66000000E+02     -0.1220618325413279E+02
  0.67000000E+02     -0.1248513822167598E+02
  0.68000000E+02     -0.1276432042630685E+02
  0.69000000E+02     -0.1304356974286793E+02
  0.70000000E+02     -0.1332286786952058E+02
  0.71000000E+02     -0.1360125983111865E+02
  0.72000000E+02     -0.1387976843975959E+02
  0.73000000E+02     -0.1415771920447190E+02
  0.74000000E+02     -0.1443495372808484E+02
  0.75000000E+02     -0.1471160158892074E+02
  0.76000000E+02     -0.1498713087159937E+02
  0.77000000E+02     -0.1526217416635541E+02
  0.78000000E+02     -0.1553563956543186E+02
  0.79000000E+02     -0.1580764814376305E+02
  0.80000000E+02     -0.1607835056367207E+02
  0.81000000E+02     -0.1634747265018308E+02
  0.82000000E+02     -0.1661545560502984E+02
  0.83000000E+02     -0.1688181429433957E+02
  0.84000000E+02     -0.1714675995047805E+02
  0.85000000E+02     -0.1740979201945426E+02
  0.86000000E+02     -0.1767074058303971E+02
  0.87000000E+02     -0.1793008828090257E+02
  0.88000000E+02     -0.1818740886745728E+02
  0.89000000E+02     -0.1844286389628014E+02
  0.90000000E+02     -0.1869651164754369E+02
  0.91000000E+02     -0.1894770076992408E+02
  0.92000000E+02     -0.1919628064764062E+02
  0.93000000E+02     -0.1944293617904294E+02
  0.94000000E+02     -0.1968699360063744E+02
  0.95000000E+02     -0.1992829966261931E+02
  0.96000000E+02     -0.2016742624694913E+02
  0.97000000E+02     -0.2040412293620505E+02
  0.98000000E+02     -0.2063791787597219E+02
  0.99000000E+02     -0.2086984371600764E+02
  0.10000000E+03     -0.2109879640470476E+02
  0.10100000E+03     -0.2132471993568581E+02
  0.10200000E+03     -0.2154823243558076E+02
  0.10300000E+03     -0.2176895226798358E+02
  0.10400000E+03     -0.2198741668752049E+02
  0.10500000E+03     -0.2220264968270504E+02
  0.10600000E+03     -0.2241470910469704E+02
  0.10700000E+03     -0.2262416519605158E+02
  0.10800000E+03     -0.2283137980270059E+02
  0.10900000E+03     -0.2303523183173291E+02
  0.11000000E+03     -0.2323551003588570E+02
  0.11100000E+03     -0.2343323196544112E+02
  0.11200000E+03     -0.2362837443128436E+02
  0.11300000E+03     -0.2382061999600279E+02
  0.11400000E+03     -0.2400972748733928E+02
  0.11500000E+03     -0.2419560521050437E+02
  0.11600000E+03     -0.2437825510096557E+02
  0.11700000E+03     -0.2455793877117235E+02
  0.11800000E+03     -0.2473410698814050E+02
  0.11900000E+03     -0.2490703385115557E+02
  0.12000000E+03     -0.2507717177625346E+02
  0.12100000E+03     -0.2524368182781343E+02
  0.12200000E+03     -0.2540658504926193E+02
  0.12300000E+03     -0.2556721655383301E+02
  0.12400000E+03     -0.2572447685019610E+02
  0.12500000E+03     -0.2587828284156014E+02
  0.12600000E+03     -0.2602904752468966E+02
  0.12700000E+03     -0.2617662456419487E+02
  0.12800000E+03     -0.2632060465487213E+02
  0.12900000E+03     -0.2646113595607832E+02
  0.13000000E+03     -0.2659886636532015E+02
  0.13100000E+03     -0.2673255203650405E+02
  0.13200000E+03     -0.2686364625535167E+02
  0.13300000E+03     -0.2699131387877931E+02
  0.13400000E+03     -0.2711544709264071E+02
  0.13500000E+03     -0.2723600425235527E+02
  0.13600000E+03     -0.2735336417166435E+02
  0.13700000E+03     -0.2746693869668515E+02
  0.13800000E+03     -0.2757721510075814E+02
  0.13900000E+03     -0.2768496305223402E+02
  0.14000000E+03     -0.2778873582057517E+02
  0.14100000E+03     -0.2788914095844571E+02
  0.14200000E+03     -0.2798606619913217E+02
  0.14300000E+03     -0.2807991927421087E+02
  0.14400000E+03     -0.2817013642996986E+02
  0.14500000E+03     -0.2825701896129249E+02
  0.14600000E+03     -0.2834123764162933E+02
  0.14700000E+03     -0.2842151109201189E+02
  0.14800000E+03     -0.2849783454914878E+02
  0.14900000E+03     -0.2857108768575117E+02
  0.15000000E+03     -0.2864184263475207E+02
  0.15100000E+03     -0.2870861214181499E+02
  0.15200000E+03     -0.2877194501024326E+02
  0.15300000E+03     -0.2883136347741787E+02
  0.15400000E+03     -0.2888746598406394E+02
  0.15500000E+03     -0.2893964778288591E+02
  0.15600000E+03     -0.2898873095146566E+02
  0.15700000E+03     -0.2903481616353465E+02
  0.15800000E+03     -0.2907759205342935E+02
  0.15900000E+03     -0.2911670379972698E+02
  0.16000000E+03     -0.2915283959981295E+02
  0.16100000E+03     -0.2918521941881720E+02
  0.16200000E+03     -0.2921346937703694E+02
  0.16300000E+03     -0.2923890820483872E+02
  0.16400000E+03     -0.2926091719102237E+02
  0.16500000E+03     -0.2927954533165803E+02
  0.16600000E+03     -0.2929494662345775E+02
  0.16700000E+03     -0.2930643848626239E+02
  0.16800000E+03     -0.2931501796319377E+02
  0.16900000E+03     -0.2932098465811653E+02
  0.17000000E+03     -0.2932313947590347E+02
  0.17100000E+03     -0.2932165784080065E+02
  0.17200000E+03     -0.2931586862819927E+02
  0.17300000E+03     -0.2930784286168740E+02
  0.17400000E+03     -0.2929562901807208E+02
  0.17500000E+03     -0.2928002399230451E+02
  0.17600000E+03     -0.2926095191119688E+02
  0.17700000E+03     -0.2923876273372915E+02
  0.17800000E+03     -0.2921284958300502E+02
  0.17900000E+03     -0.2918355136209937E+02
  0.18000000E+03     -0.2915086981567590E+02
  0.18100000E+03     -0.2911426977838166E+02
  0.18200000E+03     -0.2907487727321063E+02
  0.18300000E+03     -0.2903175289754441E+02
  0.18400000E+03     -0.2898559827134876E+02
  0.18500000E+03     -0.2893630327325958E+02
  0.18600000E+03     -0.2888405259758276E+02
  0.18700000E+03     -0.2882781009797823E+02
  0.18800000E+03     -0.2876816196256335E+02
  0.18900000E+03     -0.2870561702862510E+02
  0.19000000E+03     -0.2863961814838480E+02
  0.19100000E+03     -0.2857008149174490E+02
  0.19200000E+03     -0.2849670880755852E+02
  0.19300000E+03     -0.2842017226459272E+02
  0.19400000E+03     -0.2834108310406795E+02
  0.19500000E+03     -0.2825813924549123E+02
  0.19600000E+03     -0.2817236649544712E+02
  0.19700000E+03     -0.2808326575364089E+02
  0.19800000E+03     -0.2799108306544940E+02
  0.19900000E+03     -0.2789548710331025E+02
  0.20000000E+03     -0.2779666801010045E+02
  0.20100000E+03     -0.2769434736205640E+02
  0.20200000E+03     -0.2758844042718260E+02
  0.20300000E+03     -0.2747984399423964E+02
  0.20400000E+03     -0.2736774568355721E+02
  0.20500000E+03     -0.2725248794758897E+02
  0.20600000E+03     -0.2713429856927989E+02
  0.20700000E+03     -0.2701242262451271E+02
  0.20800000E+03     -0.2688717705461300E+02
  0.20900000E+03     -0.2675895903459651E+02
  0.21000000E+03     -0.2662803331155567E+02
  0.21100000E+03     -0.2649319699507578E+02
  0.21200000E+03     -0.2635514211331083E+02
  0.21300000E+03     -0.2621424971365654E+02
  0.21400000E+03     -0.2607016346245227E+02
  0.21500000E+03     -0.2592305610180981E+02
  0.21600000E+03     -0.2577417808064974E+02
  0.21700000E+03     -0.2562113099401095E+02
  0.21800000E+03     -0.2546540523115920E+02
  0.21900000E+03     -0.2530622307552612E+02
  0.22000000E+03     -0.2514480869594142E+02
  0.22100000E+03     -0.2497953395806908E+02
  0.22200000E+03     -0.2481213017967467E+02
  0.22300000E+03     -0.2464234612195894E+02
  0.22400000E+03     -0.2446918320518497E+02
  0.22500000E+03     -0.2429278302274637E+02
  0.22600000E+03     -0.2411360683113472E+02
  0.22700000E+03     -0.2393277720878316E+02
  0.22800000E+03     -0.2374819696877888E+02
  0.22900000E+03     -0.2356143290388317E+02
  0.23000000E+03     -0.2337118064492982E+02
  0.23100000E+03     -0.2317855425028230E+02
  0.23200000E+03     -0.2298324062183629E+02
  0.23300000E+03     -0.2278590662056477E+02
  0.23400000E+03     -0.2258570551637499E+02
  0.23500000E+03     -0.2238352877382417E+02
  0.23600000E+03     -0.2217866251352753E+02
  0.23700000E+03     -0.2197115430437315E+02
  0.23800000E+03     -0.2176091313571839E+02
  0.23900000E+03     -0.2154924274265611E+02
  0.24000000E+03     -0.2133504683987810E+02
  0.24100000E+03     -0.2111763133823876E+02
  0.24200000E+03     -0.2089899788878196E+02
  0.24300000E+03     -0.2067768358971591E+02
  0.24400000E+03     -0.2045465240892845E+02
  0.24500000E+03     -0.2022924345142590E+02
  0.24600000E+03     -0.2000179255933570E+02
  0.24700000E+03     -0.1977155787197212E+02
  0.24800000E+03     -0.1953938890224872E+02
  0.24900000E+03     -0.1930633732612162E+02
  0.25000000E+03     -0.1907164103520966E+02
  0.25100000E+03     -0.1883472917722294E+02
  0.25200000E+03     -0.1859670642007569E+02
  0.25300000E+03     -0.1835644880060572E+02
  0.25400000E+03     -0.1811536928641328E+02
  0.25500000E+03     -0.1787228608736877E+02
  0.25600000E+03     -0.1762761728206892E+02
  0.25700000E+03     -0.1738236120152234E+02
  0.25800000E+03     -0.1713494874097002E+02
  0.25900000E+03     -0.1688708425218115E+02
  0.26000000E+03     -0.1663733419311872E+02
  0.26100000E+03     -0.1638798740370673E+02
  0.26200000E+03     -0.1613621584986461E+02
  0.26300000E+03     -0.1588469370258339E+02
  0.26400000E+03     -0.1563147899439562E+02
  0.26500000E+03     -0.1537769595053744E+02
  0.26600000E+03     -0.1512474278443569E+02
  0.26700000E+03     -0.1486963969095030E+02
  0.26800000E+03     -0.1461469916480616E+02
  0.26900000E+03     -0.1435902867809773E+02
  0.27000000E+03     -0.1410292213662951E+02
  0.27100000E+03     -0.1384717529338244E+02
  0.27200000E+03     -0.1359152275019198E+02
  0.27300000E+03     -0.1333698177507596E+02
  0.27400000E+03     -0.1308198321230793E+02
  0.27500000E+03     -0.1282704566181187E+02
  0.27600000E+03     -0.1257274896642730E+02
  0.27700000E+03     -0.1231917073012435E+02
  0.27800000E+03     -0.1206598257420869E+02
  0.27900000E+03     -0.1181427312809833E+02
  0.28000000E+03     -0.1156376977702865E+02
  0.28100000E+03     -0.1131362112423852E+02
  0.28200000E+03     -0.1106421828743972E+02
  0.28300000E+03     -0.1081520788687195E+02
  0.28400000E+03     -0.1057015494377888E+02
  0.28500000E+03     -0.1032631875865042E+02
  0.28600000E+03     -0.1008401018018015E+02
  0.28700000E+03     -0.9842648304115112E+01
  0.28800000E+03     -0.9603280880059593E+01
  0.28900000E+03     -0.9364997553867283E+01
  0.29000000E+03     -0.9130243601148255E+01
  0.29100000E+03     -0.8897781040823871E+01
  0.29200000E+03     -0.8668104428559303E+01
  0.29300000E+03     -0.8440793360557194E+01
  0.29400000E+03     -0.8215676518911437E+01
  0.29500000E+03     -0.7994487144407031E+01
  0.29600000E+03     -0.7776813684367584E+01
  0.29700000E+03     -0.7562894014879302E+01
  0.29800000E+03     -0.7352422740091558E+01
  0.29900000E+03     -0.7144038341919374E+01
  0.30000000E+03     -0.6939561204003033E+01
  0.30100000E+03     -0.6739322445044561E+01
  0.30200000E+03     -0.6541289220846913E+01
  0.30300000E+03     -0.6348987073169460E+01
  0.30400000E+03     -0.6158497042988142E+01
  0.30500000E+03     -0.5975433293978238E+01
  0.30600000E+03     -0.5798416644967620E+01
  0.30700000E+03     -0.5626053498268686E+01
  0.30800000E+03     -0.5457519840510365E+01
  0.30900000E+03     -0.5291936055508252E+01
  0.31000000E+03     -0.5134869124777648E+01
  0.31100000E+03     -0.4985705432484536E+01
  0.31200000E+03     -0.4840978846424147E+01
  0.31300000E+03     -0.4702235858718716E+01
  0.31400000E+03     -0.4568729140344050E+01
  0.31500000E+03     -0.4442162293756926E+01
  0.31600000E+03     -0.4323608294568071E+01
  0.31700000E+03     -0.4211948507473348E+01
  0.31800000E+03     -0.4106015505010685E+01
  0.31900000E+03     -0.4008478321575732E+01
  0.32000000E+03     -0.3918020217226429E+01
  0.32100000E+03     -0.3837086240623608E+01
  0.32200000E+03     -0.3763301105255286E+01
  0.32300000E+03     -0.3699147328169767E+01
  0.32400000E+03     -0.3641194099257474E+01
  0.32500000E+03     -0.3592248295533041E+01
  0.32600000E+03     -0.3551205802034707E+01
  0.32700000E+03     -0.3518650321596843E+01
  0.32800000E+03     -0.3492041632799699E+01
  0.32900000E+03     -0.3478624500205870E+01
  0.33000000E+03     -0.3475308534827969E+01
  0.33100000E+03     -0.3480140610632196E+01
  0.33200000E+03     -0.3499740380968548E+01
  0.33300000E+03     -0.3523704248318678E+01
  0.33400000E+03     -0.3563707265955282E+01
  0.33500000E+03     -0.3613471932745609E+01
  0.33600000E+03     -0.3674298543139473E+01
  0.33700000E+03     -0.3748644165523130E+01
  0.33800000E+03     -0.3833645032790960E+01
  0.33900000E+03     -0.3933048803702382E+01
  0.34000000E+03     -0.4038747311032848E+01
  0.34100000E+03     -0.4164792941362590E+01
  0.34200000E+03     -0.4298137504636487E+01
  0.34300000E+03     -0.4442259684515901E+01
  0.34400000E+03     -0.4604718978440976E+01
  0.34500000E+03     -0.4774358207723930E+01
  0.34600000E+03     -0.4958991627260994E+01
  0.34700000E+03     -0.5162020268981750E+01
  0.34800000E+03     -0.5377147783384151E+01
  0.34900000E+03     -0.5606101168903555E+01
  0.35000000E+03     -0.5852344136637940E+01
  0.35100000E+03     -0.6113834030536188E+01
  0.35200000E+03     -0.6390963960059501E+01
  0.35300000E+03     -0.6685414488825951E+01
  0.35400000E+03     -0.6996041674314486E+01
  0.35500000E+03     -0.7325361589730632E+01
  0.35600000E+03     -0.7669880096026936E+01
  0.35700000E+03     -0.8028841820982421E+01
  0.35800000E+03     -0.8406136021602014E+01
  0.35900000E+03     -0.8803796144558696E+01
  0.36000000E+03     -0.9210854093561494E+01
  0.36100000E+03     -0.9641091702880544E+01
  0.36200000E+03     -0.1009097597326590E+02
  0.36300000E+03     -0.1055806142171271E+02
  0.36400000E+03     -0.1104346991093588E+02
  0.36500000E+03     -0.1155076566372401E+02
  0.36600000E+03     -0.1207570611360694E+02
  0.36700000E+03     -0.1262434179071925E+02
  0.36800000E+03     -0.1319816177866686E+02
  0.36900000E+03     -0.1379248208312640E+02
  0.37000000E+03     -0.1440869118459623E+02
  0.37100000E+03     -0.1504184566351029E+02
  0.37200000E+03     -0.1569033209803542E+02
  0.37300000E+03     -0.1635956156672935E+02
  0.37400000E+03     -0.1706158125289029E+02
  0.37500000E+03     -0.1779065677538456E+02
  0.37600000E+03     -0.1853914643643471E+02
  0.37700000E+03     -0.1931658807985946E+02
  0.37800000E+03     -0.2011449367845904E+02
  0.37900000E+03     -0.2093269780159083E+02
  0.38000000E+03     -0.2177220165505501E+02
  0.38100000E+03     -0.2264421332906147E+02
  0.38200000E+03     -0.2354286367315193E+02
  0.38300000E+03     -0.2446097773285761E+02
  0.38400000E+03     -0.2540661261366042E+02
  0.38500000E+03     -0.2638851063560542E+02
  0.38600000E+03     -0.2739104415753061E+02
  0.38700000E+03     -0.2842243079211755E+02
  0.38800000E+03     -0.2948483466125467E+02
  0.38900000E+03     -0.3057532449298848E+02
  0.39000000E+03     -0.3168925051087029E+02
  0.39100000E+03     -0.3282788319719963E+02
  0.39200000E+03     -0.3398647978767215E+02
  0.39300000E+03     -0.3519125554529980E+02
  0.39400000E+03     -0.3641807978278143E+02
  0.39500000E+03     -0.3768769278120062E+02
  0.39600000E+03     -0.3898336077951032E+02
  0.39700000E+03     -0.4030823933258306E+02
  0.39800000E+03     -0.4166184328717443E+02
  0.39900000E+03     -0.4304618207393163E+02
  0.40000000E+03     -0.4446466054238888E+02
  0.40100000E+03     -0.4590969818755131E+02
  0.40200000E+03     -0.4738256238852671E+02
  0.40300000E+03     -0.4891514353159795E+02
  0.40400000E+03     -0.5046874644583328E+02
  0.40500000E+03     -0.5205208898387761E+02
  0.40600000E+03     -0.5366765196212006E+02
  0.40700000E+03     -0.5532600056471020E+02
  0.40800000E+03     -0.5701955236916584E+02
  0.40900000E+03     -0.5875440310180767E+02
  0.41000000E+03     -0.6052299647060639E+02
  0.41100000E+03     -0.6233378535758106E+02
  0.41200000E+03     -0.6417953526543315E+02
  0.41300000E+03     -0.6606284597662723E+02
  0.41400000E+03     -0.6796972355467220E+02
  0.41500000E+03     -0.6993039533692263E+02
  0.41600000E+03     -0.7193279878259281E+02
  0.41700000E+03     -0.7398185295288492E+02
  0.41800000E+03     -0.7605793744626050E+02
  0.41900000E+03     -0.7817543678247613E+02
  0.42000000E+03     -0.8033847974229494E+02
  0.42100000E+03     -0.8254262753996898E+02
  0.42200000E+03     -0.8478323542718675E+02
  0.42300000E+03     -0.8708149185053040E+02
  0.42400000E+03     -0.8942939786383891E+02
  0.42500000E+03     -0.9181822758344106E+02
  0.42600000E+03     -0.9425807460888122E+02
  0.42700000E+03     -0.9672488556686424E+02
  0.42800000E+03     -0.9925378445403999E+02
  0.42900000E+03     -0.1018272934134876E+03
  0.43000000E+03     -0.1044380428486230E+03
  0.43100000E+03     -0.1071010110303202E+03
  0.43200000E+03     -0.1098001362216224E+03
  0.43300000E+03     -0.1125574281568454E+03
  0.43400000E+03     -0.1153564062012869E+03
  0.43500000E+03     -0.1181987268528711E+03
  0.43600000E+03     -0.1211102396107191E+03
  0.43700000E+03     -0.1240669774028635E+03
  0.43800000E+03     -0.1270582854513052E+03
  0.43900000E+03     -0.1300930856014379E+03
  0.44000000E+03     -0.1331956910261795E+03
  0.44100000E+03     -0.1363554733061978E+03
  0.44200000E+03     -0.1395585835840635E+03
  0.44300000E+03     -0.1428330809854702E+03
  0.44400000E+03     -0.1461461816974340E+03
  0.44500000E+03     -0.1495222576897358E+03
  0.44600000E+03     -0.1529702465906906E+03
  0.44700000E+03     -0.1564713210435835E+03
  0.44800000E+03     -0.1600391288712574E+03
  0.44900000E+03     -0.1636452827411451E+03
  0.45000000E+03     -0.1673025260591344E+03
  0.45100000E+03     -0.1710313900110234E+03
  0.45200000E+03     -0.1748200198388756E+03
  0.45300000E+03     -0.1786866248058977E+03
  0.45400000E+03     -0.1825904777600762E+03
  0.45500000E+03     -0.1865464203890945E+03
  0.45600000E+03     -0.1905412816599278E+03
  0.45700000E+03     -0.1946568855066224E+03
  0.45800000E+03     -0.1988012552717673E+03
  0.45900000E+03     -0.2030124689191024E+03
  0.46000000E+03     -0.2072983226908505E+03
  0.46100000E+03     -0.2116278544868787E+03
  0.46200000E+03     -0.2160196865550066E+03
  0.46300000E+03     -0.2204881214576909E+03
  0.46400000E+03     -0.2250221060778660E+03
  0.46500000E+03     -0.2295971898351658E+03
  0.46600000E+03     -0.2342352299773974E+03
  0.46700000E+03     -0.2389797129998787E+03
  0.46800000E+03     -0.2437833188129059E+03
  0.46900000E+03     -0.2486438293379418E+03
  0.47000000E+03     -0.2535526638549458E+03
  0.47100000E+03     -0.2585805494738528E+03
  0.47200000E+03     -0.2636814351461852E+03
  0.47300000E+03     -0.2688644805933559E+03
  0.47400000E+03     -0.2740862245735641E+03
  0.47500000E+03     -0.2794106972145674E+03
  0.47600000E+03     -0.2848236473982848E+03
  0.47700000E+03     -0.2902663400300455E+03
  0.47800000E+03     -0.2957997556127137E+03
  0.47900000E+03     -0.3014086360182521E+03
  0.48000000E+03     -0.3071012515620947E+03
  0.48100000E+03     -0.3128728538166496E+03
  0.48200000E+03     -0.3187149398069515E+03
  0.48300000E+03     -0.3246305691054349E+03
  0.48400000E+03     -0.3306176767859607E+03
  0.48500000E+03     -0.3366971332030346E+03
  0.48600000E+03     -0.3428432808400296E+03
  0.48700000E+03     -0.3490477002803377E+03
  0.48800000E+03     -0.3553987554905214E+03
  0.48900000E+03     -0.3617870406474925E+03
  0.49000000E+03     -0.3682668179524050E+03
  0.49100000E+03     -0.3747995543874319E+03
  0.49200000E+03     -0.3814604487334720E+03
  0.49300000E+03     -0.3882167921530357E+03
  0.49400000E+03     -0.3950638460262947E+03
  0.49500000E+03     -0.4019719056985467E+03
  0.49600000E+03     -0.4089964333704428E+03
  0.49700000E+03     -0.4160499608574334E+03
  0.49800000E+03     -0.4232060399713181E+03
  0.49900000E+03     -0.4304867456219592E+03
  0.50000000E+03     -0.4378507095221236E+03
  0.50100000E+03     -0.4453239666478663E+03
  0.50200000E+03     -0.4528537517180112E+03
  0.50300000E+03     -0.4604755864001800E+03
  0.50400000E+03     -0.4682268183811303E+03
  0.50500000E+03     -0.4760554101149402E+03
  0.50600000E+03     -0.4840030892256854E+03
  0.50700000E+03     -0.4920268220977494E+03
  0.50800000E+03     -0.5001423255547772E+03
  0.50900000E+03     -0.5083392389522990E+03
  0.51000000E+03     -0.5166118319949169E+03
