  0.00000000E+00     -0.1254173274160432E+03
  0.10000000E+01     -0.1246782587356545E+03
  0.20000000E+01     -0.1245978620609494E+03
  0.30000000E+01     -0.1248882765629092E+03
  0.40000000E+01     -0.1254317820063917E+03
  0.50000000E+01     -0.1261638095857835E+03
  0.60000000E+01     -0.1270434140325656E+03
  0.70000000E+01     -0.1280426581384248E+03
  0.80000000E+01     -0.1291407613340137E+03
  0.90000000E+01     -0.1303216460318653E+03
  0.10000000E+02     -0.1315728928718038E+03
  0.11000000E+02     -0.1328841629062470E+03
  0.12000000E+02     -0.1342469740386964E+03
  0.13000000E+02     -0.1356544397739880E+03
  0.14000000E+02     -0.1371002792838860E+03
  0.15000000E+02     -0.1385793203152917E+03
  0.16000000E+02     -0.1400871577970280E+03
  0.17000000E+02     -0.1416195562783707E+03
  0.18000000E+02     -0.1431724921869953E+03
  0.19000000E+02     -0.1447423937354294E+03
  0.20000000E+02     -0.1463267745018470E+03
  0.21000000E+02     -0.1479226610435951E+03
  0.22000000E+02     -0.1495273621108977E+03
  0.23000000E+02     -0.1511386344600599E+03
  0.24000000E+02     -0.1527541040971974E+03
  0.25000000E+02     -0.1543711601459508E+03
  0.26000000E+02     -0.1559875775112179E+03
  0.27000000E+02     -0.1576018376835177E+03
  0.28000000E+02     -0.1592112965042403E+03
  0.29000000E+02     -0.1608146658823864E+03
  0.30000000E+02     -0.1624092803827695E+03
  0.31000000E+02     -0.1639946993516925E+03
  0.32000000E+02     -0.1655681002239920E+03
  0.33000000E+02     -0.1671277144596315E+03
  0.34000000E+02     -0.1686715339105957E+03
  0.35000000E+02     -0.1701986395814965E+03
  0.36000000E+02     -0.1717078745179527E+03
  0.37000000E+02     -0.1731981836196921E+03
  0.38000000E+02     -0.1746681528264753E+03
  0.39000000E+02     -0.1761174569867770E+03
  0.40000000E+02     -0.1775451065550095E+03
  0.41000000E+02     -0.1789512744468699E+03
  0.42000000E+02     -0.1803360725283945E+03
  0.43000000E+02     -0.1816993035360507E+03
  0.44000000E+02     -0.1830414154524897E+03
  0.45000000E+02     -0.1843632175664664E+03
  0.46000000E+02     -0.1856646470962781E+03
  0.47000000E+02     -0.1869463618565688E+03
  0.48000000E+02     -0.1882091581335304E+03
  0.49000000E+02     -0.1894534600203887E+03
  0.50000000E+02     -0.1906806150240113E+03
  0.51000000E+02     -0.1918902387111027E+03
  0.52000000E+02     -0.1930834852671057E+03
  0.53000000E+02     -0.1942605234160141E+03
  0.54000000E+02     -0.1954216189562297E+03
  0.55000000E+02     -0.1965677578274538E+03
  0.56000000E+02     -0.1976985504716040E+03
  0.57000000E+02     -0.1988147546455968E+03
  0.58000000E+02     -0.1999168526251557E+03
  0.59000000E+02     -0.2010042311901027E+03
  0.60000000E+02     -0.2020780383488063E+03
  0.61000000E+02     -0.2031377834405979E+03
  0.62000000E+02     -0.2041832614896891E+03
  0.63000000E+02     -0.2052160829005731E+03
  0.64000000E+02     -0.2062345344024325E+03
  0.65000000E+02     -0.2072399627292614E+03
  0.66000000E+02     -0.2082318167819310E+03
  0.67000000E+02     -0.2092099805610053E+03
  0.68000000E+02     -0.2101742528742795E+03
  0.69000000E+02     -0.2111254626534138E+03
  0.70000000E+02     -0.2120627677602189E+03
  0.71000000E+02     -0.2129865423127321E+03
  0.72000000E+02     -0.2138976115898847E+03
  0.73000000E+02     -0.2147944719385716E+03
  0.74000000E+02     -0.2156775291045334E+03
  0.75000000E+02     -0.2165472131389950E+03
  0.76000000E+02     -0.2174040001861206E+03
  0.77000000E+02     -0.2182475356437618E+03
  0.78000000E+02     -0.2190781038483576E+03
  0.79000000E+02     -0.2198954682814252E+03
  0.80000000E+02     -0.2206999475422479E+03
  0.81000000E+02     -0.2214919063542186E+03
  0.82000000E+02     -0.2222711465691197E+03
  0.83000000E+02     -0.2230384285193250E+03
  0.84000000E+02     -0.2237929387079539E+03
  0.85000000E+02     -0.2245356920876674E+03
  0.86000000E+02     -0.2252665642082060E+03
  0.87000000E+02     -0.2259869074487197E+03
  0.88000000E+02     -0.2266952035958598E+03
  0.89000000E+02     -0.2273931285778932E+03
  0.90000000E+02     -0.2280806036850186E+03
  0.91000000E+02     -0.2287583069321787E+03
  0.92000000E+02     -0.2294249383874506E+03
  0.93000000E+02     -0.2300818084525230E+03
  0.94000000E+02     -0.2307280035157302E+03
  0.95000000E+02     -0.2313645478299075E+03
  0.96000000E+02     -0.2319920565936266E+03
  0.97000000E+02     -0.2326095872310615E+03
  0.98000000E+02     -0.2332183857127589E+03
  0.99000000E+02     -0.2338172626911068E+03
  0.10000000E+03     -0.2344078986265890E+03
  0.10100000E+03     -0.2349889901154743E+03
  0.10200000E+03     -0.2355615664373898E+03
  0.10300000E+03     -0.2361248843996316E+03
  0.10400000E+03     -0.2366803926210661E+03
  0.10500000E+03     -0.2372271666614881E+03
  0.10600000E+03     -0.2377648221337231E+03
  0.10700000E+03     -0.2382924504306540E+03
  0.10800000E+03     -0.2388118169030258E+03
  0.10900000E+03     -0.2393213982596484E+03
  0.11000000E+03     -0.2398232190993278E+03
  0.11100000E+03     -0.2403160728235689E+03
  0.11200000E+03     -0.2407986374362166E+03
  0.11300000E+03     -0.2412723238588111E+03
  0.11400000E+03     -0.2417376175661286E+03
  0.11500000E+03     -0.2421926313300083E+03
  0.11600000E+03     -0.2426388276726778E+03
  0.11700000E+03     -0.2430757409535102E+03
  0.11800000E+03     -0.2435029363667682E+03
  0.11900000E+03     -0.2439189956429362E+03
  0.12000000E+03     -0.2443255542841200E+03
  0.12100000E+03     -0.2447212570060224E+03
  0.12200000E+03     -0.2451074300110569E+03
  0.12300000E+03     -0.2454826356357043E+03
  0.12400000E+03     -0.2458460607770199E+03
  0.12500000E+03     -0.2461988195040563E+03
  0.12600000E+03     -0.2465396893534087E+03
  0.12700000E+03     -0.2468696113410751E+03
  0.12800000E+03     -0.2471875854593914E+03
  0.12900000E+03     -0.2474937664132814E+03
  0.13000000E+03     -0.2477866257016094E+03
  0.13100000E+03     -0.2480668030847681E+03
  0.13200000E+03     -0.2483343588375876E+03
  0.13300000E+03     -0.2485897904608744E+03
  0.13400000E+03     -0.2488302771071730E+03
  0.13500000E+03     -0.2490575691228131E+03
  0.13600000E+03     -0.2492708462638572E+03
  0.13700000E+03     -0.2494702552738876E+03
  0.13800000E+03     -0.2496545957321290E+03
  0.13900000E+03     -0.2498249556645225E+03
  0.14000000E+03     -0.2499796667512948E+03
  0.14100000E+03     -0.2501203386460682E+03
  0.14200000E+03     -0.2502456810889721E+03
  0.14300000E+03     -0.2503564562754091E+03
  0.14400000E+03     -0.2504525499411306E+03
  0.14500000E+03     -0.2505334132085412E+03
  0.14600000E+03     -0.2506007431003658E+03
  0.14700000E+03     -0.2506530659247079E+03
  0.14800000E+03     -0.2506916231005445E+03
  0.14900000E+03     -0.2507174261344454E+03
  0.15000000E+03     -0.2507295129147976E+03
  0.15100000E+03     -0.2507295305369233E+03
  0.15200000E+03     -0.2507175569869616E+03
  0.15300000E+03     -0.2506939271257582E+03
  0.15400000E+03     -0.2506609682400710E+03
  0.15500000E+03     -0.2506161326500318E+03
  0.15600000E+03     -0.2505621186033794E+03
  0.15700000E+03     -0.2504986489513393E+03
  0.15800000E+03     -0.2504268245285336E+03
  0.15900000E+03     -0.2503468554412056E+03
  0.16000000E+03     -0.2502592640247503E+03
  0.16100000E+03     -0.2501633529328804E+03
  0.16200000E+03     -0.2500609381537188E+03
  0.16300000E+03     -0.2499522232277166E+03
  0.16400000E+03     -0.2498367454198401E+03
  0.16500000E+03     -0.2497134416407507E+03
  0.16600000E+03     -0.2495850620056556E+03
  0.16700000E+03     -0.2494509930934990E+03
  0.16800000E+03     -0.2493106566603549E+03
  0.16900000E+03     -0.2491664350372275E+03
  0.17000000E+03     -0.2490187714799821E+03
  0.17100000E+03     -0.2488653535261096E+03
  0.17200000E+03     -0.2487075906387446E+03
  0.17300000E+03     -0.2485446693469923E+03
  0.17400000E+03     -0.2483766026015632E+03
  0.17500000E+03     -0.2482042898766058E+03
  0.17600000E+03     -0.2480280253578383E+03
  0.17700000E+03     -0.2478492048816498E+03
  0.17800000E+03     -0.2476653101921471E+03
  0.17900000E+03     -0.2474771894854019E+03
  0.18000000E+03     -0.2472849234512294E+03
  0.18100000E+03     -0.2470908664860075E+03
  0.18200000E+03     -0.2468920116704796E+03
  0.18300000E+03     -0.2466896206445858E+03
  0.18400000E+03     -0.2464842751144259E+03
  0.18500000E+03     -0.2462754298580472E+03
  0.18600000E+03     -0.2460629369182386E+03
  0.18700000E+03     -0.2458456418607988E+03
  0.18800000E+03     -0.2456259232904648E+03
  0.18900000E+03     -0.2454025299798304E+03
  0.19000000E+03     -0.2451769049670277E+03
  0.19100000E+03     -0.2449478202267205E+03
  0.19200000E+03     -0.2447148682102458E+03
  0.19300000E+03     -0.2444778199350052E+03
  0.19400000E+03     -0.2442390284788172E+03
  0.19500000E+03     -0.2439971724756652E+03
  0.19600000E+03     -0.2437514374738429E+03
  0.19700000E+03     -0.2435037608739375E+03
  0.19800000E+03     -0.2432525960748581E+03
  0.19900000E+03     -0.2429978555228677E+03
  0.20000000E+03     -0.2427399828184760E+03
  0.20100000E+03     -0.2424777866040771E+03
  0.20200000E+03     -0.2422133124300146E+03
  0.20300000E+03     -0.2419457221612166E+03
  0.20400000E+03     -0.2416742751288766E+03
  0.20500000E+03     -0.2414005406875144E+03
  0.20600000E+03     -0.2411236773355860E+03
  0.20700000E+03     -0.2408429338004204E+03
  0.20800000E+03     -0.2405576900952790E+03
  0.20900000E+03     -0.2402694868535186E+03
  0.21000000E+03     -0.2399774891418766E+03
  0.21100000E+03     -0.2396817045922324E+03
  0.21200000E+03     -0.2393829802371056E+03
  0.21300000E+03     -0.2390801803051887E+03
  0.21400000E+03     -0.2387743104797079E+03
  0.21500000E+03     -0.2384640553701881E+03
  0.21600000E+03     -0.2381496567618007E+03
  0.21700000E+03     -0.2378325409671367E+03
  0.21800000E+03     -0.2375102438124703E+03
  0.21900000E+03     -0.2371839425636961E+03
  0.22000000E+03     -0.2368525329827548E+03
  0.22100000E+03     -0.2365165725843641E+03
  0.22200000E+03     -0.2361759869638741E+03
  0.22300000E+03     -0.2358301018205961E+03
  0.22400000E+03     -0.2354785564342883E+03
  0.22500000E+03     -0.2351202933859986E+03
  0.22600000E+03     -0.2347566858935787E+03
  0.22700000E+03     -0.2343869704666369E+03
  0.22800000E+03     -0.2340107240325870E+03
  0.22900000E+03     -0.2336262350224508E+03
  0.23000000E+03     -0.2332337358518673E+03
  0.23100000E+03     -0.2328327411976876E+03
  0.23200000E+03     -0.2324226467759730E+03
  0.23300000E+03     -0.2320032387050779E+03
  0.23400000E+03     -0.2315726995136635E+03
  0.23500000E+03     -0.2311309670975522E+03
  0.23600000E+03     -0.2306779936882536E+03
  0.23700000E+03     -0.2302118234928891E+03
  0.23800000E+03     -0.2297332862403063E+03
  0.23900000E+03     -0.2292406809448056E+03
  0.24000000E+03     -0.2287340306774906E+03
  0.24100000E+03     -0.2282122859301423E+03
  0.24200000E+03     -0.2276763219992767E+03
  0.24300000E+03     -0.2271248378001345E+03
  0.24400000E+03     -0.2265579445585404E+03
  0.24500000E+03     -0.2259754151934444E+03
  0.24600000E+03     -0.2253770902654170E+03
  0.24700000E+03     -0.2247631721877073E+03
  0.24800000E+03     -0.2241339772659748E+03
  0.24900000E+03     -0.2234903130584015E+03
  0.25000000E+03     -0.2228314438841311E+03
  0.25100000E+03     -0.2221585758913096E+03
  0.25200000E+03     -0.2214715011629217E+03
  0.25300000E+03     -0.2207704215205707E+03
  0.25400000E+03     -0.2200553108669231E+03
  0.25500000E+03     -0.2193283102344315E+03
  0.25600000E+03     -0.2185880967620719E+03
  0.25700000E+03     -0.2178368955654570E+03
  0.25800000E+03     -0.2170724960886276E+03
  0.25900000E+03     -0.2162969149549660E+03
  0.26000000E+03     -0.2155097764198764E+03
  0.26100000E+03     -0.2147112431825121E+03
  0.26200000E+03     -0.2139019983449551E+03
  0.26300000E+03     -0.2130827791259965E+03
  0.26400000E+03     -0.2122535507217135E+03
  0.26500000E+03     -0.2114140870542461E+03
  0.26600000E+03     -0.2105640867651242E+03
  0.26700000E+03     -0.2097048305513876E+03
  0.26800000E+03     -0.2088361827816547E+03
  0.26900000E+03     -0.2079576621510435E+03
  0.27000000E+03     -0.2070706302668123E+03
  0.27100000E+03     -0.2061746957275965E+03
  0.27200000E+03     -0.2052684938964411E+03
  0.27300000E+03     -0.2043537705236187E+03
  0.27400000E+03     -0.2034307005098785E+03
  0.27500000E+03     -0.2024990764312548E+03
  0.27600000E+03     -0.2015578546181340E+03
  0.27700000E+03     -0.2006078197543052E+03
  0.27800000E+03     -0.1996496484528562E+03
  0.27900000E+03     -0.1986827699051265E+03
  0.28000000E+03     -0.1977064957332271E+03
  0.28100000E+03     -0.1967220894169052E+03
  0.28200000E+03     -0.1957287930433257E+03
  0.28300000E+03     -0.1947271148379953E+03
  0.28400000E+03     -0.1937160171616119E+03
  0.28500000E+03     -0.1926963360645913E+03
  0.28600000E+03     -0.1916672866933664E+03
  0.28700000E+03     -0.1906290961055086E+03
  0.28800000E+03     -0.1895821657266737E+03
  0.28900000E+03     -0.1885255510055397E+03
  0.29000000E+03     -0.1874599108733501E+03
  0.29100000E+03     -0.1863835369714089E+03
  0.29200000E+03     -0.1852976034259557E+03
  0.29300000E+03     -0.1841999871578768E+03
  0.29400000E+03     -0.1830936455768029E+03
  0.29500000E+03     -0.1819742174796914E+03
  0.29600000E+03     -0.1808480189440186E+03
  0.29700000E+03     -0.1797099364440590E+03
  0.29800000E+03     -0.1785575464425014E+03
  0.29900000E+03     -0.1773961013149621E+03
  0.30000000E+03     -0.1762216953331759E+03
  0.30100000E+03     -0.1750346170437209E+03
  0.30200000E+03     -0.1738333880003997E+03
  0.30300000E+03     -0.1726218886516008E+03
  0.30400000E+03     -0.1713979248456226E+03
  0.30500000E+03     -0.1701596485279713E+03
  0.30600000E+03     -0.1689117314673441E+03
  0.30700000E+03     -0.1676531051452905E+03
  0.30800000E+03     -0.1663761940518965E+03
  0.30900000E+03     -0.1650896260813036E+03
  0.31000000E+03     -0.1637908014271685E+03
  0.31100000E+03     -0.1624779365580915E+03
  0.31200000E+03     -0.1611510751735301E+03
  0.31300000E+03     -0.1598127414551188E+03
  0.31400000E+03     -0.1584578441147220E+03
  0.31500000E+03     -0.1570908337039836E+03
  0.31600000E+03     -0.1557111102242291E+03
  0.31700000E+03     -0.1543151441297660E+03
  0.31800000E+03     -0.1529047693973720E+03
  0.31900000E+03     -0.1514808961190809E+03
  0.32000000E+03     -0.1500420478821107E+03
  0.32100000E+03     -0.1485887504261553E+03
  0.32200000E+03     -0.1471197246141755E+03
  0.32300000E+03     -0.1456334694968371E+03
  0.32400000E+03     -0.1441318061504294E+03
  0.32500000E+03     -0.1426129498976298E+03
  0.32600000E+03     -0.1410779494276827E+03
  0.32700000E+03     -0.1395248749420765E+03
  0.32800000E+03     -0.1379527333600795E+03
  0.32900000E+03     -0.1363644454867763E+03
  0.33000000E+03     -0.1347578679137653E+03
  0.33100000E+03     -0.1331305489633839E+03
  0.33200000E+03     -0.1314838612327493E+03
  0.33300000E+03     -0.1298167269425625E+03
  0.33400000E+03     -0.1281353214064709E+03
  0.33500000E+03     -0.1264365286668319E+03
  0.33600000E+03     -0.1247209611251091E+03
  0.33700000E+03     -0.1229923754394723E+03
  0.33800000E+03     -0.1212509553235331E+03
  0.33900000E+03     -0.1194978144058926E+03
  0.34000000E+03     -0.1177315052851162E+03
  0.34100000E+03     -0.1159589736827518E+03
  0.34200000E+03     -0.1141733052028583E+03
  0.34300000E+03     -0.1123815555665118E+03
  0.34400000E+03     -0.1105831503999490E+03
  0.34500000E+03     -0.1087815069756703E+03
  0.34600000E+03     -0.1069722508284520E+03
  0.34700000E+03     -0.1051607253315802E+03
  0.34800000E+03     -0.1033467182076635E+03
  0.34900000E+03     -0.1015311820421444E+03
  0.35000000E+03     -0.9971440264341410E+02
  0.35100000E+03     -0.9789809004114720E+02
  0.35200000E+03     -0.9608324574216424E+02
  0.35300000E+03     -0.9426841003960999E+02
  0.35400000E+03     -0.9245308393630860E+02
  0.35500000E+03     -0.9063956356569429E+02
  0.35600000E+03     -0.8883213278411012E+02
  0.35700000E+03     -0.8702535155793504E+02
  0.35800000E+03     -0.8522318769599829E+02
  0.35900000E+03     -0.8342465512004618E+02
  0.36000000E+03     -0.8163456893405673E+02
  0.36100000E+03     -0.7984606658650775E+02
  0.36200000E+03     -0.7806823282043078E+02
  0.36300000E+03     -0.7629401979745613E+02
  0.36400000E+03     -0.7452649007490129E+02
  0.36500000E+03     -0.7277082891719556E+02
  0.36600000E+03     -0.7102418928110080E+02
  0.36700000E+03     -0.6928655173796385E+02
  0.36800000E+03     -0.6755149614390112E+02
  0.36900000E+03     -0.6583178712453773E+02
  0.37000000E+03     -0.6412522610067580E+02
  0.37100000E+03     -0.6242811945396146E+02
  0.37200000E+03     -0.6074636546351285E+02
  0.37300000E+03     -0.5907026970237489E+02
  0.37400000E+03     -0.5741049706062738E+02
  0.37500000E+03     -0.5576115630194883E+02
  0.37600000E+03     -0.5412715544252652E+02
  0.37700000E+03     -0.5250525961775543E+02
  0.37800000E+03     -0.5090485894664866E+02
  0.37900000E+03     -0.4931293288097081E+02
  0.38000000E+03     -0.4774277339847538E+02
  0.38100000E+03     -0.4618536549676786E+02
  0.38200000E+03     -0.4464691576049115E+02
  0.38300000E+03     -0.4312250938946882E+02
  0.38400000E+03     -0.4161510387137329E+02
  0.38500000E+03     -0.4013221409361707E+02
  0.38600000E+03     -0.3866998858825930E+02
  0.38700000E+03     -0.3722902115393300E+02
  0.38800000E+03     -0.3579953069629873E+02
  0.38900000E+03     -0.3439508610410093E+02
  0.39000000E+03     -0.3300467946754029E+02
  0.39100000E+03     -0.3164313617409057E+02
  0.39200000E+03     -0.3031666905199138E+02
  0.39300000E+03     -0.2900028351460493E+02
  0.39400000E+03     -0.2770880475598530E+02
  0.39500000E+03     -0.2644523030418615E+02
  0.39600000E+03     -0.2519940473145355E+02
  0.39700000E+03     -0.2398802135235962E+02
  0.39800000E+03     -0.2279845902208363E+02
  0.39900000E+03     -0.2162963797949982E+02
  0.40000000E+03     -0.2050207849629209E+02
  0.40100000E+03     -0.1940278357787092E+02
  0.40200000E+03     -0.1832024738288113E+02
  0.40300000E+03     -0.1726266991451128E+02
  0.40400000E+03     -0.1623596233393577E+02
  0.40500000E+03     -0.1525439859537968E+02
  0.40600000E+03     -0.1429933550773507E+02
  0.40700000E+03     -0.1337228968934261E+02
  0.40800000E+03     -0.1248699194799950E+02
  0.40900000E+03     -0.1162145454182937E+02
  0.41000000E+03     -0.1080644142985454E+02
  0.41100000E+03     -0.1002136286192128E+02
  0.41200000E+03     -0.9256030443052296E+01
  0.41300000E+03     -0.8529140815709894E+01
  0.41400000E+03     -0.7843065115601377E+01
  0.41500000E+03     -0.7191904064706208E+01
  0.41600000E+03     -0.6581129987506642E+01
  0.41700000E+03     -0.6011296899750448E+01
  0.41800000E+03     -0.5497306925675204E+01
  0.41900000E+03     -0.4999278404692703E+01
  0.42000000E+03     -0.4549216981176841E+01
  0.42100000E+03     -0.4145456878028966E+01
  0.42200000E+03     -0.3775397206633344E+01
  0.42300000E+03     -0.3452954132764404E+01
  0.42400000E+03     -0.3173754655089369E+01
  0.42500000E+03     -0.2931107598540450E+01
  0.42600000E+03     -0.2738716864935370E+01
  0.42700000E+03     -0.2590132651288159E+01
  0.42800000E+03     -0.2497175788175625E+01
  0.42900000E+03     -0.2443860192277669E+01
  0.43000000E+03     -0.2440689057615174E+01
  0.43100000E+03     -0.2478736437830378E+01
  0.43200000E+03     -0.2575509684273826E+01
  0.43300000E+03     -0.2725974826563416E+01
  0.43400000E+03     -0.2926448673714163E+01
  0.43500000E+03     -0.3163792244562729E+01
  0.43600000E+03     -0.3449614963033071E+01
  0.43700000E+03     -0.3799551288362338E+01
  0.43800000E+03     -0.4210832728386592E+01
  0.43900000E+03     -0.4667564717094891E+01
  0.44000000E+03     -0.5180004056969736E+01
  0.44100000E+03     -0.5755731161248519E+01
  0.44200000E+03     -0.6376145648529501E+01
  0.44300000E+03     -0.7067795575022700E+01
  0.44400000E+03     -0.7814732370698806E+01
  0.44500000E+03     -0.8616216125985900E+01
  0.44600000E+03     -0.9475906723686251E+01
  0.44700000E+03     -0.1040570605701738E+02
  0.44800000E+03     -0.1138343222897659E+02
  0.44900000E+03     -0.1243626743749742E+02
  0.45000000E+03     -0.1355169482158607E+02
  0.45100000E+03     -0.1476116495816198E+02
  0.45200000E+03     -0.1600153814059276E+02
  0.45300000E+03     -0.1731009190950279E+02
  0.45400000E+03     -0.1871706482336656E+02
  0.45500000E+03     -0.2019254917908358E+02
  0.45600000E+03     -0.2172295287524781E+02
  0.45700000E+03     -0.2329696060698708E+02
  0.45800000E+03     -0.2496390666099200E+02
  0.45900000E+03     -0.2668652074375325E+02
  0.46000000E+03     -0.2849496367279755E+02
  0.46100000E+03     -0.3038218035004009E+02
  0.46200000E+03     -0.3235211954630495E+02
  0.46300000E+03     -0.3436108586668838E+02
  0.46400000E+03     -0.3645963337763132E+02
  0.46500000E+03     -0.3865523943431229E+02
  0.46600000E+03     -0.4092471503370153E+02
  0.46700000E+03     -0.4330438999493752E+02
  0.46800000E+03     -0.4573585973334714E+02
  0.46900000E+03     -0.4822791777599026E+02
  0.47000000E+03     -0.5078278099540506E+02
  0.47100000E+03     -0.5343466518734641E+02
  0.47200000E+03     -0.5621775424004822E+02
  0.47300000E+03     -0.5905709282390164E+02
  0.47400000E+03     -0.6199255260541219E+02
  0.47500000E+03     -0.6502014099095342E+02
  0.47600000E+03     -0.6810372274111235E+02
  0.47700000E+03     -0.7127989850186454E+02
  0.47800000E+03     -0.7453710800258709E+02
  0.47900000E+03     -0.7788679414613321E+02
  0.48000000E+03     -0.8136745587643745E+02
  0.48100000E+03     -0.8492503570030622E+02
  0.48200000E+03     -0.8857957628021302E+02
  0.48300000E+03     -0.9230805242486935E+02
  0.48400000E+03     -0.9613618510124780E+02
  0.48500000E+03     -0.1000703291459095E+03
  0.48600000E+03     -0.1041274168747660E+03
  0.48700000E+03     -0.1082538294336277E+03
  0.48800000E+03     -0.1125071710567834E+03
  0.48900000E+03     -0.1168224352120219E+03
  0.49000000E+03     -0.1211738686808441E+03
  0.49100000E+03     -0.1257059161976846E+03
  0.49200000E+03     -0.1298471701333166E+03
  0.49300000E+03     -0.1328424159060067E+03
  0.49400000E+03     -0.1357347350602093E+03
  0.49500000E+03     -0.1377468027332363E+03
  0.49600000E+03     -0.1396913811537561E+03
  0.49700000E+03     -0.1432607885564160E+03
  0.49800000E+03     -0.1485066783673243E+03
  0.49900000E+03     -0.1515131930489223E+03
  0.50000000E+03     -0.1525375749004034E+03
  0.50100000E+03     -0.1559227783595571E+03
  0.50200000E+03     -0.1614766254412191E+03
  0.50300000E+03     -0.1653243583752247E+03
  0.50400000E+03     -0.1665964986576395E+03
  0.50500000E+03     -0.1676628966982573E+03
  0.50600000E+03     -0.1688159800404671E+03
  0.50700000E+03     -0.1701021527380311E+03
  0.50800000E+03     -0.1713104609812700E+03
  0.50900000E+03     -0.1728785709725762E+03
  0.51000000E+03     -0.1745468552995871E+03
