  0.00000000E+00     -0.1211869491318584E+02
  0.10000000E+01     -0.9979665119352815E+01
  0.20000000E+01     -0.8511316137724750E+01
  0.30000000E+01     -0.7426070380738077E+01
  0.40000000E+01     -0.6606042376511295E+01
  0.50000000E+01     -0.5986781077020598E+01
  0.60000000E+01     -0.5527489618136386E+01
  0.70000000E+01     -0.5199892241933490E+01
  0.80000000E+01     -0.4983478862449143E+01
  0.90000000E+01     -0.4862567528934093E+01
  0.10000000E+02     -0.4824686371815648E+01
  0.11000000E+02     -0.4859837974884766E+01
  0.12000000E+02     -0.4959823849955217E+01
  0.13000000E+02     -0.5117613749161244E+01
  0.14000000E+02     -0.5327435474432139E+01
  0.15000000E+02     -0.5584186339166497E+01
  0.16000000E+02     -0.5883244526371743E+01
  0.17000000E+02     -0.6220763780060629E+01
  0.18000000E+02     -0.6593336586308247E+01
  0.19000000E+02     -0.6997957554416056E+01
  0.20000000E+02     -0.7431976616138202E+01
  0.21000000E+02     -0.7892863913875109E+01
  0.22000000E+02     -0.8378141445333961E+01
  0.23000000E+02     -0.8885972487833842E+01
  0.24000000E+02     -0.9414279778556354E+01
  0.25000000E+02     -0.9961756066531736E+01
  0.26000000E+02     -0.1052667847639544E+02
  0.27000000E+02     -0.1110720520199613E+02
  0.28000000E+02     -0.1170220918997531E+02
  0.29000000E+02     -0.1231063968287032E+02
  0.30000000E+02     -0.1293132739363111E+02
  0.31000000E+02     -0.1356303814321322E+02
  0.32000000E+02     -0.1420485154160584E+02
  0.33000000E+02     -0.1485580191126347E+02
  0.34000000E+02     -0.1551490777501847E+02
  0.35000000E+02     -0.1618139321064396E+02
  0.36000000E+02     -0.1685446394129178E+02
  0.37000000E+02     -0.1753336834799989E+02
  0.38000000E+02     -0.1821755470688804E+02
  0.39000000E+02     -0.1890621709582416E+02
  0.40000000E+02     -0.1959867927376852E+02
  0.41000000E+02     -0.2029448295940960E+02
  0.42000000E+02     -0.2099304566841206E+02
  0.43000000E+02     -0.2169390734425211E+02
  0.44000000E+02     -0.2239623331334779E+02
  0.45000000E+02     -0.2309982338291211E+02
  0.46000000E+02     -0.2380418802399328E+02
  0.47000000E+02     -0.2450883244955882E+02
  0.48000000E+02     -0.2521355354750590E+02
  0.49000000E+02     -0.2591775661577620E+02
  0.50000000E+02     -0.2662113518238686E+02
  0.51000000E+02     -0.2732357831913175E+02
  0.52000000E+02     -0.2802457805552644E+02
  0.53000000E+02     -0.2872360287944308E+02
  0.54000000E+02     -0.2942063986872382E+02
  0.55000000E+02     -0.3011513398105228E+02
  0.56000000E+02     -0.3080704747910842E+02
  0.57000000E+02     -0.3149618916287233E+02
  0.58000000E+02     -0.3218194743591845E+02
  0.59000000E+02     -0.3286424474386158E+02
  0.60000000E+02     -0.3354316303959526E+02
  0.61000000E+02     -0.3421811103601858E+02
  0.62000000E+02     -0.3488918683505279E+02
  0.63000000E+02     -0.3555594485369891E+02
  0.64000000E+02     -0.3621845086644776E+02
  0.65000000E+02     -0.3687667862413381E+02
  0.66000000E+02     -0.3753021817403549E+02
  0.67000000E+02     -0.3817916433162173E+02
  0.68000000E+02     -0.3882289942931832E+02
  0.69000000E+02     -0.3946159918120271E+02
  0.70000000E+02     -0.4009494868358934E+02
  0.71000000E+02     -0.4072314385088971E+02
  0.72000000E+02     -0.4134588271290732E+02
  0.73000000E+02     -0.4196336164794572E+02
  0.74000000E+02     -0.4257535773558239E+02
  0.75000000E+02     -0.4318183328878062E+02
  0.76000000E+02     -0.4378209316243160E+02
  0.77000000E+02     -0.4437704719181476E+02
  0.78000000E+02     -0.4496601668263030E+02
  0.79000000E+02     -0.4554912260426600E+02
  0.80000000E+02     -0.4612629755195632E+02
  0.81000000E+02     -0.4669738344807003E+02
  0.82000000E+02     -0.4726246445253464E+02
  0.83000000E+02     -0.4782147078362183E+02
  0.84000000E+02     -0.4837478639749279E+02
  0.85000000E+02     -0.4892196756339123E+02
  0.86000000E+02     -0.4946281338612645E+02
  0.87000000E+02     -0.4999756646466333E+02
  0.88000000E+02     -0.5052653624244812E+02
  0.89000000E+02     -0.5104909103803224E+02
  0.90000000E+02     -0.5156552908019489E+02
  0.91000000E+02     -0.5207602427038803E+02
  0.92000000E+02     -0.5258027422848080E+02
  0.93000000E+02     -0.5307836155520233E+02
  0.94000000E+02     -0.5357016105390426E+02
  0.95000000E+02     -0.5405561926304710E+02
  0.96000000E+02     -0.5453506347444667E+02
  0.97000000E+02     -0.5500838424738993E+02
  0.98000000E+02     -0.5547554999809780E+02
  0.99000000E+02     -0.5593635228118719E+02
  0.10000000E+03     -0.5639103068187020E+02
  0.10100000E+03     -0.5683957085493552E+02
  0.10200000E+03     -0.5728209775488542E+02
  0.10300000E+03     -0.5771872719265931E+02
  0.10400000E+03     -0.5814917166129683E+02
  0.10500000E+03     -0.5857340454813325E+02
  0.10600000E+03     -0.5899201962982990E+02
  0.10700000E+03     -0.5940391833716891E+02
  0.10800000E+03     -0.5981004455834323E+02
  0.10900000E+03     -0.6021012254137226E+02
  0.11000000E+03     -0.6060404542145243E+02
  0.11100000E+03     -0.6099214609266021E+02
  0.11200000E+03     -0.6137420462787762E+02
  0.11300000E+03     -0.6175048808361996E+02
  0.11400000E+03     -0.6212080912381527E+02
  0.11500000E+03     -0.6248493408359558E+02
  0.11600000E+03     -0.6284311055988508E+02
  0.11700000E+03     -0.6319530552784024E+02
  0.11800000E+03     -0.6354181772700132E+02
  0.11900000E+03     -0.6388244692098288E+02
  0.12000000E+03     -0.6421695406919031E+02
  0.12100000E+03     -0.6454592222974401E+02
  0.12200000E+03     -0.6486916055617988E+02
  0.12300000E+03     -0.6518618246881773E+02
  0.12400000E+03     -0.6549728398009034E+02
  0.12500000E+03     -0.6580263722442378E+02
  0.12600000E+03     -0.6610249324644094E+02
  0.12700000E+03     -0.6639627577663984E+02
  0.12800000E+03     -0.6668443163290122E+02
  0.12900000E+03     -0.6696659350064120E+02
  0.13000000E+03     -0.6724259347431587E+02
  0.13100000E+03     -0.6751298873084205E+02
  0.13200000E+03     -0.6777742957145429E+02
  0.13300000E+03     -0.6803633868011266E+02
  0.13400000E+03     -0.6828957870952047E+02
  0.13500000E+03     -0.6853741176756981E+02
  0.13600000E+03     -0.6877961360863287E+02
  0.13700000E+03     -0.6901558251217698E+02
  0.13800000E+03     -0.6924602853251250E+02
  0.13900000E+03     -0.6947073314001176E+02
  0.14000000E+03     -0.6968966638415085E+02
  0.14100000E+03     -0.6990330943286953E+02
  0.14200000E+03     -0.7011109288254559E+02
  0.14300000E+03     -0.7031331417737496E+02
  0.14400000E+03     -0.7050961252886538E+02
  0.14500000E+03     -0.7070101807463979E+02
  0.14600000E+03     -0.7088654353973870E+02
  0.14700000E+03     -0.7106637345524049E+02
  0.14800000E+03     -0.7124058826065183E+02
  0.14900000E+03     -0.7140941392910871E+02
  0.15000000E+03     -0.7157269930621187E+02
  0.15100000E+03     -0.7173068243024363E+02
  0.15200000E+03     -0.7188283288773415E+02
  0.15300000E+03     -0.7202963924314825E+02
  0.15400000E+03     -0.7217089411953351E+02
  0.15500000E+03     -0.7230691850558108E+02
  0.15600000E+03     -0.7243741097710749E+02
  0.15700000E+03     -0.7256259128350572E+02
  0.15800000E+03     -0.7268231555887486E+02
  0.15900000E+03     -0.7279657648216920E+02
  0.16000000E+03     -0.7290585358504013E+02
  0.16100000E+03     -0.7300939228301660E+02
  0.16200000E+03     -0.7310766902416978E+02
  0.16300000E+03     -0.7320048749649924E+02
  0.16400000E+03     -0.7328797558390464E+02
  0.16500000E+03     -0.7337036270006588E+02
  0.16600000E+03     -0.7344747039286743E+02
  0.16700000E+03     -0.7351943673954176E+02
  0.16800000E+03     -0.7358616690248007E+02
  0.16900000E+03     -0.7364770152319187E+02
  0.17000000E+03     -0.7370412556287199E+02
  0.17100000E+03     -0.7375513199345511E+02
  0.17200000E+03     -0.7380096404815980E+02
  0.17300000E+03     -0.7384146841852285E+02
  0.17400000E+03     -0.7387686371880346E+02
  0.17500000E+03     -0.7390700433104922E+02
  0.17600000E+03     -0.7393193007366376E+02
  0.17700000E+03     -0.7395174385211885E+02
  0.17800000E+03     -0.7396640040199928E+02
  0.17900000E+03     -0.7397576363201061E+02
  0.18000000E+03     -0.7397951603021438E+02
  0.18100000E+03     -0.7397828626569057E+02
  0.18200000E+03     -0.7397185529095817E+02
  0.18300000E+03     -0.7396004972828990E+02
  0.18400000E+03     -0.7394323226925727E+02
  0.18500000E+03     -0.7392131574310372E+02
  0.18600000E+03     -0.7389364573185951E+02
  0.18700000E+03     -0.7386094051692142E+02
  0.18800000E+03     -0.7382272638687860E+02
  0.18900000E+03     -0.7377945192323837E+02
  0.19000000E+03     -0.7373091800984942E+02
  0.19100000E+03     -0.7367703505140996E+02
  0.19200000E+03     -0.7361804080500664E+02
  0.19300000E+03     -0.7355373504408682E+02
  0.19400000E+03     -0.7348376375045247E+02
  0.19500000E+03     -0.7340850856309267E+02
  0.19600000E+03     -0.7332782660555506E+02
  0.19700000E+03     -0.7324176388550227E+02
  0.19800000E+03     -0.7315036686249113E+02
  0.19900000E+03     -0.7305347193279491E+02
  0.20000000E+03     -0.7295097039039683E+02
  0.20100000E+03     -0.7284337318101136E+02
  0.20200000E+03     -0.7273025022719959E+02
  0.20300000E+03     -0.7261178654668491E+02
  0.20400000E+03     -0.7248763133879375E+02
  0.20500000E+03     -0.7235800137791885E+02
  0.20600000E+03     -0.7222307581995112E+02
  0.20700000E+03     -0.7208256485621853E+02
  0.20800000E+03     -0.7193658281235618E+02
  0.20900000E+03     -0.7178510317554277E+02
  0.21000000E+03     -0.7162819907231430E+02
  0.21100000E+03     -0.7146558345813823E+02
  0.21200000E+03     -0.7129767787505661E+02
  0.21300000E+03     -0.7112390661701593E+02
  0.21400000E+03     -0.7094481858678901E+02
  0.21500000E+03     -0.7076012284591776E+02
  0.21600000E+03     -0.7056974584683158E+02
  0.21700000E+03     -0.7037386650727190E+02
  0.21800000E+03     -0.7017258839267971E+02
  0.21900000E+03     -0.6996560759871402E+02
  0.22000000E+03     -0.6975268948241626E+02
  0.22100000E+03     -0.6953405083432391E+02
  0.22200000E+03     -0.6931034280042158E+02
  0.22300000E+03     -0.6908162082831372E+02
  0.22400000E+03     -0.6884660404340866E+02
  0.22500000E+03     -0.6860528732969408E+02
  0.22600000E+03     -0.6835891505826426E+02
  0.22700000E+03     -0.6810641164842586E+02
  0.22800000E+03     -0.6784769088964445E+02
  0.22900000E+03     -0.6758376723131190E+02
  0.23000000E+03     -0.6731422835169273E+02
  0.23100000E+03     -0.6703910670451334E+02
  0.23200000E+03     -0.6675794333185380E+02
  0.23300000E+03     -0.6647192844774987E+02
  0.23400000E+03     -0.6617941170501766E+02
  0.23500000E+03     -0.6588093383483231E+02
  0.23600000E+03     -0.6557715466780954E+02
  0.23700000E+03     -0.6526688308687652E+02
  0.23800000E+03     -0.6495062572960808E+02
  0.23900000E+03     -0.6462990376841444E+02
  0.24000000E+03     -0.6430254855842362E+02
  0.24100000E+03     -0.6396988283589894E+02
  0.24200000E+03     -0.6363126014854762E+02
  0.24300000E+03     -0.6328651143893185E+02
  0.24400000E+03     -0.6293618852098660E+02
  0.24500000E+03     -0.6257924495505203E+02
  0.24600000E+03     -0.6221809488243641E+02
  0.24700000E+03     -0.6185054542297809E+02
  0.24800000E+03     -0.6147721146038462E+02
  0.24900000E+03     -0.6109805474850435E+02
  0.25000000E+03     -0.6071261999707544E+02
  0.25100000E+03     -0.6032203864932482E+02
  0.25200000E+03     -0.5992537689719378E+02
  0.25300000E+03     -0.5952361717839116E+02
  0.25400000E+03     -0.5911621606696730E+02
  0.25500000E+03     -0.5870198333231519E+02
  0.25600000E+03     -0.5828190546698453E+02
  0.25700000E+03     -0.5785665763021013E+02
  0.25800000E+03     -0.5742444339616849E+02
  0.25900000E+03     -0.5698688695091588E+02
  0.26000000E+03     -0.5654409933672699E+02
  0.26100000E+03     -0.5609511625244779E+02
  0.26200000E+03     -0.5564030343052679E+02
  0.26300000E+03     -0.5517924637333198E+02
  0.26400000E+03     -0.5471366415266777E+02
  0.26500000E+03     -0.5424393796261281E+02
  0.26600000E+03     -0.5376795219087024E+02
  0.26700000E+03     -0.5328620031163570E+02
  0.26800000E+03     -0.5279835579745492E+02
  0.26900000E+03     -0.5230564295974653E+02
  0.27000000E+03     -0.5180754495653523E+02
  0.27100000E+03     -0.5130433978244371E+02
  0.27200000E+03     -0.5079527722303035E+02
  0.27300000E+03     -0.5028236335507328E+02
  0.27400000E+03     -0.4976364442087704E+02
  0.27500000E+03     -0.4924031971314039E+02
  0.27600000E+03     -0.4871263086136837E+02
  0.27700000E+03     -0.4817979411724958E+02
  0.27800000E+03     -0.4764200610054936E+02
  0.27900000E+03     -0.4709955187276770E+02
  0.28000000E+03     -0.4655166163917810E+02
  0.28100000E+03     -0.4600076073450169E+02
  0.28200000E+03     -0.4544572175013142E+02
  0.28300000E+03     -0.4488677543238307E+02
  0.28400000E+03     -0.4432351453643830E+02
  0.28500000E+03     -0.4375607648858927E+02
  0.28600000E+03     -0.4318512523448869E+02
  0.28700000E+03     -0.4261066434418267E+02
  0.28800000E+03     -0.4203219005030824E+02
  0.28900000E+03     -0.4145123437395595E+02
  0.29000000E+03     -0.4086669477457036E+02
  0.29100000E+03     -0.4027986628826866E+02
  0.29200000E+03     -0.3968866305035403E+02
  0.29300000E+03     -0.3909596365608257E+02
  0.29400000E+03     -0.3850116255963248E+02
  0.29500000E+03     -0.3790367279412363E+02
  0.29600000E+03     -0.3730382694355142E+02
  0.29700000E+03     -0.3670166021990077E+02
  0.29800000E+03     -0.3609712610099795E+02
  0.29900000E+03     -0.3549191505217895E+02
  0.30000000E+03     -0.3488531304637903E+02
  0.30100000E+03     -0.3427583180806034E+02
  0.30200000E+03     -0.3366576489394902E+02
  0.30300000E+03     -0.3305698209797354E+02
  0.30400000E+03     -0.3244541207559872E+02
  0.30500000E+03     -0.3183344309009298E+02
  0.30600000E+03     -0.3122170793522689E+02
  0.30700000E+03     -0.3060997970019756E+02
  0.30800000E+03     -0.2999862861609191E+02
  0.30900000E+03     -0.2938883963648863E+02
  0.31000000E+03     -0.2877823142076579E+02
  0.31100000E+03     -0.2816950072082193E+02
  0.31200000E+03     -0.2755975391677724E+02
  0.31300000E+03     -0.2695263930312536E+02
  0.31400000E+03     -0.2634808572722098E+02
  0.31500000E+03     -0.2574121042408016E+02
  0.31600000E+03     -0.2513759042162511E+02
  0.31700000E+03     -0.2453679462390865E+02
  0.31800000E+03     -0.2394008732609116E+02
  0.31900000E+03     -0.2334541051567072E+02
  0.32000000E+03     -0.2275359232692287E+02
  0.32100000E+03     -0.2216422931977623E+02
  0.32200000E+03     -0.2157812222766842E+02
  0.32300000E+03     -0.2099709870424054E+02
  0.32400000E+03     -0.2041830701921521E+02
  0.32500000E+03     -0.1984354904367224E+02
  0.32600000E+03     -0.1927313857820289E+02
  0.32700000E+03     -0.1870863125188909E+02
  0.32800000E+03     -0.1815117230192691E+02
  0.32900000E+03     -0.1759965177774455E+02
  0.33000000E+03     -0.1705128117840274E+02
  0.33100000E+03     -0.1650815954348845E+02
  0.33200000E+03     -0.1597325752754776E+02
  0.33300000E+03     -0.1544421690771381E+02
  0.33400000E+03     -0.1492038269080152E+02
  0.33500000E+03     -0.1440484347768039E+02
  0.33600000E+03     -0.1389381689339651E+02
  0.33700000E+03     -0.1339121629772676E+02
  0.33800000E+03     -0.1289609012954418E+02
  0.33900000E+03     -0.1241034038992549E+02
  0.34000000E+03     -0.1193698071209383E+02
  0.34100000E+03     -0.1146928054104917E+02
  0.34200000E+03     -0.1100810653045527E+02
  0.34300000E+03     -0.1055728471759527E+02
  0.34400000E+03     -0.1011896606874857E+02
  0.34500000E+03     -0.9689381368684034E+01
  0.34600000E+03     -0.9268757333935552E+01
  0.34700000E+03     -0.8856997316746702E+01
  0.34800000E+03     -0.8461193122377844E+01
  0.34900000E+03     -0.8071201565685923E+01
  0.35000000E+03     -0.7694884700352310E+01
  0.35100000E+03     -0.7329453177559444E+01
  0.35200000E+03     -0.6975612099973020E+01
  0.35300000E+03     -0.6633935917650568E+01
  0.35400000E+03     -0.6307121841126482E+01
  0.35500000E+03     -0.5991289087817336E+01
  0.35600000E+03     -0.5687233662654248E+01
  0.35700000E+03     -0.5400377604059899E+01
  0.35800000E+03     -0.5125038842108918E+01
  0.35900000E+03     -0.4866837083762307E+01
  0.36000000E+03     -0.4619820546785886E+01
  0.36100000E+03     -0.4388222653174854E+01
  0.36200000E+03     -0.4171400487787885E+01
  0.36300000E+03     -0.3968081337122829E+01
  0.36400000E+03     -0.3790563851900401E+01
  0.36500000E+03     -0.3625854414052124E+01
  0.36600000E+03     -0.3476450900291812E+01
  0.36700000E+03     -0.3343264783498776E+01
  0.36800000E+03     -0.3229959986123125E+01
  0.36900000E+03     -0.3137221007716828E+01
  0.37000000E+03     -0.3062876695488453E+01
  0.37100000E+03     -0.3006109660577325E+01
  0.37200000E+03     -0.2964779686405925E+01
  0.37300000E+03     -0.2946939179725414E+01
  0.37400000E+03     -0.2953024579880398E+01
  0.37500000E+03     -0.2976591206903616E+01
  0.37600000E+03     -0.3018176192650229E+01
  0.37700000E+03     -0.3084872534237059E+01
  0.37800000E+03     -0.3171710562412267E+01
  0.37900000E+03     -0.3278266717730945E+01
  0.38000000E+03     -0.3412800512829884E+01
  0.38100000E+03     -0.3568728402828521E+01
  0.38200000E+03     -0.3745062392765826E+01
  0.38300000E+03     -0.3941346605276133E+01
  0.38400000E+03     -0.4170641276022769E+01
  0.38500000E+03     -0.4422823369319369E+01
  0.38600000E+03     -0.4696047570225263E+01
  0.38700000E+03     -0.4992936162121262E+01
  0.38800000E+03     -0.5321724904124812E+01
  0.38900000E+03     -0.5676218124173898E+01
  0.39000000E+03     -0.6056812116087647E+01
  0.39100000E+03     -0.6460399673440024E+01
  0.39200000E+03     -0.6897142859280988E+01
  0.39300000E+03     -0.7356628354975955E+01
  0.39400000E+03     -0.7847952493407591E+01
  0.39500000E+03     -0.8369281183605299E+01
  0.39600000E+03     -0.8918308691055067E+01
  0.39700000E+03     -0.9499821768613611E+01
  0.39800000E+03     -0.1011114696744249E+02
  0.39900000E+03     -0.1075782686808963E+02
  0.40000000E+03     -0.1143345435333637E+02
  0.40100000E+03     -0.1213910509214281E+02
  0.40200000E+03     -0.1288239560172708E+02
  0.40300000E+03     -0.1365029691865357E+02
  0.40400000E+03     -0.1445585868681281E+02
  0.40500000E+03     -0.1529451813618317E+02
  0.40600000E+03     -0.1616960928057588E+02
  0.40700000E+03     -0.1707634698312383E+02
  0.40800000E+03     -0.1801936728284278E+02
  0.40900000E+03     -0.1900594122912823E+02
  0.41000000E+03     -0.2001971410518245E+02
  0.41100000E+03     -0.2107417685110299E+02
  0.41200000E+03     -0.2216986939747087E+02
  0.41300000E+03     -0.2329326511880299E+02
  0.41400000E+03     -0.2447232996210715E+02
  0.41500000E+03     -0.2567083172900006E+02
  0.41600000E+03     -0.2691170957990867E+02
  0.41700000E+03     -0.2820065230450921E+02
  0.41800000E+03     -0.2953423989280443E+02
  0.41900000E+03     -0.3089878663586607E+02
  0.42000000E+03     -0.3231102368874056E+02
  0.42100000E+03     -0.3376144424400673E+02
  0.42200000E+03     -0.3525875297578308E+02
  0.42300000E+03     -0.3679449062212051E+02
  0.42400000E+03     -0.3837713310635717E+02
  0.42500000E+03     -0.4000830747691329E+02
  0.42600000E+03     -0.4168349174128591E+02
  0.42700000E+03     -0.4340839634307398E+02
  0.42800000E+03     -0.4516864887497665E+02
  0.42900000E+03     -0.4698121482129645E+02
  0.43000000E+03     -0.4883174374878757E+02
  0.43100000E+03     -0.5074032026729514E+02
  0.43200000E+03     -0.5270335192019045E+02
  0.43300000E+03     -0.5470659712846571E+02
  0.43400000E+03     -0.5674949878476340E+02
  0.43500000E+03     -0.5885386246873740E+02
  0.43600000E+03     -0.6101852013430814E+02
  0.43700000E+03     -0.6323466337026742E+02
  0.43800000E+03     -0.6548751413080539E+02
  0.43900000E+03     -0.6779667377792846E+02
  0.44000000E+03     -0.7016381014067689E+02
  0.44100000E+03     -0.7258047049827857E+02
  0.44200000E+03     -0.7508092032491142E+02
  0.44300000E+03     -0.7760467544411041E+02
  0.44400000E+03     -0.8021161594883232E+02
  0.44500000E+03     -0.8285483652575461E+02
  0.44600000E+03     -0.8556678374049210E+02
  0.44700000E+03     -0.8834191751447554E+02
  0.44800000E+03     -0.9116451977863154E+02
  0.44900000E+03     -0.9404694255982342E+02
  0.45000000E+03     -0.9698930046978552E+02
  0.45100000E+03     -0.9999543596234632E+02
  0.45200000E+03     -0.1030590929237568E+03
  0.45300000E+03     -0.1061903796096937E+03
  0.45400000E+03     -0.1093795568950230E+03
  0.45500000E+03     -0.1126243122067752E+03
  0.45600000E+03     -0.1159531332597832E+03
  0.45700000E+03     -0.1193309032842391E+03
  0.45800000E+03     -0.1227939492858704E+03
  0.45900000E+03     -0.1263202813867313E+03
  0.46000000E+03     -0.1299053360606849E+03
  0.46100000E+03     -0.1335489049637988E+03
  0.46200000E+03     -0.1372611772869920E+03
  0.46300000E+03     -0.1410472854679529E+03
  0.46400000E+03     -0.1449005617802265E+03
  0.46500000E+03     -0.1487988221926937E+03
  0.46600000E+03     -0.1527869129231343E+03
  0.46700000E+03     -0.1568334165294987E+03
  0.46800000E+03     -0.1609767645964857E+03
  0.46900000E+03     -0.1651771119438712E+03
  0.47000000E+03     -0.1694576848771426E+03
  0.47100000E+03     -0.1738253084397307E+03
  0.47200000E+03     -0.1782439201972090E+03
  0.47300000E+03     -0.1827614469756484E+03
  0.47400000E+03     -0.1873588812828124E+03
  0.47500000E+03     -0.1920275082734155E+03
  0.47600000E+03     -0.1968159686200803E+03
  0.47700000E+03     -0.2016588371806358E+03
  0.47800000E+03     -0.2065642127968755E+03
  0.47900000E+03     -0.2115423473469165E+03
  0.48000000E+03     -0.2166266057627907E+03
  0.48100000E+03     -0.2217731016012145E+03
  0.48200000E+03     -0.2270274118897763E+03
  0.48300000E+03     -0.2323330108761291E+03
  0.48400000E+03     -0.2377209019500328E+03
  0.48500000E+03     -0.2432310978218895E+03
  0.48600000E+03     -0.2487933834481423E+03
  0.48700000E+03     -0.2544680942667282E+03
  0.48800000E+03     -0.2602378873449000E+03
  0.48900000E+03     -0.2660938537155603E+03
  0.49000000E+03     -0.2719995558025184E+03
  0.49100000E+03     -0.2780087023218032E+03
  0.49200000E+03     -0.2841257119027767E+03
  0.49300000E+03     -0.2903324828148365E+03
  0.49400000E+03     -0.2966396487572300E+03
  0.49500000E+03     -0.3030126786132744E+03
  0.49600000E+03     -0.3095253549672945E+03
  0.49700000E+03     -0.3161073502589509E+03
  0.49800000E+03     -0.3227924228599913E+03
  0.49900000E+03     -0.3295747974901947E+03
  0.50000000E+03     -0.3364795499974731E+03
  0.50100000E+03     -0.3434873989910229E+03
  0.50200000E+03     -0.3505909298527043E+03
  0.50300000E+03     -0.3577786460326620E+03
  0.50400000E+03     -0.3650735447220502E+03
  0.50500000E+03     -0.3724536685955286E+03
  0.50600000E+03     -0.3799776201591174E+03
  0.50700000E+03     -0.3875887242840375E+03
  0.50800000E+03     -0.3952703338068381E+03
  0.50900000E+03     -0.4030874893031705E+03
  0.51000000E+03     -0.4110373019343228E+03
