    0.0000000000E+00     -0.4138761223E+01
    0.1000000000E+01     -0.4149505151E+01
    0.2000000000E+01     -0.4815562834E+01
    0.3000000000E+01     -0.5849065381E+01
    0.4000000000E+01     -0.7132201782E+01
    0.5000000000E+01     -0.8600253249E+01
    0.6000000000E+01     -0.1021215819E+02
    0.7000000000E+01     -0.1193977603E+02
    0.8000000000E+01     -0.1376243584E+02
    0.9000000000E+01     -0.1566409131E+02
    0.1000000000E+02     -0.1763181809E+02
    0.1100000000E+02     -0.1965540163E+02
    0.1200000000E+02     -0.2172641899E+02
    0.1300000000E+02     -0.2383784198E+02
    0.1400000000E+02     -0.2598323912E+02
    0.1500000000E+02     -0.2815705678E+02
    0.1600000000E+02     -0.3035440518E+02
    0.1700000000E+02     -0.3257097594E+02
    0.1800000000E+02     -0.3480273811E+02
    0.1900000000E+02     -0.3704634370E+02
    0.2000000000E+02     -0.3929818717E+02
    0.2100000000E+02     -0.4155484433E+02
    0.2200000000E+02     -0.4381293111E+02
    0.2300000000E+02     -0.4606957489E+02
    0.2400000000E+02     -0.4832198103E+02
    0.2500000000E+02     -0.5056705458E+02
    0.2600000000E+02     -0.5280195025E+02
    0.2700000000E+02     -0.5502353177E+02
    0.2800000000E+02     -0.5722894615E+02
    0.2900000000E+02     -0.5941531448E+02
    0.3000000000E+02     -0.6157989117E+02
    0.3100000000E+02     -0.6372002237E+02
    0.3200000000E+02     -0.6583403093E+02
    0.3300000000E+02     -0.6791991471E+02
    0.3400000000E+02     -0.6997649270E+02
    0.3500000000E+02     -0.7200299691E+02
    0.3600000000E+02     -0.7399960747E+02
    0.3700000000E+02     -0.7596632903E+02
    0.3800000000E+02     -0.7790407822E+02
    0.3900000000E+02     -0.7981334235E+02
    0.4000000000E+02     -0.8169561044E+02
    0.4100000000E+02     -0.8355224117E+02
    0.4200000000E+02     -0.8538456134E+02
    0.4300000000E+02     -0.8719316128E+02
    0.4400000000E+02     -0.8897972460E+02
    0.4500000000E+02     -0.9074575938E+02
    0.4600000000E+02     -0.9249152092E+02
    0.4700000000E+02     -0.9421796761E+02
    0.4800000000E+02     -0.9592604777E+02
    0.4900000000E+02     -0.9761555570E+02
    0.5000000000E+02     -0.9928802802E+02
    0.5100000000E+02     -0.1009440922E+03
    0.5200000000E+02     -0.1025835939E+03
    0.5300000000E+02     -0.1042069652E+03
    0.5400000000E+02     -0.1058145710E+03
    0.5500000000E+02     -0.1074070985E+03
    0.5600000000E+02     -0.1089850348E+03
    0.5700000000E+02     -0.1105476865E+03
    0.5800000000E+02     -0.1120950542E+03
    0.5900000000E+02     -0.1136284112E+03
    0.6000000000E+02     -0.1151466649E+03
    0.6100000000E+02     -0.1166497601E+03
    0.6200000000E+02     -0.1181385207E+03
    0.6300000000E+02     -0.1196123479E+03
    0.6400000000E+02     -0.1210713786E+03
    0.6500000000E+02     -0.1225152369E+03
    0.6600000000E+02     -0.1239438129E+03
    0.6700000000E+02     -0.1253572351E+03
    0.6800000000E+02     -0.1267548145E+03
    0.6900000000E+02     -0.1281368538E+03
    0.7000000000E+02     -0.1295034410E+03
    0.7100000000E+02     -0.1308541483E+03
    0.7200000000E+02     -0.1321887954E+03
    0.7300000000E+02     -0.1335077200E+03
    0.7400000000E+02     -0.1348107421E+03
    0.7500000000E+02     -0.1360979841E+03
    0.7600000000E+02     -0.1373695763E+03
    0.7700000000E+02     -0.1386255767E+03
    0.7800000000E+02     -0.1398655719E+03
    0.7900000000E+02     -0.1410910509E+03
    0.8000000000E+02     -0.1423018970E+03
    0.8100000000E+02     -0.1434981587E+03
    0.8200000000E+02     -0.1446804098E+03
    0.8300000000E+02     -0.1458490549E+03
    0.8400000000E+02     -0.1470046380E+03
    0.8500000000E+02     -0.1481471035E+03
    0.8600000000E+02     -0.1492769734E+03
    0.8700000000E+02     -0.1503945643E+03
    0.8800000000E+02     -0.1515003247E+03
    0.8900000000E+02     -0.1525948154E+03
    0.9000000000E+02     -0.1536774722E+03
    0.9100000000E+02     -0.1547505078E+03
    0.9200000000E+02     -0.1558124602E+03
    0.9300000000E+02     -0.1568641409E+03
    0.9400000000E+02     -0.1579056681E+03
    0.9500000000E+02     -0.1589375566E+03
    0.9600000000E+02     -0.1599598634E+03
    0.9700000000E+02     -0.1609729390E+03
    0.9800000000E+02     -0.1619761427E+03
    0.9900000000E+02     -0.1629705297E+03
    0.1000000000E+03     -0.1639559407E+03
    0.1010000000E+03     -0.1649327147E+03
    0.1020000000E+03     -0.1659002258E+03
    0.1030000000E+03     -0.1668592245E+03
    0.1040000000E+03     -0.1678094800E+03
    0.1050000000E+03     -0.1687507389E+03
    0.1060000000E+03     -0.1696837254E+03
    0.1070000000E+03     -0.1706079119E+03
    0.1080000000E+03     -0.1715231865E+03
    0.1090000000E+03     -0.1724291600E+03
    0.1100000000E+03     -0.1733268138E+03
    0.1110000000E+03     -0.1742156930E+03
    0.1120000000E+03     -0.1750950478E+03
    0.1130000000E+03     -0.1759652154E+03
    0.1140000000E+03     -0.1768260784E+03
    0.1150000000E+03     -0.1776776257E+03
    0.1160000000E+03     -0.1785191201E+03
    0.1170000000E+03     -0.1793519384E+03
    0.1180000000E+03     -0.1801735943E+03
    0.1190000000E+03     -0.1809846309E+03
    0.1200000000E+03     -0.1817850333E+03
    0.1210000000E+03     -0.1825748145E+03
    0.1220000000E+03     -0.1833532004E+03
    0.1230000000E+03     -0.1841192615E+03
    0.1240000000E+03     -0.1848736768E+03
    0.1250000000E+03     -0.1856155381E+03
    0.1260000000E+03     -0.1863440824E+03
    0.1270000000E+03     -0.1870589387E+03
    0.1280000000E+03     -0.1877597204E+03
    0.1290000000E+03     -0.1884462941E+03
    0.1300000000E+03     -0.1891180612E+03
    0.1310000000E+03     -0.1897751055E+03
    0.1320000000E+03     -0.1904163334E+03
    0.1330000000E+03     -0.1910416057E+03
    0.1340000000E+03     -0.1916506628E+03
    0.1350000000E+03     -0.1922431673E+03
    0.1360000000E+03     -0.1928183656E+03
    0.1370000000E+03     -0.1933753722E+03
    0.1380000000E+03     -0.1939141964E+03
    0.1390000000E+03     -0.1944347539E+03
    0.1400000000E+03     -0.1949365698E+03
    0.1410000000E+03     -0.1954191267E+03
    0.1420000000E+03     -0.1958829491E+03
    0.1430000000E+03     -0.1963272410E+03
    0.1440000000E+03     -0.1967514242E+03
    0.1450000000E+03     -0.1971561954E+03
    0.1460000000E+03     -0.1975418808E+03
    0.1470000000E+03     -0.1979093409E+03
    0.1480000000E+03     -0.1982599231E+03
    0.1490000000E+03     -0.1985935347E+03
    0.1500000000E+03     -0.1989113530E+03
    0.1510000000E+03     -0.1992136314E+03
    0.1520000000E+03     -0.1995016756E+03
    0.1530000000E+03     -0.1997771304E+03
    0.1540000000E+03     -0.2000405289E+03
    0.1550000000E+03     -0.2002926159E+03
    0.1560000000E+03     -0.2005342812E+03
    0.1570000000E+03     -0.2007659214E+03
    0.1580000000E+03     -0.2009882412E+03
    0.1590000000E+03     -0.2012022011E+03
    0.1600000000E+03     -0.2014077941E+03
    0.1610000000E+03     -0.2016058691E+03
    0.1620000000E+03     -0.2017968087E+03
    0.1630000000E+03     -0.2019813065E+03
    0.1640000000E+03     -0.2021591731E+03
    0.1650000000E+03     -0.2023307437E+03
    0.1660000000E+03     -0.2024971080E+03
    0.1670000000E+03     -0.2026577943E+03
    0.1680000000E+03     -0.2028135213E+03
    0.1690000000E+03     -0.2029641517E+03
    0.1700000000E+03     -0.2031097207E+03
    0.1710000000E+03     -0.2032506014E+03
    0.1720000000E+03     -0.2033863090E+03
    0.1730000000E+03     -0.2035180377E+03
    0.1740000000E+03     -0.2036451516E+03
    0.1750000000E+03     -0.2037686186E+03
    0.1760000000E+03     -0.2038873924E+03
    0.1770000000E+03     -0.2040020027E+03
    0.1780000000E+03     -0.2041128589E+03
    0.1790000000E+03     -0.2042202086E+03
    0.1800000000E+03     -0.2043231463E+03
    0.1810000000E+03     -0.2044226198E+03
    0.1820000000E+03     -0.2045183733E+03
    0.1830000000E+03     -0.2046113002E+03
    0.1840000000E+03     -0.2046999722E+03
    0.1850000000E+03     -0.2047855165E+03
    0.1860000000E+03     -0.2048672126E+03
    0.1870000000E+03     -0.2049459185E+03
    0.1880000000E+03     -0.2050215016E+03
    0.1890000000E+03     -0.2050935891E+03
    0.1900000000E+03     -0.2051626250E+03
    0.1910000000E+03     -0.2052286590E+03
    0.1920000000E+03     -0.2052916387E+03
    0.1930000000E+03     -0.2053512743E+03
    0.1940000000E+03     -0.2054077786E+03
    0.1950000000E+03     -0.2054612226E+03
    0.1960000000E+03     -0.2055118936E+03
    0.1970000000E+03     -0.2055592475E+03
    0.1980000000E+03     -0.2056034578E+03
    0.1990000000E+03     -0.2056454789E+03
    0.2000000000E+03     -0.2056841922E+03
    0.2010000000E+03     -0.2057200282E+03
    0.2020000000E+03     -0.2057527504E+03
    0.2030000000E+03     -0.2057827580E+03
    0.2040000000E+03     -0.2058101876E+03
    0.2050000000E+03     -0.2058339988E+03
    0.2060000000E+03     -0.2058558493E+03
    0.2070000000E+03     -0.2058735800E+03
    0.2080000000E+03     -0.2058891229E+03
    0.2090000000E+03     -0.2059017983E+03
    0.2100000000E+03     -0.2059115726E+03
    0.2110000000E+03     -0.2059182859E+03
    0.2120000000E+03     -0.2059214103E+03
    0.2130000000E+03     -0.2059225276E+03
    0.2140000000E+03     -0.2059200278E+03
    0.2150000000E+03     -0.2059146730E+03
    0.2160000000E+03     -0.2059062031E+03
    0.2170000000E+03     -0.2058943386E+03
    0.2180000000E+03     -0.2058794648E+03
    0.2190000000E+03     -0.2058614438E+03
    0.2200000000E+03     -0.2058398952E+03
    0.2210000000E+03     -0.2058152746E+03
    0.2220000000E+03     -0.2057872321E+03
    0.2230000000E+03     -0.2057553761E+03
    0.2240000000E+03     -0.2057202497E+03
    0.2250000000E+03     -0.2056814601E+03
    0.2260000000E+03     -0.2056388174E+03
    0.2270000000E+03     -0.2055918630E+03
    0.2280000000E+03     -0.2055408166E+03
    0.2290000000E+03     -0.2054854040E+03
    0.2300000000E+03     -0.2054254109E+03
    0.2310000000E+03     -0.2053614166E+03
    0.2320000000E+03     -0.2052913530E+03
    0.2330000000E+03     -0.2052158730E+03
    0.2340000000E+03     -0.2051352942E+03
    0.2350000000E+03     -0.2050482373E+03
    0.2360000000E+03     -0.2049543271E+03
    0.2370000000E+03     -0.2048541138E+03
    0.2380000000E+03     -0.2047463027E+03
    0.2390000000E+03     -0.2046296900E+03
    0.2400000000E+03     -0.2045041758E+03
    0.2410000000E+03     -0.2043691845E+03
    0.2420000000E+03     -0.2042232503E+03
    0.2430000000E+03     -0.2040647310E+03
    0.2440000000E+03     -0.2038917432E+03
    0.2450000000E+03     -0.2037036852E+03
    0.2460000000E+03     -0.2035004474E+03
    0.2470000000E+03     -0.2032801828E+03
    0.2480000000E+03     -0.2030442044E+03
    0.2490000000E+03     -0.2027891173E+03
    0.2500000000E+03     -0.2025142495E+03
    0.2510000000E+03     -0.2022188690E+03
    0.2520000000E+03     -0.2019016111E+03
    0.2530000000E+03     -0.2015647575E+03
    0.2540000000E+03     -0.2012070285E+03
    0.2550000000E+03     -0.2008276091E+03
    0.2560000000E+03     -0.2004281686E+03
    0.2570000000E+03     -0.2000098222E+03
    0.2580000000E+03     -0.1995725400E+03
    0.2590000000E+03     -0.1991176059E+03
    0.2600000000E+03     -0.1986437585E+03
    0.2610000000E+03     -0.1981517445E+03
    0.2620000000E+03     -0.1976451242E+03
    0.2630000000E+03     -0.1971214119E+03
    0.2640000000E+03     -0.1965833817E+03
    0.2650000000E+03     -0.1960305969E+03
    0.2660000000E+03     -0.1954649160E+03
    0.2670000000E+03     -0.1948847731E+03
    0.2680000000E+03     -0.1942903939E+03
    0.2690000000E+03     -0.1936831909E+03
    0.2700000000E+03     -0.1930651647E+03
    0.2710000000E+03     -0.1924339059E+03
    0.2720000000E+03     -0.1917923719E+03
    0.2730000000E+03     -0.1911397072E+03
    0.2740000000E+03     -0.1904763879E+03
    0.2750000000E+03     -0.1898041275E+03
    0.2760000000E+03     -0.1891220555E+03
    0.2770000000E+03     -0.1884287918E+03
    0.2780000000E+03     -0.1877259944E+03
    0.2790000000E+03     -0.1870136841E+03
    0.2800000000E+03     -0.1862939239E+03
    0.2810000000E+03     -0.1855627094E+03
    0.2820000000E+03     -0.1848242034E+03
    0.2830000000E+03     -0.1840764395E+03
    0.2840000000E+03     -0.1833209801E+03
    0.2850000000E+03     -0.1825577190E+03
    0.2860000000E+03     -0.1817849583E+03
    0.2870000000E+03     -0.1810030363E+03
    0.2880000000E+03     -0.1802115537E+03
    0.2890000000E+03     -0.1794110414E+03
    0.2900000000E+03     -0.1786043768E+03
    0.2910000000E+03     -0.1777883785E+03
    0.2920000000E+03     -0.1769630649E+03
    0.2930000000E+03     -0.1761287959E+03
    0.2940000000E+03     -0.1752864026E+03
    0.2950000000E+03     -0.1744331497E+03
    0.2960000000E+03     -0.1735712446E+03
    0.2970000000E+03     -0.1726984969E+03
    0.2980000000E+03     -0.1718163657E+03
    0.2990000000E+03     -0.1709241472E+03
    0.3000000000E+03     -0.1700212886E+03
    0.3010000000E+03     -0.1691071161E+03
    0.3020000000E+03     -0.1681822145E+03
    0.3030000000E+03     -0.1672471584E+03
    0.3040000000E+03     -0.1663011386E+03
    0.3050000000E+03     -0.1653412537E+03
    0.3060000000E+03     -0.1643708451E+03
    0.3070000000E+03     -0.1633864034E+03
    0.3080000000E+03     -0.1623879772E+03
    0.3090000000E+03     -0.1613780791E+03
    0.3100000000E+03     -0.1603514371E+03
    0.3110000000E+03     -0.1593129277E+03
    0.3120000000E+03     -0.1582596123E+03
    0.3130000000E+03     -0.1571927278E+03
    0.3140000000E+03     -0.1561112449E+03
    0.3150000000E+03     -0.1550129564E+03
    0.3160000000E+03     -0.1539005487E+03
    0.3170000000E+03     -0.1527737957E+03
    0.3180000000E+03     -0.1516304720E+03
    0.3190000000E+03     -0.1504739267E+03
    0.3200000000E+03     -0.1493020220E+03
    0.3210000000E+03     -0.1481133449E+03
    0.3220000000E+03     -0.1469113230E+03
    0.3230000000E+03     -0.1456954960E+03
    0.3240000000E+03     -0.1444650610E+03
    0.3250000000E+03     -0.1432174367E+03
    0.3260000000E+03     -0.1419585473E+03
    0.3270000000E+03     -0.1406791496E+03
    0.3280000000E+03     -0.1393868629E+03
    0.3290000000E+03     -0.1380814395E+03
    0.3300000000E+03     -0.1367588317E+03
    0.3310000000E+03     -0.1354165653E+03
    0.3320000000E+03     -0.1340617473E+03
    0.3330000000E+03     -0.1326883518E+03
    0.3340000000E+03     -0.1312951098E+03
    0.3350000000E+03     -0.1298830124E+03
    0.3360000000E+03     -0.1284530224E+03
    0.3370000000E+03     -0.1269980122E+03
    0.3380000000E+03     -0.1255203440E+03
    0.3390000000E+03     -0.1240206790E+03
    0.3400000000E+03     -0.1224947205E+03
    0.3410000000E+03     -0.1209439671E+03
    0.3420000000E+03     -0.1193665780E+03
    0.3430000000E+03     -0.1177635439E+03
    0.3440000000E+03     -0.1161303859E+03
    0.3450000000E+03     -0.1144764412E+03
    0.3460000000E+03     -0.1127992512E+03
    0.3470000000E+03     -0.1110983790E+03
    0.3480000000E+03     -0.1093837778E+03
    0.3490000000E+03     -0.1076499984E+03
    0.3500000000E+03     -0.1059030803E+03
    0.3510000000E+03     -0.1041430139E+03
    0.3520000000E+03     -0.1023736309E+03
    0.3530000000E+03     -0.1005974098E+03
    0.3540000000E+03     -0.9881098230E+02
    0.3550000000E+03     -0.9702363628E+02
    0.3560000000E+03     -0.9522610860E+02
    0.3570000000E+03     -0.9342735338E+02
    0.3580000000E+03     -0.9162765265E+02
    0.3590000000E+03     -0.8982734675E+02
    0.3600000000E+03     -0.8802665524E+02
    0.3610000000E+03     -0.8622679180E+02
    0.3620000000E+03     -0.8442874793E+02
    0.3630000000E+03     -0.8263584384E+02
    0.3640000000E+03     -0.8084108644E+02
    0.3650000000E+03     -0.7905536420E+02
    0.3660000000E+03     -0.7727529265E+02
    0.3670000000E+03     -0.7549878588E+02
    0.3680000000E+03     -0.7372871407E+02
    0.3690000000E+03     -0.7196480201E+02
    0.3700000000E+03     -0.7020874369E+02
    0.3710000000E+03     -0.6846139591E+02
    0.3720000000E+03     -0.6672126368E+02
    0.3730000000E+03     -0.6498993845E+02
    0.3740000000E+03     -0.6327642343E+02
    0.3750000000E+03     -0.6157171846E+02
    0.3760000000E+03     -0.5987765295E+02
    0.3770000000E+03     -0.5819991717E+02
    0.3780000000E+03     -0.5653047066E+02
    0.3790000000E+03     -0.5486983157E+02
    0.3800000000E+03     -0.5322560809E+02
    0.3810000000E+03     -0.5159755336E+02
    0.3820000000E+03     -0.4997971127E+02
    0.3830000000E+03     -0.4838067175E+02
    0.3840000000E+03     -0.4679717181E+02
    0.3850000000E+03     -0.4523221616E+02
    0.3860000000E+03     -0.4368334985E+02
    0.3870000000E+03     -0.4215844143E+02
    0.3880000000E+03     -0.4064230169E+02
    0.3890000000E+03     -0.3914596378E+02
    0.3900000000E+03     -0.3766351048E+02
    0.3910000000E+03     -0.3620864434E+02
    0.3920000000E+03     -0.3477561948E+02
    0.3930000000E+03     -0.3336258771E+02
    0.3940000000E+03     -0.3197804037E+02
    0.3950000000E+03     -0.3060755881E+02
    0.3960000000E+03     -0.2926944411E+02
    0.3970000000E+03     -0.2795220280E+02
    0.3980000000E+03     -0.2665989204E+02
    0.3990000000E+03     -0.2539909013E+02
    0.4000000000E+03     -0.2415428095E+02
    0.4010000000E+03     -0.2293910128E+02
    0.4020000000E+03     -0.2175618524E+02
    0.4030000000E+03     -0.2060248349E+02
    0.4040000000E+03     -0.1947835431E+02
    0.4050000000E+03     -0.1837619501E+02
    0.4060000000E+03     -0.1731282851E+02
    0.4070000000E+03     -0.1626577363E+02
    0.4080000000E+03     -0.1526338905E+02
    0.4090000000E+03     -0.1428697740E+02
    0.4100000000E+03     -0.1336240415E+02
    0.4110000000E+03     -0.1245000619E+02
    0.4120000000E+03     -0.1157799752E+02
    0.4130000000E+03     -0.1073793395E+02
    0.4140000000E+03     -0.9927763005E+01
    0.4150000000E+03     -0.9153333710E+01
    0.4160000000E+03     -0.8428936098E+01
    0.4170000000E+03     -0.7734255655E+01
    0.4180000000E+03     -0.7082850180E+01
    0.4190000000E+03     -0.6477390778E+01
    0.4200000000E+03     -0.5907460143E+01
    0.4210000000E+03     -0.5381577890E+01
    0.4220000000E+03     -0.4899794798E+01
    0.4230000000E+03     -0.4474919270E+01
    0.4240000000E+03     -0.4072609398E+01
    0.4250000000E+03     -0.3701827612E+01
    0.4260000000E+03     -0.3371945850E+01
    0.4270000000E+03     -0.3094335821E+01
    0.4280000000E+03     -0.2884445344E+01
    0.4290000000E+03     -0.2704811398E+01
    0.4300000000E+03     -0.2583248288E+01
    0.4310000000E+03     -0.2500376551E+01
    0.4320000000E+03     -0.2469881184E+01
    0.4330000000E+03     -0.2481733628E+01
    0.4340000000E+03     -0.2546310038E+01
    0.4350000000E+03     -0.2667225041E+01
    0.4360000000E+03     -0.2836226899E+01
    0.4370000000E+03     -0.3058604721E+01
    0.4380000000E+03     -0.3340497501E+01
    0.4390000000E+03     -0.3669630451E+01
    0.4400000000E+03     -0.4058160047E+01
    0.4410000000E+03     -0.4520788408E+01
    0.4420000000E+03     -0.5004561149E+01
    0.4430000000E+03     -0.5575938030E+01
    0.4440000000E+03     -0.6173619446E+01
    0.4450000000E+03     -0.6848586762E+01
    0.4460000000E+03     -0.7586852630E+01
    0.4470000000E+03     -0.8395277096E+01
    0.4480000000E+03     -0.9277895480E+01
    0.4490000000E+03     -0.1021075681E+02
    0.4500000000E+03     -0.1120048874E+02
    0.4510000000E+03     -0.1226485318E+02
    0.4520000000E+03     -0.1337474222E+02
    0.4530000000E+03     -0.1457330264E+02
    0.4540000000E+03     -0.1584513581E+02
    0.4550000000E+03     -0.1717347193E+02
    0.4560000000E+03     -0.1854607123E+02
    0.4570000000E+03     -0.2003301343E+02
    0.4580000000E+03     -0.2156671626E+02
    0.4590000000E+03     -0.2319047485E+02
    0.4600000000E+03     -0.2486072611E+02
    0.4610000000E+03     -0.2663455190E+02
    0.4620000000E+03     -0.2848569270E+02
    0.4630000000E+03     -0.3042014295E+02
    0.4640000000E+03     -0.3241344450E+02
    0.4650000000E+03     -0.3452300548E+02
    0.4660000000E+03     -0.3668488555E+02
    0.4670000000E+03     -0.3891938538E+02
    0.4680000000E+03     -0.4124690713E+02
    0.4690000000E+03     -0.4363967184E+02
    0.4700000000E+03     -0.4613430849E+02
    0.4710000000E+03     -0.4875291022E+02
    0.4720000000E+03     -0.5141211726E+02
    0.4730000000E+03     -0.5416318466E+02
    0.4740000000E+03     -0.5700656641E+02
    0.4750000000E+03     -0.5993104430E+02
    0.4760000000E+03     -0.6292227973E+02
    0.4770000000E+03     -0.6602311774E+02
    0.4780000000E+03     -0.6923411288E+02
    0.4790000000E+03     -0.7252389527E+02
    0.4800000000E+03     -0.7590449285E+02
    0.4810000000E+03     -0.7939982870E+02
    0.4820000000E+03     -0.8298395402E+02
    0.4830000000E+03     -0.8668071493E+02
    0.4840000000E+03     -0.9044073292E+02
    0.4850000000E+03     -0.9431355998E+02
    0.4860000000E+03     -0.9827755445E+02
    0.4870000000E+03     -0.1023623058E+03
    0.4880000000E+03     -0.1064718877E+03
    0.4890000000E+03     -0.1087779530E+03
    0.4900000000E+03     -0.1103831460E+03
    0.4910000000E+03     -0.1127061965E+03
    0.4920000000E+03     -0.1154266716E+03
    0.4930000000E+03     -0.1183450742E+03
    0.4940000000E+03     -0.1178667194E+03
    0.4950000000E+03     -0.1170831968E+03
    0.4960000000E+03     -0.1164749818E+03
    0.4970000000E+03     -0.1162094865E+03
    0.4980000000E+03     -0.1161928098E+03
    0.4990000000E+03     -0.1166212122E+03
    0.5000000000E+03     -0.1211696550E+03
    0.5010000000E+03     -0.1281175832E+03
    0.5020000000E+03     -0.1367714339E+03
    0.5030000000E+03     -0.1417027072E+03
    0.5040000000E+03     -0.1431035451E+03
    0.5050000000E+03     -0.1450930966E+03
    0.5060000000E+03     -0.1475606660E+03
    0.5070000000E+03     -0.1503541911E+03
    0.5080000000E+03     -0.1531954285E+03
    0.5090000000E+03     -0.1550938444E+03
    0.5100000000E+03     -0.1561006269E+03
