  0.00000000E+00     -0.4495535542497164E+01
  0.10000000E+01     -0.3056466119993123E+01
  0.20000000E+01     -0.2283575451295965E+01
  0.30000000E+01     -0.1888975041911360E+01
  0.40000000E+01     -0.1754874243044556E+01
  0.50000000E+01     -0.1816743525237611E+01
  0.60000000E+01     -0.2033628826414992E+01
  0.70000000E+01     -0.2377450802357080E+01
  0.80000000E+01     -0.2827743323735332E+01
  0.90000000E+01     -0.3368757494584288E+01
  0.10000000E+02     -0.3987945634740280E+01
  0.11000000E+02     -0.4675052031669781E+01
  0.12000000E+02     -0.5421967437192672E+01
  0.13000000E+02     -0.6222080358407025E+01
  0.14000000E+02     -0.7068950988321649E+01
  0.15000000E+02     -0.7957368162839852E+01
  0.16000000E+02     -0.8883393601431591E+01
  0.17000000E+02     -0.9842690266176023E+01
  0.18000000E+02     -0.1083207519795151E+02
  0.19000000E+02     -0.1184829111165684E+02
  0.20000000E+02     -0.1288854863325461E+02
  0.21000000E+02     -0.1395018058999999E+02
  0.22000000E+02     -0.1503089742044966E+02
  0.23000000E+02     -0.1612872525488378E+02
  0.24000000E+02     -0.1724192319399610E+02
  0.25000000E+02     -0.1836873909731122E+02
  0.26000000E+02     -0.1950746970232710E+02
  0.27000000E+02     -0.2065633065239287E+02
  0.28000000E+02     -0.2181389102661815E+02
  0.29000000E+02     -0.2297926579791389E+02
  0.30000000E+02     -0.2415074068244150E+02
  0.31000000E+02     -0.2532729303803775E+02
  0.32000000E+02     -0.2650794371775357E+02
  0.33000000E+02     -0.2769175427540754E+02
  0.34000000E+02     -0.2887808891200604E+02
  0.35000000E+02     -0.3006540046850036E+02
  0.36000000E+02     -0.3125294195170682E+02
  0.37000000E+02     -0.3243950121685447E+02
  0.38000000E+02     -0.3362490401597053E+02
  0.39000000E+02     -0.3480819766278481E+02
  0.40000000E+02     -0.3598903891286606E+02
  0.41000000E+02     -0.3716612403090981E+02
  0.42000000E+02     -0.3833930261255404E+02
  0.43000000E+02     -0.3950791187992649E+02
  0.44000000E+02     -0.4067087494472597E+02
  0.45000000E+02     -0.4182827425916525E+02
  0.46000000E+02     -0.4297938612081228E+02
  0.47000000E+02     -0.4412353276855021E+02
  0.48000000E+02     -0.4526054294719284E+02
  0.49000000E+02     -0.4638999247721327E+02
  0.50000000E+02     -0.4751170805156882E+02
  0.51000000E+02     -0.4862462945361201E+02
  0.52000000E+02     -0.4972899948090860E+02
  0.53000000E+02     -0.5082475164698619E+02
  0.54000000E+02     -0.5191140849976345E+02
  0.55000000E+02     -0.5298876776104863E+02
  0.56000000E+02     -0.5405657049331984E+02
  0.57000000E+02     -0.5511434646527940E+02
  0.58000000E+02     -0.5616203003232243E+02
  0.59000000E+02     -0.5720010798145049E+02
  0.60000000E+02     -0.5822818794662942E+02
  0.61000000E+02     -0.5924588237645840E+02
  0.62000000E+02     -0.6025323973910520E+02
  0.63000000E+02     -0.6125068837026711E+02
  0.64000000E+02     -0.6223790460002164E+02
  0.65000000E+02     -0.6321460511371539E+02
  0.66000000E+02     -0.6418148258487406E+02
  0.67000000E+02     -0.6513789923150102E+02
  0.68000000E+02     -0.6608436915561880E+02
  0.69000000E+02     -0.6702088907608204E+02
  0.70000000E+02     -0.6794747475455340E+02
  0.71000000E+02     -0.6886395738432320E+02
  0.72000000E+02     -0.6977090979051489E+02
  0.73000000E+02     -0.7066794118616211E+02
  0.74000000E+02     -0.7155516406612951E+02
  0.75000000E+02     -0.7243234507976669E+02
  0.76000000E+02     -0.7329961746405415E+02
  0.77000000E+02     -0.7415727737534132E+02
  0.78000000E+02     -0.7500526542081367E+02
  0.79000000E+02     -0.7584455410057863E+02
  0.80000000E+02     -0.7667400545821741E+02
  0.81000000E+02     -0.7749423439091525E+02
  0.82000000E+02     -0.7830537790046084E+02
  0.83000000E+02     -0.7910717645232121E+02
  0.84000000E+02     -0.7990006158636857E+02
  0.85000000E+02     -0.8068388121465961E+02
  0.86000000E+02     -0.8145904052186961E+02
  0.87000000E+02     -0.8222495216472829E+02
  0.88000000E+02     -0.8298230846495316E+02
  0.89000000E+02     -0.8373019461680946E+02
  0.90000000E+02     -0.8446964027231093E+02
  0.91000000E+02     -0.8520053940354290E+02
  0.92000000E+02     -0.8592310050370158E+02
  0.93000000E+02     -0.8663739320440979E+02
  0.94000000E+02     -0.8734277213189117E+02
  0.95000000E+02     -0.8804010940629048E+02
  0.96000000E+02     -0.8872904748411749E+02
  0.97000000E+02     -0.8940953512359518E+02
  0.98000000E+02     -0.9008181159433521E+02
  0.99000000E+02     -0.9074587638095714E+02
  0.10000000E+03     -0.9140224255783573E+02
  0.10100000E+03     -0.9205047878524225E+02
  0.10200000E+03     -0.9269061223844579E+02
  0.10300000E+03     -0.9332280193601851E+02
  0.10400000E+03     -0.9394747996455642E+02
  0.10500000E+03     -0.9456407980934610E+02
  0.10600000E+03     -0.9517277958510692E+02
  0.10700000E+03     -0.9577324320136201E+02
  0.10800000E+03     -0.9636623500584984E+02
  0.10900000E+03     -0.9695134589059241E+02
  0.11000000E+03     -0.9752897517373394E+02
  0.11100000E+03     -0.9809870807403459E+02
  0.11200000E+03     -0.9866070517845769E+02
  0.11300000E+03     -0.9921508943370516E+02
  0.11400000E+03     -0.9976182444091853E+02
  0.11500000E+03     -0.1003014681386865E+03
  0.11600000E+03     -0.1008330553569852E+03
  0.11700000E+03     -0.1013566787675448E+03
  0.11800000E+03     -0.1018727582908046E+03
  0.11900000E+03     -0.1023803463642832E+03
  0.12000000E+03     -0.1028801855210047E+03
  0.12100000E+03     -0.1033725107966054E+03
  0.12200000E+03     -0.1038569494418401E+03
  0.12300000E+03     -0.1043343039297494E+03
  0.12400000E+03     -0.1048040955375716E+03
  0.12500000E+03     -0.1052653717337716E+03
  0.12600000E+03     -0.1057190152221676E+03
  0.12700000E+03     -0.1061647366614451E+03
  0.12800000E+03     -0.1066025020795693E+03
  0.12900000E+03     -0.1070323137819160E+03
  0.13000000E+03     -0.1074552080718540E+03
  0.13100000E+03     -0.1078699551215659E+03
  0.13200000E+03     -0.1082766306680837E+03
  0.13300000E+03     -0.1086751855776378E+03
  0.13400000E+03     -0.1090663001395863E+03
  0.13500000E+03     -0.1094491590188007E+03
  0.13600000E+03     -0.1098236489691322E+03
  0.13700000E+03     -0.1101907926392157E+03
  0.13800000E+03     -0.1105492291890319E+03
  0.13900000E+03     -0.1109000793616765E+03
  0.14000000E+03     -0.1112427246214145E+03
  0.14100000E+03     -0.1115782641326928E+03
  0.14200000E+03     -0.1119053964293836E+03
  0.14300000E+03     -0.1122250585709345E+03
  0.14400000E+03     -0.1125363991698046E+03
  0.14500000E+03     -0.1128398409951340E+03
  0.14600000E+03     -0.1131351464319323E+03
  0.14700000E+03     -0.1134229908766069E+03
  0.14800000E+03     -0.1137029853821963E+03
  0.14900000E+03     -0.1139756747779655E+03
  0.15000000E+03     -0.1142407955992774E+03
  0.15100000E+03     -0.1144982391508117E+03
  0.15200000E+03     -0.1147478371846123E+03
  0.15300000E+03     -0.1149902121661152E+03
  0.15400000E+03     -0.1152248974076624E+03
  0.15500000E+03     -0.1154529783076272E+03
  0.15600000E+03     -0.1156741774730559E+03
  0.15700000E+03     -0.1158882249886921E+03
  0.15800000E+03     -0.1160955691911018E+03
  0.15900000E+03     -0.1162963961921342E+03
  0.16000000E+03     -0.1164902587326379E+03
  0.16100000E+03     -0.1166777215213873E+03
  0.16200000E+03     -0.1168588608644193E+03
  0.16300000E+03     -0.1170340591277164E+03
  0.16400000E+03     -0.1172031279050219E+03
  0.16500000E+03     -0.1173663870715537E+03
  0.16600000E+03     -0.1175234603392166E+03
  0.16700000E+03     -0.1176746154304616E+03
  0.16800000E+03     -0.1178200027060822E+03
  0.16900000E+03     -0.1179604675579776E+03
  0.17000000E+03     -0.1180949307818229E+03
  0.17100000E+03     -0.1182245652603585E+03
  0.17200000E+03     -0.1183482073143425E+03
  0.17300000E+03     -0.1184665704784042E+03
  0.17400000E+03     -0.1185802259717676E+03
  0.17500000E+03     -0.1186887860825484E+03
  0.17600000E+03     -0.1187923881021779E+03
  0.17700000E+03     -0.1188912297664152E+03
  0.17800000E+03     -0.1189847653149693E+03
  0.17900000E+03     -0.1190733308551282E+03
  0.18000000E+03     -0.1191563595155122E+03
  0.18100000E+03     -0.1192347431412204E+03
  0.18200000E+03     -0.1193089224252625E+03
  0.18300000E+03     -0.1193780956216157E+03
  0.18400000E+03     -0.1194422595406422E+03
  0.18500000E+03     -0.1195019223902145E+03
  0.18600000E+03     -0.1195564681445260E+03
  0.18700000E+03     -0.1196058942517567E+03
  0.18800000E+03     -0.1196505570938814E+03
  0.18900000E+03     -0.1196905958729749E+03
  0.19000000E+03     -0.1197256498030230E+03
  0.19100000E+03     -0.1197561061516008E+03
  0.19200000E+03     -0.1197814158198961E+03
  0.19300000E+03     -0.1198015593173336E+03
  0.19400000E+03     -0.1198161640772924E+03
  0.19500000E+03     -0.1198253393713913E+03
  0.19600000E+03     -0.1198297701258390E+03
  0.19700000E+03     -0.1198286390086838E+03
  0.19800000E+03     -0.1198217483802879E+03
  0.19900000E+03     -0.1198097394089191E+03
  0.20000000E+03     -0.1197917871123754E+03
  0.20100000E+03     -0.1197678651936578E+03
  0.20200000E+03     -0.1197384899993727E+03
  0.20300000E+03     -0.1197032907950450E+03
  0.20400000E+03     -0.1196617064592471E+03
  0.20500000E+03     -0.1196137391855125E+03
  0.20600000E+03     -0.1195590486089439E+03
  0.20700000E+03     -0.1194978368093488E+03
  0.20800000E+03     -0.1194300801471106E+03
  0.20900000E+03     -0.1193552933645674E+03
  0.21000000E+03     -0.1192741997787602E+03
  0.21100000E+03     -0.1191858695483879E+03
  0.21200000E+03     -0.1190903693931787E+03
  0.21300000E+03     -0.1189881386610648E+03
  0.21400000E+03     -0.1188791225145896E+03
  0.21500000E+03     -0.1187620464730379E+03
  0.21600000E+03     -0.1186373996388664E+03
  0.21700000E+03     -0.1185051396144319E+03
  0.21800000E+03     -0.1183651546773435E+03
  0.21900000E+03     -0.1182175682721105E+03
  0.22000000E+03     -0.1180625898259998E+03
  0.22100000E+03     -0.1178998094812846E+03
  0.22200000E+03     -0.1177285253220402E+03
  0.22300000E+03     -0.1175502201518633E+03
  0.22400000E+03     -0.1173636001335399E+03
  0.22500000E+03     -0.1171694752175639E+03
  0.22600000E+03     -0.1169676974350611E+03
  0.22700000E+03     -0.1167579052298255E+03
  0.22800000E+03     -0.1165414521024853E+03
  0.22900000E+03     -0.1163161269115558E+03
  0.23000000E+03     -0.1160836633458138E+03
  0.23100000E+03     -0.1158430807633194E+03
  0.23200000E+03     -0.1155953140024000E+03
  0.23300000E+03     -0.1153395979572589E+03
  0.23400000E+03     -0.1150753369320787E+03
  0.23500000E+03     -0.1148036156384076E+03
  0.23600000E+03     -0.1145248695527463E+03
  0.23700000E+03     -0.1142384730025337E+03
  0.23800000E+03     -0.1139437010450235E+03
  0.23900000E+03     -0.1136421985850071E+03
  0.24000000E+03     -0.1133322848924327E+03
  0.24100000E+03     -0.1130144069349195E+03
  0.24200000E+03     -0.1126893059050808E+03
  0.24300000E+03     -0.1123579335135536E+03
  0.24400000E+03     -0.1120183039469623E+03
  0.24500000E+03     -0.1116707159164618E+03
  0.24600000E+03     -0.1113167213088128E+03
  0.24700000E+03     -0.1109541675675187E+03
  0.24800000E+03     -0.1105848193844689E+03
  0.24900000E+03     -0.1102074580611958E+03
  0.25000000E+03     -0.1098230369340428E+03
  0.25100000E+03     -0.1094306553658490E+03
  0.25200000E+03     -0.1090310019937127E+03
  0.25300000E+03     -0.1086239531743614E+03
  0.25400000E+03     -0.1082095327720072E+03
  0.25500000E+03     -0.1077883412065261E+03
  0.25600000E+03     -0.1073592091839240E+03
  0.25700000E+03     -0.1069211089842709E+03
  0.25800000E+03     -0.1064764244308544E+03
  0.25900000E+03     -0.1060234950891661E+03
  0.26000000E+03     -0.1055639214953004E+03
  0.26100000E+03     -0.1050971505447097E+03
  0.26200000E+03     -0.1046219387930174E+03
  0.26300000E+03     -0.1041390318615778E+03
  0.26400000E+03     -0.1036487915214686E+03
  0.26500000E+03     -0.1031496403985348E+03
  0.26600000E+03     -0.1026436235289064E+03
  0.26700000E+03     -0.1021286794212043E+03
  0.26800000E+03     -0.1016064481105628E+03
  0.26900000E+03     -0.1010748455335118E+03
  0.27000000E+03     -0.1005359944847564E+03
  0.27100000E+03     -0.9998717580398167E+02
  0.27200000E+03     -0.9943207612165531E+02
  0.27300000E+03     -0.9886796604248983E+02
  0.27400000E+03     -0.9829504435552872E+02
  0.27500000E+03     -0.9771411645474348E+02
  0.27600000E+03     -0.9712382119598090E+02
  0.27700000E+03     -0.9652682448708291E+02
  0.27800000E+03     -0.9592071907271314E+02
  0.27900000E+03     -0.9530582755462170E+02
  0.28000000E+03     -0.9468067316572547E+02
  0.28100000E+03     -0.9404838650567694E+02
  0.28200000E+03     -0.9340645178679846E+02
  0.28300000E+03     -0.9275596219108897E+02
  0.28400000E+03     -0.9209574276316347E+02
  0.28500000E+03     -0.9142717510525122E+02
  0.28600000E+03     -0.9074850141720341E+02
  0.28700000E+03     -0.9006144430472764E+02
  0.28800000E+03     -0.8936414825773470E+02
  0.28900000E+03     -0.8865820304531697E+02
  0.29000000E+03     -0.8794416874536509E+02
  0.29100000E+03     -0.8722055349653971E+02
  0.29200000E+03     -0.8648775162639107E+02
  0.29300000E+03     -0.8574402902985180E+02
  0.29400000E+03     -0.8499380197000436E+02
  0.29500000E+03     -0.8423190063599957E+02
  0.29600000E+03     -0.8346165181292299E+02
  0.29700000E+03     -0.8268296630824561E+02
  0.29800000E+03     -0.8189402729374154E+02
  0.29900000E+03     -0.8109521658167996E+02
  0.30000000E+03     -0.8028704938302756E+02
  0.30100000E+03     -0.7947439201348915E+02
  0.30200000E+03     -0.7865100444449926E+02
  0.30300000E+03     -0.7781985078226474E+02
  0.30400000E+03     -0.7697983561450935E+02
  0.30500000E+03     -0.7613002215945779E+02
  0.30600000E+03     -0.7527309697545087E+02
  0.30700000E+03     -0.7441065243973995E+02
  0.30800000E+03     -0.7354142268923843E+02
  0.30900000E+03     -0.7266310878578230E+02
  0.31000000E+03     -0.7178225979969788E+02
  0.31100000E+03     -0.7089142783145289E+02
  0.31200000E+03     -0.6999609921304648E+02
  0.31300000E+03     -0.6909510576549329E+02
  0.31400000E+03     -0.6818913928032224E+02
  0.31500000E+03     -0.6727575060389043E+02
  0.31600000E+03     -0.6636020787569585E+02
  0.31700000E+03     -0.6544070142407725E+02
  0.31800000E+03     -0.6451566262034484E+02
  0.31900000E+03     -0.6358827403309386E+02
  0.32000000E+03     -0.6265971991089807E+02
  0.32100000E+03     -0.6172663424530804E+02
  0.32200000E+03     -0.6079050218392621E+02
  0.32300000E+03     -0.5985354114658052E+02
  0.32400000E+03     -0.5891526034370733E+02
  0.32500000E+03     -0.5797722195430945E+02
  0.32600000E+03     -0.5703729456522746E+02
  0.32700000E+03     -0.5609751644603787E+02
  0.32800000E+03     -0.5515486179577878E+02
  0.32900000E+03     -0.5421351482727447E+02
  0.33000000E+03     -0.5327033682284528E+02
  0.33100000E+03     -0.5232862778538727E+02
  0.33200000E+03     -0.5139040921207191E+02
  0.33300000E+03     -0.5045349424123662E+02
  0.33400000E+03     -0.4951796943560883E+02
  0.33500000E+03     -0.4858635356127468E+02
  0.33600000E+03     -0.4765466529152730E+02
  0.33700000E+03     -0.4672552233103165E+02
  0.33800000E+03     -0.4580285742284661E+02
  0.33900000E+03     -0.4488110847081936E+02
  0.34000000E+03     -0.4396481908237782E+02
  0.34100000E+03     -0.4305160254886099E+02
  0.34200000E+03     -0.4214517431335474E+02
  0.34300000E+03     -0.4124170510710685E+02
  0.34400000E+03     -0.4034840546422799E+02
  0.34500000E+03     -0.3945596445380197E+02
  0.34600000E+03     -0.3857189855703685E+02
  0.34700000E+03     -0.3769153678925139E+02
  0.34800000E+03     -0.3682228486594759E+02
  0.34900000E+03     -0.3595620795219182E+02
  0.35000000E+03     -0.3510083553520549E+02
  0.35100000E+03     -0.3425110579154465E+02
  0.35200000E+03     -0.3341310718061636E+02
  0.35300000E+03     -0.3258180369314981E+02
  0.35400000E+03     -0.3175709358692534E+02
  0.35500000E+03     -0.3094368362947784E+02
  0.35600000E+03     -0.3013981239517562E+02
  0.35700000E+03     -0.2934668642197604E+02
  0.35800000E+03     -0.2856736376856540E+02
  0.35900000E+03     -0.2779439202779238E+02
  0.36000000E+03     -0.2703365130020898E+02
  0.36100000E+03     -0.2628636544393864E+02
  0.36200000E+03     -0.2555236675615730E+02
  0.36300000E+03     -0.2483354327847918E+02
  0.36400000E+03     -0.2412503734617474E+02
  0.36500000E+03     -0.2343559028055854E+02
  0.36600000E+03     -0.2274958409451116E+02
  0.36700000E+03     -0.2208341614368997E+02
  0.36800000E+03     -0.2143384686835188E+02
  0.36900000E+03     -0.2079819671766464E+02
  0.37000000E+03     -0.2018132416031436E+02
  0.37100000E+03     -0.1957784764357333E+02
  0.37200000E+03     -0.1899661633911258E+02
  0.37300000E+03     -0.1842512841098452E+02
  0.37400000E+03     -0.1787021563447459E+02
  0.37500000E+03     -0.1733558509805009E+02
  0.37600000E+03     -0.1681964006681602E+02
  0.37700000E+03     -0.1631670902703770E+02
  0.37800000E+03     -0.1583928317052757E+02
  0.37900000E+03     -0.1537944611745097E+02
  0.38000000E+03     -0.1493834093362875E+02
  0.38100000E+03     -0.1452039811644152E+02
  0.38200000E+03     -0.1412120141143606E+02
  0.38300000E+03     -0.1373927623502970E+02
  0.38400000E+03     -0.1338414108700175E+02
  0.38500000E+03     -0.1304662110334317E+02
  0.38600000E+03     -0.1274672739377472E+02
  0.38700000E+03     -0.1246109786914399E+02
  0.38800000E+03     -0.1219963699290039E+02
  0.38900000E+03     -0.1196152997625580E+02
  0.39000000E+03     -0.1174607166472295E+02
  0.39100000E+03     -0.1156005585456995E+02
  0.39200000E+03     -0.1139991989807081E+02
  0.39300000E+03     -0.1127132491416473E+02
  0.39400000E+03     -0.1116576270342637E+02
  0.39500000E+03     -0.1108151563074500E+02
  0.39600000E+03     -0.1103824622605056E+02
  0.39700000E+03     -0.1101647405698034E+02
  0.39800000E+03     -0.1102149473508833E+02
  0.39900000E+03     -0.1104722041080667E+02
  0.40000000E+03     -0.1111589426889079E+02
  0.40100000E+03     -0.1120842888529086E+02
  0.40200000E+03     -0.1134542889644040E+02
  0.40300000E+03     -0.1150074831144333E+02
  0.40400000E+03     -0.1169980838979005E+02
  0.40500000E+03     -0.1192036103319860E+02
  0.40600000E+03     -0.1218023812908534E+02
  0.40700000E+03     -0.1247038285882625E+02
  0.40800000E+03     -0.1279586728029142E+02
  0.40900000E+03     -0.1315621800678626E+02
  0.41000000E+03     -0.1355438627508624E+02
  0.41100000E+03     -0.1397388215996961E+02
  0.41200000E+03     -0.1443279448899846E+02
  0.41300000E+03     -0.1494413771659946E+02
  0.41400000E+03     -0.1546326139240674E+02
  0.41500000E+03     -0.1605776343753549E+02
  0.41600000E+03     -0.1668554897282142E+02
  0.41700000E+03     -0.1735501501567975E+02
  0.41800000E+03     -0.1806403083503095E+02
  0.41900000E+03     -0.1880603335110371E+02
  0.42000000E+03     -0.1958672545085081E+02
  0.42100000E+03     -0.2040537950071216E+02
  0.42200000E+03     -0.2127224406000244E+02
  0.42300000E+03     -0.2218155330452625E+02
  0.42400000E+03     -0.2313006457338636E+02
  0.42500000E+03     -0.2412822282636974E+02
  0.42600000E+03     -0.2516482294886829E+02
  0.42700000E+03     -0.2625496665987968E+02
  0.42800000E+03     -0.2739518080242085E+02
  0.42900000E+03     -0.2857786443973390E+02
  0.43000000E+03     -0.2981695867312241E+02
  0.43100000E+03     -0.3110285662735036E+02
  0.43200000E+03     -0.3243179632403183E+02
  0.43300000E+03     -0.3381091005296718E+02
  0.43400000E+03     -0.3523538973980255E+02
  0.43500000E+03     -0.3671130265227153E+02
  0.43600000E+03     -0.3825452370077211E+02
  0.43700000E+03     -0.3985095497965671E+02
  0.43800000E+03     -0.4149051695773667E+02
  0.43900000E+03     -0.4319065048404013E+02
  0.44000000E+03     -0.4494625967985015E+02
  0.44100000E+03     -0.4676081196739926E+02
  0.44200000E+03     -0.4863221810291525E+02
  0.44300000E+03     -0.5055395545110783E+02
  0.44400000E+03     -0.5253798042969670E+02
  0.44500000E+03     -0.5456382597436966E+02
  0.44600000E+03     -0.5664561886183620E+02
  0.44700000E+03     -0.5879290375408072E+02
  0.44800000E+03     -0.6100964973956475E+02
  0.44900000E+03     -0.6327970103529781E+02
  0.45000000E+03     -0.6560883974649997E+02
  0.45100000E+03     -0.6801641459907246E+02
  0.45200000E+03     -0.7047779280723628E+02
  0.45300000E+03     -0.7299996304907347E+02
  0.45400000E+03     -0.7558813089632272E+02
  0.45500000E+03     -0.7824207851848170E+02
  0.45600000E+03     -0.8097810181284673E+02
  0.45700000E+03     -0.8381076318982865E+02
  0.45800000E+03     -0.8667648226167994E+02
  0.45900000E+03     -0.8963088775684075E+02
  0.46000000E+03     -0.9260175406982160E+02
  0.46100000E+03     -0.9567760921061678E+02
  0.46200000E+03     -0.9881076328086699E+02
  0.46300000E+03     -0.1020136278035850E+03
  0.46400000E+03     -0.1052663072584723E+03
  0.46500000E+03     -0.1086361818645681E+03
  0.46600000E+03     -0.1120658740644969E+03
  0.46700000E+03     -0.1155658174768122E+03
  0.46800000E+03     -0.1191184513022812E+03
  0.46900000E+03     -0.1227433503502954E+03
  0.47000000E+03     -0.1264884172321313E+03
  0.47100000E+03     -0.1302814902339678E+03
  0.47200000E+03     -0.1341692698050163E+03
  0.47300000E+03     -0.1381508050186592E+03
  0.47400000E+03     -0.1421819908400100E+03
  0.47500000E+03     -0.1463081325445670E+03
  0.47600000E+03     -0.1505174768814315E+03
  0.47700000E+03     -0.1548236306757153E+03
  0.47800000E+03     -0.1591874825504244E+03
  0.47900000E+03     -0.1636484749090450E+03
  0.48000000E+03     -0.1681652315565074E+03
  0.48100000E+03     -0.1727616775680549E+03
  0.48200000E+03     -0.1775041071148569E+03
  0.48300000E+03     -0.1823285191667164E+03
  0.48400000E+03     -0.1872482192467845E+03
  0.48500000E+03     -0.1922443714926890E+03
  0.48600000E+03     -0.1973524025027271E+03
  0.48700000E+03     -0.2025443778188067E+03
  0.48800000E+03     -0.2078636511625104E+03
  0.48900000E+03     -0.2132321769262207E+03
  0.49000000E+03     -0.2186954508615617E+03
  0.49100000E+03     -0.2242505819316329E+03
  0.49200000E+03     -0.2298918903694966E+03
  0.49300000E+03     -0.2356364608018569E+03
  0.49400000E+03     -0.2414578937591887E+03
  0.49500000E+03     -0.2474404197174361E+03
  0.49600000E+03     -0.2535043305459118E+03
  0.49700000E+03     -0.2597057189147473E+03
  0.49800000E+03     -0.2660101481999508E+03
  0.49900000E+03     -0.2723915393381149E+03
  0.50000000E+03     -0.2788193587097778E+03
  0.50100000E+03     -0.2854394661865870E+03
  0.50200000E+03     -0.2921292293255063E+03
  0.50300000E+03     -0.2989235857972825E+03
  0.50400000E+03     -0.3058117342094033E+03
  0.50500000E+03     -0.3128223816006124E+03
  0.50600000E+03     -0.3200610808145309E+03
  0.50700000E+03     -0.3267134188572492E+03
  0.50800000E+03     -0.3315353584110285E+03
  0.50900000E+03     -0.3416166276543228E+03
  0.51000000E+03     -0.3492375358389489E+03
