  0.00000000E+00     -0.4496354550245652E+01
  0.10000000E+01     -0.3057314055861901E+01
  0.20000000E+01     -0.2284230686693564E+01
  0.30000000E+01     -0.1889388364957937E+01
  0.40000000E+01     -0.1754934052042539E+01
  0.50000000E+01     -0.1816531072618516E+01
  0.60000000E+01     -0.2033312800494982E+01
  0.70000000E+01     -0.2376993810906107E+01
  0.80000000E+01     -0.2827193868385574E+01
  0.90000000E+01     -0.3368083371987580E+01
  0.10000000E+02     -0.3987235993506253E+01
  0.11000000E+02     -0.4674622690554855E+01
  0.12000000E+02     -0.5421603553683713E+01
  0.13000000E+02     -0.6221548594368763E+01
  0.14000000E+02     -0.7068539952564855E+01
  0.15000000E+02     -0.7957287148542918E+01
  0.16000000E+02     -0.8883289347048013E+01
  0.17000000E+02     -0.9842771207159583E+01
  0.18000000E+02     -0.1083203466416252E+02
  0.19000000E+02     -0.1184796409271549E+02
  0.20000000E+02     -0.1288825165712852E+02
  0.21000000E+02     -0.1394989714170680E+02
  0.22000000E+02     -0.1503085171026908E+02
  0.23000000E+02     -0.1612875337681638E+02
  0.24000000E+02     -0.1724180576723582E+02
  0.25000000E+02     -0.1836849648645767E+02
  0.26000000E+02     -0.1950694233575254E+02
  0.27000000E+02     -0.2065550211795146E+02
  0.28000000E+02     -0.2181310791804840E+02
  0.29000000E+02     -0.2297821387731654E+02
  0.30000000E+02     -0.2414947221865884E+02
  0.31000000E+02     -0.2532597239797510E+02
  0.32000000E+02     -0.2650669868346167E+02
  0.33000000E+02     -0.2769029217288351E+02
  0.34000000E+02     -0.2887616043641557E+02
  0.35000000E+02     -0.3006307747797741E+02
  0.36000000E+02     -0.3125041576576401E+02
  0.37000000E+02     -0.3243710766254188E+02
  0.38000000E+02     -0.3362265140719983E+02
  0.39000000E+02     -0.3480618603812023E+02
  0.40000000E+02     -0.3598696336463713E+02
  0.41000000E+02     -0.3716429150699743E+02
  0.42000000E+02     -0.3833769743887938E+02
  0.43000000E+02     -0.3950647560548567E+02
  0.44000000E+02     -0.4066988042240428E+02
  0.45000000E+02     -0.4182731996715516E+02
  0.46000000E+02     -0.4297871972935707E+02
  0.47000000E+02     -0.4412283116194443E+02
  0.48000000E+02     -0.4525989814465240E+02
  0.49000000E+02     -0.4638907080101447E+02
  0.50000000E+02     -0.4751045955127999E+02
  0.51000000E+02     -0.4862359374678508E+02
  0.52000000E+02     -0.4972822798476367E+02
  0.53000000E+02     -0.5082391173377605E+02
  0.54000000E+02     -0.5191033074281065E+02
  0.55000000E+02     -0.5298721824437930E+02
  0.56000000E+02     -0.5405471885047675E+02
  0.57000000E+02     -0.5511233904338954E+02
  0.58000000E+02     -0.5616027518464555E+02
  0.59000000E+02     -0.5719808153281875E+02
  0.60000000E+02     -0.5822575664604458E+02
  0.61000000E+02     -0.5924335132993190E+02
  0.62000000E+02     -0.6025092245931801E+02
  0.63000000E+02     -0.6124787264943526E+02
  0.64000000E+02     -0.6223495533315772E+02
  0.65000000E+02     -0.6321185563994867E+02
  0.66000000E+02     -0.6417874814723497E+02
  0.67000000E+02     -0.6513498443326040E+02
  0.68000000E+02     -0.6608181060649765E+02
  0.69000000E+02     -0.6701858288777753E+02
  0.70000000E+02     -0.6794457514085585E+02
  0.71000000E+02     -0.6886071131333753E+02
  0.72000000E+02     -0.6976754025444859E+02
  0.73000000E+02     -0.7066427957973072E+02
  0.74000000E+02     -0.7155127576912986E+02
  0.75000000E+02     -0.7242834142081819E+02
  0.76000000E+02     -0.7329602021728603E+02
  0.77000000E+02     -0.7415428503256688E+02
  0.78000000E+02     -0.7500308761507009E+02
  0.79000000E+02     -0.7584224919387832E+02
  0.80000000E+02     -0.7667170163614723E+02
  0.81000000E+02     -0.7749172658274561E+02
  0.82000000E+02     -0.7830248189729832E+02
  0.83000000E+02     -0.7910461156821013E+02
  0.84000000E+02     -0.7989747565836775E+02
  0.85000000E+02     -0.8068124846572827E+02
  0.86000000E+02     -0.8145659776556741E+02
  0.87000000E+02     -0.8222224919873214E+02
  0.88000000E+02     -0.8297935406202629E+02
  0.89000000E+02     -0.8372801593867193E+02
  0.90000000E+02     -0.8446799194742825E+02
  0.91000000E+02     -0.8519907192289564E+02
  0.92000000E+02     -0.8592127160833094E+02
  0.93000000E+02     -0.8663543722932795E+02
  0.94000000E+02     -0.8734127136527920E+02
  0.95000000E+02     -0.8803829735766624E+02
  0.96000000E+02     -0.8872678650134696E+02
  0.97000000E+02     -0.8940670229988854E+02
  0.98000000E+02     -0.9007929561264896E+02
  0.99000000E+02     -0.9074344531942862E+02
  0.10000000E+03     -0.9139978257634525E+02
  0.10100000E+03     -0.9204771463372131E+02
  0.10200000E+03     -0.9268743615745696E+02
  0.10300000E+03     -0.9331971446455661E+02
  0.10400000E+03     -0.9394381197189682E+02
  0.10500000E+03     -0.9456031596869251E+02
  0.10600000E+03     -0.9516913729324747E+02
  0.10700000E+03     -0.9576995644682425E+02
  0.10800000E+03     -0.9636300284121349E+02
  0.10900000E+03     -0.9694812816613981E+02
  0.11000000E+03     -0.9752578192693056E+02
  0.11100000E+03     -0.9809545292016608E+02
  0.11200000E+03     -0.9865746610526519E+02
  0.11300000E+03     -0.9921124363992895E+02
  0.11400000E+03     -0.9975772390037224E+02
  0.11500000E+03     -0.1002964088624466E+03
  0.11600000E+03     -0.1008267606817176E+03
  0.11700000E+03     -0.1013494782333870E+03
  0.11800000E+03     -0.1018648099104972E+03
  0.11900000E+03     -0.1023725279211037E+03
  0.12000000E+03     -0.1028726166308611E+03
  0.12100000E+03     -0.1033651618262145E+03
  0.12200000E+03     -0.1038500712992081E+03
  0.12300000E+03     -0.1043271434642376E+03
  0.12400000E+03     -0.1047968345707700E+03
  0.12500000E+03     -0.1052583867248603E+03
  0.12600000E+03     -0.1057120513965542E+03
  0.12700000E+03     -0.1061587677862001E+03
  0.12800000E+03     -0.1065971038576269E+03
  0.12900000E+03     -0.1070279412093195E+03
  0.13000000E+03     -0.1074507238180286E+03
  0.13100000E+03     -0.1078654116409844E+03
  0.13200000E+03     -0.1082723713360006E+03
  0.13300000E+03     -0.1086710531956348E+03
  0.13400000E+03     -0.1090619241417682E+03
  0.13500000E+03     -0.1094446115649313E+03
  0.13600000E+03     -0.1098194540771116E+03
  0.13700000E+03     -0.1101861725544835E+03
  0.13800000E+03     -0.1105448972697511E+03
  0.13900000E+03     -0.1108959208882870E+03
  0.14000000E+03     -0.1112392084104833E+03
  0.14100000E+03     -0.1115741625687663E+03
  0.14200000E+03     -0.1119016362798217E+03
  0.14300000E+03     -0.1122213166845231E+03
  0.14400000E+03     -0.1125327071244021E+03
  0.14500000E+03     -0.1128362618609784E+03
  0.14600000E+03     -0.1131315677516133E+03
  0.14700000E+03     -0.1134189969295441E+03
  0.14800000E+03     -0.1136997672667084E+03
  0.14900000E+03     -0.1139716831911923E+03
  0.15000000E+03     -0.1142376245497510E+03
  0.15100000E+03     -0.1144955423798668E+03
  0.15200000E+03     -0.1147456808117698E+03
  0.15300000E+03     -0.1149886891363494E+03
  0.15400000E+03     -0.1152243134045415E+03
  0.15500000E+03     -0.1154527079218636E+03
  0.15600000E+03     -0.1156741366240632E+03
  0.15700000E+03     -0.1158885514137681E+03
  0.15800000E+03     -0.1160961394023373E+03
  0.15900000E+03     -0.1162968886401567E+03
  0.16000000E+03     -0.1164913152165908E+03
  0.16100000E+03     -0.1166789761974938E+03
  0.16200000E+03     -0.1168601170588958E+03
  0.16300000E+03     -0.1170349524171764E+03
  0.16400000E+03     -0.1172038059840473E+03
  0.16500000E+03     -0.1173671614869694E+03
  0.16600000E+03     -0.1175243821728082E+03
  0.16700000E+03     -0.1176757267337297E+03
  0.16800000E+03     -0.1178214587642985E+03
  0.16900000E+03     -0.1179613094657621E+03
  0.17000000E+03     -0.1180956116522183E+03
  0.17100000E+03     -0.1182245141467088E+03
  0.17200000E+03     -0.1183485898604983E+03
  0.17300000E+03     -0.1184673441267547E+03
  0.17400000E+03     -0.1185812555893964E+03
  0.17500000E+03     -0.1186896926746425E+03
  0.17600000E+03     -0.1187927923006567E+03
  0.17700000E+03     -0.1188914131171342E+03
  0.17800000E+03     -0.1189848495261869E+03
  0.17900000E+03     -0.1190734474721941E+03
  0.18000000E+03     -0.1191571031857751E+03
  0.18100000E+03     -0.1192355060437406E+03
  0.18200000E+03     -0.1193098641073212E+03
  0.18300000E+03     -0.1193790803408547E+03
  0.18400000E+03     -0.1194436223051985E+03
  0.18500000E+03     -0.1195031486238497E+03
  0.18600000E+03     -0.1195577556441808E+03
  0.18700000E+03     -0.1196070335372204E+03
  0.18800000E+03     -0.1196517697637474E+03
  0.18900000E+03     -0.1196914355245834E+03
  0.19000000E+03     -0.1197265930951646E+03
  0.19100000E+03     -0.1197560799652764E+03
  0.19200000E+03     -0.1197811780628351E+03
  0.19300000E+03     -0.1198012969444882E+03
  0.19400000E+03     -0.1198161598278225E+03
  0.19500000E+03     -0.1198254795977839E+03
  0.19600000E+03     -0.1198292922576442E+03
  0.19700000E+03     -0.1198285743460999E+03
  0.19800000E+03     -0.1198222276158425E+03
  0.19900000E+03     -0.1198102562266731E+03
  0.20000000E+03     -0.1197921030883144E+03
  0.20100000E+03     -0.1197684081114420E+03
  0.20200000E+03     -0.1197389268351646E+03
  0.20300000E+03     -0.1197032103391048E+03
  0.20400000E+03     -0.1196611924757643E+03
  0.20500000E+03     -0.1196129855332300E+03
  0.20600000E+03     -0.1195584507362314E+03
  0.20700000E+03     -0.1194975981991110E+03
  0.20800000E+03     -0.1194303085851019E+03
  0.20900000E+03     -0.1193563056311337E+03
  0.21000000E+03     -0.1192750329289605E+03
  0.21100000E+03     -0.1191871122661581E+03
  0.21200000E+03     -0.1190912669499746E+03
  0.21300000E+03     -0.1189885855123509E+03
  0.21400000E+03     -0.1188791836622606E+03
  0.21500000E+03     -0.1187618856509120E+03
  0.21600000E+03     -0.1186373474833669E+03
  0.21700000E+03     -0.1185052866420540E+03
  0.21800000E+03     -0.1183656108010126E+03
  0.21900000E+03     -0.1182186439576162E+03
  0.22000000E+03     -0.1180633217258445E+03
  0.22100000E+03     -0.1179007829431191E+03
  0.22200000E+03     -0.1177304103558858E+03
  0.22300000E+03     -0.1175522342082876E+03
  0.22400000E+03     -0.1173658171922634E+03
  0.22500000E+03     -0.1171726317018936E+03
  0.22600000E+03     -0.1169712630229303E+03
  0.22700000E+03     -0.1167615836198605E+03
  0.22800000E+03     -0.1165432605109100E+03
  0.22900000E+03     -0.1163180879919124E+03
  0.23000000E+03     -0.1160844211889532E+03
  0.23100000E+03     -0.1158423470413632E+03
  0.23200000E+03     -0.1155933162039105E+03
  0.23300000E+03     -0.1153380413009944E+03
  0.23400000E+03     -0.1150746721121785E+03
  0.23500000E+03     -0.1148044626215017E+03
  0.23600000E+03     -0.1145241806105208E+03
  0.23700000E+03     -0.1142364063244504E+03
  0.23800000E+03     -0.1139433067125199E+03
  0.23900000E+03     -0.1136408944217520E+03
  0.24000000E+03     -0.1133321261855109E+03
  0.24100000E+03     -0.1130145037958271E+03
  0.24200000E+03     -0.1126912320292756E+03
  0.24300000E+03     -0.1123583206380185E+03
  0.24400000E+03     -0.1120178884957959E+03
  0.24500000E+03     -0.1116701328847566E+03
  0.24600000E+03     -0.1113167318109812E+03
  0.24700000E+03     -0.1109554905852777E+03
  0.24800000E+03     -0.1105852288973585E+03
  0.24900000E+03     -0.1102090557914905E+03
  0.25000000E+03     -0.1098254063316639E+03
  0.25100000E+03     -0.1094328546290115E+03
  0.25200000E+03     -0.1090329691222765E+03
  0.25300000E+03     -0.1086249278853770E+03
  0.25400000E+03     -0.1082103776592257E+03
  0.25500000E+03     -0.1077885240844646E+03
  0.25600000E+03     -0.1073576385523422E+03
  0.25700000E+03     -0.1069208184404482E+03
  0.25800000E+03     -0.1064760684857099E+03
  0.25900000E+03     -0.1060244979088973E+03
  0.26000000E+03     -0.1055638576654839E+03
  0.26100000E+03     -0.1050966380329830E+03
  0.26200000E+03     -0.1046226159026897E+03
  0.26300000E+03     -0.1041393174779027E+03
  0.26400000E+03     -0.1036473492296267E+03
  0.26500000E+03     -0.1031488075420451E+03
  0.26600000E+03     -0.1026419540538556E+03
  0.26700000E+03     -0.1021273335249834E+03
  0.26800000E+03     -0.1016047715333719E+03
  0.26900000E+03     -0.1010741195783315E+03
  0.27000000E+03     -0.1005339831265013E+03
  0.27100000E+03     -0.9998728420090016E+02
  0.27200000E+03     -0.9943178410783111E+02
  0.27300000E+03     -0.9886704354545758E+02
  0.27400000E+03     -0.9829545991327662E+02
  0.27500000E+03     -0.9771372434044267E+02
  0.27600000E+03     -0.9712600394266913E+02
  0.27700000E+03     -0.9652750397270481E+02
  0.27800000E+03     -0.9592036930969803E+02
  0.27900000E+03     -0.9530563407096291E+02
  0.28000000E+03     -0.9468183482599451E+02
  0.28100000E+03     -0.9404745252047820E+02
  0.28200000E+03     -0.9340468367941831E+02
  0.28300000E+03     -0.9275343895916957E+02
  0.28400000E+03     -0.9209273127205414E+02
  0.28500000E+03     -0.9142393849003258E+02
  0.28600000E+03     -0.9074595921632933E+02
  0.28700000E+03     -0.9005776500784104E+02
  0.28800000E+03     -0.8936055993316469E+02
  0.28900000E+03     -0.8865580689531647E+02
  0.29000000E+03     -0.8794101834237422E+02
  0.29100000E+03     -0.8721616762061807E+02
  0.29200000E+03     -0.8648185295552918E+02
  0.29300000E+03     -0.8573900766802073E+02
  0.29400000E+03     -0.8498766833267912E+02
  0.29500000E+03     -0.8422716457709865E+02
  0.29600000E+03     -0.8345698762632358E+02
  0.29700000E+03     -0.8267756692791049E+02
  0.29800000E+03     -0.8188884981760226E+02
  0.29900000E+03     -0.8109013520215321E+02
  0.30000000E+03     -0.8028470768581839E+02
  0.30100000E+03     -0.7946988515508765E+02
  0.30200000E+03     -0.7864684914753514E+02
  0.30300000E+03     -0.7781782833610707E+02
  0.30400000E+03     -0.7697722742626505E+02
  0.30500000E+03     -0.7612962272388505E+02
  0.30600000E+03     -0.7527634161093057E+02
  0.30700000E+03     -0.7441453055198993E+02
  0.30800000E+03     -0.7354473530840367E+02
  0.30900000E+03     -0.7266802507519054E+02
  0.31000000E+03     -0.7178512067112470E+02
  0.31100000E+03     -0.7089510388640134E+02
  0.31200000E+03     -0.7000171600920244E+02
  0.31300000E+03     -0.6910085666395798E+02
  0.31400000E+03     -0.6819603227049319E+02
  0.31500000E+03     -0.6728587236589787E+02
  0.31600000E+03     -0.6637016371565552E+02
  0.31700000E+03     -0.6545298615578801E+02
  0.31800000E+03     -0.6452848030374847E+02
  0.31900000E+03     -0.6360275492185421E+02
  0.32000000E+03     -0.6267158937874995E+02
  0.32100000E+03     -0.6174043996477787E+02
  0.32200000E+03     -0.6080503462638497E+02
  0.32300000E+03     -0.5986725071265779E+02
  0.32400000E+03     -0.5892744307833430E+02
  0.32500000E+03     -0.5798740618183268E+02
  0.32600000E+03     -0.5704872359525907E+02
  0.32700000E+03     -0.5610438125758979E+02
  0.32800000E+03     -0.5516123152541603E+02
  0.32900000E+03     -0.5421796578441825E+02
  0.33000000E+03     -0.5327753573492167E+02
  0.33100000E+03     -0.5233958130817530E+02
  0.33200000E+03     -0.5139708920037553E+02
  0.33300000E+03     -0.5045873368951926E+02
  0.33400000E+03     -0.4952155444525561E+02
  0.33500000E+03     -0.4858505580155725E+02
  0.33600000E+03     -0.4765346031528073E+02
  0.33700000E+03     -0.4672284364394284E+02
  0.33800000E+03     -0.4580121557048838E+02
  0.33900000E+03     -0.4487931449611305E+02
  0.34000000E+03     -0.4396155767319710E+02
  0.34100000E+03     -0.4304834889566798E+02
  0.34200000E+03     -0.4213825449466037E+02
  0.34300000E+03     -0.4123566616017200E+02
  0.34400000E+03     -0.4033583275427266E+02
  0.34500000E+03     -0.3945140177290710E+02
  0.34600000E+03     -0.3856924425020558E+02
  0.34700000E+03     -0.3769122821553213E+02
  0.34800000E+03     -0.3681994901853328E+02
  0.34900000E+03     -0.3595599840047399E+02
  0.35000000E+03     -0.3510317391945925E+02
  0.35100000E+03     -0.3425396475058817E+02
  0.35200000E+03     -0.3341214159976968E+02
  0.35300000E+03     -0.3257624199469990E+02
  0.35400000E+03     -0.3175589958784943E+02
  0.35500000E+03     -0.3094310038141492E+02
  0.35600000E+03     -0.3014082571468983E+02
  0.35700000E+03     -0.2934994215769267E+02
  0.35800000E+03     -0.2857076754121207E+02
  0.35900000E+03     -0.2780424716376348E+02
  0.36000000E+03     -0.2704135621448796E+02
  0.36100000E+03     -0.2629451216871798E+02
  0.36200000E+03     -0.2556125085048141E+02
  0.36300000E+03     -0.2483692122328534E+02
  0.36400000E+03     -0.2412867976352690E+02
  0.36500000E+03     -0.2343168657902944E+02
  0.36600000E+03     -0.2275185581311517E+02
  0.36700000E+03     -0.2208740929012099E+02
  0.36800000E+03     -0.2143154336551203E+02
  0.36900000E+03     -0.2080155748305643E+02
  0.37000000E+03     -0.2018042157465994E+02
  0.37100000E+03     -0.1957723440103609E+02
  0.37200000E+03     -0.1899506722167712E+02
  0.37300000E+03     -0.1842505817432435E+02
  0.37400000E+03     -0.1787128610083095E+02
  0.37500000E+03     -0.1733966962532122E+02
  0.37600000E+03     -0.1682491824707184E+02
  0.37700000E+03     -0.1632849966834110E+02
  0.37800000E+03     -0.1585503287894634E+02
  0.37900000E+03     -0.1540096845957688E+02
  0.38000000E+03     -0.1495780528366122E+02
  0.38100000E+03     -0.1454522796445838E+02
  0.38200000E+03     -0.1414072044099546E+02
  0.38300000E+03     -0.1376759670454012E+02
  0.38400000E+03     -0.1341456533167431E+02
  0.38500000E+03     -0.1308627894053192E+02
  0.38600000E+03     -0.1277636092405419E+02
  0.38700000E+03     -0.1249255259085989E+02
  0.38800000E+03     -0.1222316462186732E+02
  0.38900000E+03     -0.1198316592491816E+02
  0.39000000E+03     -0.1177165761087915E+02
  0.39100000E+03     -0.1158706570127106E+02
  0.39200000E+03     -0.1142535495028821E+02
  0.39300000E+03     -0.1129807690724975E+02
  0.39400000E+03     -0.1118544125493998E+02
  0.39500000E+03     -0.1109985944925294E+02
  0.39600000E+03     -0.1105876252403722E+02
  0.39700000E+03     -0.1104083772203714E+02
  0.39800000E+03     -0.1105035127073050E+02
  0.39900000E+03     -0.1108755318547302E+02
  0.40000000E+03     -0.1114432206585368E+02
  0.40100000E+03     -0.1123549366797673E+02
  0.40200000E+03     -0.1135726695537823E+02
  0.40300000E+03     -0.1151286400465118E+02
  0.40400000E+03     -0.1170700319972542E+02
  0.40500000E+03     -0.1192839403539080E+02
  0.40600000E+03     -0.1218956383154030E+02
  0.40700000E+03     -0.1248665494068699E+02
  0.40800000E+03     -0.1282372193324191E+02
  0.40900000E+03     -0.1318816619048715E+02
  0.41000000E+03     -0.1359068940786065E+02
  0.41100000E+03     -0.1402507187585114E+02
  0.41200000E+03     -0.1448811986827502E+02
  0.41300000E+03     -0.1497699349257450E+02
  0.41400000E+03     -0.1552154201118647E+02
  0.41500000E+03     -0.1610615118006137E+02
  0.41600000E+03     -0.1671716022360310E+02
  0.41700000E+03     -0.1737830200301745E+02
  0.41800000E+03     -0.1807322494720385E+02
  0.41900000E+03     -0.1880966116988625E+02
  0.42000000E+03     -0.1960016345854871E+02
  0.42100000E+03     -0.2042034650673197E+02
  0.42200000E+03     -0.2128519901958729E+02
  0.42300000E+03     -0.2221172261091520E+02
  0.42400000E+03     -0.2316914961005327E+02
  0.42500000E+03     -0.2417016791517659E+02
  0.42600000E+03     -0.2523075029413743E+02
  0.42700000E+03     -0.2633681557737678E+02
  0.42800000E+03     -0.2748665404830193E+02
  0.42900000E+03     -0.2867890713603109E+02
  0.43000000E+03     -0.2991485732348703E+02
  0.43100000E+03     -0.3120293055620679E+02
  0.43200000E+03     -0.3254341738371408E+02
  0.43300000E+03     -0.3392097896493333E+02
  0.43400000E+03     -0.3537422405497707E+02
  0.43500000E+03     -0.3684741195095703E+02
  0.43600000E+03     -0.3839023489207086E+02
  0.43700000E+03     -0.3997729108611944E+02
  0.43800000E+03     -0.4159747823209878E+02
  0.43900000E+03     -0.4330893739592072E+02
  0.44000000E+03     -0.4506147477848146E+02
  0.44100000E+03     -0.4686708272993986E+02
  0.44200000E+03     -0.4871985968214114E+02
  0.44300000E+03     -0.5064346412810238E+02
  0.44400000E+03     -0.5264085100220963E+02
  0.44500000E+03     -0.5467145035573045E+02
  0.44600000E+03     -0.5676193266394409E+02
  0.44700000E+03     -0.5890869250221214E+02
  0.44800000E+03     -0.6113477784611832E+02
  0.44900000E+03     -0.6340276256807305E+02
  0.45000000E+03     -0.6577951227233009E+02
  0.45100000E+03     -0.6817699450983845E+02
  0.45200000E+03     -0.7065607778125674E+02
  0.45300000E+03     -0.7318976075733589E+02
  0.45400000E+03     -0.7578095275842452E+02
  0.45500000E+03     -0.7842695260901694E+02
  0.45600000E+03     -0.8114859266610065E+02
  0.45700000E+03     -0.8393509713868123E+02
  0.45800000E+03     -0.8676576452594763E+02
  0.45900000E+03     -0.8967094962244583E+02
  0.46000000E+03     -0.9267671548193812E+02
  0.46100000E+03     -0.9576510743007749E+02
  0.46200000E+03     -0.9889649419991410E+02
  0.46300000E+03     -0.1020861153001892E+03
  0.46400000E+03     -0.1053800101426091E+03
  0.46500000E+03     -0.1087411081346184E+03
  0.46600000E+03     -0.1121688423770117E+03
  0.46700000E+03     -0.1156786331012820E+03
  0.46800000E+03     -0.1192927207522019E+03
  0.46900000E+03     -0.1229418613090870E+03
  0.47000000E+03     -0.1266538073456484E+03
  0.47100000E+03     -0.1304703722505836E+03
  0.47200000E+03     -0.1343769420898589E+03
  0.47300000E+03     -0.1383513276557424E+03
  0.47400000E+03     -0.1423801323715179E+03
  0.47500000E+03     -0.1465030626485116E+03
  0.47600000E+03     -0.1507107579001584E+03
  0.47700000E+03     -0.1550043722678782E+03
  0.47800000E+03     -0.1593520791715941E+03
  0.47900000E+03     -0.1638202318203036E+03
  0.48000000E+03     -0.1683980497454330E+03
  0.48100000E+03     -0.1730215372987094E+03
  0.48200000E+03     -0.1777569589828908E+03
  0.48300000E+03     -0.1826009554464249E+03
  0.48400000E+03     -0.1874776954410437E+03
  0.48500000E+03     -0.1925220245459298E+03
  0.48600000E+03     -0.1975910753450525E+03
  0.48700000E+03     -0.2028144747496896E+03
  0.48800000E+03     -0.2080579600659003E+03
  0.48900000E+03     -0.2134263248990245E+03
  0.49000000E+03     -0.2188956164145576E+03
  0.49100000E+03     -0.2244497051850794E+03
  0.49200000E+03     -0.2300805257000827E+03
  0.49300000E+03     -0.2358540465744422E+03
  0.49400000E+03     -0.2417151063771095E+03
  0.49500000E+03     -0.2477198672536452E+03
  0.49600000E+03     -0.2537824236531110E+03
  0.49700000E+03     -0.2599603988489897E+03
  0.49800000E+03     -0.2662138742288197E+03
  0.49900000E+03     -0.2725876144014502E+03
  0.50000000E+03     -0.2791276161629156E+03
  0.50100000E+03     -0.2856815775904757E+03
  0.50200000E+03     -0.2923715794883508E+03
  0.50300000E+03     -0.2991407758260040E+03
  0.50400000E+03     -0.3060959084848976E+03
  0.50500000E+03     -0.3130500157170142E+03
  0.50600000E+03     -0.3202141273618506E+03
  0.50700000E+03     -0.3265650335405022E+03
  0.50800000E+03     -0.3311188461182936E+03
  0.50900000E+03     -0.3415894478148608E+03
  0.51000000E+03     -0.3492555294696815E+03
