  0.00000000E+00      0.6097380382184981E-10      0.2921385799914030E-18
  0.10000000E+01     -0.6057399408367360E-03      0.3669208759113250E-06
  0.20000000E+01     -0.3783075947321647E-01      0.2244276186301253E-01
  0.30000000E+01     -0.1118286130648827E+00      0.7640510552863909E-01
  0.40000000E+01     -0.2226095711461910E+00      0.1789401306399565E+00
  0.50000000E+01     -0.3704273462553074E+00      0.3555573394914741E+00
  0.60000000E+01     -0.5552818383579919E+00      0.6401353498136094E+00
  0.70000000E+01     -0.7773062867456809E+00      0.1074964181243375E+01
  0.80000000E+01     -0.1036487588840455E+01      0.1710215976382457E+01
  0.90000000E+01     -0.1333474227309005E+01      0.2607246951516803E+01
  0.10000000E+02     -0.1667799108550716E+01      0.3831890054044734E+01
  0.11000000E+02     -0.2039512932257237E+01      0.5461263602416200E+01
  0.12000000E+02     -0.2449470881083387E+01      0.7584140268573523E+01
  0.13000000E+02     -0.2896862071992377E+01      0.1029018789253820E+02
  0.14000000E+02     -0.3382577535834861E+01      0.1368776696737605E+02
  0.15000000E+02     -0.3906106849676807E+01      0.1788757043439793E+02
  0.16000000E+02     -0.4468333222838548E+01      0.2301616577031880E+02
  0.17000000E+02     -0.5068792295386698E+01      0.2920210479920183E+02
  0.18000000E+02     -0.5708331708858094E+01      0.3659565370313358E+02
  0.19000000E+02     -0.6386467793990045E+01      0.4533791821419589E+02
  0.20000000E+02     -0.7104075846714270E+01      0.5560584447989901E+02
  0.21000000E+02     -0.7860307994261857E+01      0.6755738298487874E+02
  0.22000000E+02     -0.8656908109299238E+01      0.8139822113328596E+02
  0.23000000E+02     -0.9492435020401334E+01      0.9729793545842801E+02
  0.24000000E+02     -0.1036727132301732E+02      0.1154549629457434E+03
  0.25000000E+02     -0.1128311380884098E+02      0.1361261745589560E+03
  0.26000000E+02     -0.1223815775715716E+02      0.1594914690438377E+03
  0.27000000E+02     -0.1323364050756980E+02      0.1858068023371565E+03
  0.28000000E+02     -0.1426921125259101E+02      0.2153143680269007E+03
  0.29000000E+02     -0.1534676697255179E+02      0.2483180522215820E+03
  0.30000000E+02     -0.1646480201385836E+02      0.2850448502215548E+03
  0.31000000E+02     -0.1762400357307494E+02      0.3257978475664672E+03
  0.32000000E+02     -0.1882520234751532E+02      0.3709022212568581E+03
  0.33000000E+02     -0.2006802857028309E+02      0.4206495978012981E+03
  0.34000000E+02     -0.2135252068883971E+02      0.4753348557233097E+03
  0.35000000E+02     -0.2267896444243729E+02      0.5353099104960399E+03
  0.36000000E+02     -0.2404921842745810E+02      0.6010101460965541E+03
  0.37000000E+02     -0.2546125232558675E+02      0.6726848328001545E+03
  0.38000000E+02     -0.2691561208888895E+02      0.7507222866931722E+03
  0.39000000E+02     -0.2841456790492890E+02      0.8356484428941247E+03
  0.40000000E+02     -0.2995683262390329E+02      0.9277574278385350E+03
  0.41000000E+02     -0.3154253815645990E+02      0.1027474550516967E+04
  0.42000000E+02     -0.3317133647089187E+02      0.1135190838912427E+04
  0.43000000E+02     -0.3484647176916581E+02      0.1251561064167376E+04
  0.44000000E+02     -0.3656392378133676E+02      0.1376745936624443E+04
  0.45000000E+02     -0.3832814641781649E+02      0.1511569450012292E+04
  0.46000000E+02     -0.4013549315980724E+02      0.1656194275709588E+04
  0.47000000E+02     -0.4198761508749375E+02      0.1811256203740613E+04
  0.48000000E+02     -0.4388430919397469E+02      0.1977241609857901E+04
  0.49000000E+02     -0.4582688685371332E+02      0.2154756797462734E+04
  0.50000000E+02     -0.4781644708708339E+02      0.2344489587519361E+04
  0.51000000E+02     -0.4984851034908245E+02      0.2546519738231741E+04
  0.52000000E+02     -0.5192598616054275E+02      0.2761611536041025E+04
  0.53000000E+02     -0.5405055784100638E+02      0.2990609830686488E+04
  0.54000000E+02     -0.5622068646379476E+02      0.3233894971003953E+04
  0.55000000E+02     -0.5843675005571464E+02      0.3492090543691723E+04
  0.56000000E+02     -0.6069724980354614E+02      0.3765706649799939E+04
  0.57000000E+02     -0.6300585500550610E+02      0.4055758966215520E+04
  0.58000000E+02     -0.6535676367300782E+02      0.4362133804725786E+04
  0.59000000E+02     -0.6775419537733147E+02      0.4686003045843673E+04
  0.60000000E+02     -0.7019597640611286E+02      0.5027679950115753E+04
  0.61000000E+02     -0.7268113444769148E+02      0.5387788887942350E+04
  0.62000000E+02     -0.7521188433608174E+02      0.5767194447708015E+04
  0.63000000E+02     -0.7778719188351735E+02      0.6166492644351370E+04
  0.64000000E+02     -0.8040739724278252E+02      0.6586371359958209E+04
  0.65000000E+02     -0.8307045206466687E+02      0.7027234212179237E+04
  0.66000000E+02     -0.8577594573333050E+02      0.7489748916831256E+04
  0.67000000E+02     -0.8852541023139338E+02      0.7974685275095801E+04
  0.68000000E+02     -0.9131275898038071E+02      0.8481699870895665E+04
  0.69000000E+02     -0.9414771801912001E+02      0.9013367798915644E+04
  0.70000000E+02     -0.9702264804125366E+02      0.9568893177210088E+04
  0.71000000E+02     -0.9993023705592434E+02      0.1014750174668024E+05
  0.72000000E+02     -0.1028813874564142E+03      0.1075214567605288E+05
  0.73000000E+02     -0.1058686485370304E+03      0.1138179647408788E+05
  0.74000000E+02     -0.1088961951500782E+03      0.1203811917981151E+05
  0.75000000E+02     -0.1119703944890153E+03      0.1272333030494980E+05
  0.76000000E+02     -0.1150761349982932E+03      0.1343468034444881E+05
  0.77000000E+02     -0.1182154443817190E+03      0.1417324991064171E+05
  0.78000000E+02     -0.1213909596425806E+03      0.1494029460459897E+05
  0.79000000E+02     -0.1246038818893110E+03      0.1573685434886777E+05
  0.80000000E+02     -0.1278475914355912E+03      0.1656192048762869E+05
  0.81000000E+02     -0.1311300917445916E+03      0.1741810868373110E+05
  0.82000000E+02     -0.1344401137172427E+03      0.1830327602652340E+05
  0.83000000E+02     -0.1377792655723010E+03      0.1921823445233368E+05
  0.84000000E+02     -0.1411523502023177E+03      0.2016509264696168E+05
  0.85000000E+02     -0.1445577809061984E+03      0.2114408969163975E+05
  0.86000000E+02     -0.1479956898864259E+03      0.2215578171345193E+05
  0.87000000E+02     -0.1514577078867229E+03      0.2319846082551505E+05
  0.88000000E+02     -0.1549492306361602E+03      0.2427418144671895E+05
  0.89000000E+02     -0.1584760776349123E+03      0.2538540812943430E+05
  0.90000000E+02     -0.1620262229380369E+03      0.2652908845337083E+05
  0.91000000E+02     -0.1655972907662533E+03      0.2770460361886091E+05
  0.92000000E+02     -0.1691995114361658E+03      0.2891612741923393E+05
  0.93000000E+02     -0.1728180181942969E+03      0.3015911670927228E+05
  0.94000000E+02     -0.1764720302466508E+03      0.3144084337258771E+05
  0.95000000E+02     -0.1801480466253395E+03      0.3275716358458649E+05
  0.96000000E+02     -0.1838421395980512E+03      0.3410712445634762E+05
  0.97000000E+02     -0.1875676591348093E+03      0.3549601413876958E+05
  0.98000000E+02     -0.1913107825568255E+03      0.3691917233271288E+05
  0.99000000E+02     -0.1950839721292147E+03      0.3838212608644037E+05
  0.10000000E+03     -0.1988699919374535E+03      0.3987857834731460E+05
  0.10100000E+03     -0.2026765684672997E+03      0.4141161067375204E+05
  0.10200000E+03     -0.2065078311579374E+03      0.4298393707364626E+05
  0.10300000E+03     -0.2103503142141599E+03      0.4459011847294551E+05
  0.10400000E+03     -0.2142154883460905E+03      0.4623560097736214E+05
  0.10500000E+03     -0.2181000039667991E+03      0.4791951609527953E+05
  0.10600000E+03     -0.2220076463989991E+03      0.4964370956076480E+05
  0.10700000E+03     -0.2259306718447376E+03      0.5140519241991969E+05
  0.10800000E+03     -0.2298661857076932E+03      0.5320305494811451E+05
  0.10900000E+03     -0.2338222652320219E+03      0.5504143694233363E+05
  0.11000000E+03     -0.2378001749594540E+03      0.5692161617069756E+05
  0.11100000E+03     -0.2417913448138601E+03      0.5883980654627829E+05
  0.11200000E+03     -0.2457989060091824E+03      0.6079801226880913E+05
  0.11300000E+03     -0.2498319505999343E+03      0.6280088648608115E+05
  0.11400000E+03     -0.2538749344876209E+03      0.6484099627710298E+05
  0.11500000E+03     -0.2579372496410815E+03      0.6692406090737152E+05
  0.11600000E+03     -0.2620122102776933E+03      0.6904654202654424E+05
  0.11700000E+03     -0.2661081876251636E+03      0.7121353833585628E+05
  0.11800000E+03     -0.2702213178166710E+03      0.7342326035105492E+05
  0.11900000E+03     -0.2743504721223601E+03      0.7567546459596860E+05
  0.12000000E+03     -0.2784970466081222E+03      0.7797145819831197E+05
  0.12100000E+03     -0.2826616853148145E+03      0.8031214262858372E+05
  0.12200000E+03     -0.2868470892395410E+03      0.8269914351096824E+05
  0.12300000E+03     -0.2910338547812350E+03      0.8512195020956964E+05
  0.12400000E+03     -0.2952366163720332E+03      0.8758925518356693E+05
  0.12500000E+03     -0.2994552589441659E+03      0.9010146751487596E+05
  0.12600000E+03     -0.3036997577833797E+03      0.9266504282697280E+05
  0.12700000E+03     -0.3079515812690203E+03      0.9526898166521359E+05
  0.12800000E+03     -0.3122212888801915E+03      0.9792034811678399E+05
  0.12900000E+03     -0.3165050103074899E+03      0.1006169869238843E+06
  0.13000000E+03     -0.3208147513446158E+03      0.1033668931613123E+06
  0.13100000E+03     -0.3251324246980460E+03      0.1061592851624304E+06
  0.13200000E+03     -0.3294680246887141E+03      0.1090006398392597E+06
  0.13300000E+03     -0.3338135012206275E+03      0.1118863383867897E+06
  0.13400000E+03     -0.3381613847881313E+03      0.1148109659462329E+06
  0.13500000E+03     -0.3425300136841834E+03      0.1177880643907149E+06
  0.13600000E+03     -0.3469196913332098E+03      0.1208178528700430E+06
  0.13700000E+03     -0.3513253354446465E+03      0.1238972030934271E+06
  0.13800000E+03     -0.3557549936210491E+03      0.1270330824161848E+06
  0.13900000E+03     -0.3601883365078103E+03      0.1302102321132002E+06
  0.14000000E+03     -0.3646345694727169E+03      0.1334363495933369E+06
  0.14100000E+03     -0.3690973310508498E+03      0.1367141141370933E+06
  0.14200000E+03     -0.3735700185207147E+03      0.1400391319065792E+06
  0.14300000E+03     -0.3780580475784408E+03      0.1434159774893835E+06
  0.14400000E+03     -0.3825642725829471E+03      0.1468469752572181E+06
  0.14500000E+03     -0.3870809445407472E+03      0.1503266398961945E+06
  0.14600000E+03     -0.3916129097338397E+03      0.1538593536748069E+06
  0.14700000E+03     -0.3961616294443951E+03      0.1574462420342516E+06
  0.14800000E+03     -0.4007121960124361E+03      0.1610757835207685E+06
  0.14900000E+03     -0.4052848115418238E+03      0.1647645838690932E+06
  0.15000000E+03     -0.4098634017069105E+03      0.1685002823416421E+06
  0.15100000E+03     -0.4144556357071990E+03      0.1722891393264423E+06
  0.15200000E+03     -0.4191333007918724E+03      0.1761922845082578E+06
  0.15300000E+03     -0.4237470264605930E+03      0.1800844432029608E+06
  0.15400000E+03     -0.4283726660533339E+03      0.1840295076351870E+06
  0.15500000E+03     -0.4330538727520059E+03      0.1880652906639964E+06
  0.15600000E+03     -0.4377001078579853E+03      0.1921143785373023E+06
  0.15700000E+03     -0.4423618188704907E+03      0.1962202415336549E+06
  0.15800000E+03     -0.4470358417536082E+03      0.2003805984391934E+06
  0.15900000E+03     -0.4517132107415956E+03      0.2045876456287381E+06
  0.16000000E+03     -0.4564063617082513E+03      0.2088526691981240E+06
  0.16100000E+03     -0.4611123967341591E+03      0.2131737356356473E+06
  0.16200000E+03     -0.4658204486246661E+03      0.2175411216147905E+06
  0.16300000E+03     -0.4705378291724160E+03      0.2219614568765697E+06
  0.16400000E+03     -0.4752656752634521E+03      0.2264361467017519E+06
  0.16500000E+03     -0.4799998566220943E+03      0.2309616726880417E+06
  0.16600000E+03     -0.4847442478756489E+03      0.2355416532417863E+06
  0.16700000E+03     -0.4894998239580956E+03      0.2401777849181546E+06
  0.16800000E+03     -0.4942663836938788E+03      0.2448701267074852E+06
  0.16900000E+03     -0.4990254645488501E+03      0.2495998064638038E+06
  0.17000000E+03     -0.5038023748206353E+03      0.2543928383439956E+06
  0.17100000E+03     -0.5085945096842165E+03      0.2592468825467053E+06
  0.17200000E+03     -0.5133874999026443E+03      0.2641477913127186E+06
  0.17300000E+03     -0.5181788373208794E+03      0.2690931359377601E+06
  0.17400000E+03     -0.5229811627545130E+03      0.2740957478775152E+06
  0.17500000E+03     -0.5277888603206195E+03      0.2791496433430279E+06
  0.17600000E+03     -0.5326057146029374E+03      0.2842593757366805E+06
  0.17700000E+03     -0.5374167379337302E+03      0.2894092224431522E+06
  0.17800000E+03     -0.5422538949540939E+03      0.2946336642200086E+06
  0.17900000E+03     -0.5470844258288652E+03      0.2998972576640571E+06
  0.18000000E+03     -0.5519313560617832E+03      0.3052257023863880E+06
  0.18100000E+03     -0.5567860118621883E+03      0.3106097627857113E+06
  0.18200000E+03     -0.5616291064866961E+03      0.3160275418419615E+06
  0.18300000E+03     -0.5664950088724000E+03      0.3215181143614631E+06
  0.18400000E+03     -0.5713654202579482E+03      0.3270609470912224E+06
  0.18500000E+03     -0.5762363200094202E+03      0.3326517395271020E+06
  0.18600000E+03     -0.5811213984930681E+03      0.3383060712286317E+06
  0.18700000E+03     -0.5860195756701412E+03      0.3440237004717282E+06
  0.18800000E+03     -0.5909161376724976E+03      0.3497870912627382E+06
  0.18900000E+03     -0.5958215196985029E+03      0.3556091781098861E+06
  0.19000000E+03     -0.6007350184851210E+03      0.3614892263237746E+06
  0.19100000E+03     -0.6056563041941085E+03      0.3674265271676627E+06
  0.19200000E+03     -0.6106039426740510E+03      0.3734453695788874E+06
  0.19300000E+03     -0.6155460865636359E+03      0.3795052461123701E+06
  0.19400000E+03     -0.6204989395137128E+03      0.3856271949906189E+06
  0.19500000E+03     -0.6254976244303754E+03      0.3918560811650013E+06
  0.19600000E+03     -0.6304678396501647E+03      0.3980981820135622E+06
  0.19700000E+03     -0.6354485421656055E+03      0.4044031773547181E+06
  0.19800000E+03     -0.6404305698065558E+03      0.4107591082517560E+06
  0.19900000E+03     -0.6454318502124312E+03      0.4171902057392040E+06
  0.20000000E+03     -0.6504306561102742E+03      0.4236677005327647E+06
  0.20100000E+03     -0.6554491779067721E+03      0.4302210122061092E+06
  0.20200000E+03     -0.6604849839134322E+03      0.4368473228740791E+06
  0.20300000E+03     -0.6655276753156257E+03      0.4435335193804957E+06
  0.20400000E+03     -0.6705798679782571E+03      0.4502835471259697E+06
  0.20500000E+03     -0.6756491644517463E+03      0.4571073374449465E+06
  0.20600000E+03     -0.6807204995943860E+03      0.4639856862819323E+06
  0.20700000E+03     -0.6858107915289251E+03      0.4709412300945440E+06
  0.20800000E+03     -0.6909170739687000E+03      0.4779709608488354E+06
  0.20900000E+03     -0.6960365743002180E+03      0.4850710225329612E+06
  0.21000000E+03     -0.7011633943994070E+03      0.4922336539067731E+06
  0.21100000E+03     -0.7062995139141790E+03      0.4994618907454073E+06
  0.21200000E+03     -0.7114587331189013E+03      0.5067759025947770E+06
  0.21300000E+03     -0.7166300225811971E+03      0.5141604419240186E+06
  0.21400000E+03     -0.7218150585219521E+03      0.5216181426710933E+06
  0.21500000E+03     -0.7270080438546551E+03      0.5291411530455126E+06
  0.21600000E+03     -0.7322226309126916E+03      0.5367498145166850E+06
  0.21700000E+03     -0.7374495250466709E+03      0.5444311309698144E+06
  0.21800000E+03     -0.7426848709341338E+03      0.5521792959825533E+06
  0.21900000E+03     -0.7479283190029561E+03      0.5599944781981109E+06
  0.22000000E+03     -0.7531985168433368E+03      0.5679051578591738E+06
  0.22100000E+03     -0.7584678949386246E+03      0.5758697457351129E+06
  0.22200000E+03     -0.7637584261607353E+03      0.5839222678677263E+06
  0.22300000E+03     -0.7690867939546559E+03      0.5920900474582078E+06
  0.22400000E+03     -0.7743925480835153E+03      0.6002779298696364E+06
  0.22500000E+03     -0.7797367904857115E+03      0.6085830863134197E+06
  0.22600000E+03     -0.7850707211189397E+03      0.6169285442998258E+06
  0.22700000E+03     -0.7904220490068070E+03      0.6253581912818402E+06
  0.22800000E+03     -0.7957931227532051E+03      0.6338767730836893E+06
  0.22900000E+03     -0.8011753430339805E+03      0.6424704898891058E+06
  0.23000000E+03     -0.8065847912042818E+03      0.6511663890954481E+06
  0.23100000E+03     -0.8119976003722929E+03      0.6599256783184686E+06
  0.23200000E+03     -0.8174122786080703E+03      0.6687465959714361E+06
  0.23300000E+03     -0.8228582206910879E+03      0.6776783207537729E+06
  0.23400000E+03     -0.8283195828121176E+03      0.6866935188771489E+06
  0.23500000E+03     -0.8338026952289334E+03      0.6958059914705477E+06
  0.23600000E+03     -0.8392952248165684E+03      0.7049937411767625E+06
  0.23700000E+03     -0.8447941361976154E+03      0.7142518936686479E+06
  0.23800000E+03     -0.8503133539680703E+03      0.7236051257906312E+06
  0.23900000E+03     -0.8558757629141938E+03      0.7330934605538675E+06
  0.24000000E+03     -0.8614407720501714E+03      0.7426484168806154E+06
  0.24100000E+03     -0.8670235248990762E+03      0.7522954872602228E+06
  0.24200000E+03     -0.8726760046342588E+03      0.7621253928348235E+06
  0.24300000E+03     -0.8782903477267951E+03      0.7719534461603932E+06
  0.24400000E+03     -0.8839401217954158E+03      0.7819068792858073E+06
  0.24500000E+03     -0.8895848645969259E+03      0.7919134396599478E+06
  0.24600000E+03     -0.8952592211623812E+03      0.8020373021343205E+06
  0.24700000E+03     -0.9009339717771796E+03      0.8122265303136050E+06
  0.24800000E+03     -0.9066571417259120E+03      0.8225683203678473E+06
  0.24900000E+03     -0.9123991005492928E+03      0.8330095948264963E+06
  0.25000000E+03     -0.9181511359117562E+03      0.8435348881525190E+06
  0.25100000E+03     -0.9239447545604174E+03      0.8542030138166912E+06
  0.25200000E+03     -0.9297359207432827E+03      0.8649336304105344E+06
  0.25300000E+03     -0.9355416229926559E+03      0.8757579257461447E+06
  0.25400000E+03     -0.9414079412135882E+03      0.8867638641602100E+06
  0.25500000E+03     -0.9472829780498548E+03      0.8978546768735400E+06
  0.25600000E+03     -0.9531994681229156E+03      0.9090934803437548E+06
  0.25700000E+03     -0.9591223468912751E+03      0.9204148767773608E+06
  0.25800000E+03     -0.9650826279174601E+03      0.9318779465326448E+06
  0.25900000E+03     -0.9710613518888115E+03      0.9434484522060729E+06
  0.26000000E+03     -0.9770895191820455E+03      0.9551871571554986E+06
  0.26100000E+03     -0.9831262586480838E+03      0.9670143330221203E+06
  0.26200000E+03     -0.9891680341060461E+03      0.9789254538506236E+06
  0.26300000E+03     -0.9952813730477468E+03      0.9910505449505365E+06
  0.26400000E+03     -0.1001418559643529E+04      0.1003298255946159E+07
  0.26500000E+03     -0.1007599723094591E+04      0.1015710114878316E+07
  0.26600000E+03     -0.1013801772059325E+04      0.1028239871440170E+07
  0.26700000E+03     -0.1020043377722567E+04      0.1040927300994338E+07
  0.26800000E+03     -0.1026330536131153E+04      0.1053786093664405E+07
  0.26900000E+03     -0.1032650093290568E+04      0.1066790576903793E+07
  0.27000000E+03     -0.1039007781093452E+04      0.1079954840850365E+07
  0.27100000E+03     -0.1045400911156588E+04      0.1093273799724836E+07
  0.27200000E+03     -0.1051818644032617E+04      0.1106726298185209E+07
  0.27300000E+03     -0.1058281783803643E+04      0.1120356910350163E+07
  0.27400000E+03     -0.1064793667428587E+04      0.1134174654968046E+07
  0.27500000E+03     -0.1071338924772049E+04      0.1148148786516558E+07
  0.27600000E+03     -0.1077940213986348E+04      0.1162330130518938E+07
  0.27700000E+03     -0.1084579422282406E+04      0.1176680265100732E+07
  0.27800000E+03     -0.1091279006792995E+04      0.1191249972955754E+07
  0.27900000E+03     -0.1097989180936362E+04      0.1205933279734087E+07
  0.28000000E+03     -0.1104763087491592E+04      0.1220847643467366E+07
  0.28100000E+03     -0.1111588741547676E+04      0.1235968591977519E+07
  0.28200000E+03     -0.1118455230134546E+04      0.1251274451170562E+07
  0.28300000E+03     -0.1125372571823100E+04      0.1266788998271483E+07
  0.28400000E+03     -0.1132314695005455E+04      0.1282455566940853E+07
  0.28500000E+03     -0.1139300566892045E+04      0.1298318853832523E+07
  0.28600000E+03     -0.1146326077333525E+04      0.1314370554739715E+07
  0.28700000E+03     -0.1153432054477499E+04      0.1330706901813712E+07
  0.28800000E+03     -0.1160577711845169E+04      0.1347235918525152E+07
  0.28900000E+03     -0.1167755525115209E+04      0.1363942524950295E+07
  0.29000000E+03     -0.1174982685873893E+04      0.1380868175494224E+07
  0.29100000E+03     -0.1182258567215372E+04      0.1398014055263805E+07
  0.29200000E+03     -0.1189586146390279E+04      0.1415388631513929E+07
  0.29300000E+03     -0.1196957740344798E+04      0.1432976206606852E+07
  0.29400000E+03     -0.1204362157112283E+04      0.1450752044750415E+07
  0.29500000E+03     -0.1211851348066459E+04      0.1468843367343893E+07
  0.29600000E+03     -0.1219350042807030E+04      0.1487069406138803E+07
  0.29700000E+03     -0.1226914951168083E+04      0.1505571266887285E+07
  0.29800000E+03     -0.1234509367754820E+04      0.1524260297429241E+07
  0.29900000E+03     -0.1242109130685605E+04      0.1543078106294721E+07
  0.30000000E+03     -0.1249812149104057E+04      0.1562270485265639E+07
  0.30100000E+03     -0.1257543548952536E+04      0.1581652797955719E+07
  0.30200000E+03     -0.1265313769453521E+04      0.1601252372579579E+07
  0.30300000E+03     -0.1273119354077657E+04      0.1621062671688833E+07
  0.30400000E+03     -0.1280984372219651E+04      0.1641147946977240E+07
  0.30500000E+03     -0.1288879211040916E+04      0.1661433671399600E+07
  0.30600000E+03     -0.1296828814508162E+04      0.1681986748762067E+07
  0.30700000E+03     -0.1304821446704590E+04      0.1702778864757545E+07
  0.30800000E+03     -0.1312863005659392E+04      0.1723826780759128E+07
  0.30900000E+03     -0.1320919187551712E+04      0.1745042683302073E+07
  0.31000000E+03     -0.1329056077981497E+04      0.1766603046751134E+07
  0.31100000E+03     -0.1337211595336180E+04      0.1788345604643844E+07
  0.31200000E+03     -0.1345390992767641E+04      0.1810286081043433E+07
  0.31300000E+03     -0.1353619780684863E+04      0.1832494275085715E+07
  0.31400000E+03     -0.1361902069841128E+04      0.1854983662865560E+07
  0.31500000E+03     -0.1370203257755974E+04      0.1877661853808563E+07
  0.31600000E+03     -0.1378559364921388E+04      0.1900629883770764E+07
  0.31700000E+03     -0.1386948338538085E+04      0.1923828367301367E+07
  0.31800000E+03     -0.1395367780772727E+04      0.1947253076448165E+07
  0.31900000E+03     -0.1403844803251714E+04      0.1970981448692217E+07
  0.32000000E+03     -0.1412344894866312E+04      0.1994918658988448E+07
  0.32100000E+03     -0.1420895863552220E+04      0.2019144659698268E+07
  0.32200000E+03     -0.1429471677071244E+04      0.2043588582014887E+07
  0.32300000E+03     -0.1438101806567696E+04      0.2068334916831593E+07
  0.32400000E+03     -0.1446752106217171E+04      0.2093289387438581E+07
  0.32500000E+03     -0.1455428540781317E+04      0.2118469792076714E+07
  0.32600000E+03     -0.1464157118658626E+04      0.2143953424953826E+07
  0.32700000E+03     -0.1472890961872637E+04      0.2169605609013367E+07
  0.32800000E+03     -0.1481698067209446E+04      0.2195626654974277E+07
  0.32900000E+03     -0.1490508243590599E+04      0.2221812148659843E+07
  0.33000000E+03     -0.1499356193275974E+04      0.2248266494589454E+07
  0.33100000E+03     -0.1508245328005989E+04      0.2275002068754711E+07
  0.33200000E+03     -0.1517174119183190E+04      0.2302015395344959E+07
  0.33300000E+03     -0.1526115020461942E+04      0.2329225666102677E+07
  0.33400000E+03     -0.1535095361481804E+04      0.2356716510489407E+07
  0.33500000E+03     -0.1544119899883052E+04      0.2384505558038021E+07
  0.33600000E+03     -0.1553195059393650E+04      0.2412614688886961E+07
  0.33700000E+03     -0.1562275582725198E+04      0.2440905249397612E+07
  0.33800000E+03     -0.1571388055040220E+04      0.2469461093709988E+07
  0.33900000E+03     -0.1580538039687946E+04      0.2498301843398703E+07
  0.34000000E+03     -0.1589693850382047E+04      0.2527328280554558E+07
  0.34100000E+03     -0.1598910534559620E+04      0.2556717320582570E+07
  0.34200000E+03     -0.1608156479938212E+04      0.2586370566513042E+07
  0.34300000E+03     -0.1617424098584619E+04      0.2616264871712189E+07
  0.34400000E+03     -0.1626700700289706E+04      0.2646360696595181E+07
  0.34500000E+03     -0.1636051814704321E+04      0.2676871785167124E+07
  0.34600000E+03     -0.1645418490704911E+04      0.2707608770633904E+07
  0.34700000E+03     -0.1654781807461282E+04      0.2738510930212925E+07
  0.34800000E+03     -0.1664188000352324E+04      0.2769731314724006E+07
  0.34900000E+03     -0.1673684926795369E+04      0.2801431797757423E+07
  0.35000000E+03     -0.1683131674869534E+04      0.2833143682779383E+07
  0.35100000E+03     -0.1692611100112050E+04      0.2865144917833544E+07
  0.35200000E+03     -0.1702115074621955E+04      0.2897409035181838E+07
  0.35300000E+03     -0.1711607506317702E+04      0.2929815182798622E+07
  0.35400000E+03     -0.1721189440686219E+04      0.2962709500656371E+07
  0.35500000E+03     -0.1730792597446557E+04      0.2995860272363668E+07
  0.35600000E+03     -0.1740455146192464E+04      0.3029402691495196E+07
  0.35700000E+03     -0.1750062622229914E+04      0.3062939497792332E+07
  0.35800000E+03     -0.1759745101872877E+04      0.3096924947680229E+07
  0.35900000E+03     -0.1769450162152415E+04      0.3131176955212703E+07
  0.36000000E+03     -0.1779177456577515E+04      0.3165696870002432E+07
  0.36100000E+03     -0.1788932460889660E+04      0.3200505672653494E+07
  0.36200000E+03     -0.1798690847034943E+04      0.3235516256117389E+07
  0.36300000E+03     -0.1808468760126131E+04      0.3270788709906592E+07
  0.36400000E+03     -0.1818267908653398E+04      0.3306328831914478E+07
  0.36500000E+03     -0.1828134316700355E+04      0.3342308443655670E+07
  0.36600000E+03     -0.1838018663098645E+04      0.3378546808795787E+07
  0.36700000E+03     -0.1847905451817079E+04      0.3414990517354675E+07
  0.36800000E+03     -0.1857770574919313E+04      0.3451548828818545E+07
  0.36900000E+03     -0.1867690176956386E+04      0.3488505858177073E+07
  0.37000000E+03     -0.1877587393521277E+04      0.3525576238177100E+07
  0.37100000E+03     -0.1887608968105342E+04      0.3563310979245313E+07
  0.37200000E+03     -0.1897592112812986E+04      0.3601101225813474E+07
  0.37300000E+03     -0.1907619547128004E+04      0.3639259498240254E+07
  0.37400000E+03     -0.1917618707934207E+04      0.3677509951893708E+07
  0.37500000E+03     -0.1927659341088451E+04      0.3716121107671136E+07
  0.37600000E+03     -0.1937714236337266E+04      0.3754988655175930E+07
  0.37700000E+03     -0.1947791042897945E+04      0.3794144664735000E+07
  0.37800000E+03     -0.1957935643498677E+04      0.3833768916376210E+07
  0.37900000E+03     -0.1968046847810027E+04      0.3873466873516525E+07
  0.38000000E+03     -0.1978168576040198E+04      0.3913411408559105E+07
  0.38100000E+03     -0.1988308468024871E+04      0.3953633399286124E+07
  0.38200000E+03     -0.1998502776574167E+04      0.3994278796059929E+07
  0.38300000E+03     -0.2008684408818031E+04      0.4035080878974925E+07
  0.38400000E+03     -0.2018906710513356E+04      0.4076253980885113E+07
  0.38500000E+03     -0.2029104669435267E+04      0.4117537814138321E+07
  0.38600000E+03     -0.2039397129138045E+04      0.4159414845672376E+07
  0.38700000E+03     -0.2049607338494754E+04      0.4201166595464251E+07
  0.38800000E+03     -0.2059905041140292E+04      0.4243487789994253E+07
  0.38900000E+03     -0.2070159012209564E+04      0.4285838868655052E+07
  0.39000000E+03     -0.2080447344832811E+04      0.4328543181192839E+07
  0.39100000E+03     -0.2090776524539280E+04      0.4371631912971499E+07
  0.39200000E+03     -0.2101089924710866E+04      0.4414866641928598E+07
  0.39300000E+03     -0.2111409079189499E+04      0.4458337503566881E+07
  0.39400000E+03     -0.2121789902047413E+04      0.4502284819588196E+07
  0.39500000E+03     -0.2132160607428077E+04      0.4546402976473298E+07
  0.39600000E+03     -0.2142479993573319E+04      0.4590517807766398E+07
  0.39700000E+03     -0.2152877588800915E+04      0.4635180442507057E+07
  0.39800000E+03     -0.2163296334514061E+04      0.4680153603774029E+07
  0.39900000E+03     -0.2173622618250871E+04      0.4724940630110280E+07
  0.40000000E+03     -0.2184011134835011E+04      0.4770211857394945E+07
  0.40100000E+03     -0.2194451359619384E+04      0.4815926062147495E+07
  0.40200000E+03     -0.2204941844945768E+04      0.4862079576560983E+07
  0.40300000E+03     -0.2215410801609721E+04      0.4908359416505201E+07
  0.40400000E+03     -0.2225817403094967E+04      0.4954580064362147E+07
  0.40500000E+03     -0.2236337783438735E+04      0.5001526238123431E+07
  0.40600000E+03     -0.2246752100115481E+04      0.5048218387871236E+07
  0.40700000E+03     -0.2257268496367373E+04      0.5095588449250716E+07
  0.40800000E+03     -0.2267718580411435E+04      0.5142875953717910E+07
  0.40900000E+03     -0.2278194333772497E+04      0.5190499159060308E+07
  0.41000000E+03     -0.2288641354603077E+04      0.5238213148649960E+07
  0.41100000E+03     -0.2299172875075009E+04      0.5286531924839242E+07
  0.41200000E+03     -0.2309670797483862E+04      0.5334918674456133E+07
  0.41300000E+03     -0.2320191376674760E+04      0.5383629431764669E+07
  0.41400000E+03     -0.2330657569309987E+04      0.5432309917028784E+07
  0.41500000E+03     -0.2341177367714419E+04      0.5481457767693778E+07
  0.41600000E+03     -0.2351741707172680E+04      0.5531039424129373E+07
  0.41700000E+03     -0.2362259222340619E+04      0.5580622375570416E+07
  0.41800000E+03     -0.2372676429007717E+04      0.5629948244910268E+07
  0.41900000E+03     -0.2383238433669986E+04      0.5680184105621178E+07
  0.42000000E+03     -0.2393672832223484E+04      0.5730030135833551E+07
  0.42100000E+03     -0.2404218539863680E+04      0.5780632074151106E+07
  0.42200000E+03     -0.2414686600291363E+04      0.5831078235288685E+07
  0.42300000E+03     -0.2425274635385464E+04      0.5882326221883067E+07
  0.42400000E+03     -0.2435924998598736E+04      0.5934105040579461E+07
  0.42500000E+03     -0.2446361981940383E+04      0.5985063907578512E+07
  0.42600000E+03     -0.2456923618327618E+04      0.6036855353704782E+07
  0.42700000E+03     -0.2467430564830990E+04      0.6088593937128631E+07
  0.42800000E+03     -0.2477890406374828E+04      0.6140325040775402E+07
  0.42900000E+03     -0.2488462355017739E+04      0.6192834656870246E+07
  0.43000000E+03     -0.2498913139701659E+04      0.6244960011053605E+07
  0.43100000E+03     -0.2509433014854637E+04      0.6297650288554352E+07
  0.43200000E+03     -0.2519917980852934E+04      0.6350385283635277E+07
  0.43300000E+03     -0.2530499018329653E+04      0.6403827317567987E+07
  0.43400000E+03     -0.2540869450356829E+04      0.6456421553233543E+07
  0.43500000E+03     -0.2551250277493880E+04      0.6509286674470598E+07
  0.43600000E+03     -0.2561928026812186E+04      0.6563887199349541E+07
  0.43700000E+03     -0.2572381154123815E+04      0.6617559731690132E+07
  0.43800000E+03     -0.2582906602778928E+04      0.6671825158364060E+07
  0.43900000E+03     -0.2593226391126176E+04      0.6725245625684494E+07
  0.44000000E+03     -0.2603667692245939E+04      0.6779511414181427E+07
  0.44100000E+03     -0.2614161326084777E+04      0.6834267510540287E+07
  0.44200000E+03     -0.2624580837678535E+04      0.6888856320628604E+07
  0.44300000E+03     -0.2635029534414020E+04      0.6943816616284637E+07
  0.44400000E+03     -0.2645407974166978E+04      0.6998622604070108E+07
  0.44500000E+03     -0.2655668151418730E+04      0.7053015776294265E+07
  0.44600000E+03     -0.2666186265553357E+04      0.7108998093312941E+07
  0.44700000E+03     -0.2676387043246014E+04      0.7163496289098435E+07
  0.44800000E+03     -0.2686893832264466E+04      0.7219852950054973E+07
  0.44900000E+03     -0.2697158793267852E+04      0.7275121229803526E+07
  0.45000000E+03     -0.2707447877974483E+04      0.7330733089360752E+07
  0.45100000E+03     -0.2717751957496332E+04      0.7386637003270248E+07
  0.45200000E+03     -0.2728104309837564E+04      0.7443018573035471E+07
  0.45300000E+03     -0.2738291254152768E+04      0.7498708041223804E+07
  0.45400000E+03     -0.2748642899432715E+04      0.7555511907266353E+07
  0.45500000E+03     -0.2758751871419396E+04      0.7611190625885529E+07
  0.45600000E+03     -0.2769041173355864E+04      0.7668069322657272E+07
  0.45700000E+03     -0.2779331825048384E+04      0.7725171843188379E+07
  0.45800000E+03     -0.2789308809579618E+04      0.7780731886838908E+07
  0.45900000E+03     -0.2799676700932670E+04      0.7838682724942910E+07
  0.46000000E+03     -0.2809760086116309E+04      0.7895247019436489E+07
  0.46100000E+03     -0.2819832354449849E+04      0.7951954583042731E+07
  0.46200000E+03     -0.2829956688949288E+04      0.8009158355608865E+07
  0.46300000E+03     -0.2840119520604592E+04      0.8066788137775034E+07
  0.46400000E+03     -0.2850115138938119E+04      0.8123664776573798E+07
  0.46500000E+03     -0.2860041055931979E+04      0.8180346274158653E+07
  0.46600000E+03     -0.2870048743584217E+04      0.8237698558800006E+07
  0.46700000E+03     -0.2880028038011956E+04      0.8295083714138834E+07
  0.46800000E+03     -0.2889919463003773E+04      0.8352156295034432E+07
  0.46900000E+03     -0.2899877912216536E+04      0.8409822720847724E+07
  0.47000000E+03     -0.2909783032401004E+04      0.8467370492610488E+07
  0.47100000E+03     -0.2919643056849589E+04      0.8524846055448728E+07
  0.47200000E+03     -0.2929379788609327E+04      0.8581808756111162E+07
  0.47300000E+03     -0.2939202095927624E+04      0.8639457078130934E+07
  0.47400000E+03     -0.2949198023781730E+04      0.8698317149615610E+07
  0.47500000E+03     -0.2958846078692661E+04      0.8755321039207933E+07
  0.47600000E+03     -0.2968379008383925E+04      0.8811827945495382E+07
  0.47700000E+03     -0.2978245361468047E+04      0.8870508926205354E+07
  0.47800000E+03     -0.2987651719184225E+04      0.8926625324629903E+07
  0.47900000E+03     -0.2997110546790800E+04      0.8983242089761574E+07
  0.48000000E+03     -0.3007010096343879E+04      0.9042682784982091E+07
  0.48100000E+03     -0.3016484061217973E+04      0.9099749472736977E+07
  0.48200000E+03     -0.3025985436633646E+04      0.9157169798493952E+07
  0.48300000E+03     -0.3035412895611738E+04      0.9214315305032576E+07
  0.48400000E+03     -0.3044924591978950E+04      0.9272151743038505E+07
  0.48500000E+03     -0.3054292464160932E+04      0.9329294860675136E+07
  0.48600000E+03     -0.3063830152533049E+04      0.9387654021121107E+07
  0.48700000E+03     -0.3072936553510744E+04      0.9443544586159784E+07
  0.48800000E+03     -0.3082471451883836E+04      0.9502237484805778E+07
  0.48900000E+03     -0.3091373536022742E+04      0.9557202273416322E+07
  0.49000000E+03     -0.3100642072667749E+04      0.9614598619798291E+07
  0.49100000E+03     -0.3109905221062105E+04      0.9672125431796990E+07
  0.49200000E+03     -0.3118886231683436E+04      0.9728072120483564E+07
  0.49300000E+03     -0.3128021197921138E+04      0.9785139946673786E+07
  0.49400000E+03     -0.3136958116172771E+04      0.9841135476522144E+07
  0.49500000E+03     -0.3145773902439493E+04      0.9896527331703873E+07
  0.49600000E+03     -0.3154661572861635E+04      0.9952526616732091E+07
  0.49700000E+03     -0.3163331822671279E+04      0.1000731122110602E+08
  0.49800000E+03     -0.3172583551687225E+04      0.1006593001985590E+08
  0.49900000E+03     -0.3181616110982866E+04      0.1012333251925348E+08
  0.50000000E+03     -0.3190449869657673E+04      0.1017962876748600E+08
  0.50100000E+03     -0.3198540228297196E+04      0.1023132224725259E+08
  0.50200000E+03     -0.3206909139248368E+04      0.1028492794007751E+08
  0.50300000E+03     -0.3215510497724481E+04      0.1034017442938612E+08
  0.50400000E+03     -0.3224218386430638E+04      0.1039625810289016E+08
  0.50500000E+03     -0.3232789524941892E+04      0.1045160733778920E+08
  0.50600000E+03     -0.3240954900842100E+04      0.1050446938273875E+08
  0.50700000E+03     -0.3248879736549956E+04      0.1055590039133252E+08
  0.50800000E+03     -0.3257605005547114E+04      0.1061268148224672E+08
  0.50900000E+03     -0.3266261066295710E+04      0.1066916430319359E+08
  0.51000000E+03     -0.3274473806950009E+04      0.1072288796495417E+08
