  0.00000000E+00     -0.5658046467357156E-09      0.9228372018821970E-18
  0.10000000E+01     -0.6057405675718342E-03      0.3669216351937683E-06
  0.20000000E+01     -0.4681304916914382E-01      0.2936397434174473E-01
  0.30000000E+01     -0.1394460386392597E+00      0.1038809741960646E+00
  0.40000000E+01     -0.2792188052432729E+00      0.2531084115617838E+00
  0.50000000E+01     -0.4670491002575201E+00      0.5212477073300366E+00
  0.60000000E+01     -0.7038823666519812E+00      0.9682387373382538E+00
  0.70000000E+01     -0.9909072617805581E+00      0.1671927983472880E+01
  0.80000000E+01     -0.1328939456658690E+01      0.2726813258744067E+01
  0.90000000E+01     -0.1720354341805056E+01      0.4253454122516170E+01
  0.10000000E+02     -0.2165406383583199E+01      0.6386303645363665E+01
  0.11000000E+02     -0.2666982188091443E+01      0.9296926498614566E+01
  0.12000000E+02     -0.3227341618392547E+01      0.1318374058227595E+02
  0.13000000E+02     -0.3847277336938022E+01      0.1826795181182626E+02
  0.14000000E+02     -0.4531414937855489E+01      0.2483254462839107E+02
  0.15000000E+02     -0.5281932500255902E+01      0.3319242385646971E+02
  0.16000000E+02     -0.6102718468120107E+01      0.4372728235895261E+02
  0.17000000E+02     -0.6998123072514509E+01      0.5687901779728804E+02
  0.18000000E+02     -0.7972607239391841E+01      0.7317524778930449E+02
  0.19000000E+02     -0.9034922273124094E+01      0.9330220416884015E+02
  0.20000000E+02     -0.1019051489072734E+02      0.1180124726930572E+03
  0.21000000E+02     -0.1144818967363357E+02      0.1482369307882382E+03
  0.22000000E+02     -0.1281750747703309E+02      0.1850974636769165E+03
  0.23000000E+02     -0.1430935392253377E+02      0.2299654950293665E+03
  0.24000000E+02     -0.1593917132277316E+02      0.2845686598778811E+03
  0.25000000E+02     -0.1771878949271332E+02      0.3508062316495711E+03
  0.26000000E+02     -0.1966430828450104E+02      0.4311030364696600E+03
  0.27000000E+02     -0.2179676752588205E+02      0.5283958979224701E+03
  0.28000000E+02     -0.2412244554726574E+02      0.6453881333342849E+03
  0.29000000E+02     -0.2666190134570385E+02      0.7858541025517958E+03
  0.30000000E+02     -0.2941985508362844E+02      0.9531082992423406E+03
  0.31000000E+02     -0.3240094279539289E+02      0.1150774359530648E+04
  0.32000000E+02     -0.3559762273228012E+02      0.1381787131471899E+04
  0.33000000E+02     -0.3899542150042183E+02      0.1648504044192845E+04
  0.34000000E+02     -0.4257215811455743E+02      0.1952606938662266E+04
  0.35000000E+02     -0.4629929596817928E+02      0.2294761973291588E+04
  0.36000000E+02     -0.5013920698944727E+02      0.2674224130074792E+04
  0.37000000E+02     -0.5406564262681052E+02      0.3090713093883861E+04
  0.38000000E+02     -0.5806104913154605E+02      0.3544209686526798E+04
  0.39000000E+02     -0.6208347191768222E+02      0.4031406383104360E+04
  0.40000000E+02     -0.6612111409046393E+02      0.4551598697740618E+04
  0.41000000E+02     -0.7016326589507622E+02      0.5104131450839952E+04
  0.42000000E+02     -0.7419749339988603E+02      0.5687409572609798E+04
  0.43000000E+02     -0.7822047421241642E+02      0.6300800203134551E+04
  0.44000000E+02     -0.8222336326691529E+02      0.6943064518495323E+04
  0.45000000E+02     -0.8621359539237075E+02      0.7615186271864680E+04
  0.46000000E+02     -0.9019359404622503E+02      0.8317226501708730E+04
  0.47000000E+02     -0.9416410010053772E+02      0.9049016367454275E+04
  0.48000000E+02     -0.9811319298909550E+02      0.9808294262974412E+04
  0.49000000E+02     -0.1020681040456810E+03      0.1059993172172525E+05
  0.50000000E+02     -0.1060137391386350E+03      0.1142093645168414E+05
  0.51000000E+02     -0.1099551078463196E+03      0.1227231696914486E+05
  0.52000000E+02     -0.1138863231778096E+03      0.1315246491700663E+05
  0.53000000E+02     -0.1178193636532881E+03      0.1406401165518568E+05
  0.54000000E+02     -0.1217517234714809E+03      0.1500647166391932E+05
  0.55000000E+02     -0.1256805570892897E+03      0.1597900055268486E+05
  0.56000000E+02     -0.1296211298910301E+03      0.1698557316536251E+05
  0.57000000E+02     -0.1335679174764779E+03      0.1802498072452726E+05
  0.58000000E+02     -0.1375226229428227E+03      0.1909777399705317E+05
  0.59000000E+02     -0.1414840397210179E+03      0.2020372582504190E+05
  0.60000000E+02     -0.1454620755757204E+03      0.2134587454106669E+05
  0.61000000E+02     -0.1494488458248080E+03      0.2252237070479987E+05
  0.62000000E+02     -0.1534468617566233E+03      0.2373408362920929E+05
  0.63000000E+02     -0.1574691035277997E+03      0.2498539080556172E+05
  0.64000000E+02     -0.1615091257775612E+03      0.2627484630026837E+05
  0.65000000E+02     -0.1655731050888812E+03      0.2760495650721144E+05
  0.66000000E+02     -0.1696577417525795E+03      0.2897501480595585E+05
  0.67000000E+02     -0.1737581345400058E+03      0.3038411776363953E+05
  0.68000000E+02     -0.1778925803761206E+03      0.3183892603570635E+05
  0.69000000E+02     -0.1820465765154501E+03      0.3333519141126341E+05
  0.70000000E+02     -0.1862405955463646E+03      0.3488112275180460E+05
  0.71000000E+02     -0.1904655220231633E+03      0.3647403790985757E+05
  0.72000000E+02     -0.1947327867379011E+03      0.3811921618976052E+05
  0.73000000E+02     -0.1990301137474302E+03      0.3981304016284949E+05
  0.74000000E+02     -0.2033702565990602E+03      0.4156129605406115E+05
  0.75000000E+02     -0.2077446476615826E+03      0.4336161969125543E+05
  0.76000000E+02     -0.2121550403675165E+03      0.4521554079670973E+05
  0.77000000E+02     -0.2165958071643400E+03      0.4712157288282983E+05
  0.78000000E+02     -0.2210670854218265E+03      0.4908059877669754E+05
  0.79000000E+02     -0.2255641355321390E+03      0.5109128743392575E+05
  0.80000000E+02     -0.2300970748093682E+03      0.5315897284053205E+05
  0.81000000E+02     -0.2346484148983390E+03      0.5527612575766315E+05
  0.82000000E+02     -0.2392242921240012E+03      0.5744670525356267E+05
  0.83000000E+02     -0.2438092836976383E+03      0.5966344092015758E+05
  0.84000000E+02     -0.2484216276121688E+03      0.6193580594409219E+05
  0.85000000E+02     -0.2530372360369241E+03      0.6425239949469787E+05
  0.86000000E+02     -0.2576700610731546E+03      0.6662032040596957E+05
  0.87000000E+02     -0.2623078732415001E+03      0.6903348993094513E+05
  0.88000000E+02     -0.2669515592837523E+03      0.7149290413837296E+05
  0.89000000E+02     -0.2716047151416886E+03      0.7400049540619385E+05
  0.90000000E+02     -0.2762554566733718E+03      0.7655039439831904E+05
  0.91000000E+02     -0.2809087044170033E+03      0.7914479130694341E+05
  0.92000000E+02     -0.2855706296396805E+03      0.8178755695851563E+05
  0.93000000E+02     -0.2902339181843226E+03      0.8447445514822837E+05
  0.94000000E+02     -0.2948958998981012E+03      0.8720405623976665E+05
  0.95000000E+02     -0.2995578916945751E+03      0.8997719489361883E+05
  0.96000000E+02     -0.3042236839620828E+03      0.9279602273396213E+05
  0.97000000E+02     -0.3088918278670088E+03      0.9565974027562929E+05
  0.98000000E+02     -0.3135639640879413E+03      0.9856980374942841E+05
  0.99000000E+02     -0.3182357055830373E+03      0.1015230559892677E+06
  0.10000000E+03     -0.3228931758339427E+03      0.1045108653675231E+06
  0.10100000E+03     -0.3275494171555632E+03      0.1075410046108326E+06
  0.10200000E+03     -0.3322202376222618E+03      0.1106244537285303E+06
  0.10300000E+03     -0.3368659191108467E+03      0.1137343443906442E+06
  0.10400000E+03     -0.3415304161996358E+03      0.1169005612547080E+06
  0.10500000E+03     -0.3461977161374539E+03      0.1201120817027106E+06
  0.10600000E+03     -0.3508513502630851E+03      0.1233576415253707E+06
  0.10700000E+03     -0.3555023315487156E+03      0.1266449860190113E+06
  0.10800000E+03     -0.3601592849245054E+03      0.1299795060599859E+06
  0.10900000E+03     -0.3648158723018272E+03      0.1333569774828797E+06
  0.11000000E+03     -0.3694730636207846E+03      0.1367782155138436E+06
  0.11100000E+03     -0.3741111212286401E+03      0.1402284388477139E+06
  0.11200000E+03     -0.3787474875839366E+03      0.1437207204388565E+06
  0.11300000E+03     -0.3833881251051315E+03      0.1472590477518097E+06
  0.11400000E+03     -0.3880351523388223E+03      0.1508451593713044E+06
  0.11500000E+03     -0.3926582207931381E+03      0.1544553860906278E+06
  0.11600000E+03     -0.3972907716983175E+03      0.1581161444009188E+06
  0.11700000E+03     -0.4019247112172406E+03      0.1618207192201167E+06
  0.11800000E+03     -0.4065558675661653E+03      0.1655655576100151E+06
  0.11900000E+03     -0.4111848078166951E+03      0.1693516180349382E+06
  0.12000000E+03     -0.4158250724185808E+03      0.1731898916649339E+06
  0.12100000E+03     -0.4204591499594262E+03      0.1770659237362090E+06
  0.12200000E+03     -0.4251137038020806E+03      0.1810021383678232E+06
  0.12300000E+03     -0.4297701710191681E+03      0.1849833418622997E+06
  0.12400000E+03     -0.4344425031883152E+03      0.1890213989185472E+06
  0.12500000E+03     -0.4391265600818337E+03      0.1931134442518047E+06
  0.12600000E+03     -0.4438364894920394E+03      0.1972724378403327E+06
  0.12700000E+03     -0.4485672574372669E+03      0.2014938180254030E+06
  0.12800000E+03     -0.4533186224024273E+03      0.2057787053671927E+06
  0.12900000E+03     -0.4580982534721684E+03      0.2101346722158640E+06
  0.13000000E+03     -0.4629069406794068E+03      0.2145632246386686E+06
  0.13100000E+03     -0.4677361898956984E+03      0.2190570751949140E+06
  0.13200000E+03     -0.4726125381169642E+03      0.2236422781797308E+06
  0.13300000E+03     -0.4775114095385919E+03      0.2282964625372157E+06
  0.13400000E+03     -0.4824489916295543E+03      0.2330360438269837E+06
  0.13500000E+03     -0.4874292178679856E+03      0.2378661672176570E+06
  0.13600000E+03     -0.4924527793162535E+03      0.2427884683391716E+06
  0.13700000E+03     -0.4975240219522447E+03      0.2478085231104495E+06
  0.13800000E+03     -0.5026436050013607E+03      0.2529284126942851E+06
  0.13900000E+03     -0.5078073879604132E+03      0.2581459306083402E+06
  0.14000000E+03     -0.5130355018492492E+03      0.2634827246479086E+06
  0.14100000E+03     -0.5183219105692748E+03      0.2689348465017837E+06
  0.14200000E+03     -0.5236629742879377E+03      0.2745000061276625E+06
  0.14300000E+03     -0.5290798952748614E+03      0.2802028617051409E+06
  0.14400000E+03     -0.5345693572208131E+03      0.2860418609666224E+06
  0.14500000E+03     -0.5401079020688085E+03      0.2919947190709221E+06
  0.14600000E+03     -0.5457230212580603E+03      0.2980922570466431E+06
  0.14700000E+03     -0.5513776780826047E+03      0.3042968814289701E+06
  0.14800000E+03     -0.5570997568043156E+03      0.3106406435937741E+06
  0.14900000E+03     -0.5628652442585558E+03      0.3170989694296460E+06
  0.15000000E+03     -0.5686715521184877E+03      0.3236703244317030E+06
  0.15100000E+03     -0.5745173371264742E+03      0.3303545120794288E+06
  0.15200000E+03     -0.5804348600705326E+03      0.3371905656093371E+06
  0.15300000E+03     -0.5863325252529053E+03      0.3440733437135366E+06
  0.15400000E+03     -0.5922517610055352E+03      0.3510512205741993E+06
  0.15500000E+03     -0.5982110106689455E+03      0.3581474330084159E+06
  0.15600000E+03     -0.6041584172151761E+03      0.3653000278617535E+06
  0.15700000E+03     -0.6101156881326159E+03      0.3725354422709677E+06
  0.15800000E+03     -0.6160840103237387E+03      0.3798555859082535E+06
  0.15900000E+03     -0.6220561903952789E+03      0.3872517444123151E+06
  0.16000000E+03     -0.6280211334950382E+03      0.3947098155497232E+06
  0.16100000E+03     -0.6340007185778417E+03      0.4022578772150362E+06
  0.16200000E+03     -0.6399736772180547E+03      0.4098689524652305E+06
  0.16300000E+03     -0.6459554975211541E+03      0.4175626145090534E+06
  0.16400000E+03     -0.6519325487647315E+03      0.4253214988288996E+06
  0.16500000E+03     -0.6579107325422422E+03      0.4331535573108784E+06
  0.16600000E+03     -0.6638818446345048E+03      0.4410476969379510E+06
  0.16700000E+03     -0.6698467597124995E+03      0.4490047908608606E+06
  0.16800000E+03     -0.6758040196049442E+03      0.4570229804244577E+06
  0.16900000E+03     -0.6817727624538253E+03      0.4651274772405022E+06
  0.17000000E+03     -0.6877367313533730E+03      0.4732969601592249E+06
  0.17100000E+03     -0.6937004463284660E+03      0.4815375057140290E+06
  0.17200000E+03     -0.6996783617376450E+03      0.4898688193851443E+06
  0.17300000E+03     -0.7056548519098778E+03      0.4982696574990294E+06
  0.17400000E+03     -0.7116319598152420E+03      0.5067427053275423E+06
  0.17500000E+03     -0.7175960196953268E+03      0.5152683054206400E+06
  0.17600000E+03     -0.7235758529598612E+03      0.5238878101976343E+06
  0.17700000E+03     -0.7295459769183523E+03      0.5325648704034911E+06
  0.17800000E+03     -0.7355090654314062E+03      0.5413027765162489E+06
  0.17900000E+03     -0.7414766724533478E+03      0.5501185062954238E+06
  0.18000000E+03     -0.7474453022932173E+03      0.5590070325064854E+06
  0.18100000E+03     -0.7534001155945789E+03      0.5679459443249301E+06
  0.18200000E+03     -0.7593635279050602E+03      0.5769690408432612E+06
  0.18300000E+03     -0.7653228539009511E+03      0.5860573223900914E+06
  0.18400000E+03     -0.7712892087614064E+03      0.5952270770031412E+06
  0.18500000E+03     -0.7772561086389131E+03      0.6044693157066100E+06
  0.18600000E+03     -0.7832299329461774E+03      0.6137935937328524E+06
  0.18700000E+03     -0.7892032736382719E+03      0.6231884496150567E+06
  0.18800000E+03     -0.7951772168933041E+03      0.6326552875939079E+06
  0.18900000E+03     -0.8011421411370110E+03      0.6421791830371903E+06
  0.19000000E+03     -0.8071179914787261E+03      0.6517918345399430E+06
  0.19100000E+03     -0.8130892461385698E+03      0.6614687683867762E+06
  0.19200000E+03     -0.8190391867200420E+03      0.6711819598355219E+06
  0.19300000E+03     -0.8250114399280560E+03      0.6810027501361291E+06
  0.19400000E+03     -0.8309852665368685E+03      0.6908977026717879E+06
  0.19500000E+03     -0.8369304552272160E+03      0.7008152164914262E+06
  0.19600000E+03     -0.8428860605430117E+03      0.7108217345281397E+06
  0.19700000E+03     -0.8488577292518386E+03      0.7209265689049498E+06
  0.19800000E+03     -0.8548266783335011E+03      0.7310979642338118E+06
  0.19900000E+03     -0.8607904696273371E+03      0.7413319866291612E+06
  0.20000000E+03     -0.8667450524877701E+03      0.7516210937051879E+06
  0.20100000E+03     -0.8727041431840028E+03      0.7619890566740372E+06
  0.20200000E+03     -0.8786585477128992E+03      0.7724197573715276E+06
  0.20300000E+03     -0.8846069377279933E+03      0.7829100184224498E+06
  0.20400000E+03     -0.8905645236182742E+03      0.7934883173090562E+06
  0.20500000E+03     -0.8965077376531281E+03      0.8041114509330939E+06
  0.20600000E+03     -0.9024530268998175E+03      0.8148091870658750E+06
  0.20700000E+03     -0.9083973761367432E+03      0.8255758993722424E+06
  0.20800000E+03     -0.9143325331788566E+03      0.8363961440453789E+06
  0.20900000E+03     -0.9202518668972972E+03      0.8472582066903663E+06
  0.21000000E+03     -0.9261880239336076E+03      0.8582214383626402E+06
  0.21100000E+03     -0.9321120660316607E+03      0.8692328248742863E+06
  0.21200000E+03     -0.9380332839493485E+03      0.8803092716977969E+06
  0.21300000E+03     -0.9439439667570872E+03      0.8914357652345796E+06
  0.21400000E+03     -0.9498509602615445E+03      0.9026250630290953E+06
  0.21500000E+03     -0.9557495729848437E+03      0.9138683428611073E+06
  0.21600000E+03     -0.9616539060981967E+03      0.9251926752527948E+06
  0.21700000E+03     -0.9675392724245088E+03      0.9365499229224609E+06
  0.21800000E+03     -0.9734356846432086E+03      0.9479977103612423E+06
  0.21900000E+03     -0.9793081968307081E+03      0.9594685436579124E+06
  0.22000000E+03     -0.9851954973151011E+03      0.9710387231366389E+06
  0.22100000E+03     -0.9910479786089096E+03      0.9826082844174501E+06
  0.22200000E+03     -0.9969022125164996E+03      0.9942500286249553E+06
  0.22300000E+03     -0.1002759955957235E+04      0.1005967931115116E+07
  0.22400000E+03     -0.1008567155683305E+04      0.1017651824609511E+07
  0.22500000E+03     -0.1014366735015519E+04      0.1029388649310541E+07
  0.22600000E+03     -0.1020150890131482E+04      0.1041161498275263E+07
  0.22700000E+03     -0.1025918659253020E+04      0.1052967708297058E+07
  0.22800000E+03     -0.1031673502586167E+04      0.1064813932564752E+07
  0.22900000E+03     -0.1037388478131360E+04      0.1076644288901836E+07
  0.23000000E+03     -0.1043082530590897E+04      0.1088496738588984E+07
  0.23100000E+03     -0.1048738852267363E+04      0.1100335051133337E+07
  0.23200000E+03     -0.1054371879518443E+04      0.1112188708544611E+07
  0.23300000E+03     -0.1059959679335340E+04      0.1124010327177445E+07
  0.23400000E+03     -0.1065486363000008E+04      0.1135764664806457E+07
  0.23500000E+03     -0.1070986963379468E+04      0.1147524445631073E+07
  0.23600000E+03     -0.1076423811801356E+04      0.1159208287639995E+07
  0.23700000E+03     -0.1081793273267370E+04      0.1170806561159224E+07
  0.23800000E+03     -0.1087109464453982E+04      0.1182347162928314E+07
  0.23900000E+03     -0.1092345840759893E+04      0.1193770525171789E+07
  0.24000000E+03     -0.1097504216989426E+04      0.1205078151314725E+07
  0.24100000E+03     -0.1102579984998804E+04      0.1216257222751506E+07
  0.24200000E+03     -0.1107531812935406E+04      0.1227213286131453E+07
  0.24300000E+03     -0.1112408627935350E+04      0.1238051001737621E+07
  0.24400000E+03     -0.1117189328039686E+04      0.1248721137244891E+07
  0.24500000E+03     -0.1121765580212657E+04      0.1258979000181402E+07
  0.24600000E+03     -0.1126345287829427E+04      0.1269284207043256E+07
  0.24700000E+03     -0.1130865961280930E+04      0.1279493881139331E+07
  0.24800000E+03     -0.1135329154193033E+04      0.1289611208009723E+07
  0.24900000E+03     -0.1139758064804713E+04      0.1299687601700748E+07
  0.25000000E+03     -0.1144153144936385E+04      0.1309723504580629E+07
  0.25100000E+03     -0.1148559274201313E+04      0.1319819151187090E+07
  0.25200000E+03     -0.1153037468624230E+04      0.1330118493845475E+07
  0.25300000E+03     -0.1157594849366057E+04      0.1340639106842249E+07
  0.25400000E+03     -0.1162244036099982E+04      0.1351411777785191E+07
  0.25500000E+03     -0.1166965741932243E+04      0.1362394653852090E+07
  0.25600000E+03     -0.1171782654890355E+04      0.1373647309142105E+07
  0.25700000E+03     -0.1176746728097931E+04      0.1385292482395501E+07
  0.25800000E+03     -0.1181844040608823E+04      0.1397302038592197E+07
  0.25900000E+03     -0.1187042095398447E+04      0.1409604265471496E+07
  0.26000000E+03     -0.1192385095074936E+04      0.1422307781132712E+07
  0.26100000E+03     -0.1197863009326729E+04      0.1435392079645763E+07
  0.26200000E+03     -0.1203578163227581E+04      0.1449107657579976E+07
  0.26300000E+03     -0.1209216513429779E+04      0.1462703553594197E+07
  0.26400000E+03     -0.1214951510788899E+04      0.1476599420879873E+07
  0.26500000E+03     -0.1220898485521677E+04      0.1491078529336837E+07
  0.26600000E+03     -0.1226822828447222E+04      0.1505574764698496E+07
  0.26700000E+03     -0.1232820553840842E+04      0.1520322061528773E+07
  0.26800000E+03     -0.1238862494617024E+04      0.1535252039138562E+07
  0.26900000E+03     -0.1244958031741588E+04      0.1550389858935197E+07
  0.27000000E+03     -0.1251107147025571E+04      0.1565736761444356E+07
  0.27100000E+03     -0.1257324168895625E+04      0.1581329011994394E+07
  0.27200000E+03     -0.1263612244942929E+04      0.1597179142386331E+07
  0.27300000E+03     -0.1269916764035405E+04      0.1613152179808296E+07
  0.27400000E+03     -0.1276280052813904E+04      0.1629354425626507E+07
  0.27500000E+03     -0.1282656869940036E+04      0.1645672416174551E+07
  0.27600000E+03     -0.1289062572450833E+04      0.1662147157338179E+07
  0.27700000E+03     -0.1295523158068962E+04      0.1678846751303876E+07
  0.27800000E+03     -0.1302001143859706E+04      0.1695675198771124E+07
  0.27900000E+03     -0.1308495543552016E+04      0.1712630233844974E+07
  0.28000000E+03     -0.1315014874951423E+04      0.1729735314311800E+07
  0.28100000E+03     -0.1321525656106041E+04      0.1746903607769341E+07
  0.28200000E+03     -0.1328095549059711E+04      0.1764313428362011E+07
  0.28300000E+03     -0.1334641338437229E+04      0.1781746367685878E+07
  0.28400000E+03     -0.1341199256955837E+04      0.1799297126852538E+07
  0.28500000E+03     -0.1347740885127876E+04      0.1816889997170273E+07
  0.28600000E+03     -0.1354274202369182E+04      0.1834547386179177E+07
  0.28700000E+03     -0.1360784407088616E+04      0.1852226305378656E+07
  0.28800000E+03     -0.1367351708809945E+04      0.1870146475624780E+07
  0.28900000E+03     -0.1373923693165033E+04      0.1888165691511686E+07
  0.29000000E+03     -0.1380448891664658E+04      0.1906143152821315E+07
  0.29100000E+03     -0.1386972911291822E+04      0.1924201158186860E+07
  0.29200000E+03     -0.1393504540538344E+04      0.1942366573100370E+07
  0.29300000E+03     -0.1400009548830470E+04      0.1960543268013313E+07
  0.29400000E+03     -0.1406498590262911E+04      0.1978760199136476E+07
  0.29500000E+03     -0.1412969042513938E+04      0.1997008846255624E+07
  0.29600000E+03     -0.1419383967001027E+04      0.2015183911876683E+07
  0.29700000E+03     -0.1425805670552441E+04      0.2033460923620190E+07
  0.29800000E+03     -0.1432208773037502E+04      0.2051766241186765E+07
  0.29900000E+03     -0.1438597371938472E+04      0.2070111240888685E+07
  0.30000000E+03     -0.1444912778092135E+04      0.2088328195402623E+07
  0.30100000E+03     -0.1451250618410533E+04      0.2106690612288779E+07
  0.30200000E+03     -0.1457560124895976E+04      0.2125049044526583E+07
  0.30300000E+03     -0.1463840701879843E+04      0.2143402082171617E+07
  0.30400000E+03     -0.1470071998548486E+04      0.2161689244369929E+07
  0.30500000E+03     -0.1476297303435581E+04      0.2180035269241965E+07
  0.30600000E+03     -0.1482520213658857E+04      0.2198449631647731E+07
  0.30700000E+03     -0.1488691753398622E+04      0.2216789523516525E+07
  0.30800000E+03     -0.1494827428000050E+04      0.2235098760792550E+07
  0.30900000E+03     -0.1501001733730883E+04      0.2253596563112656E+07
  0.31000000E+03     -0.1507099752977997E+04      0.2271939930332756E+07
  0.31100000E+03     -0.1513216982267720E+04      0.2290416087190890E+07
  0.31200000E+03     -0.1519351415463294E+04      0.2309018630852782E+07
  0.31300000E+03     -0.1525512967356349E+04      0.2327780201243313E+07
  0.31400000E+03     -0.1531635863521857E+04      0.2346497508251525E+07
  0.31500000E+03     -0.1537812158371175E+04      0.2365452202131554E+07
  0.31600000E+03     -0.1544049098722041E+04      0.2384670820450501E+07
  0.31700000E+03     -0.1550268946187847E+04      0.2403915456086474E+07
  0.31800000E+03     -0.1556601334169500E+04      0.2423585140116570E+07
  0.31900000E+03     -0.1562911883967970E+04      0.2443268410850198E+07
  0.32000000E+03     -0.1569221940726422E+04      0.2463030796179205E+07
  0.32100000E+03     -0.1575686014885327E+04      0.2483354444985465E+07
  0.32200000E+03     -0.1582058159775505E+04      0.2503476978695144E+07
  0.32300000E+03     -0.1588464125851920E+04      0.2523788584915415E+07
  0.32400000E+03     -0.1594842225752619E+04      0.2544094885721082E+07
  0.32500000E+03     -0.1601292511997977E+04      0.2564713368388268E+07
  0.32600000E+03     -0.1607760848712099E+04      0.2585476718616596E+07
  0.32700000E+03     -0.1614153368929886E+04      0.2606078952842081E+07
  0.32800000E+03     -0.1620555256391073E+04      0.2626795763752880E+07
  0.32900000E+03     -0.1626982036773587E+04      0.2647679366421643E+07
  0.33000000E+03     -0.1633265653540672E+04      0.2668170117385566E+07
  0.33100000E+03     -0.1639554852037703E+04      0.2688766726243522E+07
  0.33200000E+03     -0.1645724092125997E+04      0.2709047458924409E+07
  0.33300000E+03     -0.1651837293154906E+04      0.2729214152358010E+07
  0.33400000E+03     -0.1657926133289044E+04      0.2749382537326074E+07
  0.33500000E+03     -0.1663826160371361E+04      0.2768997418951788E+07
  0.33600000E+03     -0.1669638477962361E+04      0.2788388572271598E+07
  0.33700000E+03     -0.1675291378550148E+04      0.2807309202241345E+07
  0.33800000E+03     -0.1680877120768091E+04      0.2826065107364947E+07
  0.33900000E+03     -0.1686429316089736E+04      0.2844763178601515E+07
  0.34000000E+03     -0.1692142486932502E+04      0.2864056283528098E+07
  0.34100000E+03     -0.1697676284450931E+04      0.2882799864546490E+07
  0.34200000E+03     -0.1703286523672299E+04      0.2901856055625221E+07
  0.34300000E+03     -0.1709131747778903E+04      0.2921766160470870E+07
  0.34400000E+03     -0.1715129419134762E+04      0.2942261505390497E+07
  0.34500000E+03     -0.1721472484379014E+04      0.2964014759925727E+07
  0.34600000E+03     -0.1728139838624601E+04      0.2986967822048712E+07
  0.34700000E+03     -0.1735070946135945E+04      0.3010923411787430E+07
  0.34800000E+03     -0.1742418812659368E+04      0.3036431787212154E+07
  0.34900000E+03     -0.1750124321102321E+04      0.3063303267492907E+07
  0.35000000E+03     -0.1758289817035220E+04      0.3091920061290178E+07
  0.35100000E+03     -0.1766475111157828E+04      0.3120739602125767E+07
  0.35200000E+03     -0.1774962392898080E+04      0.3150769625559236E+07
  0.35300000E+03     -0.1783815476135005E+04      0.3182257618778334E+07
  0.35400000E+03     -0.1792703125420051E+04      0.3214025059636369E+07
  0.35500000E+03     -0.1801785877163645E+04      0.3246657361707023E+07
  0.35600000E+03     -0.1811015104627546E+04      0.3279987717808102E+07
  0.35700000E+03     -0.1820376616780329E+04      0.3313972720100367E+07
  0.35800000E+03     -0.1829840223680654E+04      0.3348507625954720E+07
  0.35900000E+03     -0.1839447390762919E+04      0.3383752291155032E+07
  0.36000000E+03     -0.1849086274098309E+04      0.3419299358954247E+07
  0.36100000E+03     -0.1858883806626358E+04      0.3455624181333573E+07
  0.36200000E+03     -0.1868779722590306E+04      0.3492508987895465E+07
  0.36300000E+03     -0.1878715211051380E+04      0.3529739541988762E+07
  0.36400000E+03     -0.1888726027845154E+04      0.3567451868953164E+07
  0.36500000E+03     -0.1898804147737845E+04      0.3605621412139219E+07
  0.36600000E+03     -0.1908957635087628E+04      0.3644281718888069E+07
  0.36700000E+03     -0.1919074630316877E+04      0.3683008935844920E+07
  0.36800000E+03     -0.1929288896946066E+04      0.3722317204619301E+07
  0.36900000E+03     -0.1939525023549975E+04      0.3761917063099730E+07
  0.37000000E+03     -0.1949801702793761E+04      0.3801886268769160E+07
  0.37100000E+03     -0.1960149437045987E+04      0.3842345305087841E+07
  0.37200000E+03     -0.1970527046945953E+04      0.3883136285904893E+07
  0.37300000E+03     -0.1980908242768238E+04      0.3924157227599492E+07
  0.37400000E+03     -0.1991373976567736E+04      0.3965729880073327E+07
  0.37500000E+03     -0.2001831525696482E+04      0.4007489326674604E+07
  0.37600000E+03     -0.2012417049722865E+04      0.4049983219388925E+07
  0.37700000E+03     -0.2022980381101492E+04      0.4092610097676436E+07
  0.37800000E+03     -0.2033599790643124E+04      0.4135689009025821E+07
  0.37900000E+03     -0.2044236406583936E+04      0.4179063926561519E+07
  0.38000000E+03     -0.2054860013263069E+04      0.4222611964188250E+07
  0.38100000E+03     -0.2065526316411611E+04      0.4266562444650816E+07
  0.38200000E+03     -0.2076230810448592E+04      0.4310898563609502E+07
  0.38300000E+03     -0.2086962168748868E+04      0.4355576469797897E+07
  0.38400000E+03     -0.2097733068372719E+04      0.4400650120297771E+07
  0.38500000E+03     -0.2108557180058143E+04      0.4446180536121376E+07
  0.38600000E+03     -0.2119424352611208E+04      0.4492127132215368E+07
  0.38700000E+03     -0.2130272660448820E+04      0.4538230946438030E+07
  0.38800000E+03     -0.2141201478835728E+04      0.4584913479091275E+07
  0.38900000E+03     -0.2152057897310870E+04      0.4631523778353025E+07
  0.39000000E+03     -0.2163005487943614E+04      0.4678765269701093E+07
  0.39100000E+03     -0.2173934197103554E+04      0.4726163069930686E+07
  0.39200000E+03     -0.2184904820547032E+04      0.4773984064385853E+07
  0.39300000E+03     -0.2195914332323015E+04      0.4822216098913346E+07
  0.39400000E+03     -0.2206943339196148E+04      0.4870776250797584E+07
  0.39500000E+03     -0.2217996004670747E+04      0.4919684552000940E+07
  0.39600000E+03     -0.2229040653385244E+04      0.4968801811050862E+07
  0.39700000E+03     -0.2240127808448778E+04      0.5018353714768374E+07
  0.39800000E+03     -0.2251184801976719E+04      0.5068015803710602E+07
  0.39900000E+03     -0.2262281550831843E+04      0.5118101157257999E+07
  0.40000000E+03     -0.2273416058596533E+04      0.5168605768769932E+07
  0.40100000E+03     -0.2284549258658511E+04      0.5219352238220702E+07
  0.40200000E+03     -0.2295757696897974E+04      0.5270692082339109E+07
  0.40300000E+03     -0.2306906492824617E+04      0.5322007736647987E+07
  0.40400000E+03     -0.2318100522679791E+04      0.5373781128559537E+07
  0.40500000E+03     -0.2329295738878981E+04      0.5425811723568551E+07
  0.40600000E+03     -0.2340548523362903E+04      0.5478361993945347E+07
  0.40700000E+03     -0.2351866486463220E+04      0.5531472707182933E+07
  0.40800000E+03     -0.2363126798660583E+04      0.5584565445948921E+07
  0.40900000E+03     -0.2374365874099027E+04      0.5637812520193428E+07
  0.41000000E+03     -0.2385640601619893E+04      0.5691481233102775E+07
  0.41100000E+03     -0.2396883427296153E+04      0.5745252798240587E+07
  0.41200000E+03     -0.2408185009697485E+04      0.5799559312926734E+07
  0.41300000E+03     -0.2419584675169229E+04      0.5854595861537762E+07
  0.41400000E+03     -0.2431024293391013E+04      0.5910085863229268E+07
  0.41500000E+03     -0.2442307242687771E+04      0.5965073375596826E+07
  0.41600000E+03     -0.2453639696801815E+04      0.6020558818814832E+07
  0.41700000E+03     -0.2464987867348850E+04      0.6076377685731178E+07
  0.41800000E+03     -0.2476416282021794E+04      0.6132852509767946E+07
  0.41900000E+03     -0.2487757169723166E+04      0.6189152241041162E+07
  0.42000000E+03     -0.2499108179428516E+04      0.6245759788628784E+07
  0.42100000E+03     -0.2510593803730153E+04      0.6303301282949544E+07
  0.42200000E+03     -0.2522062404414665E+04      0.6361020495072539E+07
  0.42300000E+03     -0.2533360699463642E+04      0.6418140737783360E+07
  0.42400000E+03     -0.2544799310268288E+04      0.6476230119132926E+07
  0.42500000E+03     -0.2556211753057803E+04      0.6534445421740673E+07
  0.42600000E+03     -0.2567621779322370E+04      0.6592910746335407E+07
  0.42700000E+03     -0.2579085946540003E+04      0.6651916544948811E+07
  0.42800000E+03     -0.2590490401103774E+04      0.6710873855486600E+07
  0.42900000E+03     -0.2601858145275878E+04      0.6769901130738274E+07
  0.43000000E+03     -0.2613332934478189E+04      0.6829746577428791E+07
  0.43100000E+03     -0.2624724764701321E+04      0.6889419657165505E+07
  0.43200000E+03     -0.2636136199693080E+04      0.6949456229020276E+07
  0.43300000E+03     -0.2647734640331053E+04      0.7010741781803129E+07
  0.43400000E+03     -0.2659203567238940E+04      0.7071608621019346E+07
  0.43500000E+03     -0.2670486557225625E+04      0.7131744885471471E+07
  0.43600000E+03     -0.2682009742069779E+04      0.7193425378679892E+07
  0.43700000E+03     -0.2693411593392359E+04      0.7254716443560531E+07
  0.43800000E+03     -0.2704885017976057E+04      0.7316655055295968E+07
  0.43900000E+03     -0.2716201827077429E+04      0.7378008647485232E+07
  0.44000000E+03     -0.2727664983489580E+04      0.7440412478052281E+07
  0.44100000E+03     -0.2738986234262248E+04      0.7502303397847206E+07
  0.44200000E+03     -0.2750477496493008E+04      0.7565387218625473E+07
  0.44300000E+03     -0.2761878861603795E+04      0.7628236888188370E+07
  0.44400000E+03     -0.2773317807185077E+04      0.7691555715131070E+07
  0.44500000E+03     -0.2784783038088887E+04      0.7755285279418116E+07
  0.44600000E+03     -0.2796221882499165E+04      0.7819127597278037E+07
  0.44700000E+03     -0.2807478676980936E+04      0.7882206403163312E+07
  0.44800000E+03     -0.2818919347747810E+04      0.7946578339143156E+07
  0.44900000E+03     -0.2830205445705951E+04      0.8010337560822461E+07
  0.45000000E+03     -0.2841475082219642E+04      0.8074258515647246E+07
  0.45100000E+03     -0.2852915015554610E+04      0.8139404260794007E+07
  0.45200000E+03     -0.2864195463720362E+04      0.8203898592011831E+07
  0.45300000E+03     -0.2875538429665703E+04      0.8269002725371953E+07
  0.45400000E+03     -0.2886911902703543E+04      0.8334546512460737E+07
  0.45500000E+03     -0.2898227360183441E+04      0.8400011496949131E+07
  0.45600000E+03     -0.2909438385339020E+04      0.8465121817301584E+07
  0.45700000E+03     -0.2920764333636319E+04      0.8531156620185133E+07
  0.45800000E+03     -0.2932044762447124E+04      0.8597181104609214E+07
  0.45900000E+03     -0.2943373675214360E+04      0.8663745464723255E+07
  0.46000000E+03     -0.2954564703972548E+04      0.8729751669516075E+07
  0.46100000E+03     -0.2965628580588444E+04      0.8795254520511948E+07
  0.46200000E+03     -0.2976744113826569E+04      0.8861307790510168E+07
  0.46300000E+03     -0.2987939314592368E+04      0.8928088529077003E+07
  0.46400000E+03     -0.2999012927436274E+04      0.8994386802891055E+07
  0.46500000E+03     -0.3010093035599141E+04      0.9060972569590425E+07
  0.46600000E+03     -0.3021358406851809E+04      0.9128920184373276E+07
  0.46700000E+03     -0.3032268301665079E+04      0.9194966925803320E+07
  0.46800000E+03     -0.3043360737210609E+04      0.9262362012623630E+07
  0.46900000E+03     -0.3054379952737357E+04      0.9329553938644938E+07
  0.47000000E+03     -0.3065504965324041E+04      0.9397640871762959E+07
  0.47100000E+03     -0.3076267806874426E+04      0.9463747117154121E+07
  0.47200000E+03     -0.3087335938879872E+04      0.9531970230355209E+07
  0.47300000E+03     -0.3098217162525568E+04      0.9599278369763834E+07
  0.47400000E+03     -0.3109263479220172E+04      0.9667850376497682E+07
  0.47500000E+03     -0.3120157012241426E+04      0.9735714308688913E+07
  0.47600000E+03     -0.3130868737604080E+04      0.9802674347167704E+07
  0.47700000E+03     -0.3141841764056330E+04      0.9871510976711761E+07
  0.47800000E+03     -0.3152626479844605E+04      0.9939396298937874E+07
  0.47900000E+03     -0.3163418729420331E+04      0.1000756366928713E+08
  0.48000000E+03     -0.3173850951237701E+04      0.1007367722350375E+08
  0.48100000E+03     -0.3184608881274315E+04      0.1014208131138868E+08
  0.48200000E+03     -0.3195304442308600E+04      0.1021032073320835E+08
  0.48300000E+03     -0.3206004693758197E+04      0.1027881942487435E+08
  0.48400000E+03     -0.3216615031060619E+04      0.1034696733122246E+08
  0.48500000E+03     -0.3227433313148098E+04      0.1041667919065956E+08
  0.48600000E+03     -0.3237812254750473E+04      0.1048379113931422E+08
  0.48700000E+03     -0.3248608614972937E+04      0.1055386804401398E+08
  0.48800000E+03     -0.3388000273445281E+04      0.1148854197855645E+08
  0.48900000E+03     -0.3411108205787867E+04      0.1164350602204653E+08
  0.49000000E+03     -0.3445001904914987E+04      0.1187122288466003E+08
  0.49100000E+03     -0.3494345189462761E+04      0.1221077645298919E+08
  0.49200000E+03     -0.3503324700474746E+04      0.1227360952974352E+08
  0.49300000E+03     -0.3511172397731874E+04      0.1232865941466408E+08
  0.49400000E+03     -0.3521791851800082E+04      0.1240334606445062E+08
  0.49500000E+03     -0.3546454729199717E+04      0.1257765793567972E+08
  0.49600000E+03     -0.3561414597387354E+04      0.1268399125127753E+08
  0.49700000E+03     -0.3575714554122341E+04      0.1278607006901234E+08
  0.49800000E+03     -0.3591513971859812E+04      0.1289929410539106E+08
  0.49900000E+03     -0.3606871560223624E+04      0.1300984143745424E+08
  0.50000000E+03     -0.3616633610431971E+04      0.1308036016308941E+08
  0.50100000E+03     -0.3623412563921389E+04      0.1312944070524838E+08
  0.50200000E+03     -0.3626680836446465E+04      0.1315314043612964E+08
  0.50300000E+03     -0.3633791801288181E+04      0.1320479249609418E+08
  0.50400000E+03     -0.3644816174136239E+04      0.1328506474899818E+08
  0.50500000E+03     -0.3662583818380283E+04      0.1341484678420008E+08
  0.50600000E+03     -0.3672796218588968E+04      0.1348975951061475E+08
  0.50700000E+03     -0.3683402062607754E+04      0.1356777872006221E+08
  0.50800000E+03     -0.3694624541514636E+04      0.1365059487245654E+08
  0.50900000E+03     -0.3712994379582512E+04      0.1378671688148963E+08
  0.51000000E+03     -0.3728957042877763E+04      0.1390550748245869E+08
