  0.00000000E+00     -0.4557048807543063E-09      0.2652376762275039E-18
  0.10000000E+01     -0.6057404572542808E-03      0.3669215015550020E-06
  0.20000000E+01     -0.3349703914783555E-01      0.1953193603406728E-01
  0.30000000E+01     -0.9879403943908976E-01      0.6532901624362936E-01
  0.40000000E+01     -0.1963668787916136E+00      0.1503706290331637E+00
  0.50000000E+01     -0.3262423348619247E+00      0.2936019225686358E+00
  0.60000000E+01     -0.4885722119694215E+00      0.5208372703757750E+00
  0.70000000E+01     -0.6826260790686602E+00      0.8626581222080688E+00
  0.80000000E+01     -0.9096326694988647E+00      0.1358871761903550E+01
  0.90000000E+01     -0.1168399795259795E+01      0.2051715484353416E+01
  0.10000000E+02     -0.1459657315144412E+01      0.2992539096916950E+01
  0.11000000E+02     -0.1783048605784158E+01      0.4238303233495093E+01
  0.12000000E+02     -0.2138846800323119E+01      0.5851872573068346E+01
  0.13000000E+02     -0.2526618043240446E+01      0.7899957151683711E+01
  0.14000000E+02     -0.2946484544447225E+01      0.1045871139001649E+02
  0.15000000E+02     -0.3398254828552954E+01      0.1360761749649566E+02
  0.16000000E+02     -0.3882739253412106E+01      0.1744014928952157E+02
  0.17000000E+02     -0.4398670666010319E+01      0.2204002234002016E+02
  0.18000000E+02     -0.4946667066749125E+01      0.2751187398636788E+02
  0.19000000E+02     -0.5526789999946867E+01      0.3396100410604549E+02
  0.20000000E+02     -0.6139830570027771E+01      0.4150940925198375E+02
  0.21000000E+02     -0.6784116163109356E+01      0.5025950617109135E+02
  0.22000000E+02     -0.7459781228043722E+01      0.6032918414387041E+02
  0.23000000E+02     -0.8168329986821300E+01      0.7187063636666356E+02
  0.24000000E+02     -0.8908798927984344E+01      0.8500882406576423E+02
  0.25000000E+02     -0.9680550453337229E+01      0.9987748697611202E+02
  0.26000000E+02     -0.1048497739098324E+02      0.1166392553366574E+03
  0.27000000E+02     -0.1132115616254893E+02      0.1354440079737896E+03
  0.28000000E+02     -0.1218848408737200E+02      0.1564219573112333E+03
  0.29000000E+02     -0.1308789577433375E+02      0.1797753567406094E+03
  0.30000000E+02     -0.1401730489684212E+02      0.2056075153016164E+03
  0.31000000E+02     -0.1498122621738099E+02      0.2342393937539545E+03
  0.32000000E+02     -0.1597548347496066E+02      0.2657160693896083E+03
  0.33000000E+02     -0.1700049280525053E+02      0.3002465419642610E+03
  0.34000000E+02     -0.1805713614336189E+02      0.3380377855566907E+03
  0.35000000E+02     -0.1914623779268193E+02      0.3793443791983067E+03
  0.36000000E+02     -0.2026635790810821E+02      0.4242909506760664E+03
  0.37000000E+02     -0.2141718609614609E+02      0.4730901081841156E+03
  0.38000000E+02     -0.2260304753462994E+02      0.5261609283842256E+03
  0.39000000E+02     -0.2381692994811939E+02      0.5833992901815947E+03
  0.40000000E+02     -0.2506237729742258E+02      0.6451892637028413E+03
  0.41000000E+02     -0.2633908719780307E+02      0.7117751007001738E+03
  0.42000000E+02     -0.2764724113389019E+02      0.7833651445989375E+03
  0.43000000E+02     -0.2898490497887770E+02      0.8601348816950947E+03
  0.44000000E+02     -0.3035410690792484E+02      0.9424123912730008E+03
  0.45000000E+02     -0.3175535049727286E+02      0.1030505278294636E+04
  0.46000000E+02     -0.3318632326330525E+02      0.1124517025581977E+04
  0.47000000E+02     -0.3464667822713132E+02      0.1224695497350207E+04
  0.48000000E+02     -0.3614059933121003E+02      0.1331586052220452E+04
  0.49000000E+02     -0.3766502168725915E+02      0.1445284082463987E+04
  0.50000000E+02     -0.3921923291343606E+02      0.1565989981203583E+04
  0.51000000E+02     -0.4080641614442550E+02      0.1694233591183306E+04
  0.52000000E+02     -0.4241831432563562E+02      0.1829644480232185E+04
  0.53000000E+02     -0.4406485474939888E+02      0.1973332313892450E+04
  0.54000000E+02     -0.4573932399707464E+02      0.2125002000004661E+04
  0.55000000E+02     -0.4744466156719118E+02      0.2285258437941633E+04
  0.56000000E+02     -0.4918029902302947E+02      0.2454346558919959E+04
  0.57000000E+02     -0.5094581613860993E+02      0.2632530898061184E+04
  0.58000000E+02     -0.5273910958006934E+02      0.2819899200819335E+04
  0.59000000E+02     -0.5456259647658018E+02      0.3016997095469746E+04
  0.60000000E+02     -0.5641667723488599E+02      0.3224263628741255E+04
  0.61000000E+02     -0.5830000452009930E+02      0.3441828839268366E+04
  0.62000000E+02     -0.6021280269034179E+02      0.3670052528829759E+04
  0.63000000E+02     -0.6215481493806062E+02      0.3909264199967462E+04
  0.64000000E+02     -0.6412767114521627E+02      0.4159996932624490E+04
  0.65000000E+02     -0.6613095082217623E+02      0.4422584310471227E+04
  0.66000000E+02     -0.6816194853482835E+02      0.4697027072668830E+04
  0.67000000E+02     -0.7022207304510941E+02      0.4983803114793729E+04
  0.68000000E+02     -0.7230849688330633E+02      0.5282857284251361E+04
  0.69000000E+02     -0.7442341490810328E+02      0.5594879276309016E+04
  0.70000000E+02     -0.7657308028155728E+02      0.5921261506141131E+04
  0.71000000E+02     -0.7874650926632354E+02      0.6260616780839541E+04
  0.72000000E+02     -0.8095130350786529E+02      0.6614490855173026E+04
  0.73000000E+02     -0.8317776858223957E+02      0.6981775737882030E+04
  0.74000000E+02     -0.8543729439081821E+02      0.7364583214007653E+04
  0.75000000E+02     -0.8772128134440487E+02      0.7761889325709772E+04
  0.76000000E+02     -0.9003667889927834E+02      0.8175341369638473E+04
  0.77000000E+02     -0.9237727445702301E+02      0.8604193702780758E+04
  0.78000000E+02     -0.9475332520309887E+02      0.9050766941584612E+04
  0.79000000E+02     -0.9714770556820990E+02      0.9512130204255087E+04
  0.80000000E+02     -0.9956831802693627E+02      0.9990234683771972E+04
  0.81000000E+02     -0.1020180193066249E+03      0.1048602925206776E+05
  0.82000000E+02     -0.1044981438580653E+03      0.1100023700914477E+05
  0.83000000E+02     -0.1070029928259757E+03      0.1153197451055311E+05
  0.84000000E+02     -0.1095357212508890E+03      0.1208245660964233E+05
  0.85000000E+02     -0.1120967940959179E+03      0.1265218010031706E+05
  0.86000000E+02     -0.1146800664829568E+03      0.1324003209232486E+05
  0.87000000E+02     -0.1172894683271945E+03      0.1384739814998800E+05
  0.88000000E+02     -0.1199299109952849E+03      0.1447582989528859E+05
  0.89000000E+02     -0.1225965382440065E+03      0.1512471440421057E+05
  0.90000000E+02     -0.1252837983349005E+03      0.1579290420524550E+05
  0.91000000E+02     -0.1279998632862899E+03      0.1648294148882986E+05
  0.92000000E+02     -0.1307425221532513E+03      0.1719476538514120E+05
  0.93000000E+02     -0.1335130755704782E+03      0.1792902915687913E+05
  0.94000000E+02     -0.1363075150639800E+03      0.1868518110659030E+05
  0.95000000E+02     -0.1391196078350367E+03      0.1946183756993489E+05
  0.96000000E+02     -0.1419656549885691E+03      0.2026400413989614E+05
  0.97000000E+02     -0.1448352828650222E+03      0.2108917635435481E+05
  0.98000000E+02     -0.1477299940638032E+03      0.2193821508062514E+05
  0.99000000E+02     -0.1506495207558363E+03      0.2281148554599707E+05
  0.10000000E+03     -0.1535938880348800E+03      0.2370945959241056E+05
  0.10100000E+03     -0.1565566098435879E+03      0.2463051782115940E+05
  0.10200000E+03     -0.1595510065399951E+03      0.2557928045995677E+05
  0.10300000E+03     -0.1625633984738740E+03      0.2655180742899572E+05
  0.10400000E+03     -0.1656050403673094E+03      0.2755213456784262E+05
  0.10500000E+03     -0.1686740877705246E+03      0.2858021871695080E+05
  0.10600000E+03     -0.1717608173600513E+03      0.2963314037711913E+05
  0.10700000E+03     -0.1748766574921755E+03      0.3071549695679585E+05
  0.10800000E+03     -0.1780081914238483E+03      0.3182279123410271E+05
  0.10900000E+03     -0.1811714299843476E+03      0.3296112212800622E+05
  0.11000000E+03     -0.1843661634023888E+03      0.3413112619013187E+05
  0.11100000E+03     -0.1875748079460201E+03      0.3532665773295362E+05
  0.11200000E+03     -0.1908075716860700E+03      0.3655205771213234E+05
  0.11300000E+03     -0.1940602094006971E+03      0.3780600319650591E+05
  0.11400000E+03     -0.1973362214290605E+03      0.3909029611579927E+05
  0.11500000E+03     -0.2006369780483475E+03      0.4040599129213665E+05
  0.11600000E+03     -0.2039644926837070E+03      0.4175442511966216E+05
  0.11700000E+03     -0.2073131242572584E+03      0.4313384440030255E+05
  0.11800000E+03     -0.2106801731245087E+03      0.4454330993823362E+05
  0.11900000E+03     -0.2140784888031361E+03      0.4598899720907312E+05
  0.12000000E+03     -0.2174910594151895E+03      0.4746378310971402E+05
  0.12100000E+03     -0.2209368367236439E+03      0.4897653104503923E+05
  0.12200000E+03     -0.2243939332894066E+03      0.5051819620368798E+05
  0.12300000E+03     -0.2278767929365637E+03      0.5209549945645512E+05
  0.12400000E+03     -0.2313722740110069E+03      0.5370290118112059E+05
  0.12500000E+03     -0.2348974985763295E+03      0.5534866659686914E+05
  0.12600000E+03     -0.2384566054641072E+03      0.5703549233878707E+05
  0.12700000E+03     -0.2420302412555646E+03      0.5875465158490241E+05
  0.12800000E+03     -0.2456205601264232E+03      0.6050741401154103E+05
  0.12900000E+03     -0.2492443103710226E+03      0.6230274452209723E+05
  0.13000000E+03     -0.2528724356330847E+03      0.6412624758380875E+05
  0.13100000E+03     -0.2565309814576411E+03      0.6599184909536749E+05
  0.13200000E+03     -0.2602071480306803E+03      0.6789343850472312E+05
  0.13300000E+03     -0.2639134061683258E+03      0.6983790743841302E+05
  0.13400000E+03     -0.2676296368708059E+03      0.7181494337249716E+05
  0.13500000E+03     -0.2713777715362134E+03      0.7383698606858651E+05
  0.13600000E+03     -0.2751440712763368E+03      0.7589724017600967E+05
  0.13700000E+03     -0.2789133196962268E+03      0.7798730809328455E+05
  0.13800000E+03     -0.2827254494146759E+03      0.8013014094029670E+05
  0.13900000E+03     -0.2865571736371336E+03      0.8231329341642928E+05
  0.14000000E+03     -0.2904031807477228E+03      0.8453385245585117E+05
  0.14100000E+03     -0.2942756230905588E+03      0.8679963963350710E+05
  0.14200000E+03     -0.2981590136237050E+03      0.8910192941669650E+05
  0.14300000E+03     -0.3020777063680446E+03      0.9145557769582230E+05
  0.14400000E+03     -0.3060071734925897E+03      0.9384651137009890E+05
  0.14500000E+03     -0.3099611565828116E+03      0.9628369603347490E+05
  0.14600000E+03     -0.3139313897864250E+03      0.9876224723460914E+05
  0.14700000E+03     -0.3179116321597410E+03      0.1012784421625505E+06
  0.14800000E+03     -0.3219256603099078E+03      0.1038483460942101E+06
  0.14900000E+03     -0.3259602936370816E+03      0.1064635971396159E+06
  0.15000000E+03     -0.3300076764649567E+03      0.1091202037901242E+06
  0.15100000E+03     -0.3340823827228665E+03      0.1118277121377779E+06
  0.15200000E+03     -0.3381997233391958E+03      0.1145970116246560E+06
  0.15300000E+03     -0.3423134453454780E+03      0.1173976746118578E+06
  0.15400000E+03     -0.3464417496003689E+03      0.1202423582801715E+06
  0.15500000E+03     -0.3506075269790255E+03      0.1231473862270368E+06
  0.15600000E+03     -0.3547880132274325E+03      0.1260975121101714E+06
  0.15700000E+03     -0.3589929088328797E+03      0.1291002735072162E+06
  0.15800000E+03     -0.3632074201315921E+03      0.1321452034486482E+06
  0.15900000E+03     -0.3674383481874539E+03      0.1352374885929646E+06
  0.16000000E+03     -0.3717027793882590E+03      0.1383905490593635E+06
  0.16100000E+03     -0.3759854853793392E+03      0.1415937542748371E+06
  0.16200000E+03     -0.3802863793189868E+03      0.1448475387527694E+06
  0.16300000E+03     -0.3846139764676533E+03      0.1481588691390205E+06
  0.16400000E+03     -0.3889545066605847E+03      0.1515174890493170E+06
  0.16500000E+03     -0.3933198570201659E+03      0.1549335071130120E+06
  0.16600000E+03     -0.3977044869109155E+03      0.1584027977606332E+06
  0.16700000E+03     -0.4021062735210836E+03      0.1619243816018142E+06
  0.16800000E+03     -0.4065294866983825E+03      0.1655019291991737E+06
  0.16900000E+03     -0.4109724929160398E+03      0.1691350039892891E+06
  0.17000000E+03     -0.4154357817682120E+03      0.1728242868050042E+06
  0.17100000E+03     -0.4199228926446699E+03      0.1765735304127386E+06
  0.17200000E+03     -0.4244382590536522E+03      0.1803871769457586E+06
  0.17300000E+03     -0.4289707674169097E+03      0.1842560935962968E+06
  0.17400000E+03     -0.4335203900140431E+03      0.1881807777381622E+06
  0.17500000E+03     -0.4380981709396543E+03      0.1921715476952499E+06
  0.17600000E+03     -0.4426900864578281E+03      0.1962166035264529E+06
  0.17700000E+03     -0.4472993238345992E+03      0.2003192919445752E+06
  0.17800000E+03     -0.4519265243653751E+03      0.2044808335902183E+06
  0.17900000E+03     -0.4565801552992305E+03      0.2087091126011760E+06
  0.18000000E+03     -0.4612515235965733E+03      0.2129970516698091E+06
  0.18100000E+03     -0.4659444002179308E+03      0.2173486133821033E+06
  0.18200000E+03     -0.4706545946312123E+03      0.2217606036503590E+06
  0.18300000E+03     -0.4753906509032240E+03      0.2262414328610748E+06
  0.18400000E+03     -0.4801377711447719E+03      0.2307776601380855E+06
  0.18500000E+03     -0.4849176906777636E+03      0.2353907974578026E+06
  0.18600000E+03     -0.4897182867554102E+03      0.2400700458384482E+06
  0.18700000E+03     -0.4945439911988628E+03      0.2448198754774610E+06
  0.18800000E+03     -0.4993985425842218E+03      0.2496452541063452E+06
  0.18900000E+03     -0.5042557491735209E+03      0.2545205729624980E+06
  0.19000000E+03     -0.5091410010366308E+03      0.2594714683130438E+06
  0.19100000E+03     -0.5140461386750309E+03      0.2644902816720589E+06
  0.19200000E+03     -0.5189719867607942E+03      0.2695787645830626E+06
  0.19300000E+03     -0.5239251252338466E+03      0.2747444344290689E+06
  0.19400000E+03     -0.5289059136670135E+03      0.2799883128074765E+06
  0.19500000E+03     -0.5338981993146334E+03      0.2852938125718646E+06
  0.19600000E+03     -0.5389206206458612E+03      0.2906818530507557E+06
  0.19700000E+03     -0.5439638079389173E+03      0.2961427953742721E+06
  0.19800000E+03     -0.5490285445996348E+03      0.3016784767958543E+06
  0.19900000E+03     -0.5541040532222407E+03      0.3072772671860405E+06
  0.20000000E+03     -0.5592183570755942E+03      0.3129709199926755E+06
  0.20100000E+03     -0.5643552614097036E+03      0.3187426183118008E+06
  0.20200000E+03     -0.5695000690571229E+03      0.3245759850618898E+06
  0.20300000E+03     -0.5746812795029864E+03      0.3305039666687193E+06
  0.20400000E+03     -0.5798836443672556E+03      0.3365103036124621E+06
  0.20500000E+03     -0.5851062765090960E+03      0.3425944097708477E+06
  0.20600000E+03     -0.5903540055082855E+03      0.3487626904927242E+06
  0.20700000E+03     -0.5956234557636049E+03      0.3550118588549380E+06
  0.20800000E+03     -0.6009207343761982E+03      0.3613499811505508E+06
  0.20900000E+03     -0.6062375276998671E+03      0.3677678320325883E+06
  0.21000000E+03     -0.6115656354974882E+03      0.3742558496999622E+06
  0.21100000E+03     -0.6169335805658129E+03      0.3808499543563433E+06
  0.21200000E+03     -0.6223226293661689E+03      0.3875278551514710E+06
  0.21300000E+03     -0.6277351981554547E+03      0.3942933514265651E+06
  0.21400000E+03     -0.6331739588650219E+03      0.4011505315276878E+06
  0.21500000E+03     -0.6386334706893068E+03      0.4080934909974296E+06
  0.21600000E+03     -0.6441000147349744E+03      0.4151048314562094E+06
  0.21700000E+03     -0.6495958124898141E+03      0.4222140310208094E+06
  0.21800000E+03     -0.6551384762543890E+03      0.4294452591504002E+06
  0.21900000E+03     -0.6607023834549286E+03      0.4367661038325811E+06
  0.22000000E+03     -0.6662890187072370E+03      0.4441793563447164E+06
  0.22100000E+03     -0.6718944083040086E+03      0.4516798686598573E+06
  0.22200000E+03     -0.6775296863954247E+03      0.4592836393733991E+06
  0.22300000E+03     -0.6832063567867760E+03      0.4670076286510787E+06
  0.22400000E+03     -0.6888808127103482E+03      0.4747928938435526E+06
  0.22500000E+03     -0.6946079425978887E+03      0.4827156603933527E+06
  0.22600000E+03     -0.7003387695315001E+03      0.4907092554508728E+06
  0.22700000E+03     -0.7061047610187954E+03      0.4988182430251988E+06
  0.22800000E+03     -0.7118851807718818E+03      0.5070141772485133E+06
  0.22900000E+03     -0.7177090016616547E+03      0.5153391071581873E+06
  0.23000000E+03     -0.7235480146550184E+03      0.5237539584447165E+06
  0.23100000E+03     -0.7294130356718102E+03      0.5322747465185224E+06
  0.23200000E+03     -0.7353069176182942E+03      0.5409068345546257E+06
  0.23300000E+03     -0.7412184480239076E+03      0.5496350086682625E+06
  0.23400000E+03     -0.7471771985125853E+03      0.5585034045418295E+06
  0.23500000E+03     -0.7531456802520198E+03      0.5674572634072059E+06
  0.23600000E+03     -0.7591444657307254E+03      0.5765284844057122E+06
  0.23700000E+03     -0.7651744078331853E+03      0.5857192626360074E+06
  0.23800000E+03     -0.7712218168448270E+03      0.5950097260820932E+06
  0.23900000E+03     -0.7773044626625394E+03      0.6044280789873640E+06
  0.24000000E+03     -0.7834201195663802E+03      0.6139722952396319E+06
  0.24100000E+03     -0.7895590256735021E+03      0.6236282237420910E+06
  0.24200000E+03     -0.7957206987183113E+03      0.6333955127131597E+06
  0.24300000E+03     -0.8019192603218949E+03      0.6432978331966134E+06
  0.24400000E+03     -0.8081226172959068E+03      0.6532848116165044E+06
  0.24500000E+03     -0.8143586310218961E+03      0.6634027691425144E+06
  0.24600000E+03     -0.8206465521740279E+03      0.6736826158682265E+06
  0.24700000E+03     -0.8269603393393731E+03      0.6840846229500497E+06
  0.24800000E+03     -0.8332888571983744E+03      0.6945912138277508E+06
  0.24900000E+03     -0.8396386681582617E+03      0.7052134995560156E+06
  0.25000000E+03     -0.8460227244272128E+03      0.7159740185510793E+06
  0.25100000E+03     -0.8524363751222530E+03      0.7268666854553316E+06
  0.25200000E+03     -0.8588781253791224E+03      0.7378899742444495E+06
  0.25300000E+03     -0.8653253660689386E+03      0.7490059072124221E+06
  0.25400000E+03     -0.8718460712361062E+03      0.7603330323673662E+06
  0.25500000E+03     -0.8783723594890915E+03      0.7717549122861892E+06
  0.25600000E+03     -0.8849368112717941E+03      0.7833293475434004E+06
  0.25700000E+03     -0.8915313206940459E+03      0.7950443619392604E+06
  0.25800000E+03     -0.8981502000968100E+03      0.8068894854044385E+06
  0.25900000E+03     -0.9047889136661601E+03      0.8188579644177508E+06
  0.26000000E+03     -0.9114438651440312E+03      0.8309447184377292E+06
  0.26100000E+03     -0.9181455287737944E+03      0.8432054390230766E+06
  0.26200000E+03     -0.9248894667258984E+03      0.8556347101180955E+06
  0.26300000E+03     -0.9316487646460711E+03      0.8681834460245393E+06
  0.26400000E+03     -0.9384518902327388E+03      0.8809058461596715E+06
  0.26500000E+03     -0.9452690860179673E+03      0.8937473977749541E+06
  0.26600000E+03     -0.9521099316965281E+03      0.9067270582429799E+06
  0.26700000E+03     -0.9589769449284247E+03      0.9198501402845642E+06
  0.26800000E+03     -0.9658924548633020E+03      0.9331612990347248E+06
  0.26900000E+03     -0.9728389449557621E+03      0.9466285924324929E+06
  0.27000000E+03     -0.9797984068383616E+03      0.9602174868241935E+06
  0.27100000E+03     -0.9867953526086841E+03      0.9739774057224867E+06
  0.27200000E+03     -0.9938216160397309E+03      0.9878936619756396E+06
  0.27300000E+03     -0.1000867555043196E+04      0.1001948041682152E+07
  0.27400000E+03     -0.1007954627556526E+04      0.1016184411646969E+07
  0.27500000E+03     -0.1015067774199455E+04      0.1030574649908777E+07
  0.27600000E+03     -0.1022219421703313E+04      0.1045144594686699E+07
  0.27700000E+03     -0.1029380902639119E+04      0.1059836931625217E+07
  0.27800000E+03     -0.1036592153995452E+04      0.1074735765946419E+07
  0.27900000E+03     -0.1043816334774454E+04      0.1089765143487001E+07
  0.28000000E+03     -0.1051073777334149E+04      0.1104968769081424E+07
  0.28100000E+03     -0.1058342744305571E+04      0.1120302676973124E+07
  0.28200000E+03     -0.1065677801836983E+04      0.1135882532812337E+07
  0.28300000E+03     -0.1073037961735169E+04      0.1151624315677945E+07
  0.28400000E+03     -0.1080430933979264E+04      0.1167544834738162E+07
  0.28500000E+03     -0.1087821006563168E+04      0.1183568578629949E+07
  0.28600000E+03     -0.1095280013749132E+04      0.1199852598001362E+07
  0.28700000E+03     -0.1102732856110644E+04      0.1216234530181660E+07
  0.28800000E+03     -0.1110209135906978E+04      0.1232780094096925E+07
  0.28900000E+03     -0.1117744205139730E+04      0.1249568100428413E+07
  0.29000000E+03     -0.1125327704038138E+04      0.1266579087883370E+07
  0.29100000E+03     -0.1132904364996998E+04      0.1283689152509877E+07
  0.29200000E+03     -0.1140513080733839E+04      0.1300987549473349E+07
  0.29300000E+03     -0.1148141624351007E+04      0.1318447254862458E+07
  0.29400000E+03     -0.1155825967626552E+04      0.1336152295379778E+07
  0.29500000E+03     -0.1163495525932606E+04      0.1353940400833454E+07
  0.29600000E+03     -0.1171211611025373E+04      0.1371956426931169E+07
  0.29700000E+03     -0.1178981127974677E+04      0.1390217150548574E+07
  0.29800000E+03     -0.1186795692303221E+04      0.1408705435276538E+07
  0.29900000E+03     -0.1194608110478775E+04      0.1427310581279455E+07
  0.30000000E+03     -0.1202442911990412E+04      0.1446091450982815E+07
  0.30100000E+03     -0.1210299877123577E+04      0.1465049310116661E+07
  0.30200000E+03     -0.1218225129868904E+04      0.1484297249638245E+07
  0.30300000E+03     -0.1226135200147727E+04      0.1503632694900555E+07
  0.30400000E+03     -0.1234081810925627E+04      0.1523183852494221E+07
  0.30500000E+03     -0.1242059728162202E+04      0.1542939563457320E+07
  0.30600000E+03     -0.1250065435482521E+04      0.1562892232309798E+07
  0.30700000E+03     -0.1258101496767438E+04      0.1583048985709303E+07
  0.30800000E+03     -0.1266171470325179E+04      0.1603420646972416E+07
  0.30900000E+03     -0.1274265521851300E+04      0.1623983564181731E+07
  0.31000000E+03     -0.1282371818737928E+04      0.1644709914028525E+07
  0.31100000E+03     -0.1290514326713436E+04      0.1665660935057374E+07
  0.31200000E+03     -0.1298680509416785E+04      0.1686805820745953E+07
  0.31300000E+03     -0.1306911887319054E+04      0.1708254431005337E+07
  0.31400000E+03     -0.1315136927534176E+04      0.1729822362518556E+07
  0.31500000E+03     -0.1323381260824904E+04      0.1751576053044191E+07
  0.31600000E+03     -0.1331677315191228E+04      0.1773604047595204E+07
  0.31700000E+03     -0.1339975930668585E+04      0.1795776895829782E+07
  0.31800000E+03     -0.1348288460432838E+04      0.1818124277094298E+07
  0.31900000E+03     -0.1356662551270044E+04      0.1840777105786231E+07
  0.32000000E+03     -0.1365068259654215E+04      0.1863656699519349E+07
  0.32100000E+03     -0.1373460461276391E+04      0.1886640788225190E+07
  0.32200000E+03     -0.1381950261588586E+04      0.1910034221194640E+07
  0.32300000E+03     -0.1390400192261546E+04      0.1933462246876168E+07
  0.32400000E+03     -0.1398908916734945E+04      0.1957197455634349E+07
  0.32500000E+03     -0.1407468270649213E+04      0.1981219767367816E+07
  0.32600000E+03     -0.1416034717604700E+04      0.2005407999296993E+07
  0.32700000E+03     -0.1424561599753784E+04      0.2029631168675360E+07
  0.32800000E+03     -0.1433167959583434E+04      0.2054227562079079E+07
  0.32900000E+03     -0.1441755874487690E+04      0.2078919625935029E+07
  0.33000000E+03     -0.1450388621124420E+04      0.2103888098601296E+07
  0.33100000E+03     -0.1459064619003844E+04      0.2129131802264095E+07
  0.33200000E+03     -0.1467750108144974E+04      0.2154554708256659E+07
  0.33300000E+03     -0.1476464807881713E+04      0.2180214270099832E+07
  0.33400000E+03     -0.1485151405180062E+04      0.2205942769326142E+07
  0.33500000E+03     -0.1493948038860413E+04      0.2232150869216410E+07
  0.33600000E+03     -0.1502729260704035E+04      0.2258467589180445E+07
  0.33700000E+03     -0.1511515500788945E+04      0.2284953449294894E+07
  0.33800000E+03     -0.1520361522041922E+04      0.2311775082824692E+07
  0.33900000E+03     -0.1529243868075248E+04      0.2338863966243909E+07
  0.34000000E+03     -0.1538111004007277E+04      0.2366065362227520E+07
  0.34100000E+03     -0.1547002337446998E+04      0.2393498351809381E+07
  0.34200000E+03     -0.1555943398605156E+04      0.2421244264051685E+07
  0.34300000E+03     -0.1564883000439683E+04      0.2449145778294454E+07
  0.34400000E+03     -0.1573861829556222E+04      0.2477328802622480E+07
  0.34500000E+03     -0.1582813397539621E+04      0.2505589039299609E+07
  0.34600000E+03     -0.1591841250883690E+04      0.2534250314732692E+07
  0.34700000E+03     -0.1600812287937289E+04      0.2562893290052644E+07
  0.34800000E+03     -0.1609878157650017E+04      0.2592004481986264E+07
  0.34900000E+03     -0.1618950705971143E+04      0.2621301036184027E+07
  0.35000000E+03     -0.1628004112600022E+04      0.2650699549106346E+07
  0.35100000E+03     -0.1637156792569610E+04      0.2680586765891352E+07
  0.35200000E+03     -0.1646315594674725E+04      0.2710661471744832E+07
  0.35300000E+03     -0.1655464602650424E+04      0.2740872205660567E+07
  0.35400000E+03     -0.1664610932316784E+04      0.2771240854542072E+07
  0.35500000E+03     -0.1673785659744188E+04      0.2801872345151741E+07
  0.35600000E+03     -0.1683005758708992E+04      0.2832824269382226E+07
  0.35700000E+03     -0.1692279691224533E+04      0.2864128499161384E+07
  0.35800000E+03     -0.1701468988361538E+04      0.2895317002485873E+07
  0.35900000E+03     -0.1710738792488810E+04      0.2926950303132774E+07
  0.36000000E+03     -0.1719996299340763E+04      0.2958713148628733E+07
  0.36100000E+03     -0.1729310608864267E+04      0.2990843568843136E+07
  0.36200000E+03     -0.1738619894473981E+04      0.3023130684605665E+07
  0.36300000E+03     -0.1748064427517020E+04      0.3056064937724125E+07
  0.36400000E+03     -0.1757404804476542E+04      0.3088808733326823E+07
  0.36500000E+03     -0.1766663578545764E+04      0.3121442213838054E+07
  0.36600000E+03     -0.1776072122486207E+04      0.3154776476999898E+07
  0.36700000E+03     -0.1785481609865622E+04      0.3188290941012409E+07
  0.36800000E+03     -0.1794941128544077E+04      0.3222164468790516E+07
  0.36900000E+03     -0.1804321214067437E+04      0.3255926843765500E+07
  0.37000000E+03     -0.1813714627802286E+04      0.3289914415986203E+07
  0.37100000E+03     -0.1823183778427214E+04      0.3324355828406825E+07
  0.37200000E+03     -0.1832698645150394E+04      0.3359144470352727E+07
  0.37300000E+03     -0.1842114170756247E+04      0.3393746894397338E+07
  0.37400000E+03     -0.1851634109744326E+04      0.3428915569114822E+07
  0.37500000E+03     -0.1861131832397861E+04      0.3464181851370972E+07
  0.37600000E+03     -0.1870693231264947E+04      0.3499866231879147E+07
  0.37700000E+03     -0.1880308141165163E+04      0.3535935776608606E+07
  0.37800000E+03     -0.1889758401289281E+04      0.3571566135578868E+07
  0.37900000E+03     -0.1899368887560649E+04      0.3607983964076648E+07
  0.38000000E+03     -0.1908875309909305E+04      0.3644189684959529E+07
  0.38100000E+03     -0.1918503786193656E+04      0.3681045884550301E+07
  0.38200000E+03     -0.1928046773457385E+04      0.3717754504467100E+07
  0.38300000E+03     -0.1937708846073338E+04      0.3755108016001901E+07
  0.38400000E+03     -0.1947331673500760E+04      0.3792498077000805E+07
  0.38500000E+03     -0.1956985176145521E+04      0.3830191548941207E+07
  0.38600000E+03     -0.1966661441048624E+04      0.3868159963355929E+07
  0.38700000E+03     -0.1976292774391550E+04      0.3906141217444996E+07
  0.38800000E+03     -0.1985889141569709E+04      0.3944167079747255E+07
  0.38900000E+03     -0.1995453324575312E+04      0.3982246688383465E+07
  0.39000000E+03     -0.2005099778194818E+04      0.4020842213469066E+07
  0.39100000E+03     -0.2014913778567714E+04      0.4060298498067034E+07
  0.39200000E+03     -0.2024748727220581E+04      0.4100032823991103E+07
  0.39300000E+03     -0.2034401943701582E+04      0.4139219127409543E+07
  0.39400000E+03     -0.2043963554205299E+04      0.4178220075112158E+07
  0.39500000E+03     -0.2053721827148717E+04      0.4218208505522427E+07
  0.39600000E+03     -0.2063438223314101E+04      0.4258216689795122E+07
  0.39700000E+03     -0.2073273565599764E+04      0.4298907622415099E+07
  0.39800000E+03     -0.2082924601668195E+04      0.4339020059666078E+07
  0.39900000E+03     -0.2092613427857494E+04      0.4379482087359475E+07
  0.40000000E+03     -0.2102421485180686E+04      0.4420631117776739E+07
  0.40100000E+03     -0.2112085098560133E+04      0.4461361576297796E+07
  0.40200000E+03     -0.2121853348565788E+04      0.4502723515350898E+07
  0.40300000E+03     -0.2131709694522788E+04      0.4544652094815720E+07
  0.40400000E+03     -0.2141392867269424E+04      0.4586030967566118E+07
  0.40500000E+03     -0.2151229308933731E+04      0.4628257798927610E+07
  0.40600000E+03     -0.2160865516519303E+04      0.4669815072168440E+07
  0.40700000E+03     -0.2170688042619724E+04      0.4712366192571018E+07
  0.40800000E+03     -0.2180448010631060E+04      0.4754838287717867E+07
  0.40900000E+03     -0.2190271305906764E+04      0.4797776458102257E+07
  0.41000000E+03     -0.2199999905170056E+04      0.4840492094086671E+07
  0.41100000E+03     -0.2209671738463441E+04      0.4883147005730091E+07
  0.41200000E+03     -0.2219326122262119E+04      0.4925910556102312E+07
  0.41300000E+03     -0.2229190395113873E+04      0.4969796832990563E+07
  0.41400000E+03     -0.2238907757484594E+04      0.5013217465382571E+07
  0.41500000E+03     -0.2248742647027500E+04      0.5057359053295219E+07
  0.41600000E+03     -0.2258533735949530E+04      0.5101488687638874E+07
  0.41700000E+03     -0.2268231214595040E+04      0.5145393638038424E+07
  0.41800000E+03     -0.2277970702949664E+04      0.5189676767243872E+07
  0.41900000E+03     -0.2287893292813885E+04      0.5234984586079984E+07
  0.42000000E+03     -0.2297646637170039E+04      0.5279714724615874E+07
  0.42100000E+03     -0.2307387426531842E+04      0.5324570961615844E+07
  0.42200000E+03     -0.2317081182790406E+04      0.5369406581371319E+07
  0.42300000E+03     -0.2326772616328587E+04      0.5414416432577647E+07
  0.42400000E+03     -0.2336406233317357E+04      0.5459345827270930E+07
  0.42500000E+03     -0.2346104283481578E+04      0.5504762220791980E+07
  0.42600000E+03     -0.2355926057419947E+04      0.5550945375789652E+07
  0.42700000E+03     -0.2365469964512922E+04      0.5596007193408984E+07
  0.42800000E+03     -0.2375164581219475E+04      0.5641974412489663E+07
  0.42900000E+03     -0.2384896852779469E+04      0.5688306208436836E+07
  0.43000000E+03     -0.2394467497189019E+04      0.5734054582754196E+07
  0.43100000E+03     -0.2404341229904619E+04      0.5781441586637164E+07
  0.43200000E+03     -0.2414004469852080E+04      0.5828006180628449E+07
  0.43300000E+03     -0.2423398629694698E+04      0.5873451033411084E+07
  0.43400000E+03     -0.2433195282756100E+04      0.5921033593853831E+07
  0.43500000E+03     -0.2442903107559258E+04      0.5968377109761626E+07
  0.43600000E+03     -0.2452351733358715E+04      0.6014636390572207E+07
  0.43700000E+03     -0.2462092910311593E+04      0.6062512862184101E+07
  0.43800000E+03     -0.2471826075601742E+04      0.6110537307489558E+07
  0.43900000E+03     -0.2481154857774884E+04      0.6156747318942263E+07
  0.44000000E+03     -0.2490822563196744E+04      0.6204818125891065E+07
  0.44100000E+03     -0.2500301617181460E+04      0.6252137331557698E+07
  0.44200000E+03     -0.2509570199586269E+04      0.6298573404073440E+07
  0.44300000E+03     -0.2519376289488369E+04      0.6347897006353077E+07
  0.44400000E+03     -0.2529152910178850E+04      0.6397260872699277E+07
  0.44500000E+03     -0.2538551369839878E+04      0.6444897562387483E+07
  0.44600000E+03     -0.2547745436667306E+04      0.6491663995048382E+07
  0.44700000E+03     -0.2556961769938504E+04      0.6538709356665435E+07
  0.44800000E+03     -0.2566578714699125E+04      0.6587988000763801E+07
  0.44900000E+03     -0.2576120285891750E+04      0.6637066013064429E+07
  0.45000000E+03     -0.2585458607792391E+04      0.6685274174676823E+07
  0.45100000E+03     -0.2594886571502592E+04      0.6734115518235763E+07
  0.45200000E+03     -0.2604197632563814E+04      0.6782527848849976E+07
  0.45300000E+03     -0.2613319622216253E+04      0.6830123759978208E+07
  0.45400000E+03     -0.2623086154261950E+04      0.6881273338806684E+07
  0.45500000E+03     -0.2632146665730224E+04      0.6928901837787243E+07
  0.45600000E+03     -0.2641519455584148E+04      0.6978331120484749E+07
  0.45700000E+03     -0.2650346184344380E+04      0.7025049726880019E+07
  0.45800000E+03     -0.2659956276344940E+04      0.7076085071785017E+07
  0.45900000E+03     -0.2669211234107409E+04      0.7125407926840143E+07
  0.46000000E+03     -0.2678052999974719E+04      0.7172694996228342E+07
  0.46100000E+03     -0.2687249168752602E+04      0.7222038293350845E+07
  0.46200000E+03     -0.2696548187978136E+04      0.7272114400735866E+07
  0.46300000E+03     -0.2705739392184066E+04      0.7321763557295572E+07
  0.46400000E+03     -0.2714857116925543E+04      0.7371199526087891E+07
  0.46500000E+03     -0.2723694993979263E+04      0.7419269629729091E+07
  0.46600000E+03     -0.2732592861427334E+04      0.7467827873903529E+07
  0.46700000E+03     -0.2741464288142473E+04      0.7516393128022707E+07
  0.46800000E+03     -0.2750457942236189E+04      0.7565790517286165E+07
  0.46900000E+03     -0.2759236787533880E+04      0.7614165192344828E+07
  0.47000000E+03     -0.2768012130708835E+04      0.7662681622974711E+07
  0.47100000E+03     -0.2777029767756515E+04      0.7712686112946422E+07
  0.47200000E+03     -0.2785799081748610E+04      0.7761470592527867E+07
  0.47300000E+03     -0.2794682394396120E+04      0.7811053157776408E+07
  0.47400000E+03     -0.2803353232391988E+04      0.7859598244363667E+07
  0.47500000E+03     -0.2812317262430326E+04      0.7909940546170795E+07
  0.47600000E+03     -0.2820701254861878E+04      0.7957175647605105E+07
  0.47700000E+03     -0.2829425602807215E+04      0.8006469185496725E+07
  0.47800000E+03     -0.2837997991491718E+04      0.8055059155905322E+07
  0.47900000E+03     -0.2846497440088492E+04      0.8103378946519243E+07
  0.48000000E+03     -0.2855096144434419E+04      0.8152412450018494E+07
  0.48100000E+03     -0.2863740897715464E+04      0.8201851364499636E+07
  0.48200000E+03     -0.2872031293201287E+04      0.8249415787242503E+07
  0.48300000E+03     -0.2880684519692897E+04      0.8299202031564478E+07
  0.48400000E+03     -0.2889198342846951E+04      0.8348328542464068E+07
  0.48500000E+03     -0.2897099268503790E+04      0.8394045375705445E+07
  0.48600000E+03     -0.2905426727779521E+04      0.8442373154753953E+07
  0.48700000E+03     -0.2913684316930364E+04      0.8490430854306415E+07
  0.48800000E+03     -0.2921791348112556E+04      0.8537752752890591E+07
  0.48900000E+03     -0.2930167006923611E+04      0.8586769560272820E+07
  0.49000000E+03     -0.2937960401704874E+04      0.8632510206626371E+07
  0.49100000E+03     -0.2945829077917057E+04      0.8678811316486804E+07
  0.49200000E+03     -0.2953842314380688E+04      0.8726096367559925E+07
  0.49300000E+03     -0.2962023441453932E+04      0.8774500776001170E+07
  0.49400000E+03     -0.2970068938727007E+04      0.8822235774966281E+07
  0.49500000E+03     -0.2977791078688757E+04      0.8868178317748187E+07
  0.49600000E+03     -0.2985709619425126E+04      0.8915390430169793E+07
  0.49700000E+03     -0.2993017087217891E+04      0.8959084988801906E+07
  0.49800000E+03     -0.3000964985233752E+04      0.9006731452644037E+07
  0.49900000E+03     -0.3008510160346109E+04      0.9052092394315682E+07
  0.50000000E+03     -0.3016090459955664E+04      0.9097761390045051E+07
  0.50100000E+03     -0.3023354963967825E+04      0.9141662522622341E+07
  0.50200000E+03     -0.3031497240252548E+04      0.9190949998144437E+07
  0.50300000E+03     -0.3038638303422229E+04      0.9234300228589535E+07
  0.50400000E+03     -0.3045798256892590E+04      0.9277871797959063E+07
  0.50500000E+03     -0.3052424155345411E+04      0.9318282421105409E+07
  0.50600000E+03     -0.3059432233756895E+04      0.9361122579869729E+07
  0.50700000E+03     -0.3067353392280678E+04      0.9409652844842210E+07
  0.50800000E+03     -0.3074797816612524E+04      0.9455393801713115E+07
  0.50900000E+03     -0.3081894912112610E+04      0.9499082782025902E+07
  0.51000000E+03     -0.3088233722015576E+04      0.9538206071624674E+07
