  0.00000000E+00     -0.2305531680791605E+02
  0.10000000E+01     -0.2019634624540028E+02
  0.20000000E+01     -0.1801307981334229E+02
  0.30000000E+01     -0.1621815119212003E+02
  0.40000000E+01     -0.1469355421982546E+02
  0.50000000E+01     -0.1337447558795193E+02
  0.60000000E+01     -0.1222035281267576E+02
  0.70000000E+01     -0.1120329846504559E+02
  0.80000000E+01     -0.1030283233268442E+02
  0.90000000E+01     -0.9502624214409995E+01
  0.10000000E+02     -0.8790378328297354E+01
  0.11000000E+02     -0.8156215478337263E+01
  0.12000000E+02     -0.7592093669313186E+01
  0.13000000E+02     -0.7091142141237658E+01
  0.14000000E+02     -0.6647406329731510E+01
  0.15000000E+02     -0.6255579891670324E+01
  0.16000000E+02     -0.5911114456179286E+01
  0.17000000E+02     -0.5610376936871463E+01
  0.18000000E+02     -0.5349948630136110E+01
  0.19000000E+02     -0.5126805207930892E+01
  0.20000000E+02     -0.4938107592276025E+01
  0.21000000E+02     -0.4781536287144930E+01
  0.22000000E+02     -0.4655050992139378E+01
  0.23000000E+02     -0.4555962956315510E+01
  0.24000000E+02     -0.4482709488439982E+01
  0.25000000E+02     -0.4433902823127307E+01
  0.26000000E+02     -0.4407431298916579E+01
  0.27000000E+02     -0.4401831203791181E+01
  0.28000000E+02     -0.4416482547700872E+01
  0.29000000E+02     -0.4450011423240346E+01
  0.30000000E+02     -0.4501025690020247E+01
  0.31000000E+02     -0.4568399067287293E+01
  0.32000000E+02     -0.4651262492166622E+01
  0.33000000E+02     -0.4748221389417003E+01
  0.34000000E+02     -0.4858926705878548E+01
  0.35000000E+02     -0.4981978211599574E+01
  0.36000000E+02     -0.5117126714010431E+01
  0.37000000E+02     -0.5263539321620395E+01
  0.38000000E+02     -0.5420667795343205E+01
  0.39000000E+02     -0.5587589793880435E+01
  0.40000000E+02     -0.5764326110321528E+01
  0.41000000E+02     -0.5949625512175350E+01
  0.42000000E+02     -0.6142965505531469E+01
  0.43000000E+02     -0.6344233005755973E+01
  0.44000000E+02     -0.6552095661783158E+01
  0.45000000E+02     -0.6766898368811860E+01
  0.46000000E+02     -0.6988080546079450E+01
  0.47000000E+02     -0.7214857520201198E+01
  0.48000000E+02     -0.7446819645125844E+01
  0.49000000E+02     -0.7684109029437694E+01
  0.50000000E+02     -0.7926006995609344E+01
  0.51000000E+02     -0.8173017136493813E+01
  0.52000000E+02     -0.8424059776459574E+01
  0.53000000E+02     -0.8678422567483500E+01
  0.54000000E+02     -0.8936275839202827E+01
  0.55000000E+02     -0.9197022543532841E+01
  0.56000000E+02     -0.9460278203803957E+01
  0.57000000E+02     -0.9726254352913802E+01
  0.58000000E+02     -0.9994577413390623E+01
  0.59000000E+02     -0.1026516589175033E+02
  0.60000000E+02     -0.1053736122703581E+02
  0.61000000E+02     -0.1081097331013562E+02
  0.62000000E+02     -0.1108548872936073E+02
  0.63000000E+02     -0.1136141445049526E+02
  0.64000000E+02     -0.1163825225550610E+02
  0.65000000E+02     -0.1191543113850410E+02
  0.66000000E+02     -0.1219351251570527E+02
  0.67000000E+02     -0.1247208732257868E+02
  0.68000000E+02     -0.1275147409400720E+02
  0.69000000E+02     -0.1303064273353571E+02
  0.70000000E+02     -0.1330946067772734E+02
  0.71000000E+02     -0.1358795122955830E+02
  0.72000000E+02     -0.1386592310952165E+02
  0.73000000E+02     -0.1414399371156382E+02
  0.74000000E+02     -0.1442117670919220E+02
  0.75000000E+02     -0.1469771488849133E+02
  0.76000000E+02     -0.1497329374233130E+02
  0.77000000E+02     -0.1524771608851811E+02
  0.78000000E+02     -0.1552096901030822E+02
  0.79000000E+02     -0.1579368879355879E+02
  0.80000000E+02     -0.1606455565091865E+02
  0.81000000E+02     -0.1633430072223765E+02
  0.82000000E+02     -0.1660220990960410E+02
  0.83000000E+02     -0.1686879677976315E+02
  0.84000000E+02     -0.1713348334426745E+02
  0.85000000E+02     -0.1739657305564498E+02
  0.86000000E+02     -0.1765813840061925E+02
  0.87000000E+02     -0.1791797082197309E+02
  0.88000000E+02     -0.1817586241358786E+02
  0.89000000E+02     -0.1843080419223142E+02
  0.90000000E+02     -0.1868365176860901E+02
  0.91000000E+02     -0.1893445361468592E+02
  0.92000000E+02     -0.1918339594307109E+02
  0.93000000E+02     -0.1942994317969110E+02
  0.94000000E+02     -0.1967434416481429E+02
  0.95000000E+02     -0.1991635479528956E+02
  0.96000000E+02     -0.2015538739878497E+02
  0.97000000E+02     -0.2039221850255229E+02
  0.98000000E+02     -0.2062672688434555E+02
  0.99000000E+02     -0.2085877676717096E+02
  0.10000000E+03     -0.2108765830025129E+02
  0.10100000E+03     -0.2131382149394998E+02
  0.10200000E+03     -0.2153767916544206E+02
  0.10300000E+03     -0.2175861349415442E+02
  0.10400000E+03     -0.2197644412018630E+02
  0.10500000E+03     -0.2219146481954781E+02
  0.10600000E+03     -0.2240415420639138E+02
  0.10700000E+03     -0.2261388975305286E+02
  0.10800000E+03     -0.2282061938167447E+02
  0.10900000E+03     -0.2302462813149583E+02
  0.11000000E+03     -0.2322542827867156E+02
  0.11100000E+03     -0.2342349344124007E+02
  0.11200000E+03     -0.2361887478997176E+02
  0.11300000E+03     -0.2381067311312255E+02
  0.11400000E+03     -0.2399989362957472E+02
  0.11500000E+03     -0.2418579860342394E+02
  0.11600000E+03     -0.2436862249241908E+02
  0.11700000E+03     -0.2454759429538677E+02
  0.11800000E+03     -0.2472357106739013E+02
  0.11900000E+03     -0.2489638201095482E+02
  0.12000000E+03     -0.2506612133274184E+02
  0.12100000E+03     -0.2523298043527234E+02
  0.12200000E+03     -0.2539630143756771E+02
  0.12300000E+03     -0.2555702461768403E+02
  0.12400000E+03     -0.2571441729410076E+02
  0.12500000E+03     -0.2586827949618658E+02
  0.12600000E+03     -0.2601878994733162E+02
  0.12700000E+03     -0.2616641767193206E+02
  0.12800000E+03     -0.2631060457100694E+02
  0.12900000E+03     -0.2645156150053475E+02
  0.13000000E+03     -0.2658895342912991E+02
  0.13100000E+03     -0.2672288628232204E+02
  0.13200000E+03     -0.2685316152427760E+02
  0.13300000E+03     -0.2698095125228519E+02
  0.13400000E+03     -0.2710603445441575E+02
  0.13500000E+03     -0.2722687005108193E+02
  0.13600000E+03     -0.2734460818580676E+02
  0.13700000E+03     -0.2745822823463134E+02
  0.13800000E+03     -0.2756853391738606E+02
  0.13900000E+03     -0.2767607178769135E+02
  0.14000000E+03     -0.2777979816694926E+02
  0.14100000E+03     -0.2788010329893280E+02
  0.14200000E+03     -0.2797752946900782E+02
  0.14300000E+03     -0.2807200757496185E+02
  0.14400000E+03     -0.2816319328901579E+02
  0.14500000E+03     -0.2825049065774498E+02
  0.14600000E+03     -0.2833436368775808E+02
  0.14700000E+03     -0.2841431271299376E+02
  0.14800000E+03     -0.2849107637827016E+02
  0.14900000E+03     -0.2856497679997954E+02
  0.15000000E+03     -0.2863472001473315E+02
  0.15100000E+03     -0.2870143403038181E+02
  0.15200000E+03     -0.2876477596863560E+02
  0.15300000E+03     -0.2882464576956981E+02
  0.15400000E+03     -0.2888130797556861E+02
  0.15500000E+03     -0.2893493803592905E+02
  0.15600000E+03     -0.2898484571756123E+02
  0.15700000E+03     -0.2903041236040385E+02
  0.15800000E+03     -0.2907267461753005E+02
  0.15900000E+03     -0.2911182996795683E+02
  0.16000000E+03     -0.2914797325315841E+02
  0.16100000E+03     -0.2918011187897210E+02
  0.16200000E+03     -0.2920944181514690E+02
  0.16300000E+03     -0.2923636755063374E+02
  0.16400000E+03     -0.2925816336740874E+02
  0.16500000E+03     -0.2927672929132921E+02
  0.16600000E+03     -0.2929187320390856E+02
  0.16700000E+03     -0.2930432066278566E+02
  0.16800000E+03     -0.2931278216367851E+02
  0.16900000E+03     -0.2931817503109258E+02
  0.17000000E+03     -0.2932013035558653E+02
  0.17100000E+03     -0.2931783986757800E+02
  0.17200000E+03     -0.2931330574244227E+02
  0.17300000E+03     -0.2930439477574173E+02
  0.17400000E+03     -0.2929288714098950E+02
  0.17500000E+03     -0.2927833638975570E+02
  0.17600000E+03     -0.2925993340849689E+02
  0.17700000E+03     -0.2923846615221775E+02
  0.17800000E+03     -0.2921296126693478E+02
  0.17900000E+03     -0.2918372220729851E+02
  0.18000000E+03     -0.2915176252523423E+02
  0.18100000E+03     -0.2911620814957575E+02
  0.18200000E+03     -0.2907722556497355E+02
  0.18300000E+03     -0.2903498584843087E+02
  0.18400000E+03     -0.2898918768593925E+02
  0.18500000E+03     -0.2893954618155443E+02
  0.18600000E+03     -0.2888664577136795E+02
  0.18700000E+03     -0.2883054081549417E+02
  0.18800000E+03     -0.2877085390892124E+02
  0.18900000E+03     -0.2870821911578740E+02
  0.19000000E+03     -0.2864305030854010E+02
  0.19100000E+03     -0.2857371366277718E+02
  0.19200000E+03     -0.2850082002676806E+02
  0.19300000E+03     -0.2842503351365203E+02
  0.19400000E+03     -0.2834578537498216E+02
  0.19500000E+03     -0.2826362314056752E+02
  0.19600000E+03     -0.2817684279621453E+02
  0.19700000E+03     -0.2808699636313776E+02
  0.19800000E+03     -0.2799461591526296E+02
  0.19900000E+03     -0.2789882368459289E+02
  0.20000000E+03     -0.2779984202422676E+02
  0.20100000E+03     -0.2769710084129908E+02
  0.20200000E+03     -0.2759102702186282E+02
  0.20300000E+03     -0.2748186458531725E+02
  0.20400000E+03     -0.2737018621336860E+02
  0.20500000E+03     -0.2725469723512801E+02
  0.20600000E+03     -0.2713651766447066E+02
  0.20700000E+03     -0.2701465850439388E+02
  0.20800000E+03     -0.2688945480155894E+02
  0.20900000E+03     -0.2676192613680810E+02
  0.21000000E+03     -0.2663153049610968E+02
  0.21100000E+03     -0.2649722896593649E+02
  0.21200000E+03     -0.2636017959679002E+02
  0.21300000E+03     -0.2621993098872654E+02
  0.21400000E+03     -0.2607621024292758E+02
  0.21500000E+03     -0.2592994433388041E+02
  0.21600000E+03     -0.2578096783962989E+02
  0.21700000E+03     -0.2562828799412004E+02
  0.21800000E+03     -0.2547303264382698E+02
  0.21900000E+03     -0.2531424340344716E+02
  0.22000000E+03     -0.2515253143351133E+02
  0.22100000E+03     -0.2498840446814801E+02
  0.22200000E+03     -0.2482103896144586E+02
  0.22300000E+03     -0.2465041148729641E+02
  0.22400000E+03     -0.2447687908480195E+02
  0.22500000E+03     -0.2430098099361802E+02
  0.22600000E+03     -0.2412203960738992E+02
  0.22700000E+03     -0.2394013678429835E+02
  0.22800000E+03     -0.2375607908323576E+02
  0.22900000E+03     -0.2356879660412187E+02
  0.23000000E+03     -0.2337826853711069E+02
  0.23100000E+03     -0.2318537622435533E+02
  0.23200000E+03     -0.2298965520453487E+02
  0.23300000E+03     -0.2279210724997138E+02
  0.23400000E+03     -0.2259153352142359E+02
  0.23500000E+03     -0.2238805689367639E+02
  0.23600000E+03     -0.2218192759572354E+02
  0.23700000E+03     -0.2197411748533566E+02
  0.23800000E+03     -0.2176376963911085E+02
  0.23900000E+03     -0.2155138747323948E+02
  0.24000000E+03     -0.2133592990758536E+02
  0.24100000E+03     -0.2111800040297972E+02
  0.24200000E+03     -0.2089797559316345E+02
  0.24300000E+03     -0.2067688020176494E+02
  0.24400000E+03     -0.2045283663916635E+02
  0.24500000E+03     -0.2022685284836444E+02
  0.24600000E+03     -0.1999881414526108E+02
  0.24700000E+03     -0.1976866733915861E+02
  0.24800000E+03     -0.1953760836827116E+02
  0.24900000E+03     -0.1930383211721758E+02
  0.25000000E+03     -0.1906954743689900E+02
  0.25100000E+03     -0.1883275508303781E+02
  0.25200000E+03     -0.1859461014695403E+02
  0.25300000E+03     -0.1835519853389451E+02
  0.25400000E+03     -0.1811444714071405E+02
  0.25500000E+03     -0.1787207278136617E+02
  0.25600000E+03     -0.1762737299994297E+02
  0.25700000E+03     -0.1738127859976820E+02
  0.25800000E+03     -0.1713458884038059E+02
  0.25900000E+03     -0.1688649686536420E+02
  0.26000000E+03     -0.1663699873239834E+02
  0.26100000E+03     -0.1638676936821165E+02
  0.26200000E+03     -0.1613511857316883E+02
  0.26300000E+03     -0.1588297134429769E+02
  0.26400000E+03     -0.1563025529787626E+02
  0.26500000E+03     -0.1537609802668803E+02
  0.26600000E+03     -0.1512118301759557E+02
  0.26700000E+03     -0.1486677814798322E+02
  0.26800000E+03     -0.1461139093255979E+02
  0.26900000E+03     -0.1435559678881641E+02
  0.27000000E+03     -0.1409983715948302E+02
  0.27100000E+03     -0.1384432305200692E+02
  0.27200000E+03     -0.1358894718271339E+02
  0.27300000E+03     -0.1333349308768591E+02
  0.27400000E+03     -0.1307935775486654E+02
  0.27500000E+03     -0.1282452662210145E+02
  0.27600000E+03     -0.1256970162143122E+02
  0.27700000E+03     -0.1231638831238598E+02
  0.27800000E+03     -0.1206351297418572E+02
  0.27900000E+03     -0.1181129913646579E+02
  0.28000000E+03     -0.1156061087124325E+02
  0.28100000E+03     -0.1130998183574248E+02
  0.28200000E+03     -0.1106071847865579E+02
  0.28300000E+03     -0.1081367565650251E+02
  0.28400000E+03     -0.1056746069658389E+02
  0.28500000E+03     -0.1032312265226701E+02
  0.28600000E+03     -0.1008126007689299E+02
  0.28700000E+03     -0.9840125605386362E+01
  0.28800000E+03     -0.9600062290737458E+01
  0.28900000E+03     -0.9363345346908179E+01
  0.29000000E+03     -0.9129103304756756E+01
  0.29100000E+03     -0.8897285477781693E+01
  0.29200000E+03     -0.8667208056193493E+01
  0.29300000E+03     -0.8442768317329664E+01
  0.29400000E+03     -0.8216827473288861E+01
  0.29500000E+03     -0.7994543055516866E+01
  0.29600000E+03     -0.7775061854047859E+01
  0.29700000E+03     -0.7560702135550658E+01
  0.29800000E+03     -0.7347176299794793E+01
  0.29900000E+03     -0.7138154845724452E+01
  0.30000000E+03     -0.6935281476175046E+01
  0.30100000E+03     -0.6733708623111518E+01
  0.30200000E+03     -0.6537939216793324E+01
  0.30300000E+03     -0.6346349216693644E+01
  0.30400000E+03     -0.6159164075931532E+01
  0.30500000E+03     -0.5976541690836335E+01
  0.30600000E+03     -0.5799773600569448E+01
  0.30700000E+03     -0.5626715066782083E+01
  0.30800000E+03     -0.5458420884758890E+01
  0.30900000E+03     -0.5296630836714275E+01
  0.31000000E+03     -0.5139344637195162E+01
  0.31100000E+03     -0.4989075693243848E+01
  0.31200000E+03     -0.4843780993209091E+01
  0.31300000E+03     -0.4701921972884946E+01
  0.31400000E+03     -0.4569654645211283E+01
  0.31500000E+03     -0.4444162849075060E+01
  0.31600000E+03     -0.4322875273560520E+01
  0.31700000E+03     -0.4210563723828084E+01
  0.31800000E+03     -0.4103851102684068E+01
  0.31900000E+03     -0.4005618429354890E+01
  0.32000000E+03     -0.3912527894878629E+01
  0.32100000E+03     -0.3830081540666186E+01
  0.32200000E+03     -0.3757523329621510E+01
  0.32300000E+03     -0.3688503097884013E+01
  0.32400000E+03     -0.3631924322383157E+01
  0.32500000E+03     -0.3586127422510157E+01
  0.32600000E+03     -0.3542579520006353E+01
  0.32700000E+03     -0.3511638209080353E+01
  0.32800000E+03     -0.3495047739332233E+01
  0.32900000E+03     -0.3484934882711326E+01
  0.33000000E+03     -0.3483894433554973E+01
  0.33100000E+03     -0.3487692299287375E+01
  0.33200000E+03     -0.3505412978447741E+01
  0.33300000E+03     -0.3536914806412079E+01
  0.33400000E+03     -0.3577717321824207E+01
  0.33500000E+03     -0.3626206163520035E+01
  0.33600000E+03     -0.3684480854480029E+01
  0.33700000E+03     -0.3757987039537634E+01
  0.33800000E+03     -0.3844540958685946E+01
  0.33900000E+03     -0.3941390297828742E+01
  0.34000000E+03     -0.4048186697404666E+01
  0.34100000E+03     -0.4167607255199004E+01
  0.34200000E+03     -0.4302148582097707E+01
  0.34300000E+03     -0.4451925676956654E+01
  0.34400000E+03     -0.4610018090087513E+01
  0.34500000E+03     -0.4783354720456912E+01
  0.34600000E+03     -0.4974027366892409E+01
  0.34700000E+03     -0.5173591572966233E+01
  0.34800000E+03     -0.5391843351188117E+01
  0.34900000E+03     -0.5624844716535794E+01
  0.35000000E+03     -0.5869623723078774E+01
  0.35100000E+03     -0.6134318423216179E+01
  0.35200000E+03     -0.6413362272791510E+01
  0.35300000E+03     -0.6707453459445874E+01
  0.35400000E+03     -0.7016154860996593E+01
  0.35500000E+03     -0.7342636511480709E+01
  0.35600000E+03     -0.7685453517719022E+01
  0.35700000E+03     -0.8043936388305166E+01
  0.35800000E+03     -0.8418991551358019E+01
  0.35900000E+03     -0.8814049428463935E+01
  0.36000000E+03     -0.9228425442530643E+01
  0.36100000E+03     -0.9663044201702061E+01
  0.36200000E+03     -0.1011389952307342E+02
  0.36300000E+03     -0.1058590200812487E+02
  0.36400000E+03     -0.1107678615020427E+02
  0.36500000E+03     -0.1158260307695113E+02
  0.36600000E+03     -0.1211767089102814E+02
  0.36700000E+03     -0.1266609491479193E+02
  0.36800000E+03     -0.1323985013030110E+02
  0.36900000E+03     -0.1383436692759056E+02
  0.37000000E+03     -0.1444774374239309E+02
  0.37100000E+03     -0.1508535732255776E+02
  0.37200000E+03     -0.1574512626158696E+02
  0.37300000E+03     -0.1642108460148436E+02
  0.37400000E+03     -0.1712707570960411E+02
  0.37500000E+03     -0.1785561410835344E+02
  0.37600000E+03     -0.1860674907846055E+02
  0.37700000E+03     -0.1938713538489538E+02
  0.37800000E+03     -0.2018457553363242E+02
  0.37900000E+03     -0.2100436190427764E+02
  0.38000000E+03     -0.2185311311266792E+02
  0.38100000E+03     -0.2272283451733282E+02
  0.38200000E+03     -0.2361798769975047E+02
  0.38300000E+03     -0.2453152073870311E+02
  0.38400000E+03     -0.2547774049171321E+02
  0.38500000E+03     -0.2645435974904466E+02
  0.38600000E+03     -0.2745489236396900E+02
  0.38700000E+03     -0.2848150858284756E+02
  0.38800000E+03     -0.2953462236977334E+02
  0.38900000E+03     -0.3062145168729607E+02
  0.39000000E+03     -0.3172949563502720E+02
  0.39100000E+03     -0.3287295930166397E+02
  0.39200000E+03     -0.3404547224200213E+02
  0.39300000E+03     -0.3523513219188304E+02
  0.39400000E+03     -0.3647166208086293E+02
  0.39500000E+03     -0.3772612681770432E+02
  0.39600000E+03     -0.3901611142636470E+02
  0.39700000E+03     -0.4033913333717185E+02
  0.39800000E+03     -0.4169485936938442E+02
  0.39900000E+03     -0.4307686016734473E+02
  0.40000000E+03     -0.4449700624944594E+02
  0.40100000E+03     -0.4595223558078658E+02
  0.40200000E+03     -0.4744387554666060E+02
  0.40300000E+03     -0.4896875737329879E+02
  0.40400000E+03     -0.5051545762752122E+02
  0.40500000E+03     -0.5210914105072593E+02
  0.40600000E+03     -0.5374337179363037E+02
  0.40700000E+03     -0.5541161126079819E+02
  0.40800000E+03     -0.5710465566173289E+02
  0.40900000E+03     -0.5884297608682568E+02
  0.41000000E+03     -0.6061398945632765E+02
  0.41100000E+03     -0.6242792262609788E+02
  0.41200000E+03     -0.6427665251109326E+02
  0.41300000E+03     -0.6616276050383175E+02
  0.41400000E+03     -0.6809068189097326E+02
  0.41500000E+03     -0.7005222818946135E+02
  0.41600000E+03     -0.7206028050974015E+02
  0.41700000E+03     -0.7410126214610600E+02
  0.41800000E+03     -0.7618042218497052E+02
  0.41900000E+03     -0.7832019978353151E+02
  0.42000000E+03     -0.8049510885698172E+02
  0.42100000E+03     -0.8269648006484886E+02
  0.42200000E+03     -0.8493117394008544E+02
  0.42300000E+03     -0.8723011001393246E+02
  0.42400000E+03     -0.8956708042328785E+02
  0.42500000E+03     -0.9194229226607845E+02
  0.42600000E+03     -0.9438081012104956E+02
  0.42700000E+03     -0.9685286016197833E+02
  0.42800000E+03     -0.9935926435549919E+02
  0.42900000E+03     -0.1019217593265651E+03
  0.43000000E+03     -0.1045365682008707E+03
  0.43100000E+03     -0.1071920190647568E+03
  0.43200000E+03     -0.1099110271364816E+03
  0.43300000E+03     -0.1126688336308431E+03
  0.43400000E+03     -0.1154780107618751E+03
  0.43500000E+03     -0.1183331783728566E+03
  0.43600000E+03     -0.1212177036868946E+03
  0.43700000E+03     -0.1241717239541869E+03
  0.43800000E+03     -0.1271698903292749E+03
  0.43900000E+03     -0.1302160684101524E+03
  0.44000000E+03     -0.1333278979762927E+03
  0.44100000E+03     -0.1364983713593535E+03
  0.44200000E+03     -0.1397258266105957E+03
  0.44300000E+03     -0.1429993189238641E+03
  0.44400000E+03     -0.1463110033182828E+03
  0.44500000E+03     -0.1496841345830912E+03
  0.44600000E+03     -0.1531140261188800E+03
  0.44700000E+03     -0.1566120496782730E+03
  0.44800000E+03     -0.1601597430320475E+03
  0.44900000E+03     -0.1637692293892295E+03
  0.45000000E+03     -0.1674323155571057E+03
  0.45100000E+03     -0.1711539338810792E+03
  0.45200000E+03     -0.1749306263620784E+03
  0.45300000E+03     -0.1787741305119541E+03
  0.45400000E+03     -0.1826730187520205E+03
  0.45500000E+03     -0.1866273647023966E+03
  0.45600000E+03     -0.1906534275146223E+03
  0.45700000E+03     -0.1947343666132939E+03
  0.45800000E+03     -0.1988908621846345E+03
  0.45900000E+03     -0.2031031388815890E+03
  0.46000000E+03     -0.2073956560450819E+03
  0.46100000E+03     -0.2117531762252166E+03
  0.46200000E+03     -0.2161454043758555E+03
  0.46300000E+03     -0.2206132286483763E+03
  0.46400000E+03     -0.2251480872766215E+03
  0.46500000E+03     -0.2297420509188285E+03
  0.46600000E+03     -0.2344220354728990E+03
  0.46700000E+03     -0.2391618676697175E+03
  0.46800000E+03     -0.2439472112909763E+03
  0.46900000E+03     -0.2488312920450801E+03
  0.47000000E+03     -0.2537564459349490E+03
  0.47100000E+03     -0.2587646876701443E+03
  0.47200000E+03     -0.2638575191913198E+03
  0.47300000E+03     -0.2690231575623772E+03
  0.47400000E+03     -0.2742343883847354E+03
  0.47500000E+03     -0.2795569997486096E+03
  0.47600000E+03     -0.2849148937888006E+03
  0.47700000E+03     -0.2903727035143212E+03
  0.47800000E+03     -0.2959141120661019E+03
  0.47900000E+03     -0.3015417480838136E+03
  0.48000000E+03     -0.3071855776031950E+03
  0.48100000E+03     -0.3129552640578308E+03
  0.48200000E+03     -0.3188037918086702E+03
  0.48300000E+03     -0.3247102668763472E+03
  0.48400000E+03     -0.3307324567330365E+03
  0.48500000E+03     -0.3367888077304704E+03
  0.48600000E+03     -0.3429486721409943E+03
  0.48700000E+03     -0.3491688192319256E+03
  0.48800000E+03     -0.3554874368467667E+03
  0.48900000E+03     -0.3618856753519880E+03
  0.49000000E+03     -0.3683928798275426E+03
  0.49100000E+03     -0.3749300558247303E+03
  0.49200000E+03     -0.3815970415168207E+03
  0.49300000E+03     -0.3883264433701186E+03
  0.49400000E+03     -0.3951068622070415E+03
  0.49500000E+03     -0.4020488215944376E+03
  0.49600000E+03     -0.4090815119901513E+03
  0.49700000E+03     -0.4162153618914954E+03
  0.49800000E+03     -0.4234392785097100E+03
  0.49900000E+03     -0.4307593185630118E+03
  0.50000000E+03     -0.4381110179365016E+03
  0.50100000E+03     -0.4455483296569168E+03
  0.50200000E+03     -0.4531144172222084E+03
  0.50300000E+03     -0.4607184218605201E+03
  0.50400000E+03     -0.4683859743733701E+03
  0.50500000E+03     -0.4762520852559667E+03
  0.50600000E+03     -0.4842080191423257E+03
  0.50700000E+03     -0.4922642400043155E+03
  0.50800000E+03     -0.5004178472656352E+03
  0.50900000E+03     -0.5086616482579267E+03
  0.51000000E+03     -0.5169435228167197E+03
