  0.00000000E+00      0.9421553364524456E-09      0.1154923604451801E-17
  0.10000000E+01     -0.6057390595803727E-03      0.3669198082954581E-06
  0.20000000E+01     -0.4052988489939768E-01      0.2444797360314302E-01
  0.30000000E+01     -0.1200721234378663E+00      0.8412861920919576E-01
  0.40000000E+01     -0.2393590929204588E+00      0.1993579298725224E+00
  0.50000000E+01     -0.3987101752610698E+00      0.4002841988959242E+00
  0.60000000E+01     -0.5984596560921023E+00      0.7274709052053905E+00
  0.70000000E+01     -0.8388850517249902E+00      0.1230965910625204E+01
  0.80000000E+01     -0.1120156675394001E+01      0.1972256985235432E+01
  0.90000000E+01     -0.1442589403301832E+01      0.3023375992522645E+01
  0.10000000E+02     -0.1806640567184377E+01      0.4467310835400697E+01
  0.11000000E+02     -0.2212788771214302E+01      0.6400114430814804E+01
  0.12000000E+02     -0.2660522295084168E+01      0.8923556086306018E+01
  0.13000000E+02     -0.3151153996104752E+01      0.1216057172018764E+02
  0.14000000E+02     -0.3684744664723635E+01      0.1624082667042355E+02
  0.15000000E+02     -0.4261982920200393E+01      0.2131382354609152E+02
  0.16000000E+02     -0.4883079327626016E+01      0.2753617310000819E+02
  0.17000000E+02     -0.5549043692070848E+01      0.3508474430646317E+02
  0.18000000E+02     -0.6260007475918014E+01      0.4414756987611049E+02
  0.19000000E+02     -0.7016317313439960E+01      0.5492222280773989E+02
  0.20000000E+02     -0.7818332230381746E+01      0.6762852117475720E+02
  0.21000000E+02     -0.8667542190939194E+01      0.8252128684186235E+02
  0.22000000E+02     -0.9564196450544333E+01      0.9985299999873369E+02
  0.23000000E+02     -0.1050853765904862E+02      0.1198825838278802E+03
  0.24000000E+02     -0.1150295669151602E+02      0.1429540992200555E+03
  0.25000000E+02     -0.1254738362870986E+02      0.1693707758404084E+03
  0.26000000E+02     -0.1364162170911269E+02      0.1994538247759428E+03
  0.27000000E+02     -0.1478873725705208E+02      0.2336303741600273E+03
  0.28000000E+02     -0.1598935008957556E+02      0.2722961222038121E+03
  0.29000000E+02     -0.1724232614531411E+02      0.3158042162588145E+03
  0.30000000E+02     -0.1855292768805020E+02      0.3647742404208104E+03
  0.31000000E+02     -0.1991649893677905E+02      0.4194595183545414E+03
  0.32000000E+02     -0.2133827887892613E+02      0.4805495376061914E+03
  0.33000000E+02     -0.2281875342938051E+02      0.5485929443885269E+03
  0.34000000E+02     -0.2435784650910154E+02      0.6241117483344370E+03
  0.35000000E+02     -0.2596059162543220E+02      0.7079365384398479E+03
  0.36000000E+02     -0.2762604400031280E+02      0.8006295354611985E+03
  0.37000000E+02     -0.2935610171214557E+02      0.9029577098989084E+03
  0.38000000E+02     -0.3114923158791354E+02      0.1015451052442207E+04
  0.39000000E+02     -0.3301385353752548E+02      0.1139486100461206E+04
  0.40000000E+02     -0.3494460005083479E+02      0.1275395030845439E+04
  0.41000000E+02     -0.3694721724308051E+02      0.1424431813780905E+04
  0.42000000E+02     -0.3901765434181956E+02      0.1587154658647978E+04
  0.43000000E+02     -0.4116259684186431E+02      0.1764950135086107E+04
  0.44000000E+02     -0.4338353521734950E+02      0.1958935181573969E+04
  0.45000000E+02     -0.4567521639733368E+02      0.2169549611947388E+04
  0.46000000E+02     -0.4803824976159240E+02      0.2397899777469074E+04
  0.47000000E+02     -0.5047959714663921E+02      0.2645633689346769E+04
  0.48000000E+02     -0.5299570695770692E+02      0.2913550186858440E+04
  0.49000000E+02     -0.5558654384637510E+02      0.3202783243523581E+04
  0.50000000E+02     -0.5824671643442227E+02      0.3513625140639308E+04
  0.51000000E+02     -0.6097977413673214E+02      0.3847879834076194E+04
  0.52000000E+02     -0.6378509969247736E+02      0.4206311184623870E+04
  0.53000000E+02     -0.6665869024001081E+02      0.4589619222800325E+04
  0.54000000E+02     -0.6960588430907318E+02      0.4999992002859577E+04
  0.55000000E+02     -0.7261639414993680E+02      0.5436883678486288E+04
  0.56000000E+02     -0.7569566718866811E+02      0.5902238942671539E+04
  0.57000000E+02     -0.7883344862095095E+02      0.6395703343474750E+04
  0.58000000E+02     -0.8202931919921700E+02      0.6918304207114859E+04
  0.59000000E+02     -0.8527402045442379E+02      0.7469354618907806E+04
  0.60000000E+02     -0.8857819252581994E+02      0.8051928397744367E+04
  0.61000000E+02     -0.9193149831002701E+02      0.8665020806896246E+04
  0.62000000E+02     -0.9533399812548727E+02      0.9309726473599001E+04
  0.63000000E+02     -0.9878070795895444E+02      0.9986027463373843E+04
  0.64000000E+02     -0.1022672522811264E+03      0.1069395135018250E+05
  0.65000000E+02     -0.1057918941624647E+03      0.1143396361374559E+05
  0.66000000E+02     -0.1093573274757127E+03      0.1220744116751172E+05
  0.67000000E+02     -0.1129526484262156E+03      0.1301271618969437E+05
  0.68000000E+02     -0.1165857587900702E+03      0.1385238405895210E+05
  0.69000000E+02     -0.1202379999019507E+03      0.1472287731341751E+05
  0.70000000E+02     -0.1239260920342369E+03      0.1562858494318579E+05
  0.71000000E+02     -0.1276448092926504E+03      0.1656905855019428E+05
  0.72000000E+02     -0.1313890103136419E+03      0.1754370718225329E+05
  0.73000000E+02     -0.1351633369106971E+03      0.1855419871690483E+05
  0.74000000E+02     -0.1389571375648290E+03      0.1959853694819954E+05
  0.75000000E+02     -0.1427863348895061E+03      0.2068160056080581E+05
  0.76000000E+02     -0.1466243272489581E+03      0.2179640599154756E+05
  0.77000000E+02     -0.1504875576980567E+03      0.2294796485781140E+05
  0.78000000E+02     -0.1543600219729141E+03      0.2413213011565137E+05
  0.79000000E+02     -0.1582655315799502E+03      0.2535670943042113E+05
  0.80000000E+02     -0.1621877927625029E+03      0.2661717619938202E+05
  0.81000000E+02     -0.1661163110550195E+03      0.2791039541141501E+05
  0.82000000E+02     -0.1700705988815063E+03      0.2924307604882048E+05
  0.83000000E+02     -0.1740458743066833E+03      0.3061437093882035E+05
  0.84000000E+02     -0.1780351677050926E+03      0.3202209064792436E+05
  0.85000000E+02     -0.1820433313968568E+03      0.3346820961022186E+05
  0.86000000E+02     -0.1860643864366021E+03      0.3495136680962334E+05
  0.87000000E+02     -0.1901036437610480E+03      0.3647387432411739E+05
  0.88000000E+02     -0.1941635631523823E+03      0.3803728997106381E+05
  0.89000000E+02     -0.1982380396036515E+03      0.3963930228757489E+05
  0.90000000E+02     -0.2023244853719594E+03      0.4127893324282377E+05
  0.91000000E+02     -0.2064203206338304E+03      0.4295584867722539E+05
  0.92000000E+02     -0.2105323695457015E+03      0.4467319557364193E+05
  0.93000000E+02     -0.2146616118026429E+03      0.4643154189656359E+05
  0.94000000E+02     -0.2188114518426714E+03      0.4823290885549494E+05
  0.95000000E+02     -0.2229618535846018E+03      0.5006903494561795E+05
  0.96000000E+02     -0.2271377383153867E+03      0.5195094569982427E+05
  0.97000000E+02     -0.2313193765273305E+03      0.5387052953033198E+05
  0.98000000E+02     -0.2355063554506496E+03      0.5582749332816516E+05
  0.99000000E+02     -0.2397064972010376E+03      0.5782579063174166E+05
  0.10000000E+03     -0.2439087423478263E+03      0.5986037247981536E+05
  0.10100000E+03     -0.2481328446284288E+03      0.6194090189303326E+05
  0.10200000E+03     -0.2523624697812124E+03      0.6405979331178462E+05
  0.10300000E+03     -0.2566164652048122E+03      0.6622754402607119E+05
  0.10400000E+03     -0.2608623366605914E+03      0.6842645970805983E+05
  0.10500000E+03     -0.2651200247763234E+03      0.7066781376077507E+05
  0.10600000E+03     -0.2693957917218910E+03      0.7295517349680685E+05
  0.10700000E+03     -0.2736802563165884E+03      0.7528384185407459E+05
  0.10800000E+03     -0.2779782587143212E+03      0.7765658047611800E+05
  0.10900000E+03     -0.2822798005310784E+03      0.8006812286647118E+05
  0.11000000E+03     -0.2866054486574761E+03      0.8253068266706038E+05
  0.11100000E+03     -0.2909397833240939E+03      0.8503575425441467E+05
  0.11200000E+03     -0.2952696276285327E+03      0.8757550354031524E+05
  0.11300000E+03     -0.2996167535849632E+03      0.9016308300138445E+05
  0.11400000E+03     -0.3039783899588576E+03      0.9279733645467821E+05
  0.11500000E+03     -0.3083612806925506E+03      0.9548297461675426E+05
  0.11600000E+03     -0.3127528990392807E+03      0.9821215825499174E+05
  0.11700000E+03     -0.3171668119560193E+03      0.1009943260790268E+06
  0.11800000E+03     -0.3215927433005184E+03      0.1038234112444476E+06
  0.11900000E+03     -0.3260295266172087E+03      0.1066983187571225E+06
  0.12000000E+03     -0.3304919267237414E+03      0.1096293144681317E+06
  0.12100000E+03     -0.3349495608758168E+03      0.1125972381750410E+06
  0.12200000E+03     -0.3394312656935059E+03      0.1156211999602694E+06
  0.12300000E+03     -0.3439288834417463E+03      0.1186964441591537E+06
  0.12400000E+03     -0.3484276830119651E+03      0.1218129321421985E+06
  0.12500000E+03     -0.3529521133207017E+03      0.1249880160601803E+06
  0.12600000E+03     -0.3574923130265375E+03      0.1282154844881328E+06
  0.12700000E+03     -0.3620599227061305E+03      0.1315039982720474E+06
  0.12800000E+03     -0.3666450345043920E+03      0.1348472315726230E+06
  0.12900000E+03     -0.3712513470233834E+03      0.1382484411893707E+06
  0.13000000E+03     -0.3758649460949626E+03      0.1416968986892936E+06
  0.13100000E+03     -0.3805269526426822E+03      0.1452253569231834E+06
  0.13200000E+03     -0.3851967566059560E+03      0.1488038066037777E+06
  0.13300000E+03     -0.3899005009985189E+03      0.1524518955298770E+06
  0.13400000E+03     -0.3946104142798101E+03      0.1561492319275707E+06
  0.13500000E+03     -0.3993324136797834E+03      0.1599006868075833E+06
  0.13600000E+03     -0.4041022915330068E+03      0.1637354817405843E+06
  0.13700000E+03     -0.4088979618876522E+03      0.1676373052151824E+06
  0.13800000E+03     -0.4137121589582969E+03      0.1716001594568967E+06
  0.13900000E+03     -0.4185402737733216E+03      0.1756215531611113E+06
  0.14000000E+03     -0.4234094666532681E+03      0.1797242651561895E+06
  0.14100000E+03     -0.4282994782720141E+03      0.1838925223548070E+06
  0.14200000E+03     -0.4332154171790890E+03      0.1881315182428013E+06
  0.14300000E+03     -0.4381561439852222E+03      0.1924405240642407E+06
  0.14400000E+03     -0.4431280677607791E+03      0.1968259065550826E+06
  0.14500000E+03     -0.4481380930361444E+03      0.2012947856406424E+06
  0.14600000E+03     -0.4531485499415859E+03      0.2058150694844906E+06
  0.14700000E+03     -0.4581999092725721E+03      0.2104231536336070E+06
  0.14800000E+03     -0.4632859029369940E+03      0.2151145167464569E+06
  0.14900000E+03     -0.4683876548766190E+03      0.2198723790362732E+06
  0.15000000E+03     -0.4735094239337604E+03      0.2247013801885439E+06
  0.15100000E+03     -0.4786599494981137E+03      0.2296100731359748E+06
  0.15200000E+03     -0.4839497759195544E+03      0.2347054520083211E+06
  0.15300000E+03     -0.4891333611785461E+03      0.2397543904227269E+06
  0.15400000E+03     -0.4943377356479090E+03      0.2448780400836073E+06
  0.15500000E+03     -0.4996078169310392E+03      0.2501205020869509E+06
  0.15600000E+03     -0.5048447405946624E+03      0.2553860539426987E+06
  0.15700000E+03     -0.5100897369289226E+03      0.2607147293448355E+06
  0.15800000E+03     -0.5153628395810763E+03      0.2661274027725129E+06
  0.15900000E+03     -0.5206432235984211E+03      0.2716036520081482E+06
  0.16000000E+03     -0.5259275714959797E+03      0.2771399931123629E+06
  0.16100000E+03     -0.5312208181186720E+03      0.2827409213802280E+06
  0.16200000E+03     -0.5365199202936723E+03      0.2884047496677838E+06
  0.16300000E+03     -0.5418291665291981E+03      0.2941350903235670E+06
  0.16400000E+03     -0.5471515427955314E+03      0.2999362252349510E+06
  0.16500000E+03     -0.5524694400343898E+03      0.3057893021565353E+06
  0.16600000E+03     -0.5577955042953956E+03      0.3117081296981122E+06
  0.16700000E+03     -0.5631248563826412E+03      0.3176872855649901E+06
  0.16800000E+03     -0.5684604900020606E+03      0.3237305318968980E+06
  0.16900000E+03     -0.5737927148407202E+03      0.3298264696675026E+06
  0.17000000E+03     -0.5791179242270349E+03      0.3359709879050608E+06
  0.17100000E+03     -0.5844301796245712E+03      0.3421568466649924E+06
  0.17200000E+03     -0.5897614094123273E+03      0.3484219527225604E+06
  0.17300000E+03     -0.5950725161718910E+03      0.3547196267444119E+06
  0.17400000E+03     -0.6003724710212427E+03      0.3610602988815536E+06
  0.17500000E+03     -0.6056757424839594E+03      0.3674613721610995E+06
  0.17600000E+03     -0.6109573404003753E+03      0.3738919300865371E+06
  0.17700000E+03     -0.6162475461688412E+03      0.3803888787986097E+06
  0.17800000E+03     -0.6215303760913556E+03      0.3869327362258479E+06
  0.17900000E+03     -0.6267825287090282E+03      0.3934939255654221E+06
  0.18000000E+03     -0.6320298119703715E+03      0.4001038067195780E+06
  0.18100000E+03     -0.6372744980382081E+03      0.4067655365526924E+06
  0.18200000E+03     -0.6425079897466512E+03      0.4134676841702702E+06
  0.18300000E+03     -0.6477300059008821E+03      0.4202099279570366E+06
  0.18400000E+03     -0.6529402291747955E+03      0.4269912065488218E+06
  0.18500000E+03     -0.6581444805839362E+03      0.4338189556110603E+06
  0.18600000E+03     -0.6633245687437887E+03      0.4406688880614987E+06
  0.18700000E+03     -0.6684864917468791E+03      0.4475481003792735E+06
  0.18800000E+03     -0.6736167551825293E+03      0.4544375092994975E+06
  0.18900000E+03     -0.6787365687661077E+03      0.4613654162738400E+06
  0.19000000E+03     -0.6838591923438668E+03      0.4683500013421786E+06
  0.19100000E+03     -0.6889514257144194E+03      0.4753445584030643E+06
  0.19200000E+03     -0.6939904811918063E+03      0.4823186135774716E+06
  0.19300000E+03     -0.6990611356975743E+03      0.4893861166147979E+06
  0.19400000E+03     -0.7041185392481439E+03      0.4964865169723497E+06
  0.19500000E+03     -0.7091232301823269E+03      0.5035643401072640E+06
  0.19600000E+03     -0.7141542302665276E+03      0.5107280549576338E+06
  0.19700000E+03     -0.7191759924187173E+03      0.5179294605147215E+06
  0.19800000E+03     -0.7241731028114326E+03      0.5251447505523915E+06
  0.19900000E+03     -0.7291408808771771E+03      0.5323664797166148E+06
  0.20000000E+03     -0.7341062977248645E+03      0.5396342256473345E+06
  0.20100000E+03     -0.7390538472543969E+03      0.5469244313723939E+06
  0.20200000E+03     -0.7439972688444269E+03      0.5542576316239879E+06
  0.20300000E+03     -0.7489234197720859E+03      0.5616131606409426E+06
  0.20400000E+03     -0.7538438614909973E+03      0.5690077122548840E+06
  0.20500000E+03     -0.7587525184558298E+03      0.5764326018473066E+06
  0.20600000E+03     -0.7636522700278148E+03      0.5838916114114821E+06
  0.20700000E+03     -0.7685471410067448E+03      0.5913905176941620E+06
  0.20800000E+03     -0.7734505658556205E+03      0.5989502020174360E+06
  0.20900000E+03     -0.7783462972649110E+03      0.6065449432585253E+06
  0.21000000E+03     -0.7832237046015485E+03      0.6141596849851989E+06
  0.21100000E+03     -0.7881095413722342E+03      0.6218343777098324E+06
  0.21200000E+03     -0.7930191150420123E+03      0.6295940128654296E+06
  0.21300000E+03     -0.7979214622555910E+03      0.6373902084926009E+06
  0.21400000E+03     -0.8028396992430157E+03      0.6452599571869317E+06
  0.21500000E+03     -0.8077630199209767E+03      0.6531847820535947E+06
  0.21600000E+03     -0.8127063372432425E+03      0.6611909922705489E+06
  0.21700000E+03     -0.8176617345284882E+03      0.6692656688128741E+06
  0.21800000E+03     -0.8226327665627982E+03      0.6774151685647807E+06
  0.21900000E+03     -0.8276415512733183E+03      0.6856767372771843E+06
  0.22000000E+03     -0.8326680418000522E+03      0.6940176316345868E+06
  0.22100000E+03     -0.8377041829561127E+03      0.7024252794751198E+06
  0.22200000E+03     -0.8427740802702682E+03      0.7109409606423047E+06
  0.22300000E+03     -0.8479255900278644E+03      0.7196455199901145E+06
  0.22400000E+03     -0.8530275331328294E+03      0.7283194310466239E+06
  0.22500000E+03     -0.8581410398946940E+03      0.7370655298896325E+06
  0.22600000E+03     -0.8632801839975107E+03      0.7459069635368033E+06
  0.22700000E+03     -0.8684927054817964E+03      0.7549305270442974E+06
  0.22800000E+03     -0.8737145642543935E+03      0.7640233544326674E+06
  0.22900000E+03     -0.8789485228509112E+03      0.7731943394869164E+06
  0.23000000E+03     -0.8842131388932817E+03      0.7824731154216040E+06
  0.23100000E+03     -0.8895343840919700E+03      0.7919089593343934E+06
  0.23200000E+03     -0.8948340125917316E+03      0.8013624437182590E+06
  0.23300000E+03     -0.9001613460846401E+03      0.8109222851311686E+06
  0.23400000E+03     -0.9055414550525023E+03      0.8206343964340828E+06
  0.23500000E+03     -0.9109316076672688E+03      0.8304230193926373E+06
  0.23600000E+03     -0.9163139912718982E+03      0.8402558336489839E+06
  0.23700000E+03     -0.9217702976214762E+03      0.8502828832197203E+06
  0.23800000E+03     -0.9272197732144432E+03      0.8603585467611552E+06
  0.23900000E+03     -0.9326990404852104E+03      0.8705482862927442E+06
  0.24000000E+03     -0.9381900112654413E+03      0.8808203691084078E+06
  0.24100000E+03     -0.9437249348371042E+03      0.8912358424267714E+06
  0.24200000E+03     -0.9493718408133609E+03      0.9019276199185359E+06
  0.24300000E+03     -0.9549210017876283E+03      0.9124941108835799E+06
  0.24400000E+03     -0.9604850283136082E+03      0.9231511835124036E+06
  0.24500000E+03     -0.9661340143109959E+03      0.9340375136697403E+06
  0.24600000E+03     -0.9717437391673811E+03      0.9449094371333355E+06
  0.24700000E+03     -0.9773647798638910E+03      0.9558663756366544E+06
  0.24800000E+03     -0.9829856492193828E+03      0.9668856041566768E+06
  0.24900000E+03     -0.9886303247525046E+03      0.9780159733659951E+06
  0.25000000E+03     -0.9943112148297113E+03      0.9892815868624913E+06
  0.25100000E+03     -0.9999643336835298E+03      0.1000556171956714E+07
  0.25200000E+03     -0.1005624660085054E+04      0.1011909280486179E+07
  0.25300000E+03     -0.1011328794438960E+04      0.1023415398923061E+07
  0.25400000E+03     -0.1017021797729640E+04      0.1034963916742699E+07
  0.25500000E+03     -0.1022721188071596E+04      0.1046591360974812E+07
  0.25600000E+03     -0.1028470611044329E+04      0.1058386319792990E+07
  0.25700000E+03     -0.1034191437242185E+04      0.1070188380680464E+07
  0.25800000E+03     -0.1039916864928761E+04      0.1082064706275398E+07
  0.25900000E+03     -0.1045674932174984E+04      0.1094075072887902E+07
  0.26000000E+03     -0.1051432587765298E+04      0.1106150732362751E+07
  0.26100000E+03     -0.1057221859593017E+04      0.1118360396708320E+07
  0.26200000E+03     -0.1062917716441596E+04      0.1130437941343552E+07
  0.26300000E+03     -0.1068665738123583E+04      0.1142691307511225E+07
  0.26400000E+03     -0.1074445530584625E+04      0.1155079811563771E+07
  0.26500000E+03     -0.1080140900422084E+04      0.1167351101535858E+07
  0.26600000E+03     -0.1085942617193093E+04      0.1179919903222232E+07
  0.26700000E+03     -0.1091719505768138E+04      0.1192501494406144E+07
  0.26800000E+03     -0.1097476047273159E+04      0.1205104625079888E+07
  0.26900000E+03     -0.1103280649005963E+04      0.1217879229210184E+07
  0.27000000E+03     -0.1109096487483577E+04      0.1230747040190325E+07
  0.27100000E+03     -0.1114932542718253E+04      0.1243727647116254E+07
  0.27200000E+03     -0.1120754902212534E+04      0.1256744717666437E+07
  0.27300000E+03     -0.1126576997102180E+04      0.1269828894571391E+07
  0.27400000E+03     -0.1132391236707428E+04      0.1282962526862315E+07
  0.27500000E+03     -0.1138230936930536E+04      0.1296221446117508E+07
  0.27600000E+03     -0.1144095181544912E+04      0.1309604254433461E+07
  0.27700000E+03     -0.1149965283196005E+04      0.1323069943452566E+07
  0.27800000E+03     -0.1155887957797135E+04      0.1336725183014593E+07
  0.27900000E+03     -0.1161768866589181E+04      0.1350353731288156E+07
  0.28000000E+03     -0.1167679028618691E+04      0.1364119278833363E+07
  0.28100000E+03     -0.1173654256564214E+04      0.1378107776981297E+07
  0.28200000E+03     -0.1179618060275765E+04      0.1392139206745895E+07
  0.28300000E+03     -0.1185535335876078E+04      0.1406130151108170E+07
  0.28400000E+03     -0.1191486741259901E+04      0.1420273593058591E+07
  0.28500000E+03     -0.1197434072302187E+04      0.1434476373564893E+07
  0.28600000E+03     -0.1203407017741715E+04      0.1448812120181816E+07
  0.28700000E+03     -0.1209417141155589E+04      0.1463308085961648E+07
  0.28800000E+03     -0.1215475986370350E+04      0.1477994091970527E+07
  0.28900000E+03     -0.1221527130877664E+04      0.1492733938813061E+07
  0.29000000E+03     -0.1227630393574912E+04      0.1507674949925718E+07
  0.29100000E+03     -0.1233774782484430E+04      0.1522791325250815E+07
  0.29200000E+03     -0.1239951041732939E+04      0.1538060851197127E+07
  0.29300000E+03     -0.1246168605368661E+04      0.1553509080131927E+07
  0.29400000E+03     -0.1252411644490495E+04      0.1569098164353427E+07
  0.29500000E+03     -0.1258589391215793E+04      0.1584597730753108E+07
  0.29600000E+03     -0.1264985314848364E+04      0.1600728199178703E+07
  0.29700000E+03     -0.1271387670537644E+04      0.1616956535160687E+07
  0.29800000E+03     -0.1277812030686880E+04      0.1633319053861233E+07
  0.29900000E+03     -0.1284356800660856E+04      0.1650075569266099E+07
  0.30000000E+03     -0.1290908646110476E+04      0.1666933899053209E+07
  0.30100000E+03     -0.1297556396601138E+04      0.1684127617030302E+07
  0.30200000E+03     -0.1304267367851724E+04      0.1701573921808983E+07
  0.30300000E+03     -0.1311100995254785E+04      0.1719432499504658E+07
  0.30400000E+03     -0.1318021177599917E+04      0.1737611742748631E+07
  0.30500000E+03     -0.1324987227616378E+04      0.1756007776981233E+07
  0.30600000E+03     -0.1331929133728180E+04      0.1774436620353470E+07
  0.30700000E+03     -0.1339035443225141E+04      0.1793402722578536E+07
  0.30800000E+03     -0.1346253243749782E+04      0.1812771293472729E+07
  0.30900000E+03     -0.1353464867809160E+04      0.1832227730650646E+07
  0.31000000E+03     -0.1360833731155184E+04      0.1852215381234027E+07
  0.31100000E+03     -0.1368298938333737E+04      0.1872576729562412E+07
  0.31200000E+03     -0.1375849414213471E+04      0.1893283284774382E+07
  0.31300000E+03     -0.1383494212293442E+04      0.1914367176081536E+07
  0.31400000E+03     -0.1391189980140618E+04      0.1935709693412987E+07
  0.31500000E+03     -0.1398969408943455E+04      0.1957405086989936E+07
  0.31600000E+03     -0.1406827106220696E+04      0.1979443119280658E+07
  0.31700000E+03     -0.1414763939478713E+04      0.2001828720912841E+07
  0.31800000E+03     -0.1422715668968632E+04      0.2024384312965375E+07
  0.31900000E+03     -0.1430752875501048E+04      0.2047309892702057E+07
  0.32000000E+03     -0.1438873541132266E+04      0.2070605744748515E+07
  0.32100000E+03     -0.1446991938781937E+04      0.2094026068645627E+07
  0.32200000E+03     -0.1455293496497598E+04      0.2118113606341775E+07
  0.32300000E+03     -0.1463628737664309E+04      0.2142438044939656E+07
  0.32400000E+03     -0.1472023661507222E+04      0.2167077823299323E+07
  0.32500000E+03     -0.1480485558434456E+04      0.2192057134300113E+07
  0.32600000E+03     -0.1489017390121708E+04      0.2217388246598397E+07
  0.32700000E+03     -0.1497590000078338E+04      0.2242987671937772E+07
  0.32800000E+03     -0.1506172797880434E+04      0.2268764321630925E+07
  0.32900000E+03     -0.1514879125085058E+04      0.2295063667922944E+07
  0.33000000E+03     -0.1523628629248499E+04      0.2321647254572896E+07
  0.33100000E+03     -0.1532423035675072E+04      0.2348520534271513E+07
  0.33200000E+03     -0.1541245647069484E+04      0.2375636203693258E+07
  0.33300000E+03     -0.1550142771583140E+04      0.2403138839383882E+07
  0.33400000E+03     -0.1559079461555472E+04      0.2430922831519617E+07
  0.33500000E+03     -0.1568047044595442E+04      0.2458964084810934E+07
  0.33600000E+03     -0.1577028570577584E+04      0.2487210072637760E+07
  0.33700000E+03     -0.1586097555847505E+04      0.2515894931773371E+07
  0.33800000E+03     -0.1595169838912546E+04      0.2544755067642943E+07
  0.33900000E+03     -0.1604312142237851E+04      0.2574004475399000E+07
  0.34000000E+03     -0.1613502047548824E+04      0.2603575611112539E+07
  0.34100000E+03     -0.1622720771688422E+04      0.2633408643470835E+07
  0.34200000E+03     -0.1632007229693553E+04      0.2663633383683960E+07
  0.34300000E+03     -0.1641338188883741E+04      0.2694176129805627E+07
  0.34400000E+03     -0.1650681125207628E+04      0.2724933184665975E+07
  0.34500000E+03     -0.1660052999471361E+04      0.2755961130084958E+07
  0.34600000E+03     -0.1669489274415125E+04      0.2787379722890148E+07
  0.34700000E+03     -0.1678943167435210E+04      0.2819034730842792E+07
  0.34800000E+03     -0.1688455062858704E+04      0.2851065474955959E+07
  0.34900000E+03     -0.1697995024438889E+04      0.2883371847277325E+07
  0.35000000E+03     -0.1707492039848538E+04      0.2915714175214895E+07
  0.35100000E+03     -0.1717088156700479E+04      0.2948577225896698E+07
  0.35200000E+03     -0.1726721651303307E+04      0.2981753644163635E+07
  0.35300000E+03     -0.1736404357622345E+04      0.3015286443623271E+07
  0.35400000E+03     -0.1746125350563390E+04      0.3049140785819884E+07
  0.35500000E+03     -0.1755788313211551E+04      0.3082980245263435E+07
  0.35600000E+03     -0.1765520640939768E+04      0.3117252304996372E+07
  0.35700000E+03     -0.1775325790975582E+04      0.3151970698239395E+07
  0.35800000E+03     -0.1785151548670882E+04      0.3186955872823422E+07
  0.35900000E+03     -0.1795015299270322E+04      0.3222270925367499E+07
  0.36000000E+03     -0.1804850247206984E+04      0.3257675848370191E+07
  0.36100000E+03     -0.1814712477805944E+04      0.3293373997063905E+07
  0.36200000E+03     -0.1824594344214680E+04      0.3329337621267531E+07
  0.36300000E+03     -0.1834585266165121E+04      0.3365898188036271E+07
  0.36400000E+03     -0.1844557408650684E+04      0.3402588521126142E+07
  0.36500000E+03     -0.1854544571351528E+04      0.3439532797573858E+07
  0.36600000E+03     -0.1864600584248961E+04      0.3476933014848674E+07
  0.36700000E+03     -0.1874677822002599E+04      0.3514616808414147E+07
  0.36800000E+03     -0.1884749508988102E+04      0.3552481811765926E+07
  0.36900000E+03     -0.1894883795432870E+04      0.3590786929834587E+07
  0.37000000E+03     -0.1905001630744848E+04      0.3629234091437563E+07
  0.37100000E+03     -0.1915181364772209E+04      0.3668123798241564E+07
  0.37200000E+03     -0.1925327253967283E+04      0.3707090423232087E+07
  0.37300000E+03     -0.1935626941786448E+04      0.3746857846625477E+07
  0.37400000E+03     -0.1945832220259684E+04      0.3786471253748870E+07
  0.37500000E+03     -0.1956072914564849E+04      0.3826432018801192E+07
  0.37600000E+03     -0.1966322867115043E+04      0.3866638387642103E+07
  0.37700000E+03     -0.1976667416072411E+04      0.3907427120788538E+07
  0.37800000E+03     -0.1986915011913809E+04      0.3948045784234783E+07
  0.37900000E+03     -0.1997265613748538E+04      0.3989286090324918E+07
  0.38000000E+03     -0.2007640268542463E+04      0.4030836751534725E+07
  0.38100000E+03     -0.2018000603627067E+04      0.4072546055893233E+07
  0.38200000E+03     -0.2028395934158191E+04      0.4114611010563237E+07
  0.38300000E+03     -0.2038838713957924E+04      0.4157086172770135E+07
  0.38400000E+03     -0.2049348810281496E+04      0.4200054234042737E+07
  0.38500000E+03     -0.2059815796536195E+04      0.4243066247918654E+07
  0.38600000E+03     -0.2070273782459830E+04      0.4286260637150072E+07
  0.38700000E+03     -0.2080752015229499E+04      0.4329758843867949E+07
  0.38800000E+03     -0.2091302145837549E+04      0.4373776367790692E+07
  0.38900000E+03     -0.2101836819481446E+04      0.4417950928850748E+07
  0.39000000E+03     -0.2112410672089969E+04      0.4462514225643828E+07
  0.39100000E+03     -0.2122966982246472E+04      0.4507226384747317E+07
  0.39200000E+03     -0.2133514998728728E+04      0.4552125370620952E+07
  0.39300000E+03     -0.2144066204876111E+04      0.4597260172601139E+07
  0.39400000E+03     -0.2154680585107500E+04      0.4642891708534632E+07
  0.39500000E+03     -0.2165349087379439E+04      0.4688981213330531E+07
  0.39600000E+03     -0.2176013028432861E+04      0.4735279458959987E+07
  0.39700000E+03     -0.2186589216353375E+04      0.4781421479244611E+07
  0.39800000E+03     -0.2197360883832675E+04      0.4828646762425234E+07
  0.39900000E+03     -0.2208053619185124E+04      0.4875754790896564E+07
  0.40000000E+03     -0.2218738824815568E+04      0.4923056457707761E+07
  0.40100000E+03     -0.2229400996339814E+04      0.4970485980824055E+07
  0.40200000E+03     -0.2240129516757921E+04      0.5018440019609705E+07
  0.40300000E+03     -0.2250865497055585E+04      0.5066657581981023E+07
  0.40400000E+03     -0.2261601570903901E+04      0.5115105990288508E+07
  0.40500000E+03     -0.2272316448640181E+04      0.5163688043842277E+07
  0.40600000E+03     -0.2283150050110152E+04      0.5213043145662328E+07
  0.40700000E+03     -0.2293883200832849E+04      0.5262169600788836E+07
  0.40800000E+03     -0.2304601550499525E+04      0.5311460906988215E+07
  0.40900000E+03     -0.2315400400745079E+04      0.5361354792279091E+07
  0.41000000E+03     -0.2326172169579232E+04      0.5411353857137652E+07
  0.41100000E+03     -0.2337089744813666E+04      0.5462268304471414E+07
  0.41200000E+03     -0.2347856913130939E+04      0.5512713246536013E+07
  0.41300000E+03     -0.2358706605438041E+04      0.5563782592243725E+07
  0.41400000E+03     -0.2369539954174215E+04      0.5615005979623353E+07
  0.41500000E+03     -0.2380363256969890E+04      0.5666419911178313E+07
  0.41600000E+03     -0.2391214046890870E+04      0.5718194963302303E+07
  0.41700000E+03     -0.2402060708971213E+04      0.5770189498495937E+07
  0.41800000E+03     -0.2412840584925136E+04      0.5822096091283360E+07
  0.41900000E+03     -0.2423728181131265E+04      0.5874758709687436E+07
  0.42000000E+03     -0.2434598299696414E+04      0.5927570672078523E+07
  0.42100000E+03     -0.2445421057751871E+04      0.5980387977501526E+07
  0.42200000E+03     -0.2456352897190055E+04      0.6033976273160284E+07
  0.42300000E+03     -0.2467188016981021E+04      0.6087325324715757E+07
  0.42400000E+03     -0.2478018484306608E+04      0.6140886319638583E+07
  0.42500000E+03     -0.2488951520521986E+04      0.6195192756491972E+07
  0.42600000E+03     -0.2499806893128673E+04      0.6249349832725464E+07
  0.42700000E+03     -0.2510731589333114E+04      0.6304090628731989E+07
  0.42800000E+03     -0.2521561994944726E+04      0.6358596828977147E+07
  0.42900000E+03     -0.2532406543603359E+04      0.6413407380530102E+07
  0.43000000E+03     -0.2543235422798102E+04      0.6468372342093694E+07
  0.43100000E+03     -0.2554205568666805E+04      0.6524295245662186E+07
  0.43200000E+03     -0.2565115430002724E+04      0.6580149865035012E+07
  0.43300000E+03     -0.2575950109125888E+04      0.6635852765381963E+07
  0.43400000E+03     -0.2586775453972093E+04      0.6691744902412350E+07
  0.43500000E+03     -0.2597721258555543E+04      0.6748495728798500E+07
  0.43600000E+03     -0.2608358317394986E+04      0.6803876082820105E+07
  0.43700000E+03     -0.2619302000226553E+04      0.6861087423214367E+07
  0.43800000E+03     -0.2630046162878809E+04      0.6917492332346717E+07
  0.43900000E+03     -0.2640957140912824E+04      0.6975006389639024E+07
  0.44000000E+03     -0.2651633219257247E+04      0.7031512632906664E+07
  0.44100000E+03     -0.2662425148996222E+04      0.7088861758000127E+07
  0.44200000E+03     -0.2673332491141415E+04      0.7147067370782669E+07
  0.44300000E+03     -0.2684250468776201E+04      0.7205563278689383E+07
  0.44400000E+03     -0.2694802972203335E+04      0.7262327387188132E+07
  0.44500000E+03     -0.2705777877489349E+04      0.7321603122492012E+07
  0.44600000E+03     -0.2716516985688962E+04      0.7379834946080983E+07
  0.44700000E+03     -0.2727125613643480E+04      0.7437587413666024E+07
  0.44800000E+03     -0.2737939264396921E+04      0.7496688980271046E+07
  0.44900000E+03     -0.2748753301184414E+04      0.7556026143634904E+07
  0.45000000E+03     -0.2759511305546067E+04      0.7615287905213074E+07
  0.45100000E+03     -0.2770077441441151E+04      0.7673717312440597E+07
  0.45200000E+03     -0.2780749005219650E+04      0.7732954116916515E+07
  0.45300000E+03     -0.2791569179356319E+04      0.7793245832625535E+07
  0.45400000E+03     -0.2802219034086567E+04      0.7852825803880676E+07
  0.45500000E+03     -0.2812854239751463E+04      0.7912545755901351E+07
  0.45600000E+03     -0.2823362117410079E+04      0.7971774097246761E+07
  0.45700000E+03     -0.2834183446069205E+04      0.8033000022099019E+07
  0.45800000E+03     -0.2844527870607844E+04      0.8091743826663048E+07
  0.45900000E+03     -0.2855137081566375E+04      0.8152218271301026E+07
  0.46000000E+03     -0.2865894158611825E+04      0.8213762185351599E+07
  0.46100000E+03     -0.2876236184210953E+04      0.8273150493866351E+07
  0.46200000E+03     -0.2886780078455321E+04      0.8333919089080771E+07
  0.46300000E+03     -0.2897409180297893E+04      0.8395404079845108E+07
  0.46400000E+03     -0.2908012314587081E+04      0.8456955883352993E+07
  0.46500000E+03     -0.2918068247317924E+04      0.8515549473236289E+07
  0.46600000E+03     -0.2928540466016579E+04      0.8576781852779670E+07
  0.46700000E+03     -0.2938968768646878E+04      0.8637970038692128E+07
  0.46800000E+03     -0.2949372551190881E+04      0.8699241619063580E+07
  0.46900000E+03     -0.2959713230598548E+04      0.8760341337732555E+07
  0.47000000E+03     -0.2970069589788269E+04      0.8821757793573596E+07
  0.47100000E+03     -0.2980399340575201E+04      0.8883227941061502E+07
  0.47200000E+03     -0.2990560439207424E+04      0.8943904540246859E+07
  0.47300000E+03     -0.3000933311099154E+04      0.9006056242482336E+07
  0.47400000E+03     -0.3010927894599964E+04      0.9066141624534037E+07
  0.47500000E+03     -0.3021172409641468E+04      0.9127945214389274E+07
  0.47600000E+03     -0.3031363066853728E+04      0.9189629802763885E+07
  0.47700000E+03     -0.3041502102238924E+04      0.9251200808700487E+07
  0.47800000E+03     -0.3051488157198394E+04      0.9312049096866122E+07
  0.47900000E+03     -0.3061725271955611E+04      0.9374636160727259E+07
  0.48000000E+03     -0.3071701703529550E+04      0.9435826040762382E+07
  0.48100000E+03     -0.3081679530005649E+04      0.9497223665680446E+07
  0.48200000E+03     -0.3091736549072807E+04      0.9559317318171909E+07
  0.48300000E+03     -0.3101631160603848E+04      0.9620603756605344E+07
  0.48400000E+03     -0.3111407500887752E+04      0.9681347213325350E+07
  0.48500000E+03     -0.3121175520678246E+04      0.9742230299374741E+07
  0.48600000E+03     -0.3131138831527520E+04      0.9804533755552050E+07
  0.48700000E+03     -0.3141263480915437E+04      0.9868038821388680E+07
  0.48800000E+03     -0.3150600142107487E+04      0.9926787464266950E+07
  0.48900000E+03     -0.3160246257564369E+04      0.9987666184390442E+07
  0.49000000E+03     -0.3170025803757214E+04      0.1004956987630942E+08
  0.49100000E+03     -0.3179628910535991E+04      0.1011055860712431E+08
  0.49200000E+03     -0.3189304281598680E+04      0.1017217963004913E+08
  0.49300000E+03     -0.3198843173102993E+04      0.1023311704438492E+08
  0.49400000E+03     -0.3208306479000067E+04      0.1029375711323816E+08
  0.49500000E+03     -0.3217748191467487E+04      0.1035443216003809E+08
  0.49600000E+03     -0.3226984126671327E+04      0.1041395865706568E+08
  0.49700000E+03     -0.3236008018977249E+04      0.1047227385929176E+08
  0.49800000E+03     -0.3245442441464329E+04      0.1053343175550756E+08
  0.49900000E+03     -0.3254987806937630E+04      0.1059548971758129E+08
  0.50000000E+03     -0.3264407690661219E+04      0.1065691031706290E+08
  0.50100000E+03     -0.3273307035207481E+04      0.1071508820375819E+08
  0.50200000E+03     -0.3282354245546806E+04      0.1077439634888930E+08
  0.50300000E+03     -0.3291156627173200E+04      0.1083226928169241E+08
  0.50400000E+03     -0.3300090229488926E+04      0.1089115768718692E+08
  0.50500000E+03     -0.3309116870286279E+04      0.1095082380716943E+08
  0.50600000E+03     -0.3320687689110652E+04      0.1102814441711256E+08
  0.50700000E+03     -0.3427305571735643E+04      0.1176117084915256E+08
  0.50800000E+03     -0.3540013423624453E+04      0.1254091504889105E+08
  0.50900000E+03     -0.3351459192641420E+04      0.1123444944399244E+08
  0.51000000E+03     -0.3356024318530106E+04      0.1126386548993830E+08
