  0.00000000E+00      0.5622837943289003E-09      0.4063972411789030E-18
  0.10000000E+01     -0.6057394394558356E-03      0.3669202685131812E-06
  0.20000000E+01     -0.3353525328349796E-01      0.1956996713628501E-01
  0.30000000E+01     -0.9885141945758368E-01      0.6538429168913025E-01
  0.40000000E+01     -0.1964846920439513E+00      0.1504521944847258E+00
  0.50000000E+01     -0.3264106419033710E+00      0.2938250892535769E+00
  0.60000000E+01     -0.4883463522501730E+00      0.5205309887785473E+00
  0.70000000E+01     -0.6828433937011869E+00      0.8629147028036421E+00
  0.80000000E+01     -0.9095590526924875E+00      0.1358606351906919E+01
  0.90000000E+01     -0.1168416298283200E+01      0.2051856213542640E+01
  0.10000000E+02     -0.1459496988840342E+01      0.2992389276922771E+01
  0.11000000E+02     -0.1782844968602801E+01      0.4237348965528503E+01
  0.12000000E+02     -0.2138252544317685E+01      0.5848754838371289E+01
  0.13000000E+02     -0.2526087444375323E+01      0.7895554641860029E+01
  0.14000000E+02     -0.2945541242585906E+01      0.1045199690012915E+02
  0.15000000E+02     -0.3397849617934091E+01      0.1360353586115814E+02
  0.16000000E+02     -0.3881808128414291E+01      0.1743264989238577E+02
  0.17000000E+02     -0.4398092016385000E+01      0.2203343321847214E+02
  0.18000000E+02     -0.4946829610897693E+01      0.2751309951918434E+02
  0.19000000E+02     -0.5527050972041634E+01      0.3396472496798938E+02
  0.20000000E+02     -0.6140300638607761E+01      0.4151841828220140E+02
  0.21000000E+02     -0.6785422841955102E+01      0.5027787543477503E+02
  0.22000000E+02     -0.7461325589619948E+01      0.6035005282483588E+02
  0.23000000E+02     -0.8169852792473291E+01      0.7189438899165883E+02
  0.24000000E+02     -0.8909322867334778E+01      0.8501655519541808E+02
  0.25000000E+02     -0.9681799629443750E+01      0.9989442115016199E+02
  0.26000000E+02     -0.1048546091053555E+02      0.1166488900823480E+03
  0.27000000E+02     -0.1132061241248004E+02      0.1354234281400803E+03
  0.28000000E+02     -0.1218843054124013E+02      0.1564209135302215E+03
  0.29000000E+02     -0.1308729106573809E+02      0.1797620347971286E+03
  0.30000000E+02     -0.1401933176395554E+02      0.2056807275134449E+03
  0.31000000E+02     -0.1498286043348191E+02      0.2342977543946803E+03
  0.32000000E+02     -0.1597592307349340E+02      0.2657401696405802E+03
  0.33000000E+02     -0.1700307974499585E+02      0.3003416827330350E+03
  0.34000000E+02     -0.1805947702017363E+02      0.3381350516184716E+03
  0.35000000E+02     -0.1914941836475932E+02      0.3794785445788168E+03
  0.36000000E+02     -0.2026927755773625E+02      0.4244212528192165E+03
  0.37000000E+02     -0.2142093029395144E+02      0.4732725384178481E+03
  0.38000000E+02     -0.2260276438605668E+02      0.5261538199369907E+03
  0.39000000E+02     -0.2381631328912913E+02      0.5833709789239049E+03
  0.40000000E+02     -0.2506166279817950E+02      0.6451620183533239E+03
  0.41000000E+02     -0.2634037868959513E+02      0.7118443154203752E+03
  0.42000000E+02     -0.2764625489551617E+02      0.7833250128607818E+03
  0.43000000E+02     -0.2898610660581430E+02      0.8602105070884269E+03
  0.44000000E+02     -0.3035673868153642E+02      0.9425821615421203E+03
  0.45000000E+02     -0.3175651903628585E+02      0.1030574114155711E+04
  0.46000000E+02     -0.3318768482075568E+02      0.1124609152069855E+04
  0.47000000E+02     -0.3465172772507472E+02      0.1225063800097712E+04
  0.48000000E+02     -0.3614452810788519E+02      0.1331876540918005E+04
  0.49000000E+02     -0.3766790482751159E+02      0.1445500006595413E+04
  0.50000000E+02     -0.3922221522065436E+02      0.1566218635275320E+04
  0.51000000E+02     -0.4080472520295571E+02      0.1694094126008160E+04
  0.52000000E+02     -0.4241957938771372E+02      0.1829744860108632E+04
  0.53000000E+02     -0.4406633417214493E+02      0.1973452602080410E+04
  0.54000000E+02     -0.4574279529225225E+02      0.2125354427150985E+04
  0.55000000E+02     -0.4744795370757203E+02      0.2285595828631524E+04
  0.56000000E+02     -0.4918256804283879E+02      0.2454581474833942E+04
  0.57000000E+02     -0.5094789610033741E+02      0.2632772465681307E+04
  0.58000000E+02     -0.5274031515210446E+02      0.2820044066985130E+04
  0.59000000E+02     -0.5456614487974171E+02      0.3017447769024441E+04
  0.60000000E+02     -0.5642181688218135E+02      0.3224884860671031E+04
  0.61000000E+02     -0.5830472506061160E+02      0.3442436463424490E+04
  0.62000000E+02     -0.6021418087732445E+02      0.3670286574939880E+04
  0.63000000E+02     -0.6215852283396882E+02      0.3909749239391968E+04
  0.64000000E+02     -0.6412861078857628E+02      0.4160112405922779E+04
  0.65000000E+02     -0.6612715674332738E+02      0.4422069336925473E+04
  0.66000000E+02     -0.6815475402466249E+02      0.4695976825082737E+04
  0.67000000E+02     -0.7021229250086830E+02      0.4982341824012633E+04
  0.68000000E+02     -0.7230111045131635E+02      0.5281682971199471E+04
  0.69000000E+02     -0.7441894821695205E+02      0.5594155632150229E+04
  0.70000000E+02     -0.7656367508239057E+02      0.5919739583848910E+04
  0.71000000E+02     -0.7873743784964377E+02      0.6259113378027084E+04
  0.72000000E+02     -0.8094016569823337E+02      0.6612590495623971E+04
  0.73000000E+02     -0.8316873545700763E+02      0.6980102633364380E+04
  0.74000000E+02     -0.8542834006396971E+02      0.7362884723896855E+04
  0.75000000E+02     -0.8771752131978454E+02      0.7761140500375332E+04
  0.76000000E+02     -0.9003216262721725E+02      0.8174438002694601E+04
  0.77000000E+02     -0.9237473185910289E+02      0.8603611865856368E+04
  0.78000000E+02     -0.9474692161506273E+02      0.9049438265167275E+04
  0.79000000E+02     -0.9714306191213321E+02      0.9511176925025306E+04
  0.80000000E+02     -0.9956751495369801E+02      0.9990037496218089E+04
  0.81000000E+02     -0.1020192626478632E+03      0.1048627985969502E+05
  0.82000000E+02     -0.1044908042352271E+03      0.1099865224690563E+05
  0.83000000E+02     -0.1069981020615355E+03      0.1153085615097298E+05
  0.84000000E+02     -0.1095274895095382E+03      0.1208060817241334E+05
  0.85000000E+02     -0.1120841581473406E+03      0.1264921580441919E+05
  0.86000000E+02     -0.1146686819012843E+03      0.1323726723490875E+05
  0.87000000E+02     -0.1172785755847971E+03      0.1384475253248526E+05
  0.88000000E+02     -0.1199168765542133E+03      0.1447267257552785E+05
  0.89000000E+02     -0.1225787449509009E+03      0.1512023023375160E+05
  0.90000000E+02     -0.1252684933179234E+03      0.1578897691619663E+05
  0.91000000E+02     -0.1279890905923308E+03      0.1648008496278978E+05
  0.92000000E+02     -0.1307306732071236E+03      0.1719155955086515E+05
  0.93000000E+02     -0.1334949050894025E+03      0.1792406377813951E+05
  0.94000000E+02     -0.1362904643915389E+03      0.1868042007273923E+05
  0.95000000E+02     -0.1391071131571773E+03      0.1945822497777709E+05
  0.96000000E+02     -0.1419529522180769E+03      0.2026021606144832E+05
  0.97000000E+02     -0.1448184978827002E+03      0.2108413852592247E+05
  0.98000000E+02     -0.1477165410224737E+03      0.2193409804025410E+05
  0.99000000E+02     -0.1506356340271955E+03      0.2280727624004986E+05
  0.10000000E+03     -0.1535791967326018E+03      0.2370490285472458E+05
  0.10100000E+03     -0.1565523710321891E+03      0.2462924710439298E+05
  0.10200000E+03     -0.1595433321182891E+03      0.2557682812560798E+05
  0.10300000E+03     -0.1625656228220555E+03      0.2655258688409480E+05
  0.10400000E+03     -0.1656101351891973E+03      0.2755393967587762E+05
  0.10500000E+03     -0.1686744257531606E+03      0.2858048551288696E+05
  0.10600000E+03     -0.1717694945610255E+03      0.2963628101102287E+05
  0.10700000E+03     -0.1748868142459956E+03      0.3071902398144118E+05
  0.10800000E+03     -0.1780269713881092E+03      0.3182945552208185E+05
  0.10900000E+03     -0.1811812900560012E+03      0.3296468206895351E+05
  0.11000000E+03     -0.1843645728476676E+03      0.3413055611461496E+05
  0.11100000E+03     -0.1875759024622703E+03      0.3532716398662674E+05
  0.11200000E+03     -0.1908064559235436E+03      0.3655186165157426E+05
  0.11300000E+03     -0.1940616543011695E+03      0.3780674767243015E+05
  0.11400000E+03     -0.1973442190312784E+03      0.3909376397170045E+05
  0.11500000E+03     -0.2006463777576387E+03      0.4041005389506313E+05
  0.11600000E+03     -0.2039762428470045E+03      0.4175964812968251E+05
  0.11700000E+03     -0.2073284361778059E+03      0.4314053267935001E+05
  0.11800000E+03     -0.2106988206680772E+03      0.4455155527699397E+05
  0.11900000E+03     -0.2140889550303353E+03      0.4599369986543364E+05
  0.12000000E+03     -0.2174961691431598E+03      0.4746617428288949E+05
  0.12100000E+03     -0.2209367500876763E+03      0.4897673124547155E+05
  0.12200000E+03     -0.2243958866279195E+03      0.5051923873415693E+05
  0.12300000E+03     -0.2278756438473483E+03      0.5209513918669515E+05
  0.12400000E+03     -0.2313775174831024E+03      0.5370546286541233E+05
  0.12500000E+03     -0.2349051278408307E+03      0.5535224154251609E+05
  0.12600000E+03     -0.2384519768792790E+03      0.5703296488405444E+05
  0.12700000E+03     -0.2420268573691953E+03      0.5875276046991929E+05
  0.12800000E+03     -0.2456129703408767E+03      0.6050350073392408E+05
  0.12900000E+03     -0.2492267069766427E+03      0.6229374970446690E+05
  0.13000000E+03     -0.2528610700002875E+03      0.6412036821657249E+05
  0.13100000E+03     -0.2565132838194810E+03      0.6598253573853109E+05
  0.13200000E+03     -0.2601951471340050E+03      0.6788694497679301E+05
  0.13300000E+03     -0.2639010953191740E+03      0.6983097096967038E+05
  0.13400000E+03     -0.2676154204953912E+03      0.7180709290636801E+05
  0.13500000E+03     -0.2713525606813901E+03      0.7382325095518501E+05
  0.13600000E+03     -0.2751088937254644E+03      0.7587771963289588E+05
  0.13700000E+03     -0.2788901413749263E+03      0.7797416136142479E+05
  0.13800000E+03     -0.2826980901763998E+03      0.8011445687083916E+05
  0.13900000E+03     -0.2865298305259304E+03      0.8229736352620240E+05
  0.14000000E+03     -0.2903719785295248E+03      0.8451551802705204E+05
  0.14100000E+03     -0.2942408136370326E+03      0.8677905063196835E+05
  0.14200000E+03     -0.2981344291390225E+03      0.8908727008615907E+05
  0.14300000E+03     -0.3020485235355068E+03      0.9143803733831095E+05
  0.14400000E+03     -0.3059753602739100E+03      0.9382726161054913E+05
  0.14500000E+03     -0.3099233363418714E+03      0.9626043047733950E+05
  0.14600000E+03     -0.3139023663120356E+03      0.9874432331841106E+05
  0.14700000E+03     -0.3179000347910558E+03      0.1012716665894421E+06
  0.14800000E+03     -0.3219179283844718E+03      0.1038435863379504E+06
  0.14900000E+03     -0.3259496254983845E+03      0.1064572683182387E+06
  0.15000000E+03     -0.3300086384360404E+03      0.1091212793641110E+06
  0.15100000E+03     -0.3340854180086200E+03      0.1118301271259016E+06
  0.15200000E+03     -0.3381940500349899E+03      0.1145937360920412E+06
  0.15300000E+03     -0.3423111504579866E+03      0.1173966322940926E+06
  0.15400000E+03     -0.3464431783217886E+03      0.1202438114567221E+06
  0.15500000E+03     -0.3506066370045846E+03      0.1231471709592509E+06
  0.15600000E+03     -0.3547779045804530E+03      0.1260906235703250E+06
  0.15700000E+03     -0.3589801374023744E+03      0.1290911940192264E+06
  0.15800000E+03     -0.3632020337182972E+03      0.1321414141400900E+06
  0.15900000E+03     -0.3674490705123256E+03      0.1352458129205680E+06
  0.16000000E+03     -0.3717106596696431E+03      0.1383966969440761E+06
  0.16100000E+03     -0.3759955100066412E+03      0.1416017508312642E+06
  0.16200000E+03     -0.3802961800288664E+03      0.1448554006321396E+06
  0.16300000E+03     -0.3846175342180950E+03      0.1481618615513997E+06
  0.16400000E+03     -0.3889559340565741E+03      0.1515188597718886E+06
  0.16500000E+03     -0.3933165652508300E+03      0.1549310252740545E+06
  0.16600000E+03     -0.3977067156563837E+03      0.1584047253326752E+06
  0.16700000E+03     -0.4021080868456756E+03      0.1619258190328548E+06
  0.16800000E+03     -0.4065284921644933E+03      0.1655012144862275E+06
  0.16900000E+03     -0.4109750094564720E+03      0.1691371799468174E+06
  0.17000000E+03     -0.4154494599658587E+03      0.1728357922897616E+06
  0.17100000E+03     -0.4199354185014612E+03      0.1765840568675769E+06
  0.17200000E+03     -0.4244391819902135E+03      0.1803875672161689E+06
  0.17300000E+03     -0.4289620525501863E+03      0.1842478830821998E+06
  0.17400000E+03     -0.4335080100204972E+03      0.1881694153762004E+06
  0.17500000E+03     -0.4380766103190400E+03      0.1921522508347871E+06
  0.17600000E+03     -0.4426691511550721E+03      0.1961977563795515E+06
  0.17700000E+03     -0.4472730094483711E+03      0.2002954446480235E+06
  0.17800000E+03     -0.4519084085877566E+03      0.2044640532426808E+06
  0.17900000E+03     -0.4565629657795037E+03      0.2086931323051241E+06
  0.18000000E+03     -0.4612335999126124E+03      0.2129801805849035E+06
  0.18100000E+03     -0.4659259596256980E+03      0.2173309982950301E+06
  0.18200000E+03     -0.4706447810080812E+03      0.2217510230602539E+06
  0.18300000E+03     -0.4753807215930539E+03      0.2262315968226300E+06
  0.18400000E+03     -0.4801433891942842E+03      0.2307828385740915E+06
  0.18500000E+03     -0.4849284796577828E+03      0.2354009431834525E+06
  0.18600000E+03     -0.4897254115770583E+03      0.2400765778489321E+06
  0.18700000E+03     -0.4945456257996135E+03      0.2448211154683796E+06
  0.18800000E+03     -0.4993906171788249E+03      0.2496367831374615E+06
  0.18900000E+03     -0.5042632465004163E+03      0.2545273404311866E+06
  0.19000000E+03     -0.5091566448957487E+03      0.2594865426863206E+06
  0.19100000E+03     -0.5140657156130621E+03      0.2645098835412281E+06
  0.19200000E+03     -0.5189814094523035E+03      0.2695882331100592E+06
  0.19300000E+03     -0.5239380495915407E+03      0.2747577088291177E+06
  0.19400000E+03     -0.5289118894475512E+03      0.2799945575736738E+06
  0.19500000E+03     -0.5338941430677232E+03      0.2852898434729908E+06
  0.19600000E+03     -0.5389185601989882E+03      0.2906800043263527E+06
  0.19700000E+03     -0.5439586243796226E+03      0.2961374698435072E+06
  0.19800000E+03     -0.5490183699087087E+03      0.3016675820441545E+06
  0.19900000E+03     -0.5540961077489518E+03      0.3072689101338754E+06
  0.20000000E+03     -0.5592105797164571E+03      0.3129624197877867E+06
  0.20100000E+03     -0.5643452105834057E+03      0.3187316140423295E+06
  0.20200000E+03     -0.5694949635200985E+03      0.3245704202005105E+06
  0.20300000E+03     -0.5746688227986482E+03      0.3304899592934485E+06
  0.20400000E+03     -0.5798669942498801E+03      0.3364910056055791E+06
  0.20500000E+03     -0.5850829207368633E+03      0.3425670250753326E+06
  0.20600000E+03     -0.5903335005661000E+03      0.3487382797927771E+06
  0.20700000E+03     -0.5956068699732112E+03      0.3549919887277608E+06
  0.20800000E+03     -0.6008993515306172E+03      0.3613242066670668E+06
  0.20900000E+03     -0.6062193703931708E+03      0.3677455083377203E+06
  0.21000000E+03     -0.6115548212969269E+03      0.3742424215169279E+06
  0.21100000E+03     -0.6169286620386881E+03      0.3808436700406469E+06
  0.21200000E+03     -0.6223188658948162E+03      0.3875229140221819E+06
  0.21300000E+03     -0.6277270448304461E+03      0.3942829519959018E+06
  0.21400000E+03     -0.6331710807126620E+03      0.4011470830697267E+06
  0.21500000E+03     -0.6386364149282138E+03      0.4080972569415760E+06
  0.21600000E+03     -0.6441197385840286E+03      0.4151305585438088E+06
  0.21700000E+03     -0.6496364189363620E+03      0.4222672946874014E+06
  0.21800000E+03     -0.6551715790483928E+03      0.4294892327371357E+06
  0.21900000E+03     -0.6607385668268255E+03      0.4368145112708467E+06
  0.22000000E+03     -0.6663155871635041E+03      0.4442145712982682E+06
  0.22100000E+03     -0.6719223959973510E+03      0.4517172453758756E+06
  0.22200000E+03     -0.6775608492920502E+03      0.4593257462306537E+06
  0.22300000E+03     -0.6832051075038144E+03      0.4670053382840037E+06
  0.22400000E+03     -0.6888899018806887E+03      0.4748048097356574E+06
  0.22500000E+03     -0.6946019563419667E+03      0.4827070166577037E+06
  0.22600000E+03     -0.7003341978460099E+03      0.4907025000609935E+06
  0.22700000E+03     -0.7060894135131502E+03      0.4987962858752671E+06
  0.22800000E+03     -0.7118803622642434E+03      0.5070070267708927E+06
  0.22900000E+03     -0.7176911076353852E+03      0.5153131980207894E+06
  0.23000000E+03     -0.7235398971426029E+03      0.5237419057185768E+06
  0.23100000E+03     -0.7294037849051984E+03      0.5322612348764212E+06
  0.23200000E+03     -0.7352973772143395E+03      0.5408929461415868E+06
  0.23300000E+03     -0.7412102929788642E+03      0.5496226839935129E+06
  0.23400000E+03     -0.7471552301182430E+03      0.5584701383582146E+06
  0.23500000E+03     -0.7531272027677362E+03      0.5674294428901314E+06
  0.23600000E+03     -0.7591281011603097E+03      0.5765035054509703E+06
  0.23700000E+03     -0.7651545164641360E+03      0.5856887831269681E+06
  0.23800000E+03     -0.7712058487811053E+03      0.5949853133889243E+06
  0.23900000E+03     -0.7772910104258291E+03      0.6044075505201964E+06
  0.24000000E+03     -0.7834036842513016E+03      0.6139469297332095E+06
  0.24100000E+03     -0.7895371866634952E+03      0.6235937862595968E+06
  0.24200000E+03     -0.7957155409577236E+03      0.6333873316370401E+06
  0.24300000E+03     -0.8019011213054774E+03      0.6432688734424720E+06
  0.24400000E+03     -0.8081165097463570E+03      0.6532749847296025E+06
  0.24500000E+03     -0.8143977724721689E+03      0.6634664957065273E+06
  0.24600000E+03     -0.8206746782562681E+03      0.6737292414668696E+06
  0.24700000E+03     -0.8269859259183053E+03      0.6841272962328127E+06
  0.24800000E+03     -0.8333008892541347E+03      0.6946112592098220E+06
  0.24900000E+03     -0.8396573887471893E+03      0.7052449722143319E+06
  0.25000000E+03     -0.8460585090457639E+03      0.7160349284825418E+06
  0.25100000E+03     -0.8524596613549160E+03      0.7269067367682279E+06
  0.25200000E+03     -0.8589120510552345E+03      0.7379488997537442E+06
  0.25300000E+03     -0.8653861600384431E+03      0.7491113956091262E+06
  0.25400000E+03     -0.8718864661049466E+03      0.7604039548508014E+06
  0.25500000E+03     -0.8784098381511187E+03      0.7718207851426253E+06
  0.25600000E+03     -0.8849770726490630E+03      0.7834008763024056E+06
  0.25700000E+03     -0.8915571986354920E+03      0.7950909669433313E+06
  0.25800000E+03     -0.8981652400338428E+03      0.8069171956402418E+06
  0.25900000E+03     -0.9048188292440278E+03      0.8189132682511059E+06
  0.26000000E+03     -0.9114980695240471E+03      0.8310445083750064E+06
  0.26100000E+03     -0.9181985185973157E+03      0.8433036383251918E+06
  0.26200000E+03     -0.9249365988906254E+03      0.8557221159761831E+06
  0.26300000E+03     -0.9316914911773122E+03      0.8682630702646672E+06
  0.26400000E+03     -0.9384740581887264E+03      0.8809472581598036E+06
  0.26500000E+03     -0.9453125370251305E+03      0.8938293837350233E+06
  0.26600000E+03     -0.9521502344500660E+03      0.9068034700135814E+06
  0.26700000E+03     -0.9590283530246708E+03      0.9199486310002006E+06
  0.26800000E+03     -0.9659261229903871E+03      0.9332264530485163E+06
  0.26900000E+03     -0.9728593655852702E+03      0.9466682981831456E+06
  0.27000000E+03     -0.9798146405116665E+03      0.9602495751866787E+06
  0.27100000E+03     -0.9868014466671252E+03      0.9739894278549771E+06
  0.27200000E+03     -0.9938084341239538E+03      0.9878675153928455E+06
  0.27300000E+03     -0.1000864868958821E+04      0.1001942845477158E+07
  0.27400000E+03     -0.1007956509080796E+04      0.1016188790451186E+07
  0.27500000E+03     -0.1015063409502743E+04      0.1030566303087251E+07
  0.27600000E+03     -0.1022200723773244E+04      0.1045106740038345E+07
  0.27700000E+03     -0.1029370832216022E+04      0.1059816775081757E+07
  0.27800000E+03     -0.1036588239351630E+04      0.1074728085564441E+07
  0.27900000E+03     -0.1043832773132419E+04      0.1089799925391513E+07
  0.28000000E+03     -0.1051095024599468E+04      0.1105013623577076E+07
  0.28100000E+03     -0.1058356790347446E+04      0.1120332120571794E+07
  0.28200000E+03     -0.1065676919601554E+04      0.1135880692154619E+07
  0.28300000E+03     -0.1073025718623151E+04      0.1151597628032635E+07
  0.28400000E+03     -0.1080412548149282E+04      0.1167505165805317E+07
  0.28500000E+03     -0.1087818681841402E+04      0.1183563838882664E+07
  0.28600000E+03     -0.1095257334337649E+04      0.1199803617095192E+07
  0.28700000E+03     -0.1102716503772530E+04      0.1216198982132410E+07
  0.28800000E+03     -0.1110201661354494E+04      0.1232763628005777E+07
  0.28900000E+03     -0.1117709932768041E+04      0.1249491733706635E+07
  0.29000000E+03     -0.1125268651857659E+04      0.1266446027579210E+07
  0.29100000E+03     -0.1132853325940630E+04      0.1283573835221078E+07
  0.29200000E+03     -0.1140476752111386E+04      0.1300904808213400E+07
  0.29300000E+03     -0.1148125251330126E+04      0.1318409702807165E+07
  0.29400000E+03     -0.1155803910982020E+04      0.1336101517605942E+07
  0.29500000E+03     -0.1163498319950302E+04      0.1353947783265924E+07
  0.29600000E+03     -0.1171210183322680E+04      0.1371953186239107E+07
  0.29700000E+03     -0.1178980198959551E+04      0.1390214609741600E+07
  0.29800000E+03     -0.1186781639093948E+04      0.1408671442376831E+07
  0.29900000E+03     -0.1194589514155638E+04      0.1427265418689843E+07
  0.30000000E+03     -0.1202406976428988E+04      0.1446005035042040E+07
  0.30100000E+03     -0.1210270804787355E+04      0.1464979052028063E+07
  0.30200000E+03     -0.1218179005179791E+04      0.1484184645404706E+07
  0.30300000E+03     -0.1226108590690785E+04      0.1503567387102207E+07
  0.30400000E+03     -0.1234068765243878E+04      0.1523151614877742E+07
  0.30500000E+03     -0.1242052733088540E+04      0.1542922332757749E+07
  0.30600000E+03     -0.1250079652854611E+04      0.1562927109307583E+07
  0.30700000E+03     -0.1258109782272617E+04      0.1583069241977996E+07
  0.30800000E+03     -0.1266175703497879E+04      0.1603430978987690E+07
  0.30900000E+03     -0.1274278417832739E+04      0.1624016871599676E+07
  0.31000000E+03     -0.1282409843071318E+04      0.1644807130164805E+07
  0.31100000E+03     -0.1290553752964809E+04      0.1665762201786390E+07
  0.31200000E+03     -0.1298743165086119E+04      0.1686968574974822E+07
  0.31300000E+03     -0.1306954017993407E+04      0.1708364751208943E+07
  0.31400000E+03     -0.1315184832020889E+04      0.1729948052208737E+07
  0.31500000E+03     -0.1323430527672899E+04      0.1751706476464121E+07
  0.31600000E+03     -0.1331695259720034E+04      0.1773651668976283E+07
  0.31700000E+03     -0.1340003113137768E+04      0.1795848954082833E+07
  0.31800000E+03     -0.1348321151861706E+04      0.1818212568494034E+07
  0.31900000E+03     -0.1356677903552233E+04      0.1840818797752522E+07
  0.32000000E+03     -0.1365069965121293E+04      0.1863660815876508E+07
  0.32100000E+03     -0.1373498624263290E+04      0.1886745211749159E+07
  0.32200000E+03     -0.1381934033473524E+04      0.1909989722381899E+07
  0.32300000E+03     -0.1390395909013136E+04      0.1933450763184241E+07
  0.32400000E+03     -0.1398855703920225E+04      0.1957048759613232E+07
  0.32500000E+03     -0.1407377854104797E+04      0.1980966139637032E+07
  0.32600000E+03     -0.1415934441651189E+04      0.2005124564358021E+07
  0.32700000E+03     -0.1424547938549071E+04      0.2029592630590141E+07
  0.32800000E+03     -0.1433186076162476E+04      0.2054279581337264E+07
  0.32900000E+03     -0.1441774348905471E+04      0.2078972200822090E+07
  0.33000000E+03     -0.1450415562241998E+04      0.2103965778339925E+07
  0.33100000E+03     -0.1459061013186979E+04      0.2129121276698949E+07
  0.33200000E+03     -0.1467763072258472E+04      0.2154593291012805E+07
  0.33300000E+03     -0.1476457942396402E+04      0.2180194521229472E+07
  0.33400000E+03     -0.1485164063410396E+04      0.2205979909611051E+07
  0.33500000E+03     -0.1493890012626098E+04      0.2231977477025811E+07
  0.33600000E+03     -0.1502673679023238E+04      0.2258300647102359E+07
  0.33700000E+03     -0.1511505962360567E+04      0.2284924217986117E+07
  0.33800000E+03     -0.1520369212362876E+04      0.2311798649292807E+07
  0.33900000E+03     -0.1529237568085613E+04      0.2338845765813564E+07
  0.34000000E+03     -0.1538137856729931E+04      0.2366148319155931E+07
  0.34100000E+03     -0.1547016081469124E+04      0.2393540899177792E+07
  0.34200000E+03     -0.1555925089466987E+04      0.2421187119600279E+07
  0.34300000E+03     -0.1564876720543998E+04      0.2449124101157031E+07
  0.34400000E+03     -0.1573824660903726E+04      0.2477211562881468E+07
  0.34500000E+03     -0.1582819554100849E+04      0.2505608039280097E+07
  0.34600000E+03     -0.1591763446101604E+04      0.2534002792476980E+07
  0.34700000E+03     -0.1600807721499068E+04      0.2562879296054144E+07
  0.34800000E+03     -0.1609860248006498E+04      0.2591947097877189E+07
  0.34900000E+03     -0.1618991570637613E+04      0.2621433891293877E+07
  0.35000000E+03     -0.1628091440065524E+04      0.2650982284782289E+07
  0.35100000E+03     -0.1637181660382148E+04      0.2680667321725396E+07
  0.35200000E+03     -0.1646315309955853E+04      0.2710660144313782E+07
  0.35300000E+03     -0.1655500770114769E+04      0.2740991176878992E+07
  0.35400000E+03     -0.1664661446314808E+04      0.2771408439725823E+07
  0.35500000E+03     -0.1673761658202669E+04      0.2801790933341673E+07
  0.35600000E+03     -0.1682990801328885E+04      0.2832775207954213E+07
  0.35700000E+03     -0.1692213255213772E+04      0.2863904761639201E+07
  0.35800000E+03     -0.1701361657233691E+04      0.2894953859926277E+07
  0.35900000E+03     -0.1710679757635004E+04      0.2926750573965873E+07
  0.36000000E+03     -0.1720029669679434E+04      0.2958828931152739E+07
  0.36100000E+03     -0.1729349059781727E+04      0.2990977951432999E+07
  0.36200000E+03     -0.1738689887121350E+04      0.3023374954643398E+07
  0.36300000E+03     -0.1747969628076770E+04      0.3055731976570227E+07
  0.36400000E+03     -0.1757290428130502E+04      0.3088406025938365E+07
  0.36500000E+03     -0.1766667357590967E+04      0.3121453001257574E+07
  0.36600000E+03     -0.1776100128939310E+04      0.3154873851445476E+07
  0.36700000E+03     -0.1785461800752792E+04      0.3188218417358984E+07
  0.36800000E+03     -0.1794899741182141E+04      0.3222014336719932E+07
  0.36900000E+03     -0.1804350828808909E+04      0.3256033383815401E+07
  0.37000000E+03     -0.1813774996139041E+04      0.3290134883815298E+07
  0.37100000E+03     -0.1823211142236414E+04      0.3324457135585693E+07
  0.37200000E+03     -0.1832655452013053E+04      0.3358986477156248E+07
  0.37300000E+03     -0.1842124157344167E+04      0.3393784785417845E+07
  0.37400000E+03     -0.1851612226736414E+04      0.3428832492418185E+07
  0.37500000E+03     -0.1861164612968801E+04      0.3464304117947002E+07
  0.37600000E+03     -0.1870630159366149E+04      0.3499630454806629E+07
  0.37700000E+03     -0.1880158802183612E+04      0.3535373103691601E+07
  0.37800000E+03     -0.1889770910706119E+04      0.3571612745969138E+07
  0.37900000E+03     -0.1899327436471991E+04      0.3607826143098381E+07
  0.38000000E+03     -0.1908938747951136E+04      0.3644430687230437E+07
  0.38100000E+03     -0.1918489894755292E+04      0.3680989834442338E+07
  0.38200000E+03     -0.1928091707632275E+04      0.3717927806484977E+07
  0.38300000E+03     -0.1937710850128181E+04      0.3755117138398296E+07
  0.38400000E+03     -0.1947258692195914E+04      0.3792214385968096E+07
  0.38500000E+03     -0.1956931503801348E+04      0.3829981065682004E+07
  0.38600000E+03     -0.1966511656205368E+04      0.3867572619697755E+07
  0.38700000E+03     -0.1976159040245445E+04      0.3905612353760645E+07
  0.38800000E+03     -0.1985858643003843E+04      0.3944044123063091E+07
  0.38900000E+03     -0.1995420874411952E+04      0.3982119398132323E+07
  0.39000000E+03     -0.2005270445829161E+04      0.4021527363957647E+07
  0.39100000E+03     -0.2014949968964337E+04      0.4060444636381117E+07
  0.39200000E+03     -0.2024587120056346E+04      0.4099377740323353E+07
  0.39300000E+03     -0.2034362104053370E+04      0.4139057423590144E+07
  0.39400000E+03     -0.2044024857738285E+04      0.4178469630173008E+07
  0.39500000E+03     -0.2053759794319542E+04      0.4218364079869345E+07
  0.39600000E+03     -0.2063393481607893E+04      0.4258032649772378E+07
  0.39700000E+03     -0.2073210434666906E+04      0.4298644615945394E+07
  0.39800000E+03     -0.2082911542904658E+04      0.4338968429252390E+07
  0.39900000E+03     -0.2092654386827380E+04      0.4379653358622330E+07
  0.40000000E+03     -0.2102407893090989E+04      0.4420573937641389E+07
  0.40100000E+03     -0.2112098314088044E+04      0.4461416883535592E+07
  0.40200000E+03     -0.2121897905376558E+04      0.4502912138015222E+07
  0.40300000E+03     -0.2131611023207521E+04      0.4544230280847585E+07
  0.40400000E+03     -0.2141412384557027E+04      0.4586114307005451E+07
  0.40500000E+03     -0.2151084299635545E+04      0.4627634421767862E+07
  0.40600000E+03     -0.2160948197176301E+04      0.4670172004960075E+07
  0.40700000E+03     -0.2170692867548735E+04      0.4712384959260095E+07
  0.40800000E+03     -0.2180450235869254E+04      0.4754846691034681E+07
  0.40900000E+03     -0.2190012559247508E+04      0.4796643903132223E+07
  0.41000000E+03     -0.2199851532387174E+04      0.4839838958963647E+07
  0.41100000E+03     -0.2209625111443950E+04      0.4882939555431706E+07
  0.41200000E+03     -0.2219407812028618E+04      0.4926271281125734E+07
  0.41300000E+03     -0.2229135500020993E+04      0.4969550409890587E+07
  0.41400000E+03     -0.2239006878587531E+04      0.5013662000977406E+07
  0.41500000E+03     -0.2248780611106915E+04      0.5057528437364621E+07
  0.41600000E+03     -0.2258513435687741E+04      0.5101398525374744E+07
  0.41700000E+03     -0.2268287671887932E+04      0.5145649754712800E+07
  0.41800000E+03     -0.2277964746845388E+04      0.5189649605506424E+07
  0.41900000E+03     -0.2287755585650429E+04      0.5234354980956418E+07
  0.42000000E+03     -0.2297497209479871E+04      0.5279027440092005E+07
  0.42100000E+03     -0.2307196236187651E+04      0.5323701211793984E+07
  0.42200000E+03     -0.2317053650683721E+04      0.5369285801553466E+07
  0.42300000E+03     -0.2326804294624366E+04      0.5414566843173278E+07
  0.42400000E+03     -0.2336561869190648E+04      0.5460076387474718E+07
  0.42500000E+03     -0.2346150873803843E+04      0.5504975318168291E+07
  0.42600000E+03     -0.2355904347369251E+04      0.5550843749046217E+07
  0.42700000E+03     -0.2365591172602729E+04      0.5596584728336493E+07
  0.42800000E+03     -0.2375291891875106E+04      0.5642584201399235E+07
  0.42900000E+03     -0.2384811524682197E+04      0.5687899612464993E+07
  0.43000000E+03     -0.2394698712773337E+04      0.5735160766791686E+07
  0.43100000E+03     -0.2404400995601119E+04      0.5781726744040797E+07
  0.43200000E+03     -0.2414111463769234E+04      0.5828518922727903E+07
  0.43300000E+03     -0.2423367515819222E+04      0.5873299974092139E+07
  0.43400000E+03     -0.2433111183009582E+04      0.5920623078382605E+07
  0.43500000E+03     -0.2442926781809615E+04      0.5968495538220723E+07
  0.43600000E+03     -0.2452489900197308E+04      0.6015311324609674E+07
  0.43700000E+03     -0.2462150385937699E+04      0.6062795706570666E+07
  0.43800000E+03     -0.2471595310974426E+04      0.6109397766445125E+07
  0.43900000E+03     -0.2481112641669944E+04      0.6156534136045209E+07
  0.44000000E+03     -0.2491066277664008E+04      0.6206036665459562E+07
  0.44100000E+03     -0.2500341774252417E+04      0.6252337418777084E+07
  0.44200000E+03     -0.2509840089733908E+04      0.6299928883747025E+07
  0.44300000E+03     -0.2519456081631751E+04      0.6348302360670476E+07
  0.44400000E+03     -0.2529054724561642E+04      0.6396758854959250E+07
  0.44500000E+03     -0.2538431823983863E+04      0.6444282681439964E+07
  0.44600000E+03     -0.2547744405975619E+04      0.6491655750079282E+07
  0.44700000E+03     -0.2557456796119743E+04      0.6541245470911388E+07
  0.44800000E+03     -0.2566785923355092E+04      0.6589056170072576E+07
  0.44900000E+03     -0.2576058446247558E+04      0.6636746961612640E+07
  0.45000000E+03     -0.2585434402642582E+04      0.6685146939921645E+07
  0.45100000E+03     -0.2595058953116786E+04      0.6735010540325986E+07
  0.45200000E+03     -0.2604266310814487E+04      0.6782881393809184E+07
  0.45300000E+03     -0.2613508079885146E+04      0.6831111885370296E+07
  0.45400000E+03     -0.2622958161786872E+04      0.6880605518429351E+07
  0.45500000E+03     -0.2632214934952164E+04      0.6929255548420059E+07
  0.45600000E+03     -0.2641680406584765E+04      0.6979182740181306E+07
  0.45700000E+03     -0.2650825449070609E+04      0.7027584980805935E+07
  0.45800000E+03     -0.2659695910557610E+04      0.7074700184165372E+07
  0.45900000E+03     -0.2668895222537894E+04      0.7123724273533395E+07
  0.46000000E+03     -0.2678432260439450E+04      0.7174727211753702E+07
  0.46100000E+03     -0.2687505689710649E+04      0.7223416584296901E+07
  0.46200000E+03     -0.2696414239729787E+04      0.7271384263806988E+07
  0.46300000E+03     -0.2705582416151066E+04      0.7320921237835266E+07
  0.46400000E+03     -0.2714634805033501E+04      0.7369991674868366E+07
  0.46500000E+03     -0.2723945095945343E+04      0.7420635352504216E+07
  0.46600000E+03     -0.2732791659752585E+04      0.7468908485973405E+07
  0.46700000E+03     -0.2741563628107995E+04      0.7516933923420763E+07
  0.46800000E+03     -0.2750565907139278E+04      0.7566381211020788E+07
  0.46900000E+03     -0.2759536662926061E+04      0.7615820279565283E+07
  0.47000000E+03     -0.2768220712436976E+04      0.7663829046224302E+07
  0.47100000E+03     -0.2777081920867427E+04      0.7712973089027226E+07
  0.47200000E+03     -0.2785909294650157E+04      0.7762081515546296E+07
  0.47300000E+03     -0.2794809045800529E+04      0.7811761017651128E+07
  0.47400000E+03     -0.2803679766627181E+04      0.7861425806333047E+07
  0.47500000E+03     -0.2811757355569803E+04      0.7906784759685316E+07
  0.47600000E+03     -0.2820770623930030E+04      0.7957558100879963E+07
  0.47700000E+03     -0.2829697737870325E+04      0.8008012216481316E+07
  0.47800000E+03     -0.2838076062696306E+04      0.8055504120571172E+07
  0.47900000E+03     -0.2846892230596073E+04      0.8105622403597288E+07
  0.48000000E+03     -0.2855493539810968E+04      0.8154674476852611E+07
  0.48100000E+03     -0.2863624583614960E+04      0.8201187317136774E+07
  0.48200000E+03     -0.2872064578378173E+04      0.8249606920095467E+07
  0.48300000E+03     -0.2880430227576463E+04      0.8297731416281022E+07
  0.48400000E+03     -0.2889262110154139E+04      0.8348704235196821E+07
  0.48500000E+03     -0.2897143316315218E+04      0.8394317671811124E+07
  0.48600000E+03     -0.2905459513048733E+04      0.8442583071133604E+07
  0.48700000E+03     -0.2913371202727418E+04      0.8488604685719151E+07
  0.48800000E+03     -0.2922108132542229E+04      0.8539602772203593E+07
  0.48900000E+03     -0.2930066828836756E+04      0.8586187567875426E+07
  0.49000000E+03     -0.2938373769656778E+04      0.8634948395975141E+07
  0.49100000E+03     -0.2946666988124109E+04      0.8683753863225019E+07
  0.49200000E+03     -0.2954228122376124E+04      0.8728374758021995E+07
  0.49300000E+03     -0.2961908985128806E+04      0.8773824512041759E+07
  0.49400000E+03     -0.2969681249898622E+04      0.8819934685337832E+07
  0.49500000E+03     -0.2977069661651346E+04      0.8863884091619257E+07
  0.49600000E+03     -0.2984948491916098E+04      0.8910847822769916E+07
  0.49700000E+03     -0.2992836891528369E+04      0.8958019915737905E+07
  0.49800000E+03     -0.3000750536959953E+04      0.9005452857640421E+07
  0.49900000E+03     -0.3008363936917184E+04      0.9051217389752634E+07
  0.50000000E+03     -0.3016267131248608E+04      0.9098827164503835E+07
  0.50100000E+03     -0.3023844635698932E+04      0.9144606379713520E+07
  0.50200000E+03     -0.3031350918353177E+04      0.9190052425557926E+07
  0.50300000E+03     -0.3038727239767198E+04      0.9234842776575446E+07
  0.50400000E+03     -0.3046159154072421E+04      0.9280076282670859E+07
  0.50500000E+03     -0.3053488305516691E+04      0.9324775459456638E+07
  0.50600000E+03     -0.3060385915446696E+04      0.9366967952871211E+07
  0.50700000E+03     -0.3067824836586221E+04      0.9412552944168191E+07
  0.50800000E+03     -0.3075161140103073E+04      0.9457638327819437E+07
  0.50900000E+03     -0.3081961606570968E+04      0.9499511134849915E+07
  0.51000000E+03     -0.3089142342127674E+04      0.9543835705680529E+07
