  0.00000000E+00      0.4902927807928200E-09      0.3023499108201774E-18
  0.10000000E+01     -0.6057395113777978E-03      0.3669203556430534E-06
  0.20000000E+01     -0.3509224179072545E-01      0.2057005892718872E-01
  0.30000000E+01     -0.1030738822398525E+00      0.6871547250159700E-01
  0.40000000E+01     -0.2049985954530775E+00      0.1590768063351549E+00
  0.50000000E+01     -0.3407059553045145E+00      0.3125590655700158E+00
  0.60000000E+01     -0.5105104176918522E+00      0.5577468905117891E+00
  0.70000000E+01     -0.7138871895480963E+00      0.9284270102357290E+00
  0.80000000E+01     -0.9511562240799030E+00      0.1467426082785370E+01
  0.90000000E+01     -0.1221798016809649E+01      0.2220880230500335E+01
  0.10000000E+02     -0.1526999819879647E+01      0.3249084340207336E+01
  0.11000000E+02     -0.1865837198059188E+01      0.4609970654178086E+01
  0.12000000E+02     -0.2239017111466968E+01      0.6378679924789551E+01
  0.13000000E+02     -0.2645262779759480E+01      0.8623156484716608E+01
  0.14000000E+02     -0.3086298265703797E+01      0.1143641107192473E+02
  0.15000000E+02     -0.3560654877285267E+01      0.1489998267316098E+02
  0.16000000E+02     -0.4068699750638022E+01      0.1911030496941494E+02
  0.17000000E+02     -0.4610952120059370E+01      0.2417747230396286E+02
  0.18000000E+02     -0.5186834022333256E+01      0.3020804466429913E+02
  0.19000000E+02     -0.5796990773128566E+01      0.3732937829351749E+02
  0.20000000E+02     -0.6441635415682221E+01      0.4566628612496329E+02
  0.21000000E+02     -0.7119259797160471E+01      0.5533001893613420E+02
  0.22000000E+02     -0.7831168417278695E+01      0.6647880721390197E+02
  0.23000000E+02     -0.8577128680084751E+01      0.7925344123827236E+02
  0.24000000E+02     -0.9358535168566943E+01      0.9383383841367969E+02
  0.25000000E+02     -0.1017306867992168E+02      0.1103405782455446E+03
  0.26000000E+02     -0.1102287932659159E+02      0.1289790122368249E+03
  0.27000000E+02     -0.1190265576286335E+02      0.1498038919765780E+03
  0.28000000E+02     -0.1282078421118062E+02      0.1731970556795552E+03
  0.29000000E+02     -0.1377016933462427E+02      0.1991710200455463E+03
  0.30000000E+02     -0.1475415564554981E+02      0.2279986418133832E+03
  0.31000000E+02     -0.1577130184959400E+02      0.2598356895188613E+03
  0.32000000E+02     -0.1682460160083424E+02      0.2950042174037125E+03
  0.33000000E+02     -0.1790969532034706E+02      0.3335630283919880E+03
  0.34000000E+02     -0.1903189825611280E+02      0.3759186671381530E+03
  0.35000000E+02     -0.2018383100476265E+02      0.4220338982608927E+03
  0.36000000E+02     -0.2137249361729421E+02      0.4724081018230565E+03
  0.37000000E+02     -0.2259531962408287E+02      0.5271983788409332E+03
  0.38000000E+02     -0.2384734946693591E+02      0.5864175697604589E+03
  0.39000000E+02     -0.2513643144001799E+02      0.6506528970104124E+03
  0.40000000E+02     -0.2646058670780663E+02      0.7201293558464010E+03
  0.41000000E+02     -0.2781501544733724E+02      0.7948253933244762E+03
  0.42000000E+02     -0.2920722274729965E+02      0.8754394939593437E+03
  0.43000000E+02     -0.3063083143971665E+02      0.9618853747530694E+03
  0.44000000E+02     -0.3209079026761501E+02      0.1054761625382233E+04
  0.45000000E+02     -0.3358312812374324E+02      0.1154149858838373E+04
  0.46000000E+02     -0.3510741462840074E+02      0.1260246025703445E+04
  0.47000000E+02     -0.3666320535640747E+02      0.1373348733542032E+04
  0.48000000E+02     -0.3825383604832314E+02      0.1493983740428436E+04
  0.49000000E+02     -0.3987621708532601E+02      0.1622274898453921E+04
  0.50000000E+02     -0.4153628979527863E+02      0.1758993910161008E+04
  0.51000000E+02     -0.4322252138322914E+02      0.1903548802180437E+04
  0.52000000E+02     -0.4494587953764442E+02      0.2057176451182412E+04
  0.53000000E+02     -0.4670268338905276E+02      0.2219916131200214E+04
  0.54000000E+02     -0.4849440653392782E+02      0.2392276263152736E+04
  0.55000000E+02     -0.5031495833845777E+02      0.2573985577330897E+04
  0.56000000E+02     -0.5217574283395362E+02      0.2766560306811062E+04
  0.57000000E+02     -0.5406249363881462E+02      0.2968935171217434E+04
  0.58000000E+02     -0.5598760671278016E+02      0.3182714504495745E+04
  0.59000000E+02     -0.5794285540542651E+02      0.3407474985908664E+04
  0.60000000E+02     -0.5992634828061394E+02      0.3643309407250448E+04
  0.61000000E+02     -0.6194545448848373E+02      0.3891451779568469E+04
  0.62000000E+02     -0.6399847513724347E+02      0.4152214267815078E+04
  0.63000000E+02     -0.6608229495661570E+02      0.4425391275401788E+04
  0.64000000E+02     -0.6819524531822523E+02      0.4711347593246775E+04
  0.65000000E+02     -0.7034470271106031E+02      0.5011431491037884E+04
  0.66000000E+02     -0.7252100884027277E+02      0.5324723779400964E+04
  0.67000000E+02     -0.7472403240141450E+02      0.5651465712786083E+04
  0.68000000E+02     -0.7696193411216865E+02      0.5993307982482338E+04
  0.69000000E+02     -0.7923118623071737E+02      0.6350226821340202E+04
  0.70000000E+02     -0.8154377314181514E+02      0.6724638168789920E+04
  0.71000000E+02     -0.8387311035452865E+02      0.7112425563793853E+04
  0.72000000E+02     -0.8623688525465066E+02      0.7517100857476878E+04
  0.73000000E+02     -0.8863913366085545E+02      0.7939868425371743E+04
  0.74000000E+02     -0.9106578081205004E+02      0.8378575397777600E+04
  0.75000000E+02     -0.9352402497837895E+02      0.8834952347139553E+04
  0.76000000E+02     -0.9600147020127828E+02      0.9307272108680560E+04
  0.77000000E+02     -0.9851798932679195E+02      0.9799616803672192E+04
  0.78000000E+02     -0.1010549774996704E+03      0.1030867791135787E+05
  0.79000000E+02     -0.1036304093473533E+03      0.1083866296171756E+05
  0.80000000E+02     -0.1062324205492878E+03      0.1138756999145639E+05
  0.81000000E+02     -0.1088683377108660E+03      0.1195745405269360E+05
  0.82000000E+02     -0.1115318018916039E+03      0.1254741659085264E+05
  0.83000000E+02     -0.1142224994696482E+03      0.1315774765148583E+05
  0.84000000E+02     -0.1169417563414220E+03      0.1378942941789845E+05
  0.85000000E+02     -0.1196874592529609E+03      0.1444207245366090E+05
  0.86000000E+02     -0.1224614158279769E+03      0.1511687160022978E+05
  0.87000000E+02     -0.1252623098201767E+03      0.1581370370431124E+05
  0.88000000E+02     -0.1280894796055689E+03      0.1653302060214441E+05
  0.89000000E+02     -0.1309512391525363E+03      0.1727750559758256E+05
  0.90000000E+02     -0.1338376304327366E+03      0.1804490373763466E+05
  0.91000000E+02     -0.1367415818866821E+03      0.1883382070145940E+05
  0.92000000E+02     -0.1396832575400136E+03      0.1965005615773864E+05
  0.93000000E+02     -0.1426435646636499E+03      0.2048901681586890E+05
  0.94000000E+02     -0.1456338746391139E+03      0.2135434177459229E+05
  0.95000000E+02     -0.1486586983868733E+03      0.2224786204556918E+05
  0.96000000E+02     -0.1517018282567807E+03      0.2316502600586998E+05
  0.97000000E+02     -0.1547701428182898E+03      0.2410876403217728E+05
  0.98000000E+02     -0.1578706594646915E+03      0.2508140237614794E+05
  0.99000000E+02     -0.1609933288483237E+03      0.2608041154244434E+05
  0.10000000E+03     -0.1641375652077985E+03      0.2710590328958086E+05
  0.10100000E+03     -0.1673145218466305E+03      0.2816212858741436E+05
  0.10200000E+03     -0.1705062566602374E+03      0.2924347699287253E+05
  0.10300000E+03     -0.1737343390758713E+03      0.3035791059258382E+05
  0.10400000E+03     -0.1769786144024197E+03      0.3149912343161055E+05
  0.10500000E+03     -0.1802522224773276E+03      0.3267194177305898E+05
  0.10600000E+03     -0.1835493924325280E+03      0.3387474506722628E+05
  0.10700000E+03     -0.1868693951116933E+03      0.3510786025663808E+05
  0.10800000E+03     -0.1901991528576365E+03      0.3636665365997456E+05
  0.10900000E+03     -0.1935478138959838E+03      0.3765478937419067E+05
  0.11000000E+03     -0.1969338887218214E+03      0.3898028307451683E+05
  0.11100000E+03     -0.2003412999297180E+03      0.4033732203082751E+05
  0.11200000E+03     -0.2037598346933133E+03      0.4172175947724390E+05
  0.11300000E+03     -0.2072173220874676E+03      0.4314595482555248E+05
  0.11400000E+03     -0.2106935360561364E+03      0.4460187066865575E+05
  0.11500000E+03     -0.2141907744445166E+03      0.4609075420618373E+05
  0.11600000E+03     -0.2177161295775900E+03      0.4761660702036921E+05
  0.11700000E+03     -0.2212620472298086E+03      0.4917621381947542E+05
  0.11800000E+03     -0.2248301078044557E+03      0.5077085741465681E+05
  0.11900000E+03     -0.2284200820501957E+03      0.5240137194172251E+05
  0.12000000E+03     -0.2320245121846949E+03      0.5406384596938652E+05
  0.12100000E+03     -0.2356646187409248E+03      0.5576967299233672E+05
  0.12200000E+03     -0.2393137952541443E+03      0.5750588636756143E+05
  0.12300000E+03     -0.2429833035677441E+03      0.5927879701837215E+05
  0.12400000E+03     -0.2466667378421211E+03      0.6108521981721414E+05
  0.12500000E+03     -0.2503777978084790E+03      0.6293264712058137E+05
  0.12600000E+03     -0.2541134219340252E+03      0.6482010058610520E+05
  0.12700000E+03     -0.2578690698745518E+03      0.6674602625319963E+05
  0.12800000E+03     -0.2616341449034024E+03      0.6870475180830216E+05
  0.12900000E+03     -0.2654277217792781E+03      0.7070725089526507E+05
  0.13000000E+03     -0.2692420225339351E+03      0.7274935138074486E+05
  0.13100000E+03     -0.2730728879948077E+03      0.7482994957040837E+05
  0.13200000E+03     -0.2769120001466666E+03      0.7694392807000142E+05
  0.13300000E+03     -0.2807794660465530E+03      0.7910330135161590E+05
  0.13400000E+03     -0.2846617336228957E+03      0.8130106649921485E+05
  0.13500000E+03     -0.2885683199694154E+03      0.8354300431455378E+05
  0.13600000E+03     -0.2924782610876451E+03      0.8581753103635504E+05
  0.13700000E+03     -0.2964205751681189E+03      0.8814176187833310E+05
  0.13800000E+03     -0.3003827343438078E+03      0.9050880537193381E+05
  0.13900000E+03     -0.3043638738442287E+03      0.9291911757236952E+05
  0.14000000E+03     -0.3083584515786075E+03      0.9536901313924690E+05
  0.14100000E+03     -0.3123833540265721E+03      0.9786999074117930E+05
  0.14200000E+03     -0.3164280433189559E+03      0.1004157684859104E+06
  0.14300000E+03     -0.3204903315586681E+03      0.1030054254428311E+06
  0.14400000E+03     -0.3245713998309186E+03      0.1056403770668859E+06
  0.14500000E+03     -0.3286605332425333E+03      0.1083134904305404E+06
  0.14600000E+03     -0.3327660529133997E+03      0.1110311383432515E+06
  0.14700000E+03     -0.3368956200346299E+03      0.1137986729770708E+06
  0.14800000E+03     -0.3410628182101922E+03      0.1166263594435496E+06
  0.14900000E+03     -0.3452279722439537E+03      0.1194870619051689E+06
  0.15000000E+03     -0.3494337864261598E+03      0.1224106995911234E+06
  0.15100000E+03     -0.3536273540099557E+03      0.1253608346841307E+06
  0.15200000E+03     -0.3578502443803740E+03      0.1283675181527613E+06
  0.15300000E+03     -0.3620718584787908E+03      0.1314088430702227E+06
  0.15400000E+03     -0.3663198291062542E+03      0.1345045878633368E+06
  0.15500000E+03     -0.3705989560100562E+03      0.1376595760546201E+06
  0.15600000E+03     -0.3749026343105913E+03      0.1408697446064567E+06
  0.15700000E+03     -0.3792279088015878E+03      0.1441335992385566E+06
  0.15800000E+03     -0.3835604673890417E+03      0.1474400527347079E+06
  0.15900000E+03     -0.3878911653048031E+03      0.1507828610711627E+06
  0.16000000E+03     -0.3922461437099933E+03      0.1541819621981826E+06
  0.16100000E+03     -0.3966280115360926E+03      0.1576398792058141E+06
  0.16200000E+03     -0.4010227664629200E+03      0.1611468201894324E+06
  0.16300000E+03     -0.4054385025132253E+03      0.1647096369935937E+06
  0.16400000E+03     -0.4098658128850751E+03      0.1683204410549563E+06
  0.16500000E+03     -0.4143337313190092E+03      0.1720042320980634E+06
  0.16600000E+03     -0.4187923911396440E+03      0.1757202168443456E+06
  0.16700000E+03     -0.4232880363852182E+03      0.1795069431872260E+06
  0.16800000E+03     -0.4277899923944470E+03      0.1833395179117114E+06
  0.16900000E+03     -0.4323185311251748E+03      0.1872357172885753E+06
  0.17000000E+03     -0.4368643865967606E+03      0.1911874864732901E+06
  0.17100000E+03     -0.4414141874898044E+03      0.1951843830219235E+06
  0.17200000E+03     -0.4459822506935115E+03      0.1992388300641710E+06
  0.17300000E+03     -0.4505833186659549E+03      0.2033648654374392E+06
  0.17400000E+03     -0.4551983552945263E+03      0.2075472135935670E+06
  0.17500000E+03     -0.4598062737842079E+03      0.2117640762648583E+06
  0.17600000E+03     -0.4644550774121003E+03      0.2160614529895228E+06
  0.17700000E+03     -0.4691219474604401E+03      0.2204195837575512E+06
  0.17800000E+03     -0.4737985022502754E+03      0.2248295292879816E+06
  0.17900000E+03     -0.4784725768077262E+03      0.2292809096567497E+06
  0.18000000E+03     -0.4831733550331325E+03      0.2338016611092912E+06
  0.18100000E+03     -0.4878996426936933E+03      0.2383915145324531E+06
  0.18200000E+03     -0.4926248715622356E+03      0.2430251320723589E+06
  0.18300000E+03     -0.4973814310714232E+03      0.2477348195962714E+06
  0.18400000E+03     -0.5021499795291965E+03      0.2525012026317707E+06
  0.18500000E+03     -0.5069524128011093E+03      0.2573473388217564E+06
  0.18600000E+03     -0.5117750712465090E+03      0.2622603972939003E+06
  0.18700000E+03     -0.5166236055085528E+03      0.2672467984985505E+06
  0.18800000E+03     -0.5214821215102882E+03      0.2722904156973042E+06
  0.18900000E+03     -0.5263511999771270E+03      0.2773924699843022E+06
  0.19000000E+03     -0.5312406254907974E+03      0.2825634040955779E+06
  0.19100000E+03     -0.5361403244246445E+03      0.2877927536361231E+06
  0.19200000E+03     -0.5410611218255696E+03      0.2930937247214934E+06
  0.19300000E+03     -0.5460093369420832E+03      0.2984726398597012E+06
  0.19400000E+03     -0.5509737398867121E+03      0.3039177356205774E+06
  0.19500000E+03     -0.5559593171031373E+03      0.3094360455986863E+06
  0.19600000E+03     -0.5609558924581964E+03      0.3150162214634224E+06
  0.19700000E+03     -0.5659794319769654E+03      0.3206769415919674E+06
  0.19800000E+03     -0.5710096680734762E+03      0.3263956741767369E+06
  0.19900000E+03     -0.5760749104643437E+03      0.3322054732497899E+06
  0.20000000E+03     -0.5811539396990522E+03      0.3380824910561430E+06
  0.20100000E+03     -0.5862367193230497E+03      0.3440155614862354E+06
  0.20200000E+03     -0.5913400680609252E+03      0.3500243505348528E+06
  0.20300000E+03     -0.5964726428239421E+03      0.3561204507021162E+06
  0.20400000E+03     -0.6016397761167677E+03      0.3623101683082225E+06
  0.20500000E+03     -0.6068105298119277E+03      0.3685579808551900E+06
  0.20600000E+03     -0.6120006484555472E+03      0.3748824408795176E+06
  0.20700000E+03     -0.6172122459096322E+03      0.3812877221937006E+06
  0.20800000E+03     -0.6224627509189460E+03      0.3877958316013201E+06
  0.20900000E+03     -0.6277204703923938E+03      0.3943678667546532E+06
  0.21000000E+03     -0.6330028263742736E+03      0.4010264664575644E+06
  0.21100000E+03     -0.6383074089636384E+03      0.4077690569798932E+06
  0.21200000E+03     -0.6436305860474827E+03      0.4145918419830102E+06
  0.21300000E+03     -0.6489782235884423E+03      0.4215029322553601E+06
  0.21400000E+03     -0.6543418225029259E+03      0.4284920718320278E+06
  0.21500000E+03     -0.6597351403651146E+03      0.4355779524762799E+06
  0.21600000E+03     -0.6651610640515050E+03      0.4427652434496363E+06
  0.21700000E+03     -0.6705966577968411E+03      0.4500244652587561E+06
  0.21800000E+03     -0.6760497545561727E+03      0.4573663100428467E+06
  0.21900000E+03     -0.6815452764993881E+03      0.4648258612716260E+06
  0.22000000E+03     -0.6870691149490606E+03      0.4723837476145879E+06
  0.22100000E+03     -0.6925897776240747E+03      0.4799986922013410E+06
  0.22200000E+03     -0.6981481683579455E+03      0.4877274564732109E+06
  0.22300000E+03     -0.7037076742647128E+03      0.4955185942799022E+06
  0.22400000E+03     -0.7092985716596004E+03      0.5034167107575157E+06
  0.22500000E+03     -0.7149352970455088E+03      0.5114434192786737E+06
  0.22600000E+03     -0.7205884706152292E+03      0.5195570993326721E+06
  0.22700000E+03     -0.7262540887408351E+03      0.5277527251924395E+06
  0.22800000E+03     -0.7319570993796167E+03      0.5360673320643267E+06
  0.22900000E+03     -0.7376808898352258E+03      0.5444775547312048E+06
  0.23000000E+03     -0.7434489421239286E+03      0.5530189242244125E+06
  0.23100000E+03     -0.7492224139187680E+03      0.5616352369540414E+06
  0.23200000E+03     -0.7550217929238672E+03      0.5703570623187645E+06
  0.23300000E+03     -0.7608393209715435E+03      0.5791737669777906E+06
  0.23400000E+03     -0.7666855598914084E+03      0.5881020812472254E+06
  0.23500000E+03     -0.7725797542433992E+03      0.5971730458289395E+06
  0.23600000E+03     -0.7784938791078832E+03      0.6063441593675722E+06
  0.23700000E+03     -0.7844227885797270E+03      0.6156083215993698E+06
  0.23800000E+03     -0.7903966878419704E+03      0.6250142802812424E+06
  0.23900000E+03     -0.7963773428685669E+03      0.6345022065990680E+06
  0.24000000E+03     -0.8023883307124987E+03      0.6441103097977398E+06
  0.24100000E+03     -0.8084095150608998E+03      0.6538072196353208E+06
  0.24200000E+03     -0.8144799871300049E+03      0.6636569002095995E+06
  0.24300000E+03     -0.8205774402641071E+03      0.6736242964834138E+06
  0.24400000E+03     -0.8267012311247169E+03      0.6837100272706756E+06
  0.24500000E+03     -0.8328541086668471E+03      0.6939189516285069E+06
  0.24600000E+03     -0.8390322668893185E+03      0.7042459416983943E+06
  0.24700000E+03     -0.8452361542303826E+03      0.7146931068544070E+06
  0.24800000E+03     -0.8514718347536219E+03      0.7252713196150335E+06
  0.24900000E+03     -0.8577354304638933E+03      0.7359748482731903E+06
  0.25000000E+03     -0.8640291197913074E+03      0.7468090876255864E+06
  0.25100000E+03     -0.8703451636804276E+03      0.7577615182380603E+06
  0.25200000E+03     -0.8766849637151123E+03      0.7688355006964660E+06
  0.25300000E+03     -0.8830751482381337E+03      0.7800788117442726E+06
  0.25400000E+03     -0.8894863878069984E+03      0.7914411770481260E+06
  0.25500000E+03     -0.8959364752465689E+03      0.8029555511845358E+06
  0.25600000E+03     -0.9024241022081192E+03      0.8146205538466562E+06
  0.25700000E+03     -0.9089312650497820E+03      0.8264052612850374E+06
  0.25800000E+03     -0.9154661638924005E+03      0.8383257090138968E+06
  0.25900000E+03     -0.9220336549084424E+03      0.8503918343231517E+06
  0.26000000E+03     -0.9286415412618240E+03      0.8626195950451881E+06
  0.26100000E+03     -0.9352853885908376E+03      0.8750019480787175E+06
  0.26200000E+03     -0.9419442779716546E+03      0.8875004744059868E+06
  0.26300000E+03     -0.9486344596578564E+03      0.9001474741523827E+06
  0.26400000E+03     -0.9553514625743147E+03      0.9129352194679797E+06
  0.26500000E+03     -0.9621110979586883E+03      0.9258950582011089E+06
  0.26600000E+03     -0.9689081316808115E+03      0.9390186436728475E+06
  0.26700000E+03     -0.9757262186354242E+03      0.9522755816931933E+06
  0.26800000E+03     -0.9825745710005627E+03      0.9656848313372668E+06
  0.26900000E+03     -0.9894520060536568E+03      0.9792456300278128E+06
  0.27000000E+03     -0.9963699242989717E+03      0.9929819615403750E+06
  0.27100000E+03     -0.1003299927326388E+04      0.1006838379356525E+07
  0.27200000E+03     -0.1010260134538875E+04      0.1020852009182898E+07
  0.27300000E+03     -0.1017277311437974E+04      0.1035078610067045E+07
  0.27400000E+03     -0.1024322644782883E+04      0.1049461044574348E+07
  0.27500000E+03     -0.1031403882149389E+04      0.1064017027734683E+07
  0.27600000E+03     -0.1038501810653537E+04      0.1078708085579343E+07
  0.27700000E+03     -0.1045646767273152E+04      0.1093598211204100E+07
  0.27800000E+03     -0.1052835597957543E+04      0.1108682538492019E+07
  0.27900000E+03     -0.1060039852193014E+04      0.1123903177576499E+07
  0.28000000E+03     -0.1067275007572405E+04      0.1139293941043338E+07
  0.28100000E+03     -0.1074590202423372E+04      0.1154961177713626E+07
  0.28200000E+03     -0.1081886964768769E+04      0.1170695965220039E+07
  0.28300000E+03     -0.1089199283537210E+04      0.1186570614154350E+07
  0.28400000E+03     -0.1096567769453805E+04      0.1202675772205979E+07
  0.28500000E+03     -0.1103966018834412E+04      0.1218955045621084E+07
  0.28600000E+03     -0.1111394268061885E+04      0.1235411123136791E+07
  0.28700000E+03     -0.1118870363158036E+04      0.1252084750884057E+07
  0.28800000E+03     -0.1126334595158879E+04      0.1268842799411541E+07
  0.28900000E+03     -0.1133877123645470E+04      0.1285890355691494E+07
  0.29000000E+03     -0.1141417887460384E+04      0.1303047497389136E+07
  0.29100000E+03     -0.1149019818615594E+04      0.1320458341757358E+07
  0.29200000E+03     -0.1156665641876583E+04      0.1338086595101575E+07
  0.29300000E+03     -0.1164332301207014E+04      0.1355880638351778E+07
  0.29400000E+03     -0.1171975188466061E+04      0.1373736500372151E+07
  0.29500000E+03     -0.1179672962193174E+04      0.1391838672303393E+07
  0.29600000E+03     -0.1187457418378373E+04      0.1410265186231295E+07
  0.29700000E+03     -0.1195239010520917E+04      0.1428806762377945E+07
  0.29800000E+03     -0.1203025543000783E+04      0.1447480842160576E+07
  0.29900000E+03     -0.1210873413299273E+04      0.1466424514163379E+07
  0.30000000E+03     -0.1218749468401617E+04      0.1485560234414589E+07
  0.30100000E+03     -0.1226654333229226E+04      0.1504891094776504E+07
  0.30200000E+03     -0.1234597257024906E+04      0.1524440782388765E+07
  0.30300000E+03     -0.1242564852957943E+04      0.1544176918102338E+07
  0.30400000E+03     -0.1250558702222744E+04      0.1564107965736507E+07
  0.30500000E+03     -0.1258580617442248E+04      0.1584236492621465E+07
  0.30600000E+03     -0.1266646415103112E+04      0.1604604962322881E+07
  0.30700000E+03     -0.1274764853302526E+04      0.1625237801987455E+07
  0.30800000E+03     -0.1282896792219190E+04      0.1646036970061094E+07
  0.30900000E+03     -0.1291049949179987E+04      0.1667022836627296E+07
  0.31000000E+03     -0.1299239972488700E+04      0.1688238136289112E+07
  0.31100000E+03     -0.1307413907524172E+04      0.1709544214652117E+07
  0.31200000E+03     -0.1315661651123774E+04      0.1731179315637511E+07
  0.31300000E+03     -0.1323912273787261E+04      0.1752958712729237E+07
  0.31400000E+03     -0.1332213169671725E+04      0.1775007108100840E+07
  0.31500000E+03     -0.1340511727179600E+04      0.1797187519237994E+07
  0.31600000E+03     -0.1348887499301906E+04      0.1819714278066722E+07
  0.31700000E+03     -0.1357288531512629E+04      0.1842449845732958E+07
  0.31800000E+03     -0.1365701881071796E+04      0.1865359863977768E+07
  0.31900000E+03     -0.1374143468407082E+04      0.1888489355941369E+07
  0.32000000E+03     -0.1382638312823569E+04      0.1911909402531767E+07
  0.32100000E+03     -0.1391194996628112E+04      0.1935644278612485E+07
  0.32200000E+03     -0.1399729034416414E+04      0.1959463323713801E+07
  0.32300000E+03     -0.1408305815238948E+04      0.1983548485761672E+07
  0.32400000E+03     -0.1416868216008134E+04      0.2007740288724754E+07
  0.32500000E+03     -0.1425479258848548E+04      0.2032216831861493E+07
  0.32600000E+03     -0.1434121782554853E+04      0.2056931448067397E+07
  0.32700000E+03     -0.1442813593363856E+04      0.2081937698544882E+07
  0.32800000E+03     -0.1451481920059893E+04      0.2107027921070545E+07
  0.32900000E+03     -0.1460203647508602E+04      0.2132425267034567E+07
  0.33000000E+03     -0.1468961623937971E+04      0.2158079117945706E+07
  0.33100000E+03     -0.1477737476348164E+04      0.2183940012561053E+07
  0.33200000E+03     -0.1486572125710933E+04      0.2210130506004634E+07
  0.33300000E+03     -0.1495387333876376E+04      0.2236418841664459E+07
  0.33400000E+03     -0.1504246598022494E+04      0.2262994134851156E+07
  0.33500000E+03     -0.1513113947339823E+04      0.2289752101919742E+07
  0.33600000E+03     -0.1522033776426208E+04      0.2316826265925139E+07
  0.33700000E+03     -0.1530958634405648E+04      0.2344075453157084E+07
  0.33800000E+03     -0.1539928746334309E+04      0.2371622598120335E+07
  0.33900000E+03     -0.1548899390012037E+04      0.2399333356250712E+07
  0.34000000E+03     -0.1557908794011253E+04      0.2427325306110536E+07
  0.34100000E+03     -0.1566958080606792E+04      0.2455604437220490E+07
  0.34200000E+03     -0.1576018274498245E+04      0.2484081669848305E+07
  0.34300000E+03     -0.1585099218589307E+04      0.2512789447575550E+07
  0.34400000E+03     -0.1594231292601871E+04      0.2541825792802076E+07
  0.34500000E+03     -0.1603386748387037E+04      0.2571101944764722E+07
  0.34600000E+03     -0.1612491301522076E+04      0.2600382638190694E+07
  0.34700000E+03     -0.1621674085787177E+04      0.2630083141400899E+07
  0.34800000E+03     -0.1630892301884107E+04      0.2660068472163384E+07
  0.34900000E+03     -0.1640177866179005E+04      0.2690445177003937E+07
  0.35000000E+03     -0.1649384096922717E+04      0.2720731652140046E+07
  0.35100000E+03     -0.1658656089141477E+04      0.2751404543385320E+07
  0.35200000E+03     -0.1667947174829146E+04      0.2782313346416510E+07
  0.35300000E+03     -0.1677205020015997E+04      0.2813285675979873E+07
  0.35400000E+03     -0.1686565761050747E+04      0.2844775313734220E+07
  0.35500000E+03     -0.1695950227800956E+04      0.2876520658732758E+07
  0.35600000E+03     -0.1705331016817893E+04      0.2908430064883024E+07
  0.35700000E+03     -0.1714766602237832E+04      0.2940702016636577E+07
  0.35800000E+03     -0.1724181115849738E+04      0.2973080116490016E+07
  0.35900000E+03     -0.1733588847834130E+04      0.3005611950879541E+07
  0.36000000E+03     -0.1742957648628124E+04      0.3038185527051286E+07
  0.36100000E+03     -0.1752470207956497E+04      0.3071438122291874E+07
  0.36200000E+03     -0.1761930501414045E+04      0.3104686669876377E+07
  0.36300000E+03     -0.1771525649958272E+04      0.3138593091959060E+07
  0.36400000E+03     -0.1781097827424359E+04      0.3172602237714976E+07
  0.36500000E+03     -0.1790600787026027E+04      0.3206547808774102E+07
  0.36600000E+03     -0.1800222899924192E+04      0.3241101052727125E+07
  0.36700000E+03     -0.1809879671530724E+04      0.3275963837842633E+07
  0.36800000E+03     -0.1819300794225373E+04      0.3310155968872552E+07
  0.36900000E+03     -0.1828990024037888E+04      0.3345508702596932E+07
  0.37000000E+03     -0.1838727538153618E+04      0.3381223652702741E+07
  0.37100000E+03     -0.1848410448019676E+04      0.3416927831349281E+07
  0.37200000E+03     -0.1857976880238143E+04      0.3452388298492764E+07
  0.37300000E+03     -0.1867549633328141E+04      0.3488056155609885E+07
  0.37400000E+03     -0.1877320321728150E+04      0.3524647628512250E+07
  0.37500000E+03     -0.1887098828048165E+04      0.3561461839098590E+07
  0.37600000E+03     -0.1896857035878039E+04      0.3598387034259853E+07
  0.37700000E+03     -0.1906568153438489E+04      0.3635323766872090E+07
  0.37800000E+03     -0.1916371951961004E+04      0.3672808135144744E+07
  0.37900000E+03     -0.1926225107623648E+04      0.3710673457984095E+07
  0.38000000E+03     -0.1935987978463508E+04      0.3748381424319637E+07
  0.38100000E+03     -0.1945820467675363E+04      0.3786553116006623E+07
  0.38200000E+03     -0.1955534878333697E+04      0.3824453092231422E+07
  0.38300000E+03     -0.1965428333888778E+04      0.3863247704350722E+07
  0.38400000E+03     -0.1975316322628147E+04      0.3902218720347982E+07
  0.38500000E+03     -0.1985193635203118E+04      0.3941339878793225E+07
  0.38600000E+03     -0.1995039978240171E+04      0.3980532082585464E+07
  0.38700000E+03     -0.2004962430467447E+04      0.4020226926593123E+07
  0.38800000E+03     -0.2014839507371114E+04      0.4059932849265959E+07
  0.38900000E+03     -0.2024753731097250E+04      0.4099984550966137E+07
  0.39000000E+03     -0.2034640767925106E+04      0.4140123297567984E+07
  0.39100000E+03     -0.2044602698437212E+04      0.4180764165332970E+07
  0.39200000E+03     -0.2054467365271233E+04      0.4221203186949146E+07
  0.39300000E+03     -0.2064508062961020E+04      0.4262563175666180E+07
  0.39400000E+03     -0.2074480427388663E+04      0.4303843987859441E+07
  0.39500000E+03     -0.2084317264970340E+04      0.4344754213230138E+07
  0.39600000E+03     -0.2094269662713368E+04      0.4386344883879619E+07
  0.39700000E+03     -0.2104301213545641E+04      0.4428466433170251E+07
  0.39800000E+03     -0.2114309796898831E+04      0.4470689356394746E+07
  0.39900000E+03     -0.2124282391080867E+04      0.4512966007168546E+07
  0.40000000E+03     -0.2134230227277906E+04      0.4555328850211015E+07
  0.40100000E+03     -0.2144305699918645E+04      0.4598439847279653E+07
  0.40200000E+03     -0.2154387709068790E+04      0.4641784356248389E+07
  0.40300000E+03     -0.2164360263708385E+04      0.4684857098159640E+07
  0.40400000E+03     -0.2174383277585383E+04      0.4728348183201895E+07
  0.40500000E+03     -0.2184508373797909E+04      0.4772486142247064E+07
  0.40600000E+03     -0.2194519199672820E+04      0.4816326185979350E+07
  0.40700000E+03     -0.2204490655923503E+04      0.4860191684881133E+07
  0.40800000E+03     -0.2214513064509425E+04      0.4904485967574972E+07
  0.40900000E+03     -0.2224534472862846E+04      0.4948976308210151E+07
  0.41000000E+03     -0.2234502069562416E+04      0.4993421928021525E+07
  0.41100000E+03     -0.2244628933943926E+04      0.5038789761521321E+07
  0.41200000E+03     -0.2254685638593582E+04      0.5084040206176663E+07
  0.41300000E+03     -0.2264689817576503E+04      0.5129256127257877E+07
  0.41400000E+03     -0.2274713242055360E+04      0.5174760592262031E+07
  0.41500000E+03     -0.2284874377294553E+04      0.5221094876922688E+07
  0.41600000E+03     -0.2294924994910463E+04      0.5267126214534247E+07
  0.41700000E+03     -0.2304857301999715E+04      0.5312818661089426E+07
  0.41800000E+03     -0.2315137829897129E+04      0.5360316369416011E+07
  0.41900000E+03     -0.2325085481997111E+04      0.5406477867705490E+07
  0.42000000E+03     -0.2335166757371569E+04      0.5453467028486502E+07
  0.42100000E+03     -0.2345146478947761E+04      0.5500177524725304E+07
  0.42200000E+03     -0.2355258782154391E+04      0.5547714070634998E+07
  0.42300000E+03     -0.2365394178975750E+04      0.5595563345443631E+07
  0.42400000E+03     -0.2375250721745502E+04      0.5642294153840534E+07
  0.42500000E+03     -0.2385290722055283E+04      0.5690089584172282E+07
  0.42600000E+03     -0.2395330958008118E+04      0.5738094527613589E+07
  0.42700000E+03     -0.2405467658031744E+04      0.5786761898282486E+07
  0.42800000E+03     -0.2415565710806673E+04      0.5835448500765789E+07
  0.42900000E+03     -0.2425376264151571E+04      0.5882946482235998E+07
  0.43000000E+03     -0.2435455208842950E+04      0.5931945896257496E+07
  0.43100000E+03     -0.2445296697149294E+04      0.5979981434165065E+07
  0.43200000E+03     -0.2455263598971789E+04      0.6028825231837324E+07
  0.43300000E+03     -0.2465119724725365E+04      0.6077328844356922E+07
  0.43400000E+03     -0.2475293607711413E+04      0.6127591956252486E+07
  0.43500000E+03     -0.2485286563761017E+04      0.6177170917043944E+07
  0.43600000E+03     -0.2495181004837704E+04      0.6226453700290927E+07
  0.43700000E+03     -0.2505315146601697E+04      0.6277133173988692E+07
  0.43800000E+03     -0.2515021489589006E+04      0.6325867937372823E+07
  0.43900000E+03     -0.2525000301820113E+04      0.6376164664295383E+07
  0.44000000E+03     -0.2534866176341735E+04      0.6426087314759985E+07
  0.44100000E+03     -0.2544699318575259E+04      0.6476039888683377E+07
  0.44200000E+03     -0.2554774752198894E+04      0.6527424740059393E+07
  0.44300000E+03     -0.2564647984550607E+04      0.6577974246432732E+07
  0.44400000E+03     -0.2574333354488171E+04      0.6627747579055271E+07
  0.44500000E+03     -0.2584212642168442E+04      0.6678716477280211E+07
  0.44600000E+03     -0.2593989330497801E+04      0.6729350248086242E+07
  0.44700000E+03     -0.2603712951200581E+04      0.6779893693694466E+07
  0.44800000E+03     -0.2613521486485421E+04      0.6831070772557251E+07
  0.44900000E+03     -0.2623445312828137E+04      0.6883051969144805E+07
  0.45000000E+03     -0.2633135433392662E+04      0.6933986098931086E+07
  0.45100000E+03     -0.2642992306004350E+04      0.6985992220597778E+07
  0.45200000E+03     -0.2652351575481142E+04      0.7035565931215060E+07
  0.45300000E+03     -0.2662295619284454E+04      0.7088414635027158E+07
  0.45400000E+03     -0.2671850512002014E+04      0.7139388147725301E+07
  0.45500000E+03     -0.2681500863174101E+04      0.7191053401831456E+07
  0.45600000E+03     -0.2691356300079845E+04      0.7244014051232062E+07
  0.45700000E+03     -0.2701007215178652E+04      0.7296061811311172E+07
  0.45800000E+03     -0.2710768848045276E+04      0.7348890177408380E+07
  0.45900000E+03     -0.2719807882902497E+04      0.7397980342570240E+07
  0.46000000E+03     -0.2729520166267643E+04      0.7450907531367851E+07
  0.46100000E+03     -0.2738906488719428E+04      0.7502245138043311E+07
  0.46200000E+03     -0.2748299243605798E+04      0.7553792986973762E+07
  0.46300000E+03     -0.2757831013157970E+04      0.7606272724090949E+07
  0.46400000E+03     -0.2767237776507505E+04      0.7658256052491173E+07
  0.46500000E+03     -0.2776653049131871E+04      0.7710456656632440E+07
  0.46600000E+03     -0.2786188676212153E+04      0.7763507083589832E+07
  0.46700000E+03     -0.2795517214698830E+04      0.7815577039706369E+07
  0.46800000E+03     -0.2804983435054105E+04      0.7868609101566850E+07
  0.46900000E+03     -0.2814220081764871E+04      0.7920510051183238E+07
  0.47000000E+03     -0.2823741510631773E+04      0.7974195042712230E+07
  0.47100000E+03     -0.2832761504245627E+04      0.8025225483125892E+07
  0.47200000E+03     -0.2841686240325702E+04      0.8075865846178987E+07
  0.47300000E+03     -0.2851071867172711E+04      0.8129307494814686E+07
  0.47400000E+03     -0.2860059194225826E+04      0.8180636809128187E+07
  0.47500000E+03     -0.2869525172471177E+04      0.8234878605135726E+07
  0.47600000E+03     -0.2878516302669677E+04      0.8286560731660804E+07
  0.47700000E+03     -0.2887496154452768E+04      0.8338349790087731E+07
  0.47800000E+03     -0.2896301404831712E+04      0.8389284054778533E+07
  0.47900000E+03     -0.2905481150856803E+04      0.8442546319103528E+07
  0.48000000E+03     -0.2914130242759970E+04      0.8492876592083873E+07
  0.48100000E+03     -0.2923186521301022E+04      0.8545760587759331E+07
  0.48200000E+03     -0.2931929854972758E+04      0.8596956553019313E+07
  0.48300000E+03     -0.2941241308043289E+04      0.8651652083640952E+07
  0.48400000E+03     -0.2949889893814625E+04      0.8702598540407136E+07
  0.48500000E+03     -0.2958910474237337E+04      0.8755910275583675E+07
  0.48600000E+03     -0.2967480669114960E+04      0.8806709568260795E+07
  0.48700000E+03     -0.2975752846918494E+04      0.8855870267321121E+07
  0.48800000E+03     -0.2984266083269580E+04      0.8906606539564647E+07
  0.48900000E+03     -0.2992816838735167E+04      0.8957730141210461E+07
  0.49000000E+03     -0.3001380693133121E+04      0.9009075085708480E+07
  0.49100000E+03     -0.3009860381594541E+04      0.9060049047302222E+07
  0.49200000E+03     -0.3018619093983381E+04      0.9112849099708978E+07
  0.49300000E+03     -0.3026771312458019E+04      0.9162134774825824E+07
  0.49400000E+03     -0.3035186384167911E+04      0.9213158227414412E+07
  0.49500000E+03     -0.3043414676096731E+04      0.9263180759545764E+07
  0.49600000E+03     -0.3051808287750431E+04      0.9314345034013966E+07
  0.49700000E+03     -0.3059642790633374E+04      0.9362223989636570E+07
  0.49800000E+03     -0.3068201350875282E+04      0.9414673024778865E+07
  0.49900000E+03     -0.3076283644238328E+04      0.9464335716084529E+07
  0.50000000E+03     -0.3083708987655897E+04      0.9510099437964864E+07
  0.50100000E+03     -0.3091673769214440E+04      0.9559274780132152E+07
  0.50200000E+03     -0.3100027241279515E+04      0.9611011762115767E+07
  0.50300000E+03     -0.3108060982547996E+04      0.9660891656654747E+07
  0.50400000E+03     -0.3116007209955337E+04      0.9710351434651673E+07
  0.50500000E+03     -0.3124159858466926E+04      0.9761232852651406E+07
  0.50600000E+03     -0.3130820423366388E+04      0.9802905498344183E+07
  0.50700000E+03     -0.3138343064276251E+04      0.9850069680479964E+07
  0.50800000E+03     -0.3145762193158594E+04      0.9896701041270833E+07
  0.50900000E+03     -0.3153371132111013E+04      0.9944628971326383E+07
  0.51000000E+03     -0.3161125574391647E+04      0.9993617321369804E+07
