  0.00000000E+00     -0.3729055357149922E-09      0.4670447295734951E-18
  0.10000000E+01     -0.6057403748611095E-03      0.3669214017390058E-06
  0.20000000E+01     -0.3498347084831012E-01      0.2045297924451893E-01
  0.30000000E+01     -0.1030289467292299E+00      0.6863592284498872E-01
  0.40000000E+01     -0.2049179411540026E+00      0.1590788213007912E+00
  0.50000000E+01     -0.3407216665467487E+00      0.3125267214730668E+00
  0.60000000E+01     -0.5101588718021027E+00      0.5570335192124999E+00
  0.70000000E+01     -0.7135216702726026E+00      0.9277755984328856E+00
  0.80000000E+01     -0.9503480992882251E+00      0.1465121819393069E+01
  0.90000000E+01     -0.1221630214465471E+01      0.2220403429290978E+01
  0.10000000E+02     -0.1526647640277010E+01      0.3247652795031583E+01
  0.11000000E+02     -0.1865389440850299E+01      0.4608184708196351E+01
  0.12000000E+02     -0.2237791004560651E+01      0.6371624772874653E+01
  0.13000000E+02     -0.2644737173648065E+01      0.8619676121489398E+01
  0.14000000E+02     -0.3084735096231253E+01      0.1142600839687132E+02
  0.15000000E+02     -0.3559353300358801E+01      0.1488892297408898E+02
  0.16000000E+02     -0.4068399371560051E+01      0.1910899897021277E+02
  0.17000000E+02     -0.4609857419778900E+01      0.2416988429506640E+02
  0.18000000E+02     -0.5185886524201427E+01      0.3020187196954340E+02
  0.19000000E+02     -0.5797436580152454E+01      0.3733786058579631E+02
  0.20000000E+02     -0.6440719801588057E+01      0.4565522342338920E+02
  0.21000000E+02     -0.7119298809469823E+01      0.5533204369877140E+02
  0.22000000E+02     -0.7831991516516061E+01      0.6649293331790903E+02
  0.23000000E+02     -0.8578054803845497E+01      0.7926529880904687E+02
  0.24000000E+02     -0.9359179773188407E+01      0.9384171013765445E+02
  0.25000000E+02     -0.1017196242954838E+02      0.1103045458168383E+03
  0.26000000E+02     -0.1101942541823745E+02      0.1288900442004938E+03
  0.27000000E+02     -0.1190104307997700E+02      0.1497531661376023E+03
  0.28000000E+02     -0.1281677699001176E+02      0.1730796650932119E+03
  0.29000000E+02     -0.1376731385935866E+02      0.1990737391862082E+03
  0.30000000E+02     -0.1475307120936693E+02      0.2279485963415233E+03
  0.31000000E+02     -0.1577018345333783E+02      0.2597862900620706E+03
  0.32000000E+02     -0.1682193699161721E+02      0.2948997132663496E+03
  0.33000000E+02     -0.1790653632314395E+02      0.3334436848391769E+03
  0.34000000E+02     -0.1902776619048569E+02      0.3757598884817353E+03
  0.35000000E+02     -0.2018149263402415E+02      0.4219401014471599E+03
  0.36000000E+02     -0.2137143267636598E+02      0.4723804674723751E+03
  0.37000000E+02     -0.2259266860841989E+02      0.5270962675501600E+03
  0.38000000E+02     -0.2384860147557547E+02      0.5864872304458753E+03
  0.39000000E+02     -0.2513567946946237E+02      0.6506239144445208E+03
  0.40000000E+02     -0.2645876539104281E+02      0.7200154245519717E+03
  0.41000000E+02     -0.2781544472531268E+02      0.7948250970602438E+03
  0.42000000E+02     -0.2920541691863877E+02      0.8753114528138083E+03
  0.43000000E+02     -0.3062843100670447E+02      0.9617237482772874E+03
  0.44000000E+02     -0.3208669680365394E+02      0.1054503797260058E+04
  0.45000000E+02     -0.3357596806480803E+02      0.1153644207201362E+04
  0.46000000E+02     -0.3510206130463169E+02      0.1259855269396981E+04
  0.47000000E+02     -0.3665800110561453E+02      0.1372943142510437E+04
  0.48000000E+02     -0.3825396727133457E+02      0.1493970697750764E+04
  0.49000000E+02     -0.3987738768427086E+02      0.1622350921809618E+04
  0.50000000E+02     -0.4153453160486072E+02      0.1758824914227965E+04
  0.51000000E+02     -0.4322648283787122E+02      0.1903863902936765E+04
  0.52000000E+02     -0.4494879540929862E+02      0.2057427507971173E+04
  0.53000000E+02     -0.4670694339760967E+02      0.2220256359347579E+04
  0.54000000E+02     -0.4849909042053557E+02      0.2392656005960426E+04
  0.55000000E+02     -0.5032155254838412E+02      0.2574519993776869E+04
  0.56000000E+02     -0.5218230559766582E+02      0.2767165519927509E+04
  0.57000000E+02     -0.5407323911605599E+02      0.2970013750639285E+04
  0.58000000E+02     -0.5599351427602056E+02      0.3183321282758762E+04
  0.59000000E+02     -0.5794495364303526E+02      0.3407667706229781E+04
  0.60000000E+02     -0.5993098638896122E+02      0.3643803756556532E+04
  0.61000000E+02     -0.6194811466438053E+02      0.3891743741167093E+04
  0.62000000E+02     -0.6400156044023393E+02      0.4152544237397306E+04
  0.63000000E+02     -0.6608290975724626E+02      0.4425438796842655E+04
  0.64000000E+02     -0.6819831739095987E+02      0.4711740996638010E+04
  0.65000000E+02     -0.7034060514983788E+02      0.5010814873358257E+04
  0.66000000E+02     -0.7251717544375724E+02      0.5324081950235380E+04
  0.67000000E+02     -0.7472848603676225E+02      0.5652020098127886E+04
  0.68000000E+02     -0.7696541439247986E+02      0.5993798120291148E+04
  0.69000000E+02     -0.7923842251973210E+02      0.6351218320936548E+04
  0.70000000E+02     -0.8154270176282093E+02      0.6724181932546324E+04
  0.71000000E+02     -0.8387598818040073E+02      0.7112711631348179E+04
  0.72000000E+02     -0.8623726927639518E+02      0.7517029648455455E+04
  0.73000000E+02     -0.8862724508303734E+02      0.7937542960941852E+04
  0.74000000E+02     -0.9105457675306315E+02      0.8376341950766968E+04
  0.75000000E+02     -0.9350894588104396E+02      0.8832070950949932E+04
  0.76000000E+02     -0.9599308721264873E+02      0.9305476088685829E+04
  0.77000000E+02     -0.9850685771989096E+02      0.9797171614213099E+04
  0.78000000E+02     -0.1010527208346721E+03      0.1030802812959479E+05
  0.79000000E+02     -0.1036297975329869E+03      0.1083840507577384E+05
  0.80000000E+02     -0.1062427808983823E+03      0.1138973329240851E+05
  0.81000000E+02     -0.1088735502557831E+03      0.1195864751981648E+05
  0.82000000E+02     -0.1115304607926479E+03      0.1254718282546632E+05
  0.83000000E+02     -0.1142203509546215E+03      0.1315736216056243E+05
  0.84000000E+02     -0.1169408757680925E+03      0.1378940370483112E+05
  0.85000000E+02     -0.1196781698537740E+03      0.1444013703396217E+05
  0.86000000E+02     -0.1224605730904841E+03      0.1511692503867798E+05
  0.87000000E+02     -0.1252632642586673E+03      0.1581437496016624E+05
  0.88000000E+02     -0.1280979542496829E+03      0.1653568790565802E+05
  0.89000000E+02     -0.1309534234073178E+03      0.1727856777901394E+05
  0.90000000E+02     -0.1338312803960850E+03      0.1804364310712673E+05
  0.91000000E+02     -0.1367522190500156E+03      0.1883710895109868E+05
  0.92000000E+02     -0.1397021353255080E+03      0.1965585503502644E+05
  0.93000000E+02     -0.1426640356705933E+03      0.2049532265750267E+05
  0.94000000E+02     -0.1456561386887361E+03      0.2136122076992522E+05
  0.95000000E+02     -0.1486748123019716E+03      0.2225293163033718E+05
  0.96000000E+02     -0.1517271121974437E+03      0.2317300239834771E+05
  0.97000000E+02     -0.1547969665266723E+03      0.2411722815174904E+05
  0.98000000E+02     -0.1578979627071831E+03      0.2509006151821326E+05
  0.99000000E+02     -0.1610133588620065E+03      0.2608680104225257E+05
  0.10000000E+03     -0.1641660563558904E+03      0.2711535772960809E+05
  0.10100000E+03     -0.1673353143087608E+03      0.2816923906092306E+05
  0.10200000E+03     -0.1705291657266092E+03      0.2925147960907010E+05
  0.10300000E+03     -0.1737458095969962E+03      0.3036209347747238E+05
  0.10400000E+03     -0.1769826499127544E+03      0.3150047104104195E+05
  0.10500000E+03     -0.1802578057378519E+03      0.3267379769229387E+05
  0.10600000E+03     -0.1835428913824666E+03      0.3387220728741585E+05
  0.10700000E+03     -0.1868564880973222E+03      0.3510274072151336E+05
  0.10800000E+03     -0.1901939472427272E+03      0.3636440899884539E+05
  0.10900000E+03     -0.1935521384474129E+03      0.3765625611997980E+05
  0.11000000E+03     -0.1969418114700598E+03      0.3898299512679732E+05
  0.11100000E+03     -0.2003406011477543E+03      0.4033645847474029E+05
  0.11200000E+03     -0.2037742313133041E+03      0.4172736631171710E+05
  0.11300000E+03     -0.2072296725279789E+03      0.4315083669525081E+05
  0.11400000E+03     -0.2107034445656021E+03      0.4460581134484392E+05
  0.11500000E+03     -0.2141964613946101E+03      0.4609311414949051E+05
  0.11600000E+03     -0.2177127933564199E+03      0.4761500330541190E+05
  0.11700000E+03     -0.2212536725030967E+03      0.4917255924431906E+05
  0.11800000E+03     -0.2248200211129067E+03      0.5076669728165316E+05
  0.11900000E+03     -0.2284158526521510E+03      0.5239960796133846E+05
  0.12000000E+03     -0.2320202880931889E+03      0.5406235439162226E+05
  0.12100000E+03     -0.2356432756894094E+03      0.5575966399838088E+05
  0.12200000E+03     -0.2392980412224108E+03      0.5749875456799164E+05
  0.12300000E+03     -0.2429640078470339E+03      0.5926987390430745E+05
  0.12400000E+03     -0.2466504063261653E+03      0.6107772673514916E+05
  0.12500000E+03     -0.2503661930233528E+03      0.6292726639258299E+05
  0.12600000E+03     -0.2540937082758505E+03      0.6481063125750836E+05
  0.12700000E+03     -0.2578478523493459E+03      0.6673528890273001E+05
  0.12800000E+03     -0.2616121220282894E+03      0.6869345219274028E+05
  0.12900000E+03     -0.2654100680290434E+03      0.7069772237128492E+05
  0.13000000E+03     -0.2692267084478733E+03      0.7274136814201370E+05
  0.13100000E+03     -0.2730538755487854E+03      0.7481924116427309E+05
  0.13200000E+03     -0.2769173147039652E+03      0.7694701325434692E+05
  0.13300000E+03     -0.2807891628399598E+03      0.7910922524386091E+05
  0.13400000E+03     -0.2846768116208770E+03      0.8131000776689380E+05
  0.13500000E+03     -0.2885832026156022E+03      0.8355217060952292E+05
  0.13600000E+03     -0.2925094307690651E+03      0.8583614271554054E+05
  0.13700000E+03     -0.2964729328957611E+03      0.8817282459020862E+05
  0.13800000E+03     -0.3004392596292095E+03      0.9054295905532900E+05
  0.13900000E+03     -0.3044149062760235E+03      0.9295002378793359E+05
  0.14000000E+03     -0.3084166946726382E+03      0.9540516000746300E+05
  0.14100000E+03     -0.3124296207818651E+03      0.9789888410625084E+05
  0.14200000E+03     -0.3164933877256734E+03      0.1004570112929991E+06
  0.14300000E+03     -0.3205390769018754E+03      0.1030364641083271E+06
  0.14400000E+03     -0.3246249055573638E+03      0.1056747854419995E+06
  0.14500000E+03     -0.3287404107796199E+03      0.1083662679911651E+06
  0.14600000E+03     -0.3328593113151323E+03      0.1110937136136184E+06
  0.14700000E+03     -0.3370040754923915E+03      0.1138725043333316E+06
  0.14800000E+03     -0.3411523526352623E+03      0.1166882546660250E+06
  0.14900000E+03     -0.3453196177968653E+03      0.1195510751032414E+06
  0.15000000E+03     -0.3495087168472716E+03      0.1224637592389073E+06
  0.15100000E+03     -0.3537109123406914E+03      0.1254206987668745E+06
  0.15200000E+03     -0.3579264416083178E+03      0.1284223697180673E+06
  0.15300000E+03     -0.3621682760023580E+03      0.1314790209851848E+06
  0.15400000E+03     -0.3664170436441333E+03      0.1345763131841689E+06
  0.15500000E+03     -0.3706988905986159E+03      0.1377340753991912E+06
  0.15600000E+03     -0.3750090828271718E+03      0.1409503476253897E+06
  0.15700000E+03     -0.3793191999525625E+03      0.1442032390511897E+06
  0.15800000E+03     -0.3836305901683180E+03      0.1474940717039970E+06
  0.15900000E+03     -0.3879741042511944E+03      0.1508469154167549E+06
  0.16000000E+03     -0.3923384935054260E+03      0.1542542799353789E+06
  0.16100000E+03     -0.3967090267178382E+03      0.1577038864177784E+06
  0.16200000E+03     -0.4010967261393124E+03      0.1612058249207201E+06
  0.16300000E+03     -0.4055061646323597E+03      0.1647640275644610E+06
  0.16400000E+03     -0.4099361188470398E+03      0.1683780918962109E+06
  0.16500000E+03     -0.4143851246279136E+03      0.1720471090467433E+06
  0.16600000E+03     -0.4188401338976302E+03      0.1757604353293622E+06
  0.16700000E+03     -0.4233285405754084E+03      0.1795412327950556E+06
  0.16800000E+03     -0.4278285296012940E+03      0.1833723467962166E+06
  0.16900000E+03     -0.4323286124714153E+03      0.1872436857085836E+06
  0.17000000E+03     -0.4368602418577854E+03      0.1911835568048884E+06
  0.17100000E+03     -0.4413926129179515E+03      0.1951649532415136E+06
  0.17200000E+03     -0.4459311689672300E+03      0.1991927616782200E+06
  0.17300000E+03     -0.4505182563587434E+03      0.2033056513365868E+06
  0.17400000E+03     -0.4551893541455341E+03      0.2075380663484812E+06
  0.17500000E+03     -0.4598077275802279E+03      0.2117644975647686E+06
  0.17600000E+03     -0.4644481588406347E+03      0.2160541440427091E+06
  0.17700000E+03     -0.4691458502805332E+03      0.2204408773552971E+06
  0.17800000E+03     -0.4738055454472318E+03      0.2248352340833196E+06
  0.17900000E+03     -0.4784873505835145E+03      0.2292945345653293E+06
  0.18000000E+03     -0.4831935747736842E+03      0.2338210526926669E+06
  0.18100000E+03     -0.4879201210295022E+03      0.2384114071102080E+06
  0.18200000E+03     -0.4926607234634070E+03      0.2430604621665328E+06
  0.18300000E+03     -0.4974196184954141E+03      0.2477724403400182E+06
  0.18400000E+03     -0.5021881789291235E+03      0.2525393684067192E+06
  0.18500000E+03     -0.5069670930301236E+03      0.2573618997371666E+06
  0.18600000E+03     -0.5117824016475909E+03      0.2622678005573821E+06
  0.18700000E+03     -0.5166064905849510E+03      0.2672289345927270E+06
  0.18800000E+03     -0.5214600299698458E+03      0.2722671763310494E+06
  0.18900000E+03     -0.5263385505212171E+03      0.2773791743887772E+06
  0.19000000E+03     -0.5312248286481999E+03      0.2825463607174245E+06
  0.19100000E+03     -0.5361427967411503E+03      0.2877953337056605E+06
  0.19200000E+03     -0.5410751151641591E+03      0.2931083572722772E+06
  0.19300000E+03     -0.5460103369035265E+03      0.2984731088360369E+06
  0.19400000E+03     -0.5509814080120017E+03      0.3039262148153164E+06
  0.19500000E+03     -0.5559767400672544E+03      0.3094559170355033E+06
  0.19600000E+03     -0.5609844104412060E+03      0.3150489206086483E+06
  0.19700000E+03     -0.5660120233092645E+03      0.3207150050248684E+06
  0.19800000E+03     -0.5710507513411731E+03      0.3264437710872401E+06
  0.19900000E+03     -0.5761125748191815E+03      0.3322494530094062E+06
  0.20000000E+03     -0.5811723372319540E+03      0.3381041211493199E+06
  0.20100000E+03     -0.5862852402724452E+03      0.3440725011512967E+06
  0.20200000E+03     -0.5914037357268081E+03      0.3500996839460392E+06
  0.20300000E+03     -0.5965469350610335E+03      0.3562086839740627E+06
  0.20400000E+03     -0.6016997024625371E+03      0.3623821461337708E+06
  0.20500000E+03     -0.6068803787717208E+03      0.3686423149564962E+06
  0.20600000E+03     -0.6120830171466082E+03      0.3749830390762774E+06
  0.20700000E+03     -0.6173095042310709E+03      0.3814079119738732E+06
  0.20800000E+03     -0.6225584048781631E+03      0.3879145925072705E+06
  0.20900000E+03     -0.6278249132021606E+03      0.3944989050013509E+06
  0.21000000E+03     -0.6331004856720247E+03      0.4011500233030469E+06
  0.21100000E+03     -0.6384020749952414E+03      0.4078895377492147E+06
  0.21200000E+03     -0.6437169920825087E+03      0.4147027446425432E+06
  0.21300000E+03     -0.6490670364775515E+03      0.4216181092076981E+06
  0.21400000E+03     -0.6544246184400486E+03      0.4286006420884413E+06
  0.21500000E+03     -0.6598252092022458E+03      0.4356969037495615E+06
  0.21600000E+03     -0.6652413423345641E+03      0.4428717719967035E+06
  0.21700000E+03     -0.6706816856917397E+03      0.4501386378815472E+06
  0.21800000E+03     -0.6761267163818354E+03      0.4574701512454120E+06
  0.21900000E+03     -0.6815978181128435E+03      0.4648972275334831E+06
  0.22000000E+03     -0.6870555787856748E+03      0.4723653441232280E+06
  0.22100000E+03     -0.6925764856231377E+03      0.4799805016223104E+06
  0.22200000E+03     -0.6981270759703790E+03      0.4876981670832723E+06
  0.22300000E+03     -0.7036767494772292E+03      0.4954758890079028E+06
  0.22400000E+03     -0.7092881978112812E+03      0.5034032730500125E+06
  0.22500000E+03     -0.7149185381085977E+03      0.5114204524401377E+06
  0.22600000E+03     -0.7205688081089952E+03      0.5195297540111400E+06
  0.22700000E+03     -0.7262471972499566E+03      0.5277436301942361E+06
  0.22800000E+03     -0.7319489885683699E+03      0.5360564802675543E+06
  0.22900000E+03     -0.7376728691512538E+03      0.5444662039738653E+06
  0.23000000E+03     -0.7434153996186851E+03      0.5529695328198103E+06
  0.23100000E+03     -0.7491779912768250E+03      0.5615684298220061E+06
  0.23200000E+03     -0.7549846671329385E+03      0.5703010689866320E+06
  0.23300000E+03     -0.7608197787532069E+03      0.5791447096254891E+06
  0.23400000E+03     -0.7666842286252595E+03      0.5881006165117936E+06
  0.23500000E+03     -0.7725759639548173E+03      0.5971678149736758E+06
  0.23600000E+03     -0.7784939080538105E+03      0.6063447390954840E+06
  0.23700000E+03     -0.7844182084671528E+03      0.6156017397385460E+06
  0.23800000E+03     -0.7903713449267455E+03      0.6249743036121024E+06
  0.23900000E+03     -0.7963470593801039E+03      0.6344539814942647E+06
  0.24000000E+03     -0.8023607572601400E+03      0.6440660576169484E+06
  0.24100000E+03     -0.8083970112868278E+03      0.6537870919975337E+06
  0.24200000E+03     -0.8144649632514888E+03      0.6636324657290860E+06
  0.24300000E+03     -0.8205777050007837E+03      0.6736249647494274E+06
  0.24400000E+03     -0.8267160101870708E+03      0.6837345529533833E+06
  0.24500000E+03     -0.8328845409242522E+03      0.6939701020667366E+06
  0.24600000E+03     -0.8390682475927415E+03      0.7043066902245902E+06
  0.24700000E+03     -0.8452633049984512E+03      0.7147391101258087E+06
  0.24800000E+03     -0.8514963052328177E+03      0.7253128865132348E+06
  0.24900000E+03     -0.8577601274343896E+03      0.7360173447637464E+06
  0.25000000E+03     -0.8640513243474870E+03      0.7468475982980212E+06
  0.25100000E+03     -0.8703719090777457E+03      0.7578082999045920E+06
  0.25200000E+03     -0.8766949415558646E+03      0.7688535568551075E+06
  0.25300000E+03     -0.8830801738880753E+03      0.7800882258365671E+06
  0.25400000E+03     -0.8894954809552887E+03      0.7914579057105508E+06
  0.25500000E+03     -0.8959454359110252E+03      0.8029726938013012E+06
  0.25600000E+03     -0.9024182253920404E+03      0.8146113308097947E+06
  0.25700000E+03     -0.9089387964402647E+03      0.8264203945881343E+06
  0.25800000E+03     -0.9154594564099121E+03      0.8383149502916402E+06
  0.25900000E+03     -0.9220262563273808E+03      0.8503797179877410E+06
  0.26000000E+03     -0.9286350514742664E+03      0.8626084387534937E+06
  0.26100000E+03     -0.9352592633741333E+03      0.8749538117835600E+06
  0.26200000E+03     -0.9419245167213764E+03      0.8874642177456708E+06
  0.26300000E+03     -0.9486319090834443E+03      0.9001431374011333E+06
  0.26400000E+03     -0.9553600358886594E+03      0.9129521242423283E+06
  0.26500000E+03     -0.9621136407914156E+03      0.9259001381707715E+06
  0.26600000E+03     -0.9689020786901855E+03      0.9390068376253780E+06
  0.26700000E+03     -0.9757214176006348E+03      0.9522666165989112E+06
  0.26800000E+03     -0.9825765213582878E+03      0.9656893599765220E+06
  0.26900000E+03     -0.9894575688383903E+03      0.9792572253635667E+06
  0.27000000E+03     -0.9963757677262217E+03      0.9929943433353757E+06
  0.27100000E+03     -0.1003325979938855E+04      0.1006891655731672E+07
  0.27200000E+03     -0.1010309680571817E+04      0.1020952823209307E+07
  0.27300000E+03     -0.1017324519907775E+04      0.1035175129358273E+07
  0.27400000E+03     -0.1024356760793160E+04      0.1049531337014409E+07
  0.27500000E+03     -0.1031436972952067E+04      0.1064085818298416E+07
  0.27600000E+03     -0.1038531178987067E+04      0.1078769367992832E+07
  0.27700000E+03     -0.1045676602791311E+04      0.1093661115425423E+07
  0.27800000E+03     -0.1052859952440568E+04      0.1108734472422004E+07
  0.27900000E+03     -0.1060071085421956E+04      0.1123970105991459E+07
  0.28000000E+03     -0.1067310600415525E+04      0.1139370414739872E+07
  0.28100000E+03     -0.1074550990514317E+04      0.1154877399961830E+07
  0.28200000E+03     -0.1081869995533972E+04      0.1170659384125964E+07
  0.28300000E+03     -0.1089200735056485E+04      0.1186574121854124E+07
  0.28400000E+03     -0.1096553936750988E+04      0.1202645450362758E+07
  0.28500000E+03     -0.1103952522409385E+04      0.1218925475102648E+07
  0.28600000E+03     -0.1111400007722919E+04      0.1235423400793168E+07
  0.28700000E+03     -0.1118884805632866E+04      0.1252116705913008E+07
  0.28800000E+03     -0.1126351097152470E+04      0.1268879010990083E+07
  0.28900000E+03     -0.1133896022417710E+04      0.1285932864384978E+07
  0.29000000E+03     -0.1141444621993638E+04      0.1303108180953076E+07
  0.29100000E+03     -0.1149045580917971E+04      0.1320517314829421E+07
  0.29200000E+03     -0.1156657442936622E+04      0.1338068105895685E+07
  0.29300000E+03     -0.1164313074385511E+04      0.1355836476426139E+07
  0.29400000E+03     -0.1171994012960353E+04      0.1373781093567061E+07
  0.29500000E+03     -0.1179703351288422E+04      0.1391910555197357E+07
  0.29600000E+03     -0.1187441980240596E+04      0.1410229115388764E+07
  0.29700000E+03     -0.1195212816263842E+04      0.1428743631792488E+07
  0.29800000E+03     -0.1203063749402681E+04      0.1447571877230454E+07
  0.29900000E+03     -0.1210897176297917E+04      0.1466481395270177E+07
  0.30000000E+03     -0.1218786283812457E+04      0.1485649934620279E+07
  0.30100000E+03     -0.1226692136901620E+04      0.1504983598845078E+07
  0.30200000E+03     -0.1234636025898248E+04      0.1524536804009966E+07
  0.30300000E+03     -0.1242562101450492E+04      0.1544171440917229E+07
  0.30400000E+03     -0.1250569051828330E+04      0.1564133449010839E+07
  0.30500000E+03     -0.1258580332304107E+04      0.1584235501135291E+07
  0.30600000E+03     -0.1266643802549395E+04      0.1604597936798685E+07
  0.30700000E+03     -0.1274726555884142E+04      0.1625139244933444E+07
  0.30800000E+03     -0.1282838718890825E+04      0.1645887411782900E+07
  0.30900000E+03     -0.1291006638323740E+04      0.1666910757811896E+07
  0.31000000E+03     -0.1299187325499757E+04      0.1688101012962914E+07
  0.31100000E+03     -0.1307364991074288E+04      0.1709416663687905E+07
  0.31200000E+03     -0.1315596789334486E+04      0.1731008917686533E+07
  0.31300000E+03     -0.1323895761637261E+04      0.1752914592675795E+07
  0.31400000E+03     -0.1332204963659495E+04      0.1774985335151026E+07
  0.31500000E+03     -0.1340534855371808E+04      0.1797249063400284E+07
  0.31600000E+03     -0.1348896646070395E+04      0.1819738117882449E+07
  0.31700000E+03     -0.1357285945989410E+04      0.1842441581129048E+07
  0.31800000E+03     -0.1365709770136449E+04      0.1865380984321749E+07
  0.31900000E+03     -0.1374154656238318E+04      0.1888520019380448E+07
  0.32000000E+03     -0.1382616153778108E+04      0.1911847440779000E+07
  0.32100000E+03     -0.1391173695760324E+04      0.1935584556111800E+07
  0.32200000E+03     -0.1399728355012544E+04      0.1959461203937192E+07
  0.32300000E+03     -0.1408281662172295E+04      0.1983480126810507E+07
  0.32400000E+03     -0.1416846847798077E+04      0.2007678965670004E+07
  0.32500000E+03     -0.1425436444948289E+04      0.2032094304056285E+07
  0.32600000E+03     -0.1434084872570347E+04      0.2056826022220618E+07
  0.32700000E+03     -0.1442776450657906E+04      0.2081830969515539E+07
  0.32800000E+03     -0.1451424983512248E+04      0.2106862316003776E+07
  0.32900000E+03     -0.1460191883344126E+04      0.2132389626850862E+07
  0.33000000E+03     -0.1468974947881530E+04      0.2158117705345658E+07
  0.33100000E+03     -0.1477731096615109E+04      0.2183921148853221E+07
  0.33200000E+03     -0.1486518368694615E+04      0.2209971161604689E+07
  0.33300000E+03     -0.1495323893869387E+04      0.2236227684114949E+07
  0.33400000E+03     -0.1504209057648224E+04      0.2262881026014834E+07
  0.33500000E+03     -0.1513093814194918E+04      0.2289689320906269E+07
  0.33600000E+03     -0.1522041059967468E+04      0.2316847746512625E+07
  0.33700000E+03     -0.1530966399339264E+04      0.2344099354400791E+07
  0.33800000E+03     -0.1539923937287193E+04      0.2371608270518549E+07
  0.33900000E+03     -0.1548943390482240E+04      0.2399469757895672E+07
  0.34000000E+03     -0.1557946681816327E+04      0.2427443028821521E+07
  0.34100000E+03     -0.1566981306377202E+04      0.2455677824246125E+07
  0.34200000E+03     -0.1576013050939331E+04      0.2484064895839657E+07
  0.34300000E+03     -0.1585084995221323E+04      0.2512745104033915E+07
  0.34400000E+03     -0.1594190996715098E+04      0.2541696796975357E+07
  0.34500000E+03     -0.1603290550458906E+04      0.2570794857238711E+07
  0.34600000E+03     -0.1612479485246334E+04      0.2600346092234545E+07
  0.34700000E+03     -0.1621674830369264E+04      0.2630086128993914E+07
  0.34800000E+03     -0.1630887871329981E+04      0.2660053861721196E+07
  0.34900000E+03     -0.1640117081487610E+04      0.2690245023716959E+07
  0.35000000E+03     -0.1649286321513259E+04      0.2720407690836015E+07
  0.35100000E+03     -0.1658600818095974E+04      0.2751220994581471E+07
  0.35200000E+03     -0.1667909529930025E+04      0.2782187918011962E+07
  0.35300000E+03     -0.1677272487123875E+04      0.2813511349393369E+07
  0.35400000E+03     -0.1686590757963491E+04      0.2844857900753242E+07
  0.35500000E+03     -0.1695921350184940E+04      0.2876420489941918E+07
  0.35600000E+03     -0.1705319407872703E+04      0.2908388526689517E+07
  0.35700000E+03     -0.1714698970225880E+04      0.2940469867102632E+07
  0.35800000E+03     -0.1724114402611006E+04      0.2972849944240956E+07
  0.35900000E+03     -0.1733547631580822E+04      0.3005468665571702E+07
  0.36000000E+03     -0.1743021728184759E+04      0.3038408950075619E+07
  0.36100000E+03     -0.1752561724778311E+04      0.3071757483839283E+07
  0.36200000E+03     -0.1761981027158914E+04      0.3104864355486466E+07
  0.36300000E+03     -0.1771519744831000E+04      0.3138571869952395E+07
  0.36400000E+03     -0.1781072177169901E+04      0.3172510517884573E+07
  0.36500000E+03     -0.1790627513398584E+04      0.3206642488303849E+07
  0.36600000E+03     -0.1800238642580488E+04      0.3241156188848255E+07
  0.36700000E+03     -0.1809833380672913E+04      0.3275796506848235E+07
  0.36800000E+03     -0.1819418933680172E+04      0.3310586580599701E+07
  0.36900000E+03     -0.1829014885233894E+04      0.3345598455524501E+07
  0.37000000E+03     -0.1838673479903338E+04      0.3381027410916353E+07
  0.37100000E+03     -0.1848346769782807E+04      0.3416693585536324E+07
  0.37200000E+03     -0.1857968742322445E+04      0.3452359084525093E+07
  0.37300000E+03     -0.1867670638280071E+04      0.3488506946962703E+07
  0.37400000E+03     -0.1877340985273380E+04      0.3524726252986436E+07
  0.37500000E+03     -0.1886980685443129E+04      0.3561016751428094E+07
  0.37600000E+03     -0.1896824705382959E+04      0.3598263832643610E+07
  0.37700000E+03     -0.1906613590833025E+04      0.3635499411146277E+07
  0.37800000E+03     -0.1916423600186317E+04      0.3673006972749283E+07
  0.37900000E+03     -0.1926152222587912E+04      0.3710392043844433E+07
  0.38000000E+03     -0.1935979263373643E+04      0.3748350205787175E+07
  0.38100000E+03     -0.1945783036207777E+04      0.3786405713198056E+07
  0.38200000E+03     -0.1955586271804936E+04      0.3824655973272659E+07
  0.38300000E+03     -0.1965382655255808E+04      0.3863069824169441E+07
  0.38400000E+03     -0.1975152375228326E+04      0.3901572110911253E+07
  0.38500000E+03     -0.1985068051484465E+04      0.3940843202959368E+07
  0.38600000E+03     -0.1995069744953146E+04      0.3980652378209036E+07
  0.38700000E+03     -0.2004930847701082E+04      0.4020100336381529E+07
  0.38800000E+03     -0.2014768092175762E+04      0.4059645210269901E+07
  0.38900000E+03     -0.2024588875098218E+04      0.4099318112818019E+07
  0.39000000E+03     -0.2034650611470627E+04      0.4140165178053720E+07
  0.39100000E+03     -0.2044675826089614E+04      0.4181062820693501E+07
  0.39200000E+03     -0.2054457412221297E+04      0.4221162829395263E+07
  0.39300000E+03     -0.2064439484138159E+04      0.4262279846795786E+07
  0.39400000E+03     -0.2074494408375327E+04      0.4303901622732663E+07
  0.39500000E+03     -0.2084416982418848E+04      0.4345170252432181E+07
  0.39600000E+03     -0.2094284669181853E+04      0.4386407959400535E+07
  0.39700000E+03     -0.2104390549488204E+04      0.4428841818203858E+07
  0.39800000E+03     -0.2114282595342047E+04      0.4470576472614579E+07
  0.39900000E+03     -0.2124284867204653E+04      0.4512973985296491E+07
  0.40000000E+03     -0.2134262074167991E+04      0.4555464683095860E+07
  0.40100000E+03     -0.2144306376683833E+04      0.4598445845194933E+07
  0.40200000E+03     -0.2154358996235097E+04      0.4641661071096550E+07
  0.40300000E+03     -0.2164312425453606E+04      0.4684649876147496E+07
  0.40400000E+03     -0.2174373836586441E+04      0.4728306893264023E+07
  0.40500000E+03     -0.2184472225535782E+04      0.4772328471794172E+07
  0.40600000E+03     -0.2194464621270919E+04      0.4816088664260424E+07
  0.40700000E+03     -0.2204479317722450E+04      0.4860145123561100E+07
  0.40800000E+03     -0.2214582442790071E+04      0.4904795113083366E+07
  0.40900000E+03     -0.2224655964569481E+04      0.4949515088083548E+07
  0.41000000E+03     -0.2234545157318260E+04      0.4993617878507731E+07
  0.41100000E+03     -0.2244755971663049E+04      0.5039358472007682E+07
  0.41200000E+03     -0.2254813478594438E+04      0.5084618634674162E+07
  0.41300000E+03     -0.2264843424473414E+04      0.5129951773933019E+07
  0.41400000E+03     -0.2275043220416285E+04      0.5176263096887390E+07
  0.41500000E+03     -0.2284961110927128E+04      0.5221489125697495E+07
  0.41600000E+03     -0.2295021451100889E+04      0.5267571254938734E+07
  0.41700000E+03     -0.2304959573273454E+04      0.5313290268841997E+07
  0.41800000E+03     -0.2315072928852258E+04      0.5360017441313428E+07
  0.41900000E+03     -0.2325204673885371E+04      0.5407035806810404E+07
  0.42000000E+03     -0.2335143870805606E+04      0.5453356862136694E+07
  0.42100000E+03     -0.2345149141865114E+04      0.5500191544492513E+07
  0.42200000E+03     -0.2355342635077083E+04      0.5548110669571114E+07
  0.42300000E+03     -0.2365291864975544E+04      0.5595076759438095E+07
  0.42400000E+03     -0.2375222320724691E+04      0.5642157746096778E+07
  0.42500000E+03     -0.2385305636386564E+04      0.5690163451687107E+07
  0.42600000E+03     -0.2395358323773394E+04      0.5738225845542860E+07
  0.42700000E+03     -0.2405332056363981E+04      0.5786111183493624E+07
  0.42800000E+03     -0.2415266351341104E+04      0.5834004879089404E+07
  0.42900000E+03     -0.2425395593455341E+04      0.5883039475549019E+07
  0.43000000E+03     -0.2435477323787493E+04      0.5932049912497877E+07
  0.43100000E+03     -0.2445310734502334E+04      0.5980044465256711E+07
  0.43200000E+03     -0.2455303997132622E+04      0.6029026523116707E+07
  0.43300000E+03     -0.2465169198434759E+04      0.6077573224587954E+07
  0.43400000E+03     -0.2475344484779689E+04      0.6127846349940106E+07
  0.43500000E+03     -0.2485389800905940E+04      0.6177682886972542E+07
  0.43600000E+03     -0.2495263270436345E+04      0.6226865741185364E+07
  0.43700000E+03     -0.2505307886104354E+04      0.6277095914379316E+07
  0.43800000E+03     -0.2515003131066370E+04      0.6325775817845257E+07
  0.43900000E+03     -0.2524953575000981E+04      0.6375928325133295E+07
  0.44000000E+03     -0.2534892776762894E+04      0.6426222059867596E+07
  0.44100000E+03     -0.2544787559052271E+04      0.6476491701343429E+07
  0.44200000E+03     -0.2554672779980024E+04      0.6526900060660179E+07
  0.44300000E+03     -0.2564312293100784E+04      0.6576251776541836E+07
  0.44400000E+03     -0.2574311484608180E+04      0.6627637174206024E+07
  0.44500000E+03     -0.2584232285024296E+04      0.6678818503123437E+07
  0.44600000E+03     -0.2594081939025652E+04      0.6729830082509153E+07
  0.44700000E+03     -0.2603953903025345E+04      0.6781149836559116E+07
  0.44800000E+03     -0.2613565647391423E+04      0.6831299316205045E+07
  0.44900000E+03     -0.2623530995152244E+04      0.6883496196309694E+07
  0.45000000E+03     -0.2633300921920305E+04      0.6934855523603664E+07
  0.45100000E+03     -0.2643045581690018E+04      0.6986281295156012E+07
  0.45200000E+03     -0.2652455180082138E+04      0.7036112073615414E+07
  0.45300000E+03     -0.2662178671144810E+04      0.7087795739664337E+07
  0.45400000E+03     -0.2671862747193926E+04      0.7139452126614673E+07
  0.45500000E+03     -0.2681504622084766E+04      0.7191078801493897E+07
  0.45600000E+03     -0.2691171860535682E+04      0.7243016988036472E+07
  0.45700000E+03     -0.2700754215141590E+04      0.7294686152643901E+07
  0.45800000E+03     -0.2710471022304147E+04      0.7347267837582679E+07
  0.45900000E+03     -0.2719984558152588E+04      0.7398941744739909E+07
  0.46000000E+03     -0.2729505358519689E+04      0.7450826996720043E+07
  0.46100000E+03     -0.2739031276479204E+04      0.7502928678094795E+07
  0.46200000E+03     -0.2748629985240427E+04      0.7555610777564743E+07
  0.46300000E+03     -0.2758097916061589E+04      0.7607749325812801E+07
  0.46400000E+03     -0.2767386854028905E+04      0.7659078775237883E+07
  0.46500000E+03     -0.2776920333226457E+04      0.7711938804586458E+07
  0.46600000E+03     -0.2786479374778678E+04      0.7765122963870816E+07
  0.46700000E+03     -0.2795655762417307E+04      0.7816352056240292E+07
  0.46800000E+03     -0.2804881846211122E+04      0.7868030599338876E+07
  0.46900000E+03     -0.2814285827755801E+04      0.7920880052995336E+07
  0.47000000E+03     -0.2823564365194081E+04      0.7973196383554930E+07
  0.47100000E+03     -0.2832567301226337E+04      0.8024126984599806E+07
  0.47200000E+03     -0.2842077600144483E+04      0.8078095384584415E+07
  0.47300000E+03     -0.2851141599264095E+04      0.8129697391557961E+07
  0.47400000E+03     -0.2860315780215669E+04      0.8182102807874816E+07
  0.47500000E+03     -0.2869263357620453E+04      0.8233383676522525E+07
  0.47600000E+03     -0.2878265626451499E+04      0.8285121311136821E+07
  0.47700000E+03     -0.2887505542205356E+04      0.8338401237080058E+07
  0.47800000E+03     -0.2896592247036261E+04      0.8390967722343372E+07
  0.47900000E+03     -0.2905573552799030E+04      0.8443081935927028E+07
  0.48000000E+03     -0.2914489108959109E+04      0.8494972971704820E+07
  0.48100000E+03     -0.2923381676099476E+04      0.8546901330730945E+07
  0.48200000E+03     -0.2931966365942617E+04      0.8597166586604765E+07
  0.48300000E+03     -0.2941185616204174E+04      0.8651320472463077E+07
  0.48400000E+03     -0.2949678461092555E+04      0.8701353854912508E+07
  0.48500000E+03     -0.2958409437446425E+04      0.8752940566933582E+07
  0.48600000E+03     -0.2967166685846973E+04      0.8804839855608445E+07
  0.48700000E+03     -0.2975915184839312E+04      0.8856836869052563E+07
  0.48800000E+03     -0.2984719647830797E+04      0.8909315757788710E+07
  0.48900000E+03     -0.2992943266180257E+04      0.8958486402214212E+07
  0.49000000E+03     -0.3001314822307736E+04      0.9008677250242922E+07
  0.49100000E+03     -0.3009943641004971E+04      0.9060547396482591E+07
  0.49200000E+03     -0.3018462404663481E+04      0.9111912363937996E+07
  0.49300000E+03     -0.3026705558602554E+04      0.9161746052682117E+07
  0.49400000E+03     -0.3035173686387415E+04      0.9213088255259758E+07
  0.49500000E+03     -0.3043468393198557E+04      0.9263493863228561E+07
  0.49600000E+03     -0.3051826526529612E+04      0.9314456847673336E+07
  0.49700000E+03     -0.3060056327424200E+04      0.9364759962300599E+07
  0.49800000E+03     -0.3067981550750336E+04      0.9413332753268778E+07
  0.49900000E+03     -0.3075954420546977E+04      0.9462326615714148E+07
  0.50000000E+03     -0.3083741293499210E+04      0.9510296637637995E+07
  0.50100000E+03     -0.3092318491450379E+04      0.9563277978853583E+07
  0.50200000E+03     -0.3100135645305883E+04      0.9611679575446066E+07
  0.50300000E+03     -0.3108084607803627E+04      0.9661037675820904E+07
  0.50400000E+03     -0.3115432186113826E+04      0.9706794570554785E+07
  0.50500000E+03     -0.3123242283964252E+04      0.9755505972740620E+07
  0.50600000E+03     -0.3131053302824218E+04      0.9804356245536257E+07
  0.50700000E+03     -0.3138406101947299E+04      0.9850462039920820E+07
  0.50800000E+03     -0.3145774330127503E+04      0.9896768699608115E+07
  0.50900000E+03     -0.3153544986244645E+04      0.9945721057231857E+07
  0.51000000E+03     -0.3161313920828950E+04      0.9994805473242424E+07
