  0.00000000E+00     -0.1211468148578791E+02
  0.10000000E+01     -0.9975703215037937E+01
  0.20000000E+01     -0.8507372847463808E+01
  0.30000000E+01     -0.7421956432202661E+01
  0.40000000E+01     -0.6601876050616289E+01
  0.50000000E+01     -0.5982511674885258E+01
  0.60000000E+01     -0.5522964531064231E+01
  0.70000000E+01     -0.5195553306124564E+01
  0.80000000E+01     -0.4979359927200539E+01
  0.90000000E+01     -0.4858538511996831E+01
  0.10000000E+02     -0.4820747401954128E+01
  0.11000000E+02     -0.4856073930081565E+01
  0.12000000E+02     -0.4956123855388695E+01
  0.13000000E+02     -0.5114078575977446E+01
  0.14000000E+02     -0.5323962898801151E+01
  0.15000000E+02     -0.5580611374052252E+01
  0.16000000E+02     -0.5879682876464743E+01
  0.17000000E+02     -0.6217239129848741E+01
  0.18000000E+02     -0.6589897275197417E+01
  0.19000000E+02     -0.6994663366660221E+01
  0.20000000E+02     -0.7428725797866774E+01
  0.21000000E+02     -0.7889564559167402E+01
  0.22000000E+02     -0.8374893192739846E+01
  0.23000000E+02     -0.8882577931292003E+01
  0.24000000E+02     -0.9410932987764911E+01
  0.25000000E+02     -0.9958269973234851E+01
  0.26000000E+02     -0.1052312199304904E+02
  0.27000000E+02     -0.1110368155414388E+02
  0.28000000E+02     -0.1169880128750526E+02
  0.29000000E+02     -0.1230720719971944E+02
  0.30000000E+02     -0.1292796270190341E+02
  0.31000000E+02     -0.1355951013259310E+02
  0.32000000E+02     -0.1420115650778791E+02
  0.33000000E+02     -0.1485202907405834E+02
  0.34000000E+02     -0.1551104961537896E+02
  0.35000000E+02     -0.1617744484485629E+02
  0.36000000E+02     -0.1685046089574651E+02
  0.37000000E+02     -0.1752937420689097E+02
  0.38000000E+02     -0.1821352311099158E+02
  0.39000000E+02     -0.1890215215725938E+02
  0.40000000E+02     -0.1959456145185551E+02
  0.41000000E+02     -0.2029045017866395E+02
  0.42000000E+02     -0.2098889223272985E+02
  0.43000000E+02     -0.2168960104071883E+02
  0.44000000E+02     -0.2239201829028768E+02
  0.45000000E+02     -0.2309576476974723E+02
  0.46000000E+02     -0.2380018052614144E+02
  0.47000000E+02     -0.2450507116027730E+02
  0.48000000E+02     -0.2520984354359823E+02
  0.49000000E+02     -0.2591421877445730E+02
  0.50000000E+02     -0.2661772338086670E+02
  0.51000000E+02     -0.2732022036699809E+02
  0.52000000E+02     -0.2802125950828132E+02
  0.53000000E+02     -0.2872022638129370E+02
  0.54000000E+02     -0.2941702546342944E+02
  0.55000000E+02     -0.3011155818318448E+02
  0.56000000E+02     -0.3080352743357726E+02
  0.57000000E+02     -0.3149231431406164E+02
  0.58000000E+02     -0.3217815015352333E+02
  0.59000000E+02     -0.3286079716122619E+02
  0.60000000E+02     -0.3353972093327732E+02
  0.61000000E+02     -0.3421481575660640E+02
  0.62000000E+02     -0.3488596479720123E+02
  0.63000000E+02     -0.3555270484484139E+02
  0.64000000E+02     -0.3621548989811943E+02
  0.65000000E+02     -0.3687366471423839E+02
  0.66000000E+02     -0.3752711811987718E+02
  0.67000000E+02     -0.3817567770816117E+02
  0.68000000E+02     -0.3881960147678512E+02
  0.69000000E+02     -0.3945846406537610E+02
  0.70000000E+02     -0.4009204873349820E+02
  0.71000000E+02     -0.4072043032829793E+02
  0.72000000E+02     -0.4134349174040871E+02
  0.73000000E+02     -0.4196089614321166E+02
  0.74000000E+02     -0.4257266306383374E+02
  0.75000000E+02     -0.4317906888152247E+02
  0.76000000E+02     -0.4377961734877275E+02
  0.77000000E+02     -0.4437448181443634E+02
  0.78000000E+02     -0.4496335544343615E+02
  0.79000000E+02     -0.4554667288103554E+02
  0.80000000E+02     -0.4612379987292507E+02
  0.81000000E+02     -0.4669521892995386E+02
  0.82000000E+02     -0.4726053159907607E+02
  0.83000000E+02     -0.4782004839038567E+02
  0.84000000E+02     -0.4837332189372137E+02
  0.85000000E+02     -0.4892028819627821E+02
  0.86000000E+02     -0.4946114597015202E+02
  0.87000000E+02     -0.4999612257176717E+02
  0.88000000E+02     -0.5052491474071841E+02
  0.89000000E+02     -0.5104745420269885E+02
  0.90000000E+02     -0.5156391088179695E+02
  0.91000000E+02     -0.5207432039874221E+02
  0.92000000E+02     -0.5257825396461145E+02
  0.93000000E+02     -0.5307627628139909E+02
  0.94000000E+02     -0.5356802755751585E+02
  0.95000000E+02     -0.5405359244506412E+02
  0.96000000E+02     -0.5453306665829294E+02
  0.97000000E+02     -0.5500641154444117E+02
  0.98000000E+02     -0.5547358689538975E+02
  0.99000000E+02     -0.5593451901608286E+02
  0.10000000E+03     -0.5638956390138264E+02
  0.10100000E+03     -0.5683833498408213E+02
  0.10200000E+03     -0.5728098130341104E+02
  0.10300000E+03     -0.5771751953900043E+02
  0.10400000E+03     -0.5814776587862392E+02
  0.10500000E+03     -0.5857223632164759E+02
  0.10600000E+03     -0.5899054847044729E+02
  0.10700000E+03     -0.5940271495295536E+02
  0.10800000E+03     -0.5980899396953347E+02
  0.10900000E+03     -0.6020900314135310E+02
  0.11000000E+03     -0.6060303467726657E+02
  0.11100000E+03     -0.6099122708557710E+02
  0.11200000E+03     -0.6137342308166389E+02
  0.11300000E+03     -0.6174945716889881E+02
  0.11400000E+03     -0.6211972687133893E+02
  0.11500000E+03     -0.6248382936919344E+02
  0.11600000E+03     -0.6284195860246678E+02
  0.11700000E+03     -0.6319426686662042E+02
  0.11800000E+03     -0.6354076316151637E+02
  0.11900000E+03     -0.6388109461571522E+02
  0.12000000E+03     -0.6421562751924534E+02
  0.12100000E+03     -0.6454455609553806E+02
  0.12200000E+03     -0.6486737680641019E+02
  0.12300000E+03     -0.6518440532677977E+02
  0.12400000E+03     -0.6549567079048512E+02
  0.12500000E+03     -0.6580098066738442E+02
  0.12600000E+03     -0.6610093918340257E+02
  0.12700000E+03     -0.6639435884415877E+02
  0.12800000E+03     -0.6668168537634975E+02
  0.12900000E+03     -0.6696363746382296E+02
  0.13000000E+03     -0.6723977222027224E+02
  0.13100000E+03     -0.6751079868039193E+02
  0.13200000E+03     -0.6777562647041790E+02
  0.13300000E+03     -0.6803495076994024E+02
  0.13400000E+03     -0.6828829937288556E+02
  0.13500000E+03     -0.6853551179577890E+02
  0.13600000E+03     -0.6877727164228730E+02
  0.13700000E+03     -0.6901334001171834E+02
  0.13800000E+03     -0.6924367264318400E+02
  0.13900000E+03     -0.6946833048660189E+02
  0.14000000E+03     -0.6968739950287961E+02
  0.14100000E+03     -0.6990104790305215E+02
  0.14200000E+03     -0.7010882449158606E+02
  0.14300000E+03     -0.7031128191499276E+02
  0.14400000E+03     -0.7050806740112284E+02
  0.14500000E+03     -0.7069930759273922E+02
  0.14600000E+03     -0.7088484445729488E+02
  0.14700000E+03     -0.7106460811032643E+02
  0.14800000E+03     -0.7123901198392018E+02
  0.14900000E+03     -0.7140761255950537E+02
  0.15000000E+03     -0.7157109865365733E+02
  0.15100000E+03     -0.7172919247314012E+02
  0.15200000E+03     -0.7188130446906663E+02
  0.15300000E+03     -0.7202813784422798E+02
  0.15400000E+03     -0.7216997958407643E+02
  0.15500000E+03     -0.7230574059824360E+02
  0.15600000E+03     -0.7243633879204386E+02
  0.15700000E+03     -0.7256165672211688E+02
  0.15800000E+03     -0.7268152222874349E+02
  0.15900000E+03     -0.7279586401768486E+02
  0.16000000E+03     -0.7290490426569558E+02
  0.16100000E+03     -0.7300888811562726E+02
  0.16200000E+03     -0.7310737289793997E+02
  0.16300000E+03     -0.7320044272018498E+02
  0.16400000E+03     -0.7328827870861872E+02
  0.16500000E+03     -0.7337106577285088E+02
  0.16600000E+03     -0.7344852086776750E+02
  0.16700000E+03     -0.7352059521328013E+02
  0.16800000E+03     -0.7358717109455580E+02
  0.16900000E+03     -0.7364878472334992E+02
  0.17000000E+03     -0.7370510052435759E+02
  0.17100000E+03     -0.7375630961975766E+02
  0.17200000E+03     -0.7380207707610553E+02
  0.17300000E+03     -0.7384264992264234E+02
  0.17400000E+03     -0.7387801935409081E+02
  0.17500000E+03     -0.7390783928046316E+02
  0.17600000E+03     -0.7393300435497892E+02
  0.17700000E+03     -0.7395296690767778E+02
  0.17800000E+03     -0.7396738262900395E+02
  0.17900000E+03     -0.7397666848379170E+02
  0.18000000E+03     -0.7398081665202487E+02
  0.18100000E+03     -0.7397963399038498E+02
  0.18200000E+03     -0.7397324652387829E+02
  0.18300000E+03     -0.7396166674286252E+02
  0.18400000E+03     -0.7394483177103265E+02
  0.18500000E+03     -0.7392274303374546E+02
  0.18600000E+03     -0.7389537050897812E+02
  0.18700000E+03     -0.7386281673189754E+02
  0.18800000E+03     -0.7382498223514355E+02
  0.18900000E+03     -0.7378213504495011E+02
  0.19000000E+03     -0.7373375947395965E+02
  0.19100000E+03     -0.7367999767739889E+02
  0.19200000E+03     -0.7362124676082479E+02
  0.19300000E+03     -0.7355699549068564E+02
  0.19400000E+03     -0.7348698773806191E+02
  0.19500000E+03     -0.7341218741006111E+02
  0.19600000E+03     -0.7333156016260833E+02
  0.19700000E+03     -0.7324528797125029E+02
  0.19800000E+03     -0.7315372801727914E+02
  0.19900000E+03     -0.7305677771598282E+02
  0.20000000E+03     -0.7295485193870086E+02
  0.20100000E+03     -0.7284730497413018E+02
  0.20200000E+03     -0.7273436358198990E+02
  0.20300000E+03     -0.7261606470911140E+02
  0.20400000E+03     -0.7249209185969909E+02
  0.20500000E+03     -0.7236255761764703E+02
  0.20600000E+03     -0.7222759995522520E+02
  0.20700000E+03     -0.7208743225660372E+02
  0.20800000E+03     -0.7194158220998811E+02
  0.20900000E+03     -0.7178985541325572E+02
  0.21000000E+03     -0.7163285997083779E+02
  0.21100000E+03     -0.7147029757565376E+02
  0.21200000E+03     -0.7130209490985094E+02
  0.21300000E+03     -0.7112871538513197E+02
  0.21400000E+03     -0.7094954302108482E+02
  0.21500000E+03     -0.7076454102606098E+02
  0.21600000E+03     -0.7057448018958921E+02
  0.21700000E+03     -0.7037850334843525E+02
  0.21800000E+03     -0.7017702688318145E+02
  0.21900000E+03     -0.6997009505194629E+02
  0.22000000E+03     -0.6975746597764820E+02
  0.22100000E+03     -0.6953886148348009E+02
  0.22200000E+03     -0.6931439678428320E+02
  0.22300000E+03     -0.6908451788788662E+02
  0.22400000E+03     -0.6884973846545550E+02
  0.22500000E+03     -0.6860897728367871E+02
  0.22600000E+03     -0.6836249412249637E+02
  0.22700000E+03     -0.6811003629502166E+02
  0.22800000E+03     -0.6785189597204204E+02
  0.22900000E+03     -0.6758841506812007E+02
  0.23000000E+03     -0.6731845892409311E+02
  0.23100000E+03     -0.6704351491768369E+02
  0.23200000E+03     -0.6676291215449275E+02
  0.23300000E+03     -0.6647653952627174E+02
  0.23400000E+03     -0.6618341762479528E+02
  0.23500000E+03     -0.6588473832262909E+02
  0.23600000E+03     -0.6558095419352222E+02
  0.23700000E+03     -0.6527094288374469E+02
  0.23800000E+03     -0.6495597505796891E+02
  0.23900000E+03     -0.6463500294822512E+02
  0.24000000E+03     -0.6430862674008449E+02
  0.24100000E+03     -0.6397569139538098E+02
  0.24200000E+03     -0.6363648486639243E+02
  0.24300000E+03     -0.6329216318160444E+02
  0.24400000E+03     -0.6294138835198966E+02
  0.24500000E+03     -0.6258502427819442E+02
  0.24600000E+03     -0.6222414831593483E+02
  0.24700000E+03     -0.6185670089627646E+02
  0.24800000E+03     -0.6148336409773515E+02
  0.24900000E+03     -0.6110385305486295E+02
  0.25000000E+03     -0.6071870221898533E+02
  0.25100000E+03     -0.6032758613504858E+02
  0.25200000E+03     -0.5992994364515819E+02
  0.25300000E+03     -0.5952639678415865E+02
  0.25400000E+03     -0.5911806677245080E+02
  0.25500000E+03     -0.5870387846432560E+02
  0.25600000E+03     -0.5828372054667561E+02
  0.25700000E+03     -0.5785742374956078E+02
  0.25800000E+03     -0.5742517162592502E+02
  0.25900000E+03     -0.5698783815111144E+02
  0.26000000E+03     -0.5654474119414245E+02
  0.26100000E+03     -0.5609677006121092E+02
  0.26200000E+03     -0.5564127987242029E+02
  0.26300000E+03     -0.5518106227877682E+02
  0.26400000E+03     -0.5471490777978127E+02
  0.26500000E+03     -0.5424357249450907E+02
  0.26600000E+03     -0.5376714529507698E+02
  0.26700000E+03     -0.5328385518557039E+02
  0.26800000E+03     -0.5279632349632581E+02
  0.26900000E+03     -0.5230403800281457E+02
  0.27000000E+03     -0.5180575890713494E+02
  0.27100000E+03     -0.5130218472544175E+02
  0.27200000E+03     -0.5079433034499336E+02
  0.27300000E+03     -0.5028031551806123E+02
  0.27400000E+03     -0.4976153419893611E+02
  0.27500000E+03     -0.4923764382375450E+02
  0.27600000E+03     -0.4870934824649536E+02
  0.27700000E+03     -0.4817655427268502E+02
  0.27800000E+03     -0.4763893119127241E+02
  0.27900000E+03     -0.4709649542269288E+02
  0.28000000E+03     -0.4654902447250387E+02
  0.28100000E+03     -0.4599894878014443E+02
  0.28200000E+03     -0.4544380641259473E+02
  0.28300000E+03     -0.4488401965284977E+02
  0.28400000E+03     -0.4432081109599832E+02
  0.28500000E+03     -0.4375304012126080E+02
  0.28600000E+03     -0.4318231352074141E+02
  0.28700000E+03     -0.4260721333793618E+02
  0.28800000E+03     -0.4202921044641061E+02
  0.28900000E+03     -0.4144837533782810E+02
  0.29000000E+03     -0.4086431407541252E+02
  0.29100000E+03     -0.4027626724777156E+02
  0.29200000E+03     -0.3968525140455591E+02
  0.29300000E+03     -0.3909231477327060E+02
  0.29400000E+03     -0.3849696634945641E+02
  0.29500000E+03     -0.3789997166077106E+02
  0.29600000E+03     -0.3730074919585446E+02
  0.29700000E+03     -0.3669907345943388E+02
  0.29800000E+03     -0.3609504467678360E+02
  0.29900000E+03     -0.3548975453256554E+02
  0.30000000E+03     -0.3488121312365941E+02
  0.30100000E+03     -0.3427244161322768E+02
  0.30200000E+03     -0.3366266142771574E+02
  0.30300000E+03     -0.3305238195611626E+02
  0.30400000E+03     -0.3244272518860356E+02
  0.30500000E+03     -0.3183156681583884E+02
  0.30600000E+03     -0.3121950460320432E+02
  0.30700000E+03     -0.3060767933376026E+02
  0.30800000E+03     -0.2999509336888905E+02
  0.30900000E+03     -0.2938425545850870E+02
  0.31000000E+03     -0.2877379821023641E+02
  0.31100000E+03     -0.2816342005041328E+02
  0.31200000E+03     -0.2755547133182773E+02
  0.31300000E+03     -0.2694844326539252E+02
  0.31400000E+03     -0.2634395064085764E+02
  0.31500000E+03     -0.2573985511115447E+02
  0.31600000E+03     -0.2513717242998197E+02
  0.31700000E+03     -0.2453843360746175E+02
  0.31800000E+03     -0.2394011152290376E+02
  0.31900000E+03     -0.2334648346361927E+02
  0.32000000E+03     -0.2275456698146612E+02
  0.32100000E+03     -0.2216749196381086E+02
  0.32200000E+03     -0.2158252158219233E+02
  0.32300000E+03     -0.2100162512352802E+02
  0.32400000E+03     -0.2042575741332207E+02
  0.32500000E+03     -0.1985163185169223E+02
  0.32600000E+03     -0.1928186522585471E+02
  0.32700000E+03     -0.1871713455228800E+02
  0.32800000E+03     -0.1815682609645713E+02
  0.32900000E+03     -0.1760201208852495E+02
  0.33000000E+03     -0.1705352736079330E+02
  0.33100000E+03     -0.1651198102623408E+02
  0.33200000E+03     -0.1597197827688462E+02
  0.33300000E+03     -0.1544189299364597E+02
  0.33400000E+03     -0.1491787545798618E+02
  0.33500000E+03     -0.1440124938374900E+02
  0.33600000E+03     -0.1389418844142601E+02
  0.33700000E+03     -0.1339193701095094E+02
  0.33800000E+03     -0.1289718650707595E+02
  0.33900000E+03     -0.1241101063150442E+02
  0.34000000E+03     -0.1193311202396717E+02
  0.34100000E+03     -0.1146363496844483E+02
  0.34200000E+03     -0.1100266361689458E+02
  0.34300000E+03     -0.1055143300182154E+02
  0.34400000E+03     -0.1011580002900568E+02
  0.34500000E+03     -0.9682627187331583E+01
  0.34600000E+03     -0.9262410329454195E+01
  0.34700000E+03     -0.8853555805638457E+01
  0.34800000E+03     -0.8451531931379719E+01
  0.34900000E+03     -0.8062690343150489E+01
  0.35000000E+03     -0.7683782691675122E+01
  0.35100000E+03     -0.7317942460145034E+01
  0.35200000E+03     -0.6963690362032885E+01
  0.35300000E+03     -0.6622126448963396E+01
  0.35400000E+03     -0.6298407780732095E+01
  0.35500000E+03     -0.5985244660653574E+01
  0.35600000E+03     -0.5682656237981835E+01
  0.35700000E+03     -0.5396449744038414E+01
  0.35800000E+03     -0.5122967509692074E+01
  0.35900000E+03     -0.4862035220404408E+01
  0.36000000E+03     -0.4616922566054100E+01
  0.36100000E+03     -0.4386877914843138E+01
  0.36200000E+03     -0.4173161556958751E+01
  0.36300000E+03     -0.3973575838037304E+01
  0.36400000E+03     -0.3792863550674694E+01
  0.36500000E+03     -0.3630327669597301E+01
  0.36600000E+03     -0.3481443635021560E+01
  0.36700000E+03     -0.3350678083598437E+01
  0.36800000E+03     -0.3239810081973070E+01
  0.36900000E+03     -0.3142744953871064E+01
  0.37000000E+03     -0.3066148864809991E+01
  0.37100000E+03     -0.3006817282074985E+01
  0.37200000E+03     -0.2969457630450650E+01
  0.37300000E+03     -0.2948894080258290E+01
  0.37400000E+03     -0.2949562440388108E+01
  0.37500000E+03     -0.2970785738314513E+01
  0.37600000E+03     -0.3015868617099686E+01
  0.37700000E+03     -0.3082210623593218E+01
  0.37800000E+03     -0.3168614612635727E+01
  0.37900000E+03     -0.3279010536649024E+01
  0.38000000E+03     -0.3408775237019606E+01
  0.38100000E+03     -0.3563037787843434E+01
  0.38200000E+03     -0.3739094623968660E+01
  0.38300000E+03     -0.3942479601689590E+01
  0.38400000E+03     -0.4165537252290043E+01
  0.38500000E+03     -0.4413269056196817E+01
  0.38600000E+03     -0.4691415993211705E+01
  0.38700000E+03     -0.4989945055326302E+01
  0.38800000E+03     -0.5322639277893256E+01
  0.38900000E+03     -0.5683905495390643E+01
  0.39000000E+03     -0.6066594329296885E+01
  0.39100000E+03     -0.6473627874493761E+01
  0.39200000E+03     -0.6906501328481195E+01
  0.39300000E+03     -0.7372575785589447E+01
  0.39400000E+03     -0.7860235235102213E+01
  0.39500000E+03     -0.8380915463729627E+01
  0.39600000E+03     -0.8934320224247235E+01
  0.39700000E+03     -0.9515694536948745E+01
  0.39800000E+03     -0.1013093414805125E+02
  0.39900000E+03     -0.1076714253036086E+02
  0.40000000E+03     -0.1144625393203057E+02
  0.40100000E+03     -0.1214775368478475E+02
  0.40200000E+03     -0.1288218817478831E+02
  0.40300000E+03     -0.1365097098520135E+02
  0.40400000E+03     -0.1445757103187765E+02
  0.40500000E+03     -0.1529309260775710E+02
  0.40600000E+03     -0.1616759837265105E+02
  0.40700000E+03     -0.1706413876812520E+02
  0.40800000E+03     -0.1800628656926657E+02
  0.40900000E+03     -0.1898757713870221E+02
  0.41000000E+03     -0.2000605517299210E+02
  0.41100000E+03     -0.2105141360860118E+02
  0.41200000E+03     -0.2214631763449570E+02
  0.41300000E+03     -0.2327444065053135E+02
  0.41400000E+03     -0.2443658416257193E+02
  0.41500000E+03     -0.2565276226873783E+02
  0.41600000E+03     -0.2689575253887660E+02
  0.41700000E+03     -0.2818239389482862E+02
  0.41800000E+03     -0.2950533908081156E+02
  0.41900000E+03     -0.3087507095896608E+02
  0.42000000E+03     -0.3228139630798041E+02
  0.42100000E+03     -0.3373158895075240E+02
  0.42200000E+03     -0.3523005003523220E+02
  0.42300000E+03     -0.3677391024696554E+02
  0.42400000E+03     -0.3834086971503349E+02
  0.42500000E+03     -0.3997819736624952E+02
  0.42600000E+03     -0.4164238407590377E+02
  0.42700000E+03     -0.4336265874470357E+02
  0.42800000E+03     -0.4512703017473667E+02
  0.42900000E+03     -0.4694088676585335E+02
  0.43000000E+03     -0.4880653368291263E+02
  0.43100000E+03     -0.5070910190896984E+02
  0.43200000E+03     -0.5266184704743767E+02
  0.43300000E+03     -0.5466873534324811E+02
  0.43400000E+03     -0.5672084862862910E+02
  0.43500000E+03     -0.5883265401096237E+02
  0.43600000E+03     -0.6097184144608228E+02
  0.43700000E+03     -0.6318233242267542E+02
  0.43800000E+03     -0.6543628248647215E+02
  0.43900000E+03     -0.6775139045374021E+02
  0.44000000E+03     -0.7011228645386407E+02
  0.44100000E+03     -0.7253910607594058E+02
  0.44200000E+03     -0.7501628463009192E+02
  0.44300000E+03     -0.7755109064296704E+02
  0.44400000E+03     -0.8013068934359329E+02
  0.44500000E+03     -0.8277351459035330E+02
  0.44600000E+03     -0.8546829231627517E+02
  0.44700000E+03     -0.8823249936098225E+02
  0.44800000E+03     -0.9106996283912605E+02
  0.44900000E+03     -0.9395265544289148E+02
  0.45000000E+03     -0.9689782137859078E+02
  0.45100000E+03     -0.9990849124033434E+02
  0.45200000E+03     -0.1029703414793712E+03
  0.45300000E+03     -0.1061066000199670E+03
  0.45400000E+03     -0.1092845933901710E+03
  0.45500000E+03     -0.1125327761608910E+03
  0.45600000E+03     -0.1158446162553107E+03
  0.45700000E+03     -0.1192249891070425E+03
  0.45800000E+03     -0.1226782895937112E+03
  0.45900000E+03     -0.1261859095762715E+03
  0.46000000E+03     -0.1297855958552014E+03
  0.46100000E+03     -0.1334277391175189E+03
  0.46200000E+03     -0.1371301726732776E+03
  0.46300000E+03     -0.1409248869783967E+03
  0.46400000E+03     -0.1447819472696773E+03
  0.46500000E+03     -0.1486999396073069E+03
  0.46600000E+03     -0.1526894427841948E+03
  0.46700000E+03     -0.1567559778841930E+03
  0.46800000E+03     -0.1609114584446915E+03
  0.46900000E+03     -0.1651296529579207E+03
  0.47000000E+03     -0.1694201438559235E+03
  0.47100000E+03     -0.1737941783839500E+03
  0.47200000E+03     -0.1782185771535831E+03
  0.47300000E+03     -0.1827235827813183E+03
  0.47400000E+03     -0.1873587101208720E+03
  0.47500000E+03     -0.1920304614644964E+03
  0.47600000E+03     -0.1967703454732994E+03
  0.47700000E+03     -0.2015894181811003E+03
  0.47800000E+03     -0.2064658564928202E+03
  0.47900000E+03     -0.2114428209737044E+03
  0.48000000E+03     -0.2165116452197892E+03
  0.48100000E+03     -0.2216474227663370E+03
  0.48200000E+03     -0.2268726503020324E+03
  0.48300000E+03     -0.2321971081465549E+03
  0.48400000E+03     -0.2375892478257526E+03
  0.48500000E+03     -0.2430820754765318E+03
  0.48600000E+03     -0.2486540551737903E+03
  0.48700000E+03     -0.2543440938017329E+03
  0.48800000E+03     -0.2600975788927973E+03
  0.48900000E+03     -0.2659633741641601E+03
  0.49000000E+03     -0.2718858674770033E+03
  0.49100000E+03     -0.2779103436818495E+03
  0.49200000E+03     -0.2840365156958850E+03
  0.49300000E+03     -0.2902495683999484E+03
  0.49400000E+03     -0.2965521319659632E+03
  0.49500000E+03     -0.3029719720002547E+03
  0.49600000E+03     -0.3094463147113473E+03
  0.49700000E+03     -0.3160073323618715E+03
  0.49800000E+03     -0.3226828630637312E+03
  0.49900000E+03     -0.3294697243665802E+03
  0.50000000E+03     -0.3363642932540400E+03
  0.50100000E+03     -0.3433265164760429E+03
  0.50200000E+03     -0.3504285404075550E+03
  0.50300000E+03     -0.3576087512339035E+03
  0.50400000E+03     -0.3648457509097850E+03
  0.50500000E+03     -0.3722042571126340E+03
  0.50600000E+03     -0.3797007309523601E+03
  0.50700000E+03     -0.3872890254067474E+03
  0.50800000E+03     -0.3950155212480369E+03
  0.50900000E+03     -0.4028056032687890E+03
  0.51000000E+03     -0.4107351330719046E+03
