  0.00000000E+00     -0.4195275991418044E+02
  0.10000000E+01     -0.3871406071065359E+02
  0.20000000E+01     -0.3615356544092604E+02
  0.30000000E+01     -0.3398366720871109E+02
  0.40000000E+01     -0.3208647112359612E+02
  0.50000000E+01     -0.3039749206375668E+02
  0.60000000E+01     -0.2887606695775026E+02
  0.70000000E+01     -0.2749415835853354E+02
  0.80000000E+01     -0.2623106647468638E+02
  0.90000000E+01     -0.2507091344232117E+02
  0.10000000E+02     -0.2400137992684123E+02
  0.11000000E+02     -0.2301251036585733E+02
  0.12000000E+02     -0.2209626007969745E+02
  0.13000000E+02     -0.2124561386170638E+02
  0.14000000E+02     -0.2045453003853941E+02
  0.15000000E+02     -0.1971788697455917E+02
  0.16000000E+02     -0.1903139880694248E+02
  0.17000000E+02     -0.1839108674350163E+02
  0.18000000E+02     -0.1779345036377193E+02
  0.19000000E+02     -0.1723562349551886E+02
  0.20000000E+02     -0.1671475482746230E+02
  0.21000000E+02     -0.1622827707316799E+02
  0.22000000E+02     -0.1577401112286716E+02
  0.23000000E+02     -0.1535027400362757E+02
  0.24000000E+02     -0.1495500111996703E+02
  0.25000000E+02     -0.1458625366800963E+02
  0.26000000E+02     -0.1424233378130844E+02
  0.27000000E+02     -0.1392224652547363E+02
  0.28000000E+02     -0.1362446989363439E+02
  0.29000000E+02     -0.1334777774727226E+02
  0.30000000E+02     -0.1309107216598287E+02
  0.31000000E+02     -0.1285330653908144E+02
  0.32000000E+02     -0.1263339949852840E+02
  0.33000000E+02     -0.1243063519634718E+02
  0.34000000E+02     -0.1224377199130251E+02
  0.35000000E+02     -0.1207211330532722E+02
  0.36000000E+02     -0.1191486051776676E+02
  0.37000000E+02     -0.1177120953538753E+02
  0.38000000E+02     -0.1164088594191690E+02
  0.39000000E+02     -0.1152278882395569E+02
  0.40000000E+02     -0.1141657718151271E+02
  0.41000000E+02     -0.1132139013161962E+02
  0.42000000E+02     -0.1123650043834794E+02
  0.43000000E+02     -0.1116191725969203E+02
  0.44000000E+02     -0.1109689991667888E+02
  0.45000000E+02     -0.1104093536905050E+02
  0.46000000E+02     -0.1099392039123316E+02
  0.47000000E+02     -0.1095533117858632E+02
  0.48000000E+02     -0.1092448818316404E+02
  0.49000000E+02     -0.1090096776682772E+02
  0.50000000E+02     -0.1088453600800841E+02
  0.51000000E+02     -0.1087498200681651E+02
  0.52000000E+02     -0.1087173621995522E+02
  0.53000000E+02     -0.1087437949877030E+02
  0.54000000E+02     -0.1088276251649946E+02
  0.55000000E+02     -0.1089674366547657E+02
  0.56000000E+02     -0.1091596341563564E+02
  0.57000000E+02     -0.1093984232762119E+02
  0.58000000E+02     -0.1096847028165156E+02
  0.59000000E+02     -0.1100131497589145E+02
  0.60000000E+02     -0.1103864582618460E+02
  0.61000000E+02     -0.1107945440496844E+02
  0.62000000E+02     -0.1112435234278463E+02
  0.63000000E+02     -0.1117282056002923E+02
  0.64000000E+02     -0.1122407891898211E+02
  0.65000000E+02     -0.1127859113566976E+02
  0.66000000E+02     -0.1133633512622006E+02
  0.67000000E+02     -0.1139660845485797E+02
  0.68000000E+02     -0.1145929852517611E+02
  0.69000000E+02     -0.1152405241944440E+02
  0.70000000E+02     -0.1159102976742654E+02
  0.71000000E+02     -0.1166000286285407E+02
  0.72000000E+02     -0.1173085411992678E+02
  0.73000000E+02     -0.1180365699767865E+02
  0.74000000E+02     -0.1187797507608275E+02
  0.75000000E+02     -0.1195363797505217E+02
  0.76000000E+02     -0.1203045815712278E+02
  0.77000000E+02     -0.1210881361846416E+02
  0.78000000E+02     -0.1218790308365208E+02
  0.79000000E+02     -0.1226818386398862E+02
  0.80000000E+02     -0.1234874892164769E+02
  0.81000000E+02     -0.1243012316441108E+02
  0.82000000E+02     -0.1251229641687136E+02
  0.83000000E+02     -0.1259484193157686E+02
  0.84000000E+02     -0.1267816904320978E+02
  0.85000000E+02     -0.1276170896108975E+02
  0.86000000E+02     -0.1284539097636063E+02
  0.87000000E+02     -0.1292900693732152E+02
  0.88000000E+02     -0.1301337712977374E+02
  0.89000000E+02     -0.1309743627061378E+02
  0.90000000E+02     -0.1318136428800016E+02
  0.91000000E+02     -0.1326448888281835E+02
  0.92000000E+02     -0.1334794923083100E+02
  0.93000000E+02     -0.1343080091190687E+02
  0.94000000E+02     -0.1351324371975947E+02
  0.95000000E+02     -0.1359528781533926E+02
  0.96000000E+02     -0.1367724693370957E+02
  0.97000000E+02     -0.1375818489205351E+02
  0.98000000E+02     -0.1383864927832899E+02
  0.99000000E+02     -0.1391881474423273E+02
  0.10000000E+03     -0.1399794088282485E+02
  0.10100000E+03     -0.1407650321070732E+02
  0.10200000E+03     -0.1415440317547270E+02
  0.10300000E+03     -0.1423151381001817E+02
  0.10400000E+03     -0.1430759957876348E+02
  0.10500000E+03     -0.1438221654371070E+02
  0.10600000E+03     -0.1445578374050112E+02
  0.10700000E+03     -0.1452825825388723E+02
  0.10800000E+03     -0.1459999514259017E+02
  0.10900000E+03     -0.1467028475689967E+02
  0.11000000E+03     -0.1473936204465245E+02
  0.11100000E+03     -0.1480744807057230E+02
  0.11200000E+03     -0.1487426076499709E+02
  0.11300000E+03     -0.1493935451825081E+02
  0.11400000E+03     -0.1500328760099592E+02
  0.11500000E+03     -0.1506595610514833E+02
  0.11600000E+03     -0.1512716441544461E+02
  0.11700000E+03     -0.1518660883611830E+02
  0.11800000E+03     -0.1524507210704661E+02
  0.11900000E+03     -0.1530204888477905E+02
  0.12000000E+03     -0.1535789952752038E+02
  0.12100000E+03     -0.1541198183311656E+02
  0.12200000E+03     -0.1546458863655777E+02
  0.12300000E+03     -0.1551578848713774E+02
  0.12400000E+03     -0.1556445341350447E+02
  0.12500000E+03     -0.1561232137457698E+02
  0.12600000E+03     -0.1565826275918067E+02
  0.12700000E+03     -0.1570250668072768E+02
  0.12800000E+03     -0.1574482074764006E+02
  0.12900000E+03     -0.1578563789646912E+02
  0.13000000E+03     -0.1582469057312662E+02
  0.13100000E+03     -0.1586190955276387E+02
  0.13200000E+03     -0.1589760347658100E+02
  0.13300000E+03     -0.1593127227941418E+02
  0.13400000E+03     -0.1596288657611714E+02
  0.13500000E+03     -0.1599309850203096E+02
  0.13600000E+03     -0.1602156965666048E+02
  0.13700000E+03     -0.1604808547720196E+02
  0.13800000E+03     -0.1607234226968859E+02
  0.13900000E+03     -0.1609504027734010E+02
  0.14000000E+03     -0.1611549991314700E+02
  0.14100000E+03     -0.1613423830844575E+02
  0.14200000E+03     -0.1615108793310878E+02
  0.14300000E+03     -0.1616581413863270E+02
  0.14400000E+03     -0.1617933279617329E+02
  0.14500000E+03     -0.1619106518915640E+02
  0.14600000E+03     -0.1620041785324796E+02
  0.14700000E+03     -0.1620791796397334E+02
  0.14800000E+03     -0.1621375640559593E+02
  0.14900000E+03     -0.1621797823346235E+02
  0.15000000E+03     -0.1621953587790566E+02
  0.15100000E+03     -0.1621847372010017E+02
  0.15200000E+03     -0.1621628025503028E+02
  0.15300000E+03     -0.1621236905863740E+02
  0.15400000E+03     -0.1620609136803735E+02
  0.15500000E+03     -0.1619823989588080E+02
  0.15600000E+03     -0.1618813090977629E+02
  0.15700000E+03     -0.1617615717327072E+02
  0.15800000E+03     -0.1616193969164248E+02
  0.15900000E+03     -0.1614608947613944E+02
  0.16000000E+03     -0.1612813665398928E+02
  0.16100000E+03     -0.1610827298393012E+02
  0.16200000E+03     -0.1608642217333472E+02
  0.16300000E+03     -0.1606300381938313E+02
  0.16400000E+03     -0.1603714931593000E+02
  0.16500000E+03     -0.1600930379112875E+02
  0.16600000E+03     -0.1597986118918425E+02
  0.16700000E+03     -0.1594802338043658E+02
  0.16800000E+03     -0.1591413510874709E+02
  0.16900000E+03     -0.1587867158476868E+02
  0.17000000E+03     -0.1584089370579945E+02
  0.17100000E+03     -0.1580121800509388E+02
  0.17200000E+03     -0.1575982366628608E+02
  0.17300000E+03     -0.1571603267569756E+02
  0.17400000E+03     -0.1567059736860884E+02
  0.17500000E+03     -0.1562337002046740E+02
  0.17600000E+03     -0.1557389330245835E+02
  0.17700000E+03     -0.1552232370294537E+02
  0.17800000E+03     -0.1546832007504218E+02
  0.17900000E+03     -0.1541297137760416E+02
  0.18000000E+03     -0.1535568542825950E+02
  0.18100000E+03     -0.1529603113292311E+02
  0.18200000E+03     -0.1523487766753620E+02
  0.18300000E+03     -0.1517196877317120E+02
  0.18400000E+03     -0.1510714609093238E+02
  0.18500000E+03     -0.1504072288744725E+02
  0.18600000E+03     -0.1497271310060006E+02
  0.18700000E+03     -0.1490256636464574E+02
  0.18800000E+03     -0.1483055593491253E+02
  0.18900000E+03     -0.1475660589678537E+02
  0.19000000E+03     -0.1468090154722725E+02
  0.19100000E+03     -0.1460322464386691E+02
  0.19200000E+03     -0.1452383038272470E+02
  0.19300000E+03     -0.1444286702966489E+02
  0.19400000E+03     -0.1435959837102106E+02
  0.19500000E+03     -0.1427503351693816E+02
  0.19600000E+03     -0.1418856920513053E+02
  0.19700000E+03     -0.1410050214993618E+02
  0.19800000E+03     -0.1401087308595428E+02
  0.19900000E+03     -0.1391973717175443E+02
  0.20000000E+03     -0.1382640283926591E+02
  0.20100000E+03     -0.1373225818504667E+02
  0.20200000E+03     -0.1363589599815752E+02
  0.20300000E+03     -0.1353805858802754E+02
  0.20400000E+03     -0.1343834622525945E+02
  0.20500000E+03     -0.1333733558702801E+02
  0.20600000E+03     -0.1323527933201638E+02
  0.20700000E+03     -0.1313145601605663E+02
  0.20800000E+03     -0.1302636502999786E+02
  0.20900000E+03     -0.1291936573391846E+02
  0.21000000E+03     -0.1281088572566978E+02
  0.21100000E+03     -0.1270191127575072E+02
  0.21200000E+03     -0.1259089183893041E+02
  0.21300000E+03     -0.1247816153192413E+02
  0.21400000E+03     -0.1236379472577707E+02
  0.21500000E+03     -0.1224877034554808E+02
  0.21600000E+03     -0.1213285608293500E+02
  0.21700000E+03     -0.1201514244800086E+02
  0.21800000E+03     -0.1189647562216240E+02
  0.21900000E+03     -0.1177585376085615E+02
  0.22000000E+03     -0.1165539412563452E+02
  0.22100000E+03     -0.1153306032246970E+02
  0.22200000E+03     -0.1140957615054480E+02
  0.22300000E+03     -0.1128540265975890E+02
  0.22400000E+03     -0.1116017810772182E+02
  0.22500000E+03     -0.1103397185143771E+02
  0.22600000E+03     -0.1090640497917963E+02
  0.22700000E+03     -0.1077804210328648E+02
  0.22800000E+03     -0.1064890181020120E+02
  0.22900000E+03     -0.1051931107197357E+02
  0.23000000E+03     -0.1038917020548370E+02
  0.23100000E+03     -0.1025825393596946E+02
  0.23200000E+03     -0.1012614572329258E+02
  0.23300000E+03     -0.9993991505542779E+01
  0.23400000E+03     -0.9861388180465275E+01
  0.23500000E+03     -0.9727704038468785E+01
  0.23600000E+03     -0.9594215576190651E+01
  0.23700000E+03     -0.9460110914737312E+01
  0.23800000E+03     -0.9325415531688376E+01
  0.23900000E+03     -0.9190414667364239E+01
  0.24000000E+03     -0.9055299929007701E+01
  0.24100000E+03     -0.8919924772261785E+01
  0.24200000E+03     -0.8784914960867225E+01
  0.24300000E+03     -0.8649764511544738E+01
  0.24400000E+03     -0.8514241712034565E+01
  0.24500000E+03     -0.8379027844965854E+01
  0.24600000E+03     -0.8244291288982573E+01
  0.24700000E+03     -0.8109113052482549E+01
  0.24800000E+03     -0.7974365405232813E+01
  0.24900000E+03     -0.7840879796729201E+01
  0.25000000E+03     -0.7706486495958266E+01
  0.25100000E+03     -0.7573035014545027E+01
  0.25200000E+03     -0.7439910512670519E+01
  0.25300000E+03     -0.7307660977447476E+01
  0.25400000E+03     -0.7176311757532627E+01
  0.25500000E+03     -0.7045247753277305E+01
  0.25600000E+03     -0.6914886929660163E+01
  0.25700000E+03     -0.6784888966616261E+01
  0.25800000E+03     -0.6656587063674056E+01
  0.25900000E+03     -0.6530373818055356E+01
  0.26000000E+03     -0.6403971844295359E+01
  0.26100000E+03     -0.6277559897979497E+01
  0.26200000E+03     -0.6154241593917170E+01
  0.26300000E+03     -0.6032508628044482E+01
  0.26400000E+03     -0.5912297747005720E+01
  0.26500000E+03     -0.5794167570545056E+01
  0.26600000E+03     -0.5677290684293535E+01
  0.26700000E+03     -0.5561712508909860E+01
  0.26800000E+03     -0.5450009561841213E+01
  0.26900000E+03     -0.5338020533521060E+01
  0.27000000E+03     -0.5227902611881664E+01
  0.27100000E+03     -0.5120246615822644E+01
  0.27200000E+03     -0.5017206456884889E+01
  0.27300000E+03     -0.4915252666578976E+01
  0.27400000E+03     -0.4815980373468943E+01
  0.27500000E+03     -0.4718147066997702E+01
  0.27600000E+03     -0.4623680533039348E+01
  0.27700000E+03     -0.4532153556958203E+01
  0.27800000E+03     -0.4443364276496744E+01
  0.27900000E+03     -0.4358887078086003E+01
  0.28000000E+03     -0.4278471419694505E+01
  0.28100000E+03     -0.4199466600467087E+01
  0.28200000E+03     -0.4125265870624499E+01
  0.28300000E+03     -0.4053438753554904E+01
  0.28400000E+03     -0.3985987763121532E+01
  0.28500000E+03     -0.3922033957783370E+01
  0.28600000E+03     -0.3862493383302905E+01
  0.28700000E+03     -0.3807865944322973E+01
  0.28800000E+03     -0.3756996970478209E+01
  0.28900000E+03     -0.3709236879314702E+01
  0.29000000E+03     -0.3666914513660288E+01
  0.29100000E+03     -0.3628725143737853E+01
  0.29200000E+03     -0.3596279144361034E+01
  0.29300000E+03     -0.3568940653154899E+01
  0.29400000E+03     -0.3546390306023833E+01
  0.29500000E+03     -0.3530323867756471E+01
  0.29600000E+03     -0.3519679042069838E+01
  0.29700000E+03     -0.3514381842086936E+01
  0.29800000E+03     -0.3514193126725372E+01
  0.29900000E+03     -0.3517913130304068E+01
  0.30000000E+03     -0.3530893735100390E+01
  0.30100000E+03     -0.3547739402567272E+01
  0.30200000E+03     -0.3570473726884606E+01
  0.30300000E+03     -0.3602207355261557E+01
  0.30400000E+03     -0.3639848153736191E+01
  0.30500000E+03     -0.3683147822208203E+01
  0.30600000E+03     -0.3733701497757310E+01
  0.30700000E+03     -0.3791834915940082E+01
  0.30800000E+03     -0.3858892267538631E+01
  0.30900000E+03     -0.3932542236796148E+01
  0.31000000E+03     -0.4015486735086557E+01
  0.31100000E+03     -0.4106150949007102E+01
  0.31200000E+03     -0.4204497890120550E+01
  0.31300000E+03     -0.4311356622996981E+01
  0.31400000E+03     -0.4424061823611324E+01
  0.31500000E+03     -0.4546161908344099E+01
  0.31600000E+03     -0.4677625296925138E+01
  0.31700000E+03     -0.4819394025340716E+01
  0.31800000E+03     -0.4967788412458832E+01
  0.31900000E+03     -0.5126892569840736E+01
  0.32000000E+03     -0.5297151154192557E+01
  0.32100000E+03     -0.5476627528399279E+01
  0.32200000E+03     -0.5666862971404379E+01
  0.32300000E+03     -0.5867504721858955E+01
  0.32400000E+03     -0.6076320216575349E+01
  0.32500000E+03     -0.6297184639768593E+01
  0.32600000E+03     -0.6529939166368999E+01
  0.32700000E+03     -0.6776610264481482E+01
  0.32800000E+03     -0.7032226189525455E+01
  0.32900000E+03     -0.7297383075058919E+01
  0.33000000E+03     -0.7576075027340211E+01
  0.33100000E+03     -0.7864377422750328E+01
  0.33200000E+03     -0.8169358732438850E+01
  0.33300000E+03     -0.8482959670235701E+01
  0.33400000E+03     -0.8809896468153774E+01
  0.33500000E+03     -0.9149526734775851E+01
  0.33600000E+03     -0.9501184750233579E+01
  0.33700000E+03     -0.9866061970489547E+01
  0.33800000E+03     -0.1024454004678768E+02
  0.33900000E+03     -0.1063683475836959E+02
  0.34000000E+03     -0.1104296739017372E+02
  0.34100000E+03     -0.1146379630861266E+02
  0.34200000E+03     -0.1190147368972324E+02
  0.34300000E+03     -0.1235297234535530E+02
  0.34400000E+03     -0.1282165307853064E+02
  0.34500000E+03     -0.1330082270766343E+02
  0.34600000E+03     -0.1379730946493181E+02
  0.34700000E+03     -0.1430918690447702E+02
  0.34800000E+03     -0.1483341926580571E+02
  0.34900000E+03     -0.1537909945157251E+02
  0.35000000E+03     -0.1593976869473558E+02
  0.35100000E+03     -0.1651801649091772E+02
  0.35200000E+03     -0.1711031701777992E+02
  0.35300000E+03     -0.1772105952989985E+02
  0.35400000E+03     -0.1835282939571209E+02
  0.35500000E+03     -0.1900064235747383E+02
  0.35600000E+03     -0.1966634110462412E+02
  0.35700000E+03     -0.2035333766569892E+02
  0.35800000E+03     -0.2105673120219169E+02
  0.35900000E+03     -0.2178288471619251E+02
  0.36000000E+03     -0.2252780811104083E+02
  0.36100000E+03     -0.2329192294846259E+02
  0.36200000E+03     -0.2407695918579673E+02
  0.36300000E+03     -0.2488515618887093E+02
  0.36400000E+03     -0.2570736131247252E+02
  0.36500000E+03     -0.2655327064051473E+02
  0.36600000E+03     -0.2742107710199273E+02
  0.36700000E+03     -0.2830760774814592E+02
  0.36800000E+03     -0.2921811402574268E+02
  0.36900000E+03     -0.3014985086831204E+02
  0.37000000E+03     -0.3110590142599478E+02
  0.37100000E+03     -0.3208222566017372E+02
  0.37200000E+03     -0.3307879692172592E+02
  0.37300000E+03     -0.3410415502562275E+02
  0.37400000E+03     -0.3515051644660907E+02
  0.37500000E+03     -0.3622234134428562E+02
  0.37600000E+03     -0.3731879020921371E+02
  0.37700000E+03     -0.3843737281576212E+02
  0.37800000E+03     -0.3958199068959205E+02
  0.37900000E+03     -0.4075499252700475E+02
  0.38000000E+03     -0.4195191087195285E+02
  0.38100000E+03     -0.4317635553126922E+02
  0.38200000E+03     -0.4442871435388925E+02
  0.38300000E+03     -0.4571211437183300E+02
  0.38400000E+03     -0.4701646065492114E+02
  0.38500000E+03     -0.4835037420983441E+02
  0.38600000E+03     -0.4970883346173843E+02
  0.38700000E+03     -0.5109650573793736E+02
  0.38800000E+03     -0.5251565392565258E+02
  0.38900000E+03     -0.5395531469460209E+02
  0.39000000E+03     -0.5544268122467384E+02
  0.39100000E+03     -0.5694594715570228E+02
  0.39200000E+03     -0.5846706591962051E+02
  0.39300000E+03     -0.6002812234420477E+02
  0.39400000E+03     -0.6162564380504614E+02
  0.39500000E+03     -0.6325058741639887E+02
  0.39600000E+03     -0.6490794183659938E+02
  0.39700000E+03     -0.6660075562531161E+02
  0.39800000E+03     -0.6831939886559977E+02
  0.39900000E+03     -0.7007519808244015E+02
  0.40000000E+03     -0.7185517081614269E+02
  0.40100000E+03     -0.7367863470945518E+02
  0.40200000E+03     -0.7553233598285333E+02
  0.40300000E+03     -0.7741982021494543E+02
  0.40400000E+03     -0.7934977392618681E+02
  0.40500000E+03     -0.8130367010546176E+02
  0.40600000E+03     -0.8329401338385743E+02
  0.40700000E+03     -0.8532293567876206E+02
  0.40800000E+03     -0.8738720474962631E+02
  0.40900000E+03     -0.8948891808013310E+02
  0.41000000E+03     -0.9162663991151501E+02
  0.41100000E+03     -0.9380159519868708E+02
  0.41200000E+03     -0.9601102304900056E+02
  0.41300000E+03     -0.9827257732383477E+02
  0.41400000E+03     -0.1005711524268764E+03
  0.41500000E+03     -0.1029101593723051E+03
  0.41600000E+03     -0.1052714545244828E+03
  0.41700000E+03     -0.1076876867199657E+03
  0.41800000E+03     -0.1101376817350055E+03
  0.41900000E+03     -0.1126257421003032E+03
  0.42000000E+03     -0.1151609878558614E+03
  0.42100000E+03     -0.1177380976597729E+03
  0.42200000E+03     -0.1203563220625603E+03
  0.42300000E+03     -0.1230198905524780E+03
  0.42400000E+03     -0.1257331037514482E+03
  0.42500000E+03     -0.1284789737337971E+03
  0.42600000E+03     -0.1312762906522603E+03
  0.42700000E+03     -0.1341097212048769E+03
  0.42800000E+03     -0.1369981694889508E+03
  0.42900000E+03     -0.1399388375364178E+03
  0.43000000E+03     -0.1429201217712848E+03
  0.43100000E+03     -0.1459481285687926E+03
  0.43200000E+03     -0.1490066677922469E+03
  0.43300000E+03     -0.1521276710344785E+03
  0.43400000E+03     -0.1553051575089207E+03
  0.43500000E+03     -0.1585238100893639E+03
  0.43600000E+03     -0.1618064199067209E+03
  0.43700000E+03     -0.1651209795278076E+03
  0.43800000E+03     -0.1684813342719988E+03
  0.43900000E+03     -0.1719040323148015E+03
  0.44000000E+03     -0.1753647416721278E+03
  0.44100000E+03     -0.1788713305453815E+03
  0.44200000E+03     -0.1824536138580810E+03
  0.44300000E+03     -0.1860704798551439E+03
  0.44400000E+03     -0.1897672885095800E+03
  0.44500000E+03     -0.1934778165725207E+03
  0.44600000E+03     -0.1972530853431423E+03
  0.44700000E+03     -0.2010984497902140E+03
  0.44800000E+03     -0.2049882576819857E+03
  0.44900000E+03     -0.2089271059567333E+03
  0.45000000E+03     -0.2129278207610248E+03
  0.45100000E+03     -0.2169853532957056E+03
  0.45200000E+03     -0.2211062147564853E+03
  0.45300000E+03     -0.2252725614338517E+03
  0.45400000E+03     -0.2295184648779736E+03
  0.45500000E+03     -0.2338167316673538E+03
  0.45600000E+03     -0.2381593686026450E+03
  0.45700000E+03     -0.2425782333835576E+03
  0.45800000E+03     -0.2470555945772480E+03
  0.45900000E+03     -0.2516015550779402E+03
  0.46000000E+03     -0.2562187558314751E+03
  0.46100000E+03     -0.2608821135469465E+03
  0.46200000E+03     -0.2656280923641282E+03
  0.46300000E+03     -0.2704131220431175E+03
  0.46400000E+03     -0.2752990213833014E+03
  0.46500000E+03     -0.2802163822690591E+03
  0.46600000E+03     -0.2852037307247073E+03
  0.46700000E+03     -0.2902557739249170E+03
  0.46800000E+03     -0.2953865706477543E+03
  0.46900000E+03     -0.3005943228630541E+03
  0.47000000E+03     -0.3058510659315590E+03
  0.47100000E+03     -0.3111883124700811E+03
  0.47200000E+03     -0.3165699906821704E+03
  0.47300000E+03     -0.3220240891686406E+03
  0.47400000E+03     -0.3275428018890590E+03
  0.47500000E+03     -0.3331413435408329E+03
  0.47600000E+03     -0.3388111735840258E+03
  0.47700000E+03     -0.3445384621161417E+03
  0.47800000E+03     -0.3503290017701351E+03
  0.47900000E+03     -0.3561938787756266E+03
  0.48000000E+03     -0.3621595317340671E+03
  0.48100000E+03     -0.3681934109015737E+03
  0.48200000E+03     -0.3743151672856688E+03
  0.48300000E+03     -0.3804778300295672E+03
  0.48400000E+03     -0.3867022013933287E+03
  0.48500000E+03     -0.3930615724022892E+03
  0.48600000E+03     -0.3994596147459783E+03
  0.48700000E+03     -0.4059616437098127E+03
  0.48800000E+03     -0.4125227369680803E+03
  0.48900000E+03     -0.4191789649983124E+03
  0.49000000E+03     -0.4259132188240191E+03
  0.49100000E+03     -0.4327137675088497E+03
  0.49200000E+03     -0.4395851758619057E+03
  0.49300000E+03     -0.4465460436060304E+03
  0.49400000E+03     -0.4536181002097656E+03
  0.49500000E+03     -0.4607538777786360E+03
  0.49600000E+03     -0.4679939859601895E+03
  0.49700000E+03     -0.4752816614390523E+03
  0.49800000E+03     -0.4826901577184663E+03
  0.49900000E+03     -0.4901953383448991E+03
  0.50000000E+03     -0.4977561009284067E+03
  0.50100000E+03     -0.5054200871734475E+03
  0.50200000E+03     -0.5131134466110423E+03
  0.50300000E+03     -0.5209515865167913E+03
  0.50400000E+03     -0.5289213606257426E+03
  0.50500000E+03     -0.5369541856879317E+03
  0.50600000E+03     -0.5450342519253618E+03
  0.50700000E+03     -0.5532397168732840E+03
  0.50800000E+03     -0.5615456284338294E+03
  0.50900000E+03     -0.5699261097794697E+03
  0.51000000E+03     -0.5784338420694411E+03
