  0.00000000E+00      0.2493739080152367E-09      0.2471504268464692E-18
  0.10000000E+01     -0.6057397521439920E-03      0.3669206473417408E-06
  0.20000000E+01     -0.4688192850980958E-01      0.2941475057582670E-01
  0.30000000E+01     -0.1394141757924584E+00      0.1038615251208442E+00
  0.40000000E+01     -0.2792953111368197E+00      0.2531097478296679E+00
  0.50000000E+01     -0.4671531407723587E+00      0.5213349975659020E+00
  0.60000000E+01     -0.7038807366005552E+00      0.9684234982137397E+00
  0.70000000E+01     -0.9907233813030817E+00      0.1671926989172447E+01
  0.80000000E+01     -0.1329411207832692E+01      0.2728856108802368E+01
  0.90000000E+01     -0.1720487239439795E+01      0.4254530898064730E+01
  0.10000000E+02     -0.2165694245448328E+01      0.6388838123353981E+01
  0.11000000E+02     -0.2667166544593798E+01      0.9298079088552873E+01
  0.12000000E+02     -0.3227203815589450E+01      0.1318415369542813E+02
  0.13000000E+02     -0.3847609005181631E+01      0.1827086608946923E+02
  0.14000000E+02     -0.4531609474669954E+01      0.2483331347397137E+02
  0.15000000E+02     -0.5282017073579041E+01      0.3319318242667346E+02
  0.16000000E+02     -0.6102818823551992E+01      0.4372471831199271E+02
  0.17000000E+02     -0.6998976661785484E+01      0.5689180561845873E+02
  0.18000000E+02     -0.7974473389975542E+01      0.7320735294092444E+02
  0.19000000E+02     -0.9037113137186028E+01      0.9335152388077138E+02
  0.20000000E+02     -0.1019281108062101E+02      0.1180582743061056E+03
  0.21000000E+02     -0.1144990977678463E+02      0.1482692842192981E+03
  0.22000000E+02     -0.1282116493688776E+02      0.1852016165828595E+03
  0.23000000E+02     -0.1431410436197406E+02      0.2301163054497258E+03
  0.24000000E+02     -0.1594393825935807E+02      0.2847362569097340E+03
  0.25000000E+02     -0.1772529830567059E+02      0.3510870515745025E+03
  0.26000000E+02     -0.1967404188101411E+02      0.4315378736874558E+03
  0.27000000E+02     -0.2180443297241568E+02      0.5287395600790551E+03
  0.28000000E+02     -0.2413278843527522E+02      0.6458896347387638E+03
  0.29000000E+02     -0.2667270082547863E+02      0.7863740638898850E+03
  0.30000000E+02     -0.2942869790805007E+02      0.9535870788952261E+03
  0.31000000E+02     -0.3240724785540476E+02      0.1151073799031034E+04
  0.32000000E+02     -0.3560235818907234E+02      0.1381971431295741E+04
  0.33000000E+02     -0.3899493118591796E+02      0.1648347000732638E+04
  0.34000000E+02     -0.4256237443425580E+02      0.1951604912597164E+04
  0.35000000E+02     -0.4628494831790948E+02      0.2293332010316437E+04
  0.36000000E+02     -0.5012623840528904E+02      0.2672823931975988E+04
  0.37000000E+02     -0.5405309837105473E+02      0.3089277824934123E+04
  0.38000000E+02     -0.5804268399409717E+02      0.3542148753150907E+04
  0.39000000E+02     -0.6206336139608141E+02      0.4028926230999402E+04
  0.40000000E+02     -0.6610068617653242E+02      0.4548952742886352E+04
  0.41000000E+02     -0.7014588343669860E+02      0.5101783935453035E+04
  0.42000000E+02     -0.7418521142359306E+02      0.5685723236688086E+04
  0.43000000E+02     -0.7820517374407466E+02      0.6298781017647248E+04
  0.44000000E+02     -0.8221902736079291E+02      0.6942699456528807E+04
  0.45000000E+02     -0.8621602216417683E+02      0.7615653526608465E+04
  0.46000000E+02     -0.9019509682755302E+02      0.8317484755589576E+04
  0.47000000E+02     -0.9416865312790414E+02      0.9049892642342875E+04
  0.48000000E+02     -0.9812952834832278E+02      0.9811463943082759E+04
  0.49000000E+02     -0.1020798312818109E+03      0.1060232411992789E+05
  0.50000000E+02     -0.1060158569161528E+03      0.1142147597276042E+05
  0.51000000E+02     -0.1099422438713988E+03      0.1226949868585066E+05
  0.52000000E+02     -0.1138785543847423E+03      0.1315090980815331E+05
  0.53000000E+02     -0.1178130403460004E+03      0.1406294053456939E+05
  0.54000000E+02     -0.1217421590738487E+03      0.1500450795017295E+05
  0.55000000E+02     -0.1256706926277633E+03      0.1597694673766007E+05
  0.56000000E+02     -0.1296140053682422E+03      0.1698434800200874E+05
  0.57000000E+02     -0.1335670229213235E+03      0.1802523282713890E+05
  0.58000000E+02     -0.1375170563481791E+03      0.1909658336615048E+05
  0.59000000E+02     -0.1414857317026405E+03      0.2020442083766814E+05
  0.60000000E+02     -0.1454653455142429E+03      0.2134695120030679E+05
  0.61000000E+02     -0.1494477325256939E+03      0.2252187774171000E+05
  0.62000000E+02     -0.1534554620154412E+03      0.2373662515405660E+05
  0.63000000E+02     -0.1574657010069916E+03      0.2498396300569555E+05
  0.64000000E+02     -0.1614985085923576E+03      0.2627107603981008E+05
  0.65000000E+02     -0.1655518237093233E+03      0.2759770637767523E+05
  0.66000000E+02     -0.1696278148272673E+03      0.2896481512547264E+05
  0.67000000E+02     -0.1737261274465443E+03      0.3037306237807958E+05
  0.68000000E+02     -0.1778572903181899E+03      0.3182659767071007E+05
  0.69000000E+02     -0.1820281389828955E+03      0.3332890855769109E+05
  0.70000000E+02     -0.1862282966390759E+03      0.3487684744662463E+05
  0.71000000E+02     -0.1904608691642819E+03      0.3647270926204936E+05
  0.72000000E+02     -0.1947240388276375E+03      0.3811630326252919E+05
  0.73000000E+02     -0.1990265328777444E+03      0.3981200399354925E+05
  0.74000000E+02     -0.2033605360516093E+03      0.4155758219097804E+05
  0.75000000E+02     -0.2077368654419385E+03      0.4335832946268947E+05
  0.76000000E+02     -0.2121480448137823E+03      0.4521246092939837E+05
  0.77000000E+02     -0.2165943704510439E+03      0.4712070802377018E+05
  0.78000000E+02     -0.2210733095280043E+03      0.4908294762590067E+05
  0.79000000E+02     -0.2255714339142606E+03      0.5109402175434693E+05
  0.80000000E+02     -0.2300842627758475E+03      0.5315245012843632E+05
  0.81000000E+02     -0.2346364885433690E+03      0.5527002631112814E+05
  0.82000000E+02     -0.2392074458467772E+03      0.5743806239793653E+05
  0.83000000E+02     -0.2437889275795964E+03      0.5965297191959248E+05
  0.84000000E+02     -0.2483978157074108E+03      0.6192364822093259E+05
  0.85000000E+02     -0.2530087047544930E+03      0.6423735402823715E+05
  0.86000000E+02     -0.2576316859551025E+03      0.6659991489269353E+05
  0.87000000E+02     -0.2622720726066111E+03      0.6901433640039530E+05
  0.88000000E+02     -0.2669204450443642E+03      0.7147619366517638E+05
  0.89000000E+02     -0.2715834116949403E+03      0.7398918285307905E+05
  0.90000000E+02     -0.2762425241561276E+03      0.7654346716780793E+05
  0.91000000E+02     -0.2809029268628054E+03      0.7914185987217711E+05
  0.92000000E+02     -0.2855577798259528E+03      0.8178062908599676E+05
  0.93000000E+02     -0.2902355851562584E+03      0.8447605703793310E+05
  0.94000000E+02     -0.2948972306618040E+03      0.8720516937829487E+05
  0.95000000E+02     -0.2995594034407117E+03      0.8997827406256755E+05
  0.96000000E+02     -0.3042116605614334E+03      0.9278881993470210E+05
  0.97000000E+02     -0.3088770912475633E+03      0.9565110205137034E+05
  0.98000000E+02     -0.3135552910944111E+03      0.9856504065175264E+05
  0.99000000E+02     -0.3182284642432904E+03      0.1015190724245712E+06
  0.10000000E+03     -0.3228884421356695E+03      0.1045085462171829E+06
  0.10100000E+03     -0.3275600851800423E+03      0.1075489729856410E+06
  0.10200000E+03     -0.3322278220062073E+03      0.1106303693053264E+06
  0.10300000E+03     -0.3368940570496255E+03      0.1137542804968613E+06
  0.10400000E+03     -0.3415638391159699E+03      0.1169239163292586E+06
  0.10500000E+03     -0.3462313887459370E+03      0.1201358975600440E+06
  0.10600000E+03     -0.3508778053488343E+03      0.1233766224634275E+06
  0.10700000E+03     -0.3555303828880167E+03      0.1266646924207200E+06
  0.10800000E+03     -0.3601766377714251E+03      0.1299916793103058E+06
  0.10900000E+03     -0.3648192151538231E+03      0.1333591646995861E+06
  0.11000000E+03     -0.3694580089382200E+03      0.1367668430298366E+06
  0.11100000E+03     -0.3740990299781141E+03      0.1402196949459126E+06
  0.11200000E+03     -0.3787411060140674E+03      0.1437157822437897E+06
  0.11300000E+03     -0.3833848611540091E+03      0.1472565021981449E+06
  0.11400000E+03     -0.3880196673183696E+03      0.1508332097433592E+06
  0.11500000E+03     -0.3926630041446555E+03      0.1544595099381199E+06
  0.11600000E+03     -0.3972933024212247E+03      0.1581183313641428E+06
  0.11700000E+03     -0.4019222356228543E+03      0.1618189429193301E+06
  0.11800000E+03     -0.4065558067637468E+03      0.1655659507730802E+06
  0.11900000E+03     -0.4111753267727199E+03      0.1693442222515738E+06
  0.12000000E+03     -0.4158127459556363E+03      0.1731799455939315E+06
  0.12100000E+03     -0.4204596025237467E+03      0.1770666511995140E+06
  0.12200000E+03     -0.4251062729716988E+03      0.1809963826465886E+06
  0.12300000E+03     -0.4297695196287717E+03      0.1849835109912086E+06
  0.12400000E+03     -0.4344476522489079E+03      0.1890266594398915E+06
  0.12500000E+03     -0.4391330327005799E+03      0.1931195395280886E+06
  0.12600000E+03     -0.4438506321979285E+03      0.1972851946014881E+06
  0.12700000E+03     -0.4485775945552424E+03      0.2015035094604098E+06
  0.12800000E+03     -0.4533263345685036E+03      0.2057857537764886E+06
  0.12900000E+03     -0.4580965294709626E+03      0.2101332655252233E+06
  0.13000000E+03     -0.4629093100016716E+03      0.2145654741978930E+06
  0.13100000E+03     -0.4677321360662784E+03      0.2190532822870120E+06
  0.13200000E+03     -0.4725926030128333E+03      0.2236230826283711E+06
  0.13300000E+03     -0.4774925708751112E+03      0.2282779366172421E+06
  0.13400000E+03     -0.4824207801552820E+03      0.2330083259830457E+06
  0.13500000E+03     -0.4874087701457955E+03      0.2378454745371277E+06
  0.13600000E+03     -0.4924382359842329E+03      0.2427734711607946E+06
  0.13700000E+03     -0.4974974588601280E+03      0.2477812571903200E+06
  0.13800000E+03     -0.5026177035215903E+03      0.2529019515133039E+06
  0.13900000E+03     -0.5077819514519164E+03      0.2581200317879245E+06
  0.14000000E+03     -0.5130092213270216E+03      0.2634557992107550E+06
  0.14100000E+03     -0.5182937014825536E+03      0.2689055356148143E+06
  0.14200000E+03     -0.5236571610948888E+03      0.2744941613406538E+06
  0.14300000E+03     -0.5290730011732013E+03      0.2801956875602075E+06
  0.14400000E+03     -0.5345312051284361E+03      0.2860013612179714E+06
  0.14500000E+03     -0.5400683644649558E+03      0.2919515627634457E+06
  0.14600000E+03     -0.5456785218673734E+03      0.2980435794245547E+06
  0.14700000E+03     -0.5513467078949667E+03      0.3042624495740032E+06
  0.14800000E+03     -0.5570469948363611E+03      0.3105815515928437E+06
  0.14900000E+03     -0.5628135491111718E+03      0.3170404556817412E+06
  0.15000000E+03     -0.5686335863408077E+03      0.3236267229333150E+06
  0.15100000E+03     -0.5744764866799155E+03      0.3303071318749668E+06
  0.15200000E+03     -0.5804288924725569E+03      0.3371834518501553E+06
  0.15300000E+03     -0.5863294807174366E+03      0.3440694394461320E+06
  0.15400000E+03     -0.5922479365297320E+03      0.3510462680842101E+06
  0.15500000E+03     -0.5982016290014290E+03      0.3581354691237513E+06
  0.15600000E+03     -0.6041333071556679E+03      0.3652691429179295E+06
  0.15700000E+03     -0.6100931506201383E+03      0.3725078093138936E+06
  0.15800000E+03     -0.6160596179375805E+03      0.3798254840825120E+06
  0.15900000E+03     -0.6220305918089064E+03      0.3872195906347324E+06
  0.16000000E+03     -0.6280023747033052E+03      0.3946863010056398E+06
  0.16100000E+03     -0.6339832913727577E+03      0.4022355135208496E+06
  0.16200000E+03     -0.6399507089945156E+03      0.4098394831127322E+06
  0.16300000E+03     -0.6459310164133580E+03      0.4175309979928033E+06
  0.16400000E+03     -0.6519008318691934E+03      0.4252803181161846E+06
  0.16500000E+03     -0.6578738891118110E+03      0.4331052223391173E+06
  0.16600000E+03     -0.6638495864578072E+03      0.4410052819878823E+06
  0.16700000E+03     -0.6698202707161880E+03      0.4489698060853324E+06
  0.16800000E+03     -0.6757869137487733E+03      0.4570000621465649E+06
  0.16900000E+03     -0.6817528784460984E+03      0.4651004797077017E+06
  0.17000000E+03     -0.6877250173381746E+03      0.4732807218582613E+06
  0.17100000E+03     -0.6936928289166514E+03      0.4815266564052985E+06
  0.17200000E+03     -0.6996682843241274E+03      0.4898544027659192E+06
  0.17300000E+03     -0.7056404756148560E+03      0.4982491757100102E+06
  0.17400000E+03     -0.7116090518242362E+03      0.5067096154599584E+06
  0.17500000E+03     -0.7175861059934048E+03      0.5152537491458863E+06
  0.17600000E+03     -0.7235343497971116E+03      0.5238276443878671E+06
  0.17700000E+03     -0.7294959698483688E+03      0.5324921935874041E+06
  0.17800000E+03     -0.7354756871691521E+03      0.5412541486719114E+06
  0.17900000E+03     -0.7414526664379839E+03      0.5500833709624975E+06
  0.18000000E+03     -0.7474211398713579E+03      0.5589715533245337E+06
  0.18100000E+03     -0.7533829258851256E+03      0.5679207790762645E+06
  0.18200000E+03     -0.7593460057308072E+03      0.5769430910689578E+06
  0.18300000E+03     -0.7653066860690419E+03      0.5860329707306466E+06
  0.18400000E+03     -0.7712669446116242E+03      0.5951933082047111E+06
  0.18500000E+03     -0.7772348343725978E+03      0.6044366092288721E+06
  0.18600000E+03     -0.7832081713477710E+03      0.6137593277624559E+06
  0.18700000E+03     -0.7891756211007496E+03      0.6231442639757679E+06
  0.18800000E+03     -0.7951418476344560E+03      0.6325983858641561E+06
  0.18900000E+03     -0.8011072742426032E+03      0.6421228852314169E+06
  0.19000000E+03     -0.8070627937516086E+03      0.6517022521115631E+06
  0.19100000E+03     -0.8130314586106327E+03      0.6613741369673673E+06
  0.19200000E+03     -0.8190010466203540E+03      0.6711191639479812E+06
  0.19300000E+03     -0.8249644317840176E+03      0.6809247366243643E+06
  0.19400000E+03     -0.8309330258282345E+03      0.6908107430448051E+06
  0.19500000E+03     -0.8369104350374698E+03      0.7007817919419479E+06
  0.19600000E+03     -0.8428729393234986E+03      0.7107994597976431E+06
  0.19700000E+03     -0.8488395343497580E+03      0.7208955976503548E+06
  0.19800000E+03     -0.8547993779998880E+03      0.7310511619097614E+06
  0.19900000E+03     -0.8607691862189851E+03      0.7412945789600809E+06
  0.20000000E+03     -0.8667282945670690E+03      0.7515909427224422E+06
  0.20100000E+03     -0.8726867853847551E+03      0.7619579426403301E+06
  0.20200000E+03     -0.8786275519718305E+03      0.7723644900675354E+06
  0.20300000E+03     -0.8845804136038886E+03      0.7828632011954029E+06
  0.20400000E+03     -0.8905324738102973E+03      0.7934316244106357E+06
  0.20500000E+03     -0.8964910082577062E+03      0.8040820615680650E+06
  0.20600000E+03     -0.9024229584671939E+03      0.8147553740276073E+06
  0.20700000E+03     -0.9083610028600365E+03      0.8255103696506292E+06
  0.20800000E+03     -0.9143165526666121E+03      0.8363680514799899E+06
  0.20900000E+03     -0.9202448766951435E+03      0.8472467454360964E+06
  0.21000000E+03     -0.9261817681646937E+03      0.8582114933410570E+06
  0.21100000E+03     -0.9321194492259275E+03      0.8692482209087717E+06
  0.21200000E+03     -0.9380404626027813E+03      0.8803241502254315E+06
  0.21300000E+03     -0.9439432385146486E+03      0.8914357634000533E+06
  0.21400000E+03     -0.9498701054657496E+03      0.9026633823419329E+06
  0.21500000E+03     -0.9557818460240960E+03      0.9139317829324983E+06
  0.21600000E+03     -0.9616865587093782E+03      0.9252570052473953E+06
  0.21700000E+03     -0.9675789628259686E+03      0.9366279926592922E+06
  0.21800000E+03     -0.9734772610865762E+03      0.9480801134701119E+06
  0.21900000E+03     -0.9793577057274496E+03      0.9595670825671754E+06
  0.22000000E+03     -0.9852204286812772E+03      0.9710884643133724E+06
  0.22100000E+03     -0.9910775257917112E+03      0.9826673245277096E+06
  0.22200000E+03     -0.9969180426086270E+03      0.9942822762527700E+06
  0.22300000E+03     -0.1002712104172814E+04      0.1005872110096470E+07
  0.22400000E+03     -0.1008535430360739E+04      0.1017588359543446E+07
  0.22500000E+03     -0.1014324816964401E+04      0.1029304075542405E+07
  0.22600000E+03     -0.1020107724264074E+04      0.1041073036286001E+07
  0.22700000E+03     -0.1025903991917272E+04      0.1052937394457835E+07
  0.22800000E+03     -0.1031677739864942E+04      0.1064821737239048E+07
  0.22900000E+03     -0.1037376190320614E+04      0.1076618196612865E+07
  0.23000000E+03     -0.1043084860198931E+04      0.1088501144216982E+07
  0.23100000E+03     -0.1048741124888312E+04      0.1100338812481927E+07
  0.23200000E+03     -0.1054370675270288E+04      0.1112184245603599E+07
  0.23300000E+03     -0.1059941028277068E+04      0.1123968495751665E+07
  0.23400000E+03     -0.1065458291152006E+04      0.1135703861262504E+07
  0.23500000E+03     -0.1070938712691700E+04      0.1147419706868928E+07
  0.23600000E+03     -0.1076368448677885E+04      0.1159088998407415E+07
  0.23700000E+03     -0.1081781515573448E+04      0.1170780247265643E+07
  0.23800000E+03     -0.1087063468195807E+04      0.1182247073089305E+07
  0.23900000E+03     -0.1092293747828318E+04      0.1193657056696384E+07
  0.24000000E+03     -0.1097450620139321E+04      0.1204961062261669E+07
  0.24100000E+03     -0.1102534376967523E+04      0.1216159197724121E+07
  0.24200000E+03     -0.1107513503456416E+04      0.1227172616670425E+07
  0.24300000E+03     -0.1112394654128499E+04      0.1238021117517470E+07
  0.24400000E+03     -0.1117184161515987E+04      0.1248711090662616E+07
  0.24500000E+03     -0.1121927807137492E+04      0.1259340356526255E+07
  0.24600000E+03     -0.1126545963767294E+04      0.1269731369623815E+07
  0.24700000E+03     -0.1131061317142997E+04      0.1279930890802562E+07
  0.24800000E+03     -0.1135518835789479E+04      0.1290037104499427E+07
  0.24900000E+03     -0.1139986269761678E+04      0.1300204165277985E+07
  0.25000000E+03     -0.1144420225291178E+04      0.1310329862767424E+07
  0.25100000E+03     -0.1148853194808836E+04      0.1320490247991554E+07
  0.25200000E+03     -0.1153334154646866E+04      0.1330799483883941E+07
  0.25300000E+03     -0.1157930097828887E+04      0.1341412177912798E+07
  0.25400000E+03     -0.1162549603986366E+04      0.1352119870149437E+07
  0.25500000E+03     -0.1167245630401634E+04      0.1363047629092685E+07
  0.25600000E+03     -0.1172091883019211E+04      0.1374371800473499E+07
  0.25700000E+03     -0.1177081110008784E+04      0.1386080528396661E+07
  0.25800000E+03     -0.1182164861225966E+04      0.1398062097166457E+07
  0.25900000E+03     -0.1187369604088913E+04      0.1410382771612306E+07
  0.26000000E+03     -0.1192709116013791E+04      0.1423080730558675E+07
  0.26100000E+03     -0.1198149384644267E+04      0.1436077693998746E+07
  0.26200000E+03     -0.1203559721641634E+04      0.1449061356619331E+07
  0.26300000E+03     -0.1209225024432479E+04      0.1462723306303104E+07
  0.26400000E+03     -0.1214969897253149E+04      0.1476643619826522E+07
  0.26500000E+03     -0.1220635399472591E+04      0.1490437135639262E+07
  0.26600000E+03     -0.1226553844721331E+04      0.1504914136192848E+07
  0.26700000E+03     -0.1232564604480518E+04      0.1519690699044684E+07
  0.26800000E+03     -0.1238628626882961E+04      0.1534673287453213E+07
  0.26900000E+03     -0.1244755384647057E+04      0.1549885185505174E+07
  0.27000000E+03     -0.1250962146802373E+04      0.1565373223167798E+07
  0.27100000E+03     -0.1257238318086911E+04      0.1581113360698928E+07
  0.27200000E+03     -0.1263539741995412E+04      0.1596996994533757E+07
  0.27300000E+03     -0.1269886453078732E+04      0.1613075452484043E+07
  0.27400000E+03     -0.1276254488582664E+04      0.1629288987185588E+07
  0.27500000E+03     -0.1282629814335436E+04      0.1645603810743851E+07
  0.27600000E+03     -0.1289071774305794E+04      0.1662172668443509E+07
  0.27700000E+03     -0.1295563907249882E+04      0.1678951505228951E+07
  0.27800000E+03     -0.1302080737458875E+04      0.1695879500775233E+07
  0.27900000E+03     -0.1308581774686061E+04      0.1712853521600811E+07
  0.28000000E+03     -0.1315083406285821E+04      0.1729913322158195E+07
  0.28100000E+03     -0.1321641507353274E+04      0.1747206417937818E+07
  0.28200000E+03     -0.1328192410640583E+04      0.1764568714870866E+07
  0.28300000E+03     -0.1334737523897098E+04      0.1781999940395604E+07
  0.28400000E+03     -0.1341319831695132E+04      0.1799617841567062E+07
  0.28500000E+03     -0.1347843402768619E+04      0.1817162610390873E+07
  0.28600000E+03     -0.1354412232567285E+04      0.1834916766603730E+07
  0.28700000E+03     -0.1360959074632945E+04      0.1852696320377506E+07
  0.28800000E+03     -0.1367504736274343E+04      0.1870560773557363E+07
  0.28900000E+03     -0.1374051592490430E+04      0.1888513157074286E+07
  0.29000000E+03     -0.1380564961423582E+04      0.1906459963793903E+07
  0.29100000E+03     -0.1387147945515918E+04      0.1924684833554317E+07
  0.29200000E+03     -0.1393595275643748E+04      0.1942617755276563E+07
  0.29300000E+03     -0.1400089098668835E+04      0.1960763963594643E+07
  0.29400000E+03     -0.1406559192385496E+04      0.1978928314781921E+07
  0.29500000E+03     -0.1412928104679316E+04      0.1996891599181765E+07
  0.29600000E+03     -0.1419407561167517E+04      0.2015250061424467E+07
  0.29700000E+03     -0.1425915915600460E+04      0.2033773024277295E+07
  0.29800000E+03     -0.1432296675392866E+04      0.2052018198077374E+07
  0.29900000E+03     -0.1438663310742635E+04      0.2070300113887368E+07
  0.30000000E+03     -0.1444984042595534E+04      0.2088531534092887E+07
  0.30100000E+03     -0.1451267426064087E+04      0.2106734586775078E+07
  0.30200000E+03     -0.1457557712240077E+04      0.2125035078248027E+07
  0.30300000E+03     -0.1463902237292160E+04      0.2143575712010304E+07
  0.30400000E+03     -0.1470081932618986E+04      0.2161711996422217E+07
  0.30500000E+03     -0.1476283934730340E+04      0.2179987520786642E+07
  0.30600000E+03     -0.1482557724451251E+04      0.2198555332701022E+07
  0.30700000E+03     -0.1488745078345895E+04      0.2216942405237888E+07
  0.30800000E+03     -0.1494929210194046E+04      0.2235396856796676E+07
  0.30900000E+03     -0.1500975965404824E+04      0.2253515668987034E+07
  0.31000000E+03     -0.1507093232680669E+04      0.2271918413225958E+07
  0.31100000E+03     -0.1513237662588037E+04      0.2290474854338400E+07
  0.31200000E+03     -0.1519375301495676E+04      0.2309086135477927E+07
  0.31300000E+03     -0.1525555056336781E+04      0.2327903060763558E+07
  0.31400000E+03     -0.1531686446739350E+04      0.2346646330458191E+07
  0.31500000E+03     -0.1537828679315101E+04      0.2365498054413980E+07
  0.31600000E+03     -0.1544065697920072E+04      0.2384713928329519E+07
  0.31700000E+03     -0.1550356497327001E+04      0.2404178608304751E+07
  0.31800000E+03     -0.1556686905315446E+04      0.2423849652565525E+07
  0.31900000E+03     -0.1562953365639068E+04      0.2443393828578965E+07
  0.32000000E+03     -0.1569339938449665E+04      0.2463397297523587E+07
  0.32100000E+03     -0.1575767192491222E+04      0.2483615115512641E+07
  0.32200000E+03     -0.1582172587871605E+04      0.2503842571525128E+07
  0.32300000E+03     -0.1588588502317767E+04      0.2524186237853694E+07
  0.32400000E+03     -0.1594995530595457E+04      0.2544580819731532E+07
  0.32500000E+03     -0.1601463058208273E+04      0.2565256223849302E+07
  0.32600000E+03     -0.1607895057675217E+04      0.2585901841905476E+07
  0.32700000E+03     -0.1614367799983087E+04      0.2606761544824142E+07
  0.32800000E+03     -0.1620877374007601E+04      0.2627826732547676E+07
  0.32900000E+03     -0.1627304715184104E+04      0.2648713526484582E+07
  0.33000000E+03     -0.1633452089674560E+04      0.2668769692173307E+07
  0.33100000E+03     -0.1639760275275657E+04      0.2689428836193785E+07
  0.33200000E+03     -0.1646046685472014E+04      0.2710096000565952E+07
  0.33300000E+03     -0.1652034895347684E+04      0.2729862155505136E+07
  0.33400000E+03     -0.1658101656270732E+04      0.2749960305497314E+07
  0.33500000E+03     -0.1664084043003565E+04      0.2769852866535971E+07
  0.33600000E+03     -0.1669985687517752E+04      0.2789545894273533E+07
  0.33700000E+03     -0.1675660171177322E+04      0.2808543689397986E+07
  0.33800000E+03     -0.1681300955777936E+04      0.2827488285575485E+07
  0.33900000E+03     -0.1686776203950191E+04      0.2845930050818444E+07
  0.34000000E+03     -0.1692316666108061E+04      0.2864644743178012E+07
  0.34100000E+03     -0.1697843497744673E+04      0.2883365498768087E+07
  0.34200000E+03     -0.1703424180175361E+04      0.2902319195839667E+07
  0.34300000E+03     -0.1709362269483767E+04      0.2922554362143579E+07
  0.34400000E+03     -0.1715455804008212E+04      0.2943386360415484E+07
  0.34500000E+03     -0.1721739573763812E+04      0.2964940100690298E+07
  0.34600000E+03     -0.1728361195788979E+04      0.2987735933077220E+07
  0.34700000E+03     -0.1735312200764340E+04      0.3011764680583391E+07
  0.34800000E+03     -0.1742504249409269E+04      0.3036730929173580E+07
  0.34900000E+03     -0.1750166773078622E+04      0.3063453654112161E+07
  0.35000000E+03     -0.1758083818559133E+04      0.3091194124130994E+07
  0.35100000E+03     -0.1766392717678465E+04      0.3120448027394239E+07
  0.35200000E+03     -0.1774884354229855E+04      0.3150493143355905E+07
  0.35300000E+03     -0.1783609846561851E+04      0.3181519954077507E+07
  0.35400000E+03     -0.1792477046469717E+04      0.3213212032477839E+07
  0.35500000E+03     -0.1801566613187897E+04      0.3245864345055652E+07
  0.35600000E+03     -0.1810877122650839E+04      0.3279485951801849E+07
  0.35700000E+03     -0.1820271929071313E+04      0.3313590664729333E+07
  0.35800000E+03     -0.1829843470072160E+04      0.3348518833464151E+07
  0.35900000E+03     -0.1839435902380043E+04      0.3383709313987006E+07
  0.36000000E+03     -0.1849047509978363E+04      0.3419155695631693E+07
  0.36100000E+03     -0.1858875958791187E+04      0.3455595217963908E+07
  0.36200000E+03     -0.1868691661293565E+04      0.3492179820677673E+07
  0.36300000E+03     -0.1878577066170405E+04      0.3529220216613158E+07
  0.36400000E+03     -0.1888539409371048E+04      0.3566746884852198E+07
  0.36500000E+03     -0.1898658402530589E+04      0.3605066972228181E+07
  0.36600000E+03     -0.1908792511642518E+04      0.3643650736557766E+07
  0.36700000E+03     -0.1918958676424008E+04      0.3682563544350032E+07
  0.36800000E+03     -0.1929143209643544E+04      0.3721753104040410E+07
  0.36900000E+03     -0.1939425908540996E+04      0.3761532055315799E+07
  0.37000000E+03     -0.1949730784738203E+04      0.3801609725795544E+07
  0.37100000E+03     -0.1960008254665904E+04      0.3841791898838853E+07
  0.37200000E+03     -0.1970412343057975E+04      0.3882684189001604E+07
  0.37300000E+03     -0.1980892589663220E+04      0.3924094234972803E+07
  0.37400000E+03     -0.1991369104797761E+04      0.3965710605283174E+07
  0.37500000E+03     -0.2001846402019527E+04      0.4007549501729004E+07
  0.37600000E+03     -0.2012360140145795E+04      0.4049753561936696E+07
  0.37700000E+03     -0.2022945143462904E+04      0.4092467723598073E+07
  0.37800000E+03     -0.2033559733738284E+04      0.4135526144421754E+07
  0.37900000E+03     -0.2044209642748625E+04      0.4178955021473412E+07
  0.38000000E+03     -0.2054856423695683E+04      0.4222597180910741E+07
  0.38100000E+03     -0.2065492072878018E+04      0.4266420591354549E+07
  0.38200000E+03     -0.2076264968222471E+04      0.4311040252778485E+07
  0.38300000E+03     -0.2087028007298667E+04      0.4355851165551802E+07
  0.38400000E+03     -0.2097736740879415E+04      0.4400665667114060E+07
  0.38500000E+03     -0.2108584383409859E+04      0.4446294833372261E+07
  0.38600000E+03     -0.2119399695210649E+04      0.4492023373169484E+07
  0.38700000E+03     -0.2130329626797411E+04      0.4538473538397151E+07
  0.38800000E+03     -0.2141204019240008E+04      0.4584924584259541E+07
  0.38900000E+03     -0.2152081561975618E+04      0.4631626362275799E+07
  0.39000000E+03     -0.2163001831151154E+04      0.4678749382781123E+07
  0.39100000E+03     -0.2173918958147858E+04      0.4726097698089507E+07
  0.39200000E+03     -0.2184822192249822E+04      0.4773623841065377E+07
  0.39300000E+03     -0.2195936529845542E+04      0.4822313449306586E+07
  0.39400000E+03     -0.2206886977817104E+04      0.4870527241018648E+07
  0.39500000E+03     -0.2217983122424055E+04      0.4919627808130618E+07
  0.39600000E+03     -0.2229033834175572E+04      0.4968772413160367E+07
  0.39700000E+03     -0.2240095399436409E+04      0.5018208793318615E+07
  0.39800000E+03     -0.2251195086957493E+04      0.5068062342060689E+07
  0.39900000E+03     -0.2262319396063835E+04      0.5118273259074593E+07
  0.40000000E+03     -0.2273477258083530E+04      0.5168884233652603E+07
  0.40100000E+03     -0.2284608240089963E+04      0.5219621887281767E+07
  0.40200000E+03     -0.2295757488193762E+04      0.5270691133124662E+07
  0.40300000E+03     -0.2306944642254008E+04      0.5322183307511772E+07
  0.40400000E+03     -0.2318121752072738E+04      0.5373879840985844E+07
  0.40500000E+03     -0.2329239200224750E+04      0.5425548848210022E+07
  0.40600000E+03     -0.2340551385422896E+04      0.5478375448639892E+07
  0.40700000E+03     -0.2351904315958671E+04      0.5531651070081758E+07
  0.40800000E+03     -0.2363104635382295E+04      0.5584459967223027E+07
  0.40900000E+03     -0.2374456812802299E+04      0.5638244166989307E+07
  0.41000000E+03     -0.2385639199297006E+04      0.5691474737303253E+07
  0.41100000E+03     -0.2396941295184328E+04      0.5745529758803087E+07
  0.41200000E+03     -0.2408262518440386E+04      0.5799931915163372E+07
  0.41300000E+03     -0.2419533057612708E+04      0.5854345690247934E+07
  0.41400000E+03     -0.2430878718682551E+04      0.5909380034136420E+07
  0.41500000E+03     -0.2442215093906787E+04      0.5964624526017556E+07
  0.41600000E+03     -0.2453592042855905E+04      0.6020325305835481E+07
  0.41700000E+03     -0.2464988936851008E+04      0.6076383505699216E+07
  0.41800000E+03     -0.2476405541674276E+04      0.6132798303979734E+07
  0.41900000E+03     -0.2487765830075085E+04      0.6189194780203706E+07
  0.42000000E+03     -0.2499145480622954E+04      0.6245946749328702E+07
  0.42100000E+03     -0.2510555028321435E+04      0.6303107132482534E+07
  0.42200000E+03     -0.2521986178386219E+04      0.6360635754895728E+07
  0.42300000E+03     -0.2533380178762780E+04      0.6418237925486515E+07
  0.42400000E+03     -0.2544646897079957E+04      0.6475453381390040E+07
  0.42500000E+03     -0.2556164225865864E+04      0.6534202525510677E+07
  0.42600000E+03     -0.2567600903870632E+04      0.6592803961912702E+07
  0.42700000E+03     -0.2579103534349211E+04      0.6652005337792460E+07
  0.42800000E+03     -0.2590408243481630E+04      0.6710447374589291E+07
  0.42900000E+03     -0.2601835622917372E+04      0.6769782936271721E+07
  0.43000000E+03     -0.2613265002051042E+04      0.6829390455869714E+07
  0.43100000E+03     -0.2624673209700082E+04      0.6889150137563544E+07
  0.43200000E+03     -0.2636187328302976E+04      0.6949724606522413E+07
  0.43300000E+03     -0.2647678011238129E+04      0.7010441323034033E+07
  0.43400000E+03     -0.2659056852664999E+04      0.7070827342512557E+07
  0.43500000E+03     -0.2670443322287453E+04      0.7131512799143672E+07
  0.43600000E+03     -0.2681923711439575E+04      0.7192962404523677E+07
  0.43700000E+03     -0.2693390233293346E+04      0.7254601342463293E+07
  0.43800000E+03     -0.2704745018121313E+04      0.7315896476630824E+07
  0.43900000E+03     -0.2716289879454630E+04      0.7378486047920836E+07
  0.44000000E+03     -0.2727651205297809E+04      0.7440338195502037E+07
  0.44100000E+03     -0.2739006775236602E+04      0.7502418250292873E+07
  0.44200000E+03     -0.2750508207667413E+04      0.7565556415865082E+07
  0.44300000E+03     -0.2761828000302539E+04      0.7627957206569452E+07
  0.44400000E+03     -0.2773245834692555E+04      0.7691158342013929E+07
  0.44500000E+03     -0.2784720941483615E+04      0.7754938365138046E+07
  0.44600000E+03     -0.2796029175498971E+04      0.7818049209249536E+07
  0.44700000E+03     -0.2807514264526073E+04      0.7882407109163026E+07
  0.44800000E+03     -0.2818866637215431E+04      0.7946284348419880E+07
  0.44900000E+03     -0.2830166466370062E+04      0.8010118043501725E+07
  0.45000000E+03     -0.2841460680429048E+04      0.8074176269968653E+07
  0.45100000E+03     -0.2852952499939861E+04      0.8139619460021998E+07
  0.45200000E+03     -0.2864296185378088E+04      0.8204477042256618E+07
  0.45300000E+03     -0.2875646370615324E+04      0.8269626326912867E+07
  0.45400000E+03     -0.2886816972076548E+04      0.8333999489727826E+07
  0.45500000E+03     -0.2898107904182858E+04      0.8399317362313893E+07
  0.45600000E+03     -0.2909430616254185E+04      0.8465077083908428E+07
  0.45700000E+03     -0.2920607949057711E+04      0.8530241519403610E+07
  0.45800000E+03     -0.2931789032980599E+04      0.8595679956359366E+07
  0.45900000E+03     -0.2943122250075696E+04      0.8662264805398976E+07
  0.46000000E+03     -0.2954503009670876E+04      0.8729388112155698E+07
  0.46100000E+03     -0.2965559625546166E+04      0.8794844505013725E+07
  0.46200000E+03     -0.2976753834484359E+04      0.8861368123937346E+07
  0.46300000E+03     -0.2987982252352018E+04      0.8928344149161393E+07
  0.46400000E+03     -0.2999053193905942E+04      0.8994628378102522E+07
  0.46500000E+03     -0.3010247534635206E+04      0.9061901854369596E+07
  0.46600000E+03     -0.3021354055726520E+04      0.9128892342448855E+07
  0.46700000E+03     -0.3032289239919166E+04      0.9195092012894852E+07
  0.46800000E+03     -0.3043373138619456E+04      0.9262435162390126E+07
  0.46900000E+03     -0.3054179276616415E+04      0.9328328067340648E+07
  0.47000000E+03     -0.3065421919924268E+04      0.9397132758011172E+07
  0.47100000E+03     -0.3076384579677796E+04      0.9464470328788972E+07
  0.47200000E+03     -0.3087282388701894E+04      0.9531639233611343E+07
  0.47300000E+03     -0.3098141778778987E+04      0.9598811852663713E+07
  0.47400000E+03     -0.3109196633026831E+04      0.9667437098784216E+07
  0.47500000E+03     -0.3120196676927202E+04      0.9735964674444705E+07
  0.47600000E+03     -0.3130920430670328E+04      0.9803000628328659E+07
  0.47700000E+03     -0.3141621771964271E+04      0.9870127365864009E+07
  0.47800000E+03     -0.3152569628277026E+04      0.9939036157160914E+07
  0.47900000E+03     -0.3163245732955619E+04      0.1000646724803996E+08
  0.48000000E+03     -0.3173859142063244E+04      0.1007372896140193E+08
  0.48100000E+03     -0.3184774850021441E+04      0.1014313929171757E+08
  0.48200000E+03     -0.3195650441667911E+04      0.1021253399798425E+08
  0.48300000E+03     -0.3206254711471290E+04      0.1028042180957276E+08
  0.48400000E+03     -0.3216871907940572E+04      0.1034862061953340E+08
  0.48500000E+03     -0.3227491831245117E+04      0.1041706000300275E+08
  0.48600000E+03     -0.3238426201569975E+04      0.1048780268279118E+08
  0.48700000E+03     -0.3251353718333221E+04      0.1057217232345511E+08
  0.48800000E+03     -0.3286285048470183E+04      0.1080400854469470E+08
  0.48900000E+03     -0.3397320377212472E+04      0.1154829348996234E+08
  0.49000000E+03     -0.3440475468057829E+04      0.1184002993963199E+08
  0.49100000E+03     -0.3425712812462333E+04      0.1174193377426013E+08
  0.49200000E+03     -0.3467727189386069E+04      0.1202821468928358E+08
  0.49300000E+03     -0.3489762703108565E+04      0.1218031387930494E+08
  0.49400000E+03     -0.3506754174839888E+04      0.1229876533796698E+08
  0.49500000E+03     -0.3463979134355013E+04      0.1200794600021208E+08
  0.49600000E+03     -0.3530774552781612E+04      0.1246887020451651E+08
  0.49700000E+03     -0.3548279662459551E+04      0.1259171634666759E+08
  0.49800000E+03     -0.3557399510350980E+04      0.1265589811176725E+08
  0.49900000E+03     -0.3571662472533329E+04      0.1275743580074921E+08
  0.50000000E+03     -0.3586061683438943E+04      0.1286045652049475E+08
  0.50100000E+03     -0.3598758563162372E+04      0.1295150359916059E+08
  0.50200000E+03     -0.3581540833727677E+04      0.1282787495388196E+08
  0.50300000E+03     -0.3593671632909171E+04      0.1291485220716315E+08
  0.50400000E+03     -0.3607690825255004E+04      0.1301579384662994E+08
  0.50500000E+03     -0.3621590606959397E+04      0.1311626834423680E+08
  0.50600000E+03     -0.3635766166952157E+04      0.1321913266744583E+08
  0.50700000E+03     -0.3650650310573329E+04      0.1332757910863445E+08
  0.50800000E+03     -0.3666262756021343E+04      0.1344181250410388E+08
  0.50900000E+03     -0.3670330389820807E+04      0.1347166279922358E+08
  0.51000000E+03     -0.3681568190680505E+04      0.1355428627481951E+08
