  0.00000000E+00     -0.3256365250855446E-09      0.2057855916619298E-18
  0.10000000E+01     -0.6057403272542670E-03      0.3669213440679407E-06
  0.20000000E+01     -0.3784507946220714E-01      0.2246803138025927E-01
  0.30000000E+01     -0.1118824050448343E+00      0.7645251321021919E-01
  0.40000000E+01     -0.2227150991643012E+00      0.1790406145580410E+00
  0.50000000E+01     -0.3705824941707169E+00      0.3557762865229177E+00
  0.60000000E+01     -0.5554619571214553E+00      0.6406431290290014E+00
  0.70000000E+01     -0.7775614528934296E+00      0.1075735359807990E+01
  0.80000000E+01     -0.1036751799338145E+01      0.1710930224823864E+01
  0.90000000E+01     -0.1333613276687555E+01      0.2607703508285927E+01
  0.10000000E+02     -0.1667619562448260E+01      0.3830973418845967E+01
  0.11000000E+02     -0.2039372621432773E+01      0.5459630738792117E+01
  0.12000000E+02     -0.2449214409713223E+01      0.7581383733047343E+01
  0.13000000E+02     -0.2896236179780177E+01      0.1028584061438717E+02
  0.14000000E+02     -0.3381809358390407E+01      0.1368303580379502E+02
  0.15000000E+02     -0.3906023176613759E+01      0.1788754542212065E+02
  0.16000000E+02     -0.4468208958967095E+01      0.2301675132948194E+02
  0.17000000E+02     -0.5069286487005312E+01      0.2920896829510344E+02
  0.18000000E+02     -0.5708469374246277E+01      0.3659733784944634E+02
  0.19000000E+02     -0.6387429068008715E+01      0.4535422472566038E+02
  0.20000000E+02     -0.7104446902837198E+01      0.5561381102588479E+02
  0.21000000E+02     -0.7860743632366864E+01      0.6756319840118482E+02
  0.22000000E+02     -0.8656204552750316E+01      0.8138257693826709E+02
  0.23000000E+02     -0.9491681687274479E+01      0.9727743043405070E+02
  0.24000000E+02     -0.1036734947439629E+02      0.1154543359363450E+03
  0.25000000E+02     -0.1128202748557660E+02      0.1360981335212854E+03
  0.26000000E+02     -0.1223774317269544E+02      0.1594798239873672E+03
  0.27000000E+02     -0.1323423380630079E+02      0.1858281084149968E+03
  0.28000000E+02     -0.1426997798653834E+02      0.2153409394224794E+03
  0.29000000E+02     -0.1534667662019469E+02      0.2483188075304530E+03
  0.30000000E+02     -0.1646587494833563E+02      0.2850893465057775E+03
  0.31000000E+02     -0.1762435684014410E+02      0.3258139970885770E+03
  0.32000000E+02     -0.1882591833268142E+02      0.3709377190678509E+03
  0.33000000E+02     -0.2006854713545861E+02      0.4206683618345114E+03
  0.34000000E+02     -0.2135265876222998E+02      0.4753386830330451E+03
  0.35000000E+02     -0.2268009220855868E+02      0.5353679545169014E+03
  0.36000000E+02     -0.2405022312439403E+02      0.6010669320940176E+03
  0.37000000E+02     -0.2546192312406534E+02      0.6727200163355020E+03
  0.38000000E+02     -0.2691824027704097E+02      0.7508826307127862E+03
  0.39000000E+02     -0.2841568099063515E+02      0.8357248997566198E+03
  0.40000000E+02     -0.2995849472774414E+02      0.9278657449744462E+03
  0.41000000E+02     -0.3154357272818729E+02      0.1027533421716308E+04
  0.42000000E+02     -0.3317302613881465E+02      0.1135286153494974E+04
  0.43000000E+02     -0.3484434413833742E+02      0.1251403769777153E+04
  0.44000000E+02     -0.3656184772622056E+02      0.1376587506940097E+04
  0.45000000E+02     -0.3832578090476336E+02      0.1511387316708970E+04
  0.46000000E+02     -0.4013141414337072E+02      0.1655862279673534E+04
  0.47000000E+02     -0.4198493218536031E+02      0.1811044191507380E+04
  0.48000000E+02     -0.4388042379604849E+02      0.1976912672772057E+04
  0.49000000E+02     -0.4582381065832946E+02      0.2154516689361736E+04
  0.50000000E+02     -0.4781029428482997E+02      0.2343884620364800E+04
  0.51000000E+02     -0.4984556904072298E+02      0.2546204286337464E+04
  0.52000000E+02     -0.5192411215660032E+02      0.2761467400677881E+04
  0.53000000E+02     -0.5404907401435300E+02      0.2990519091838683E+04
  0.54000000E+02     -0.5622090500250282E+02      0.3233996932982751E+04
  0.55000000E+02     -0.5843847281004402E+02      0.3492427472705165E+04
  0.56000000E+02     -0.6069749374327035E+02      0.3765826136578822E+04
  0.57000000E+02     -0.6300844776638025E+02      0.4056174319700461E+04
  0.58000000E+02     -0.6536151385841949E+02      0.4362847771451334E+04
  0.59000000E+02     -0.6775996845050815E+02      0.4686910502886754E+04
  0.60000000E+02     -0.7020197354405778E+02      0.5028641589855665E+04
  0.61000000E+02     -0.7268913390909836E+02      0.5389051730826319E+04
  0.62000000E+02     -0.7522311423090373E+02      0.5769042449340634E+04
  0.63000000E+02     -0.7779302266512910E+02      0.6167460223296693E+04
  0.64000000E+02     -0.8041041460336548E+02      0.6586843999413763E+04
  0.65000000E+02     -0.8307473873209388E+02      0.7027964976332472E+04
  0.66000000E+02     -0.8577615859839160E+02      0.7489664119775657E+04
  0.67000000E+02     -0.8852548553844504E+02      0.7974581073967029E+04
  0.68000000E+02     -0.9131673303785735E+02      0.8482435870825109E+04
  0.69000000E+02     -0.9414656492410590E+02      0.9013125848515523E+04
  0.70000000E+02     -0.9701959725076841E+02      0.9568284487597468E+04
  0.71000000E+02     -0.9993053452970321E+02      0.1014758600225823E+05
  0.72000000E+02     -0.1028820633653593E+03      0.1075232294144809E+05
  0.73000000E+02     -0.1058711032049366E+03      0.1138239503158823E+05
  0.74000000E+02     -0.1088969846367169E+03      0.1203830861442230E+05
  0.75000000E+02     -0.1119638929282278E+03      0.1272187893835622E+05
  0.76000000E+02     -0.1150709391001600E+03      0.1343343251540907E+05
  0.77000000E+02     -0.1182096382503165E+03      0.1417190087958997E+05
  0.78000000E+02     -0.1213904473096017E+03      0.1494018346830138E+05
  0.79000000E+02     -0.1245982874867212E+03      0.1573556896565783E+05
  0.80000000E+02     -0.1278428489071454E+03      0.1656080350764949E+05
  0.81000000E+02     -0.1311216898017402E+03      0.1741600013370680E+05
  0.82000000E+02     -0.1344332797135187E+03      0.1830146288371762E+05
  0.83000000E+02     -0.1377738248115516E+03      0.1921688238734618E+05
  0.84000000E+02     -0.1411493121768884E+03      0.2016447662075365E+05
  0.85000000E+02     -0.1445530230231500E+03      0.2114298966370052E+05
  0.86000000E+02     -0.1479935127169581E+03      0.2215545644875562E+05
  0.87000000E+02     -0.1514568144644977E+03      0.2319851869512285E+05
  0.88000000E+02     -0.1549495968632120E+03      0.2427452189090531E+05
  0.89000000E+02     -0.1584662190452925E+03      0.2538236892669800E+05
  0.90000000E+02     -0.1620171833994221E+03      0.2652606696277668E+05
  0.91000000E+02     -0.1655927210502360E+03      0.2770302418766391E+05
  0.92000000E+02     -0.1691931358089149E+03      0.2891390881062462E+05
  0.93000000E+02     -0.1728248791422663E+03      0.3016164025006136E+05
  0.94000000E+02     -0.1764730743927695E+03      0.3144128439393682E+05
  0.95000000E+02     -0.1801490581978543E+03      0.3275750449248567E+05
  0.96000000E+02     -0.1838458803549275E+03      0.3410829016634549E+05
  0.97000000E+02     -0.1875618223869379E+03      0.3549347512608091E+05
  0.98000000E+02     -0.1912991293493807E+03      0.3691430001546779E+05
  0.99000000E+02     -0.1950575578600203E+03      0.3837137890164334E+05
  0.10000000E+03     -0.1988357275352596E+03      0.3986461859303546E+05
  0.10100000E+03     -0.2026419949353866E+03      0.4139762847287206E+05
  0.10200000E+03     -0.2064670173753688E+03      0.4296728424363364E+05
  0.10300000E+03     -0.2103126594102375E+03      0.4457476850807001E+05
  0.10400000E+03     -0.2141815628629189E+03      0.4622173348285700E+05
  0.10500000E+03     -0.2180685634399787E+03      0.4790639374187647E+05
  0.10600000E+03     -0.2219762213299177E+03      0.4963025634173914E+05
  0.10700000E+03     -0.2259059054832410E+03      0.5139471174447623E+05
  0.10800000E+03     -0.2298537622839162E+03      0.5319816425492564E+05
  0.10900000E+03     -0.2338213916623265E+03      0.5504194470271272E+05
  0.11000000E+03     -0.2378060477258998E+03      0.5692521557610374E+05
  0.11100000E+03     -0.2418048625126287E+03      0.5884688431692088E+05
  0.11200000E+03     -0.2458201659504825E+03      0.6080871776619009E+05
  0.11300000E+03     -0.2498431201619046E+03      0.6280648522080253E+05
  0.11400000E+03     -0.2538874254565677E+03      0.6484746088590803E+05
  0.11500000E+03     -0.2579480926593816E+03      0.6692969781369940E+05
  0.11600000E+03     -0.2620208349676109E+03      0.6905130243180126E+05
  0.11700000E+03     -0.2661193080907713E+03      0.7121935787984205E+05
  0.11800000E+03     -0.2702320830797014E+03      0.7342880746799658E+05
  0.11900000E+03     -0.2743529356042425E+03      0.7567630543857404E+05
  0.12000000E+03     -0.2784923507769159E+03      0.7796806905830676E+05
  0.12100000E+03     -0.2826496022689362E+03      0.8030400788544230E+05
  0.12200000E+03     -0.2868228355090787E+03      0.8268416025470172E+05
  0.12300000E+03     -0.2910106334422804E+03      0.8510744572948126E+05
  0.12400000E+03     -0.2952210551918217E+03      0.8757918652987177E+05
  0.12500000E+03     -0.2994414861256094E+03      0.9009221185139821E+05
  0.12600000E+03     -0.3036850888296300E+03      0.9265511838883966E+05
  0.12700000E+03     -0.3079419219725744E+03      0.9526191035431555E+05
  0.12800000E+03     -0.3122121762244649E+03      0.9791334089089982E+05
  0.12900000E+03     -0.3164913997370406E+03      0.1006069807845065E+06
  0.13000000E+03     -0.3207880316623135E+03      0.1033483340830313E+06
  0.13100000E+03     -0.3250995083972531E+03      0.1061365777593573E+06
  0.13200000E+03     -0.3294304133909687E+03      0.1089750540387041E+06
  0.13300000E+03     -0.3337776587709222E+03      0.1118615263947111E+06
  0.13400000E+03     -0.3381392332398908E+03      0.1147956586490492E+06
  0.13500000E+03     -0.3425144666759896E+03      0.1177770753589593E+06
  0.13600000E+03     -0.3469035514073582E+03      0.1208062758564156E+06
  0.13700000E+03     -0.3512947880161200E+03      0.1238753807826470E+06
  0.13800000E+03     -0.3557050595203201E+03      0.1269966531449809E+06
  0.13900000E+03     -0.3601363851472711E+03      0.1301721720450437E+06
  0.14000000E+03     -0.3645941077428737E+03      0.1334059910712217E+06
  0.14100000E+03     -0.3690466573907037E+03      0.1366760583438695E+06
  0.14200000E+03     -0.3735144167616372E+03      0.1399968610680410E+06
  0.14300000E+03     -0.3780052358723289E+03      0.1433751772434151E+06
  0.14400000E+03     -0.3825221244569698E+03      0.1468141513924978E+06
  0.14500000E+03     -0.3870353212005526E+03      0.1502904271103334E+06
  0.14600000E+03     -0.3915638397859252E+03      0.1538196702974718E+06
  0.14700000E+03     -0.3961086249550696E+03      0.1574029410966906E+06
  0.14800000E+03     -0.4006579445075122E+03      0.1610310960740638E+06
  0.14900000E+03     -0.4052206571693557E+03      0.1647116464437656E+06
  0.15000000E+03     -0.4097949739669188E+03      0.1684431311657990E+06
  0.15100000E+03     -0.4143928935018898E+03      0.1722364849908621E+06
  0.15200000E+03     -0.4191113711973368E+03      0.1761726951329437E+06
  0.15300000E+03     -0.4237224470357621E+03      0.1800625724847471E+06
  0.15400000E+03     -0.4283483361596599E+03      0.1840075318959272E+06
  0.15500000E+03     -0.4330478455700052E+03      0.1880589497151077E+06
  0.15600000E+03     -0.4376919266560429E+03      0.1921060705425616E+06
  0.15700000E+03     -0.4423509352102477E+03      0.1962095447927500E+06
  0.15800000E+03     -0.4470214093690473E+03      0.2003666568387767E+06
  0.15900000E+03     -0.4517065736854856E+03      0.2045805536337588E+06
  0.16000000E+03     -0.4563921474286975E+03      0.2088387458717804E+06
  0.16100000E+03     -0.4610917319044928E+03      0.2131536878894410E+06
  0.16200000E+03     -0.4657981004621585E+03      0.2175193657405237E+06
  0.16300000E+03     -0.4705100389854063E+03      0.2219341562710292E+06
  0.16400000E+03     -0.4752315555377784E+03      0.2264026669758629E+06
  0.16500000E+03     -0.4799584560738991E+03      0.2309210382063047E+06
  0.16600000E+03     -0.4846980819272869E+03      0.2354961570991830E+06
  0.16700000E+03     -0.4894438121614446E+03      0.2401220871791955E+06
  0.16800000E+03     -0.4942059917175581E+03      0.2448095113441321E+06
  0.16900000E+03     -0.4989763139251502E+03      0.2495500172100628E+06
  0.17000000E+03     -0.5037572054334314E+03      0.2543467508437273E+06
  0.17100000E+03     -0.5085307843238037E+03      0.2591817110057476E+06
  0.17200000E+03     -0.5133156221830957E+03      0.2640736538054546E+06
  0.17300000E+03     -0.5181191624837413E+03      0.2690306205343370E+06
  0.17400000E+03     -0.5229242648790520E+03      0.2740353684035850E+06
  0.17500000E+03     -0.5277346354907944E+03      0.2790915997114319E+06
  0.17600000E+03     -0.5325519266674301E+03      0.2842012543869640E+06
  0.17700000E+03     -0.5373762912481009E+03      0.2893647894624776E+06
  0.17800000E+03     -0.5422017363217293E+03      0.2945759685486294E+06
  0.17900000E+03     -0.5470441499839702E+03      0.2998521383805525E+06
  0.18000000E+03     -0.5518799175176865E+03      0.3051677438804567E+06
  0.18100000E+03     -0.5567230717241042E+03      0.3105381437608241E+06
  0.18200000E+03     -0.5615784128269161E+03      0.3159691974152685E+06
  0.18300000E+03     -0.5664378783429107E+03      0.3214520832067592E+06
  0.18400000E+03     -0.5713141433985642E+03      0.3270011795195169E+06
  0.18500000E+03     -0.5761939134317159E+03      0.3326017553985916E+06
  0.18600000E+03     -0.5810749580124011E+03      0.3382512723657558E+06
  0.18700000E+03     -0.5859678176226607E+03      0.3439623503944339E+06
  0.18800000E+03     -0.5908615182067491E+03      0.3497218588916971E+06
  0.18900000E+03     -0.5957645428134566E+03      0.3555405647929796E+06
  0.19000000E+03     -0.6006826082970821E+03      0.3614252743818064E+06
  0.19100000E+03     -0.6055990326230880E+03      0.3673562294990298E+06
  0.19200000E+03     -0.6105636470769725E+03      0.3733945988030403E+06
  0.19300000E+03     -0.6155085154431973E+03      0.3794574218934154E+06
  0.19400000E+03     -0.6204596685315844E+03      0.3855768629113145E+06
  0.19500000E+03     -0.6254656735686324E+03      0.3918146945915893E+06
  0.19600000E+03     -0.6304365711377631E+03      0.3980577807937049E+06
  0.19700000E+03     -0.6354272415546493E+03      0.4043753321650543E+06
  0.19800000E+03     -0.6404153198127775E+03      0.4107393706960592E+06
  0.19900000E+03     -0.6454191634514017E+03      0.4171733629350726E+06
  0.20000000E+03     -0.6504386213928371E+03      0.4236776740112972E+06
  0.20100000E+03     -0.6554637140954316E+03      0.4302396033899302E+06
  0.20200000E+03     -0.6605054165488788E+03      0.4368740640360191E+06
  0.20300000E+03     -0.6655619485272591E+03      0.4435791369440890E+06
  0.20400000E+03     -0.6706168908958986E+03      0.4503333416217099E+06
  0.20500000E+03     -0.6756852720485314E+03      0.4571563099992927E+06
  0.20600000E+03     -0.6807586096414519E+03      0.4640376112025118E+06
  0.20700000E+03     -0.6858526081408036E+03      0.4709987453158429E+06
  0.20800000E+03     -0.6909456620044601E+03      0.4780104595012616E+06
  0.20900000E+03     -0.6960575657994088E+03      0.4851002015112674E+06
  0.21000000E+03     -0.7011819856238517E+03      0.4922596125633513E+06
  0.21100000E+03     -0.7063284495588491E+03      0.4995029796819508E+06
  0.21200000E+03     -0.7114851924848316E+03      0.5068140016435594E+06
  0.21300000E+03     -0.7166474212404041E+03      0.5141857514407780E+06
  0.21400000E+03     -0.7218306302146885E+03      0.5216410458900848E+06
  0.21500000E+03     -0.7270249745718611E+03      0.5291662436040033E+06
  0.21600000E+03     -0.7322373393216897E+03      0.5367718074555403E+06
  0.21700000E+03     -0.7374524623195773E+03      0.5444358117484319E+06
  0.21800000E+03     -0.7426968554902827E+03      0.5521976065824928E+06
  0.21900000E+03     -0.7479466185481889E+03      0.5600224403103329E+06
  0.22000000E+03     -0.7532019109965503E+03      0.5679106346552545E+06
  0.22100000E+03     -0.7584786453168698E+03      0.5758865029890971E+06
  0.22200000E+03     -0.7637708968797264E+03      0.5839415073022188E+06
  0.22300000E+03     -0.7690249877190449E+03      0.5919937658059195E+06
  0.22400000E+03     -0.7743381438074437E+03      0.6001924777939310E+06
  0.22500000E+03     -0.7796714320853649E+03      0.6084793204410712E+06
  0.22600000E+03     -0.7850190059758283E+03      0.6168453286368032E+06
  0.22700000E+03     -0.7903855673563238E+03      0.6252986466696518E+06
  0.22800000E+03     -0.7957645690290549E+03      0.6338297685376416E+06
  0.22900000E+03     -0.8011479930443161E+03      0.6424256635679010E+06
  0.23000000E+03     -0.8065464475405885E+03      0.6511030376004063E+06
  0.23100000E+03     -0.8119676038448613E+03      0.6598759720200949E+06
  0.23200000E+03     -0.8173950041215062E+03      0.6687175544010510E+06
  0.23300000E+03     -0.8228564893026216E+03      0.6776736151382267E+06
  0.23400000E+03     -0.8283212250129244E+03      0.6866955224809258E+06
  0.23500000E+03     -0.8337915474502435E+03      0.6957863157805083E+06
  0.23600000E+03     -0.8392827444937689E+03      0.7049716240646130E+06
  0.23700000E+03     -0.8447936480247961E+03      0.7142497709145549E+06
  0.23800000E+03     -0.8503078716902885E+03      0.7235948208978992E+06
  0.23900000E+03     -0.8558483250976823E+03      0.7330453859669421E+06
  0.24000000E+03     -0.8614079913152977E+03      0.7425902179688419E+06
  0.24100000E+03     -0.8669890693038866E+03      0.7522347305165338E+06
  0.24200000E+03     -0.8725785719074261E+03      0.7619548707275660E+06
  0.24300000E+03     -0.8782070378319413E+03      0.7718063470703519E+06
  0.24400000E+03     -0.8838366661122483E+03      0.7817224371220414E+06
  0.24500000E+03     -0.8895087615385331E+03      0.7917785167400208E+06
  0.24600000E+03     -0.8951738586005697E+03      0.8018859273064313E+06
  0.24700000E+03     -0.9008832624696832E+03      0.8121365788653375E+06
  0.24800000E+03     -0.9065996708099719E+03      0.8224648195963902E+06
  0.24900000E+03     -0.9123318662495626E+03      0.8328876906958723E+06
  0.25000000E+03     -0.9180844050840548E+03      0.8434134635727853E+06
  0.25100000E+03     -0.9238447615841692E+03      0.8540189327581546E+06
  0.25200000E+03     -0.9296676996882536E+03      0.8648074557933825E+06
  0.25300000E+03     -0.9354945312185914E+03      0.8756704463526763E+06
  0.25400000E+03     -0.9413589948566507E+03      0.8866722023307765E+06
  0.25500000E+03     -0.9472117456039839E+03      0.8977202922503180E+06
  0.25600000E+03     -0.9531130243377773E+03      0.9089299347928001E+06
  0.25700000E+03     -0.9590413725604243E+03      0.9202603523288339E+06
  0.25800000E+03     -0.9650077751421708E+03      0.9317345331857181E+06
  0.25900000E+03     -0.9709812048629807E+03      0.9432933193033512E+06
  0.26000000E+03     -0.9769898908401129E+03      0.9549922346826512E+06
  0.26100000E+03     -0.9830474511965805E+03      0.9668594425837718E+06
  0.26200000E+03     -0.9891137166096845E+03      0.9788159695316168E+06
  0.26300000E+03     -0.9952178371550758E+03      0.9909225668224304E+06
  0.26400000E+03     -0.1001354807998011E+04      0.1003168966792875E+07
  0.26500000E+03     -0.1007511962577307E+04      0.1015530383878293E+07
  0.26600000E+03     -0.1013733670795027E+04      0.1028099606353366E+07
  0.26700000E+03     -0.1019977012098699E+04      0.1040789759180188E+07
  0.26800000E+03     -0.1026280283707662E+04      0.1053681511643049E+07
  0.26900000E+03     -0.1032574036365939E+04      0.1066632210711487E+07
  0.27000000E+03     -0.1038937630821267E+04      0.1079806929264607E+07
  0.27100000E+03     -0.1045323585045297E+04      0.1093110439166494E+07
  0.27200000E+03     -0.1051749328976538E+04      0.1106578059989672E+07
  0.27300000E+03     -0.1058228921972892E+04      0.1120243505778075E+07
  0.27400000E+03     -0.1064752495264391E+04      0.1134085824194934E+07
  0.27500000E+03     -0.1071317721312054E+04      0.1148102624471084E+07
  0.27600000E+03     -0.1077904928202978E+04      0.1162252613336191E+07
  0.27700000E+03     -0.1084547144195558E+04      0.1176609236741755E+07
  0.27800000E+03     -0.1091260723611510E+04      0.1191209020177642E+07
  0.27900000E+03     -0.1097982598263781E+04      0.1205917940349072E+07
  0.28000000E+03     -0.1104767522826893E+04      0.1220856617503863E+07
  0.28100000E+03     -0.1111611232476086E+04      0.1236018617856159E+07
  0.28200000E+03     -0.1118479134091624E+04      0.1251328732843517E+07
  0.28300000E+03     -0.1125387907283597E+04      0.1266824313048328E+07
  0.28400000E+03     -0.1132343848918665E+04      0.1282522329314592E+07
  0.28500000E+03     -0.1139354267958081E+04      0.1298441522220956E+07
  0.28600000E+03     -0.1146371041843442E+04      0.1314474120563581E+07
  0.28700000E+03     -0.1153459281374369E+04      0.1330769760188325E+07
  0.28800000E+03     -0.1160590277961484E+04      0.1347265268684549E+07
  0.28900000E+03     -0.1167765763799112E+04      0.1363966978682057E+07
  0.29000000E+03     -0.1174986770610421E+04      0.1380878832652183E+07
  0.29100000E+03     -0.1182267522246927E+04      0.1398035633309955E+07
  0.29200000E+03     -0.1189576547854219E+04      0.1415366333469849E+07
  0.29300000E+03     -0.1196951185150100E+04      0.1432961568888687E+07
  0.29400000E+03     -0.1204380721540698E+04      0.1450797340555307E+07
  0.29500000E+03     -0.1211834910856176E+04      0.1468803595827814E+07
  0.29600000E+03     -0.1219322610060040E+04      0.1487002811523367E+07
  0.29700000E+03     -0.1226881355029271E+04      0.1505488872964913E+07
  0.29800000E+03     -0.1234461099989224E+04      0.1524140930238903E+07
  0.29900000E+03     -0.1242106835863022E+04      0.1543072610113721E+07
  0.30000000E+03     -0.1249801681615260E+04      0.1562244249729775E+07
  0.30100000E+03     -0.1257527170262075E+04      0.1581610596428651E+07
  0.30200000E+03     -0.1265283099454882E+04      0.1601173599925713E+07
  0.30300000E+03     -0.1273098628952757E+04      0.1621009505849611E+07
  0.30400000E+03     -0.1280960298087088E+04      0.1641085686778541E+07
  0.30500000E+03     -0.1288855356036786E+04      0.1661371824338370E+07
  0.30600000E+03     -0.1296827443933650E+04      0.1681983008226797E+07
  0.30700000E+03     -0.1304812416893049E+04      0.1702754572898434E+07
  0.30800000E+03     -0.1312856401512771E+04      0.1723808989617046E+07
  0.30900000E+03     -0.1320928449371380E+04      0.1745066717470895E+07
  0.31000000E+03     -0.1329016296788252E+04      0.1766497062519487E+07
  0.31100000E+03     -0.1337178547557129E+04      0.1788257704792103E+07
  0.31200000E+03     -0.1345378543386412E+04      0.1810252948891042E+07
  0.31300000E+03     -0.1353624945934717E+04      0.1832508641188586E+07
  0.31400000E+03     -0.1361888709815973E+04      0.1854947109013292E+07
  0.31500000E+03     -0.1370219710450804E+04      0.1877706937845416E+07
  0.31600000E+03     -0.1378552815513615E+04      0.1900611740350949E+07
  0.31700000E+03     -0.1386957203320457E+04      0.1923852875690629E+07
  0.31800000E+03     -0.1395384618518461E+04      0.1947300232111712E+07
  0.31900000E+03     -0.1403856530944361E+04      0.1971014448905001E+07
  0.32000000E+03     -0.1412351426786701E+04      0.1994937147406141E+07
  0.32100000E+03     -0.1420885262112540E+04      0.2019115284380189E+07
  0.32200000E+03     -0.1429466176447256E+04      0.2043573330069863E+07
  0.32300000E+03     -0.1438088035743941E+04      0.2068296531878872E+07
  0.32400000E+03     -0.1446743963153238E+04      0.2093266402456694E+07
  0.32500000E+03     -0.1455413830766130E+04      0.2118427309771943E+07
  0.32600000E+03     -0.1464121200975663E+04      0.2143848381629604E+07
  0.32700000E+03     -0.1472862384768782E+04      0.2169521181450848E+07
  0.32800000E+03     -0.1481654657475852E+04      0.2195497908762434E+07
  0.32900000E+03     -0.1490492241865179E+04      0.2221764389722413E+07
  0.33000000E+03     -0.1499349630266910E+04      0.2248247063781765E+07
  0.33100000E+03     -0.1508249010989301E+04      0.2275013010822652E+07
  0.33200000E+03     -0.1517157285164632E+04      0.2301963974157263E+07
  0.33300000E+03     -0.1526137529488854E+04      0.2329294257519187E+07
  0.33400000E+03     -0.1535104001153131E+04      0.2356742580094459E+07
  0.33500000E+03     -0.1544108488466900E+04      0.2384469835935573E+07
  0.33600000E+03     -0.1553147155991679E+04      0.2412465891331809E+07
  0.33700000E+03     -0.1562239825893409E+04      0.2440793412261444E+07
  0.33800000E+03     -0.1571353147312718E+04      0.2469351218357975E+07
  0.33900000E+03     -0.1580498824396168E+04      0.2498178330550320E+07
  0.34000000E+03     -0.1589709671508764E+04      0.2527378848858470E+07
  0.34100000E+03     -0.1598912516029273E+04      0.2556723806445963E+07
  0.34200000E+03     -0.1608147066058512E+04      0.2586340965222875E+07
  0.34300000E+03     -0.1617433777134057E+04      0.2616296195159276E+07
  0.34400000E+03     -0.1626738191377081E+04      0.2646481953485360E+07
  0.34500000E+03     -0.1636058789388861E+04      0.2676894349503439E+07
  0.34600000E+03     -0.1645425766859845E+04      0.2707633081792410E+07
  0.34700000E+03     -0.1654772743087275E+04      0.2738481139551594E+07
  0.34800000E+03     -0.1664186976329191E+04      0.2769727371385643E+07
  0.34900000E+03     -0.1673645523281175E+04      0.2801299838835320E+07
  0.35000000E+03     -0.1683121536922036E+04      0.2833110182791576E+07
  0.35100000E+03     -0.1692580017698323E+04      0.2865040071977724E+07
  0.35200000E+03     -0.1702086387678502E+04      0.2897311936032286E+07
  0.35300000E+03     -0.1711654470289380E+04      0.2929976166761584E+07
  0.35400000E+03     -0.1721214513347033E+04      0.2962795884651284E+07
  0.35500000E+03     -0.1730819670313905E+04      0.2995954303815772E+07
  0.35600000E+03     -0.1740397309371924E+04      0.3029201746875932E+07
  0.35700000E+03     -0.1750080363603445E+04      0.3063001467253663E+07
  0.35800000E+03     -0.1759729837455801E+04      0.3096870612182292E+07
  0.35900000E+03     -0.1769426674174295E+04      0.3131093982696394E+07
  0.36000000E+03     -0.1779162673211361E+04      0.3165644831226361E+07
  0.36100000E+03     -0.1788921297617419E+04      0.3200465888743185E+07
  0.36200000E+03     -0.1798654379215617E+04      0.3235385637376174E+07
  0.36300000E+03     -0.1808447268787088E+04      0.3270710665674114E+07
  0.36400000E+03     -0.1818266549682897E+04      0.3306323969796779E+07
  0.36500000E+03     -0.1828138305111029E+04      0.3342322404220758E+07
  0.36600000E+03     -0.1837957764899936E+04      0.3378322969039220E+07
  0.36700000E+03     -0.1847846201707424E+04      0.3414771864875023E+07
  0.36800000E+03     -0.1857771180722494E+04      0.3451551854520679E+07
  0.36900000E+03     -0.1867662126351736E+04      0.3488402261507318E+07
  0.37000000E+03     -0.1877642566383443E+04      0.3525782834753979E+07
  0.37100000E+03     -0.1887605458268350E+04      0.3563297315430428E+07
  0.37200000E+03     -0.1897582977656702E+04      0.3601065844412140E+07
  0.37300000E+03     -0.1907628921066574E+04      0.3639295626268586E+07
  0.37400000E+03     -0.1917645647534320E+04      0.3677613475360201E+07
  0.37500000E+03     -0.1927709854147310E+04      0.3716315475889431E+07
  0.37600000E+03     -0.1937720121884949E+04      0.3755011984019852E+07
  0.37700000E+03     -0.1947790280073529E+04      0.3794141313598985E+07
  0.37800000E+03     -0.1957903422466922E+04      0.3833641866906903E+07
  0.37900000E+03     -0.1968044466044584E+04      0.3873457809588085E+07
  0.38000000E+03     -0.1978190669795874E+04      0.3913498644192148E+07
  0.38100000E+03     -0.1988366665818727E+04      0.3953865031577511E+07
  0.38200000E+03     -0.1998485963616353E+04      0.3994211310338410E+07
  0.38300000E+03     -0.2008689313025856E+04      0.4035100850806482E+07
  0.38400000E+03     -0.2018856983372475E+04      0.4076052472102819E+07
  0.38500000E+03     -0.2029162058746536E+04      0.4117770181213764E+07
  0.38600000E+03     -0.2039367644695369E+04      0.4159293496623641E+07
  0.38700000E+03     -0.2049626518433866E+04      0.4201244789459269E+07
  0.38800000E+03     -0.2059864678730327E+04      0.4243320690238395E+07
  0.38900000E+03     -0.2070070715348706E+04      0.4285472675146911E+07
  0.39000000E+03     -0.2080409374922884E+04      0.4328385305397074E+07
  0.39100000E+03     -0.2090706795205918E+04      0.4371340114700141E+07
  0.39200000E+03     -0.2101035927014852E+04      0.4414639156107932E+07
  0.39300000E+03     -0.2111393715181621E+04      0.4458273687795487E+07
  0.39400000E+03     -0.2121781772630720E+04      0.4502250558397125E+07
  0.39500000E+03     -0.2132147675527725E+04      0.4546347607322530E+07
  0.39600000E+03     -0.2142501200894326E+04      0.4590608825120029E+07
  0.39700000E+03     -0.2152923926144242E+04      0.4635380990661113E+07
  0.39800000E+03     -0.2163240192598036E+04      0.4679910172270133E+07
  0.39900000E+03     -0.2173663308770424E+04      0.4725116066153215E+07
  0.40000000E+03     -0.2184056867188607E+04      0.4770410880518176E+07
  0.40100000E+03     -0.2194518665872975E+04      0.4816220907810051E+07
  0.40200000E+03     -0.2204953647222814E+04      0.4862131885310126E+07
  0.40300000E+03     -0.2215315628176555E+04      0.4907938084547374E+07
  0.40400000E+03     -0.2225787488592071E+04      0.4954447513738045E+07
  0.40500000E+03     -0.2236210186615995E+04      0.5000956189817016E+07
  0.40600000E+03     -0.2246726359475444E+04      0.5048100985481674E+07
  0.40700000E+03     -0.2257229958810200E+04      0.5095412317732110E+07
  0.40800000E+03     -0.2267702036940352E+04      0.5142800713269474E+07
  0.40900000E+03     -0.2278196662399362E+04      0.5190510234425438E+07
  0.41000000E+03     -0.2288622411621614E+04      0.5238125754630548E+07
  0.41100000E+03     -0.2299180896638453E+04      0.5286568987525403E+07
  0.41200000E+03     -0.2309706129384343E+04      0.5335081698568735E+07
  0.41300000E+03     -0.2320181872199103E+04      0.5383585628168195E+07
  0.41400000E+03     -0.2330682140768578E+04      0.5432423318247986E+07
  0.41500000E+03     -0.2341278485736895E+04      0.5481932129558005E+07
  0.41600000E+03     -0.2351735874021255E+04      0.5531012696111956E+07
  0.41700000E+03     -0.2362232462737353E+04      0.5580495869778926E+07
  0.41800000E+03     -0.2372717391577779E+04      0.5630142907329637E+07
  0.41900000E+03     -0.2383175663463438E+04      0.5679884290331085E+07
  0.42000000E+03     -0.2393750646433258E+04      0.5730403563239128E+07
  0.42100000E+03     -0.2404354016455057E+04      0.5781282405909541E+07
  0.42200000E+03     -0.2414836247976630E+04      0.5831800925002786E+07
  0.42300000E+03     -0.2425307862313134E+04      0.5882488803079987E+07
  0.42400000E+03     -0.2435876123596865E+04      0.5933865248732756E+07
  0.42500000E+03     -0.2446410801146561E+04      0.5985302859850561E+07
  0.42600000E+03     -0.2456946162994594E+04      0.6036963887664002E+07
  0.42700000E+03     -0.2467373666124670E+04      0.6088315545857606E+07
  0.42800000E+03     -0.2477874061624036E+04      0.6140247975461684E+07
  0.42900000E+03     -0.2488415064280964E+04      0.6192597420267141E+07
  0.43000000E+03     -0.2498923737502780E+04      0.6245012378646308E+07
  0.43100000E+03     -0.2509451947106984E+04      0.6297744962782180E+07
  0.43200000E+03     -0.2519951469263674E+04      0.6350553721698479E+07
  0.43300000E+03     -0.2530433744271099E+04      0.6403498865461006E+07
  0.43400000E+03     -0.2540843085175467E+04      0.6456288180447339E+07
  0.43500000E+03     -0.2551364596053772E+04      0.6509867940116703E+07
  0.43600000E+03     -0.2561910227160006E+04      0.6563795366383721E+07
  0.43700000E+03     -0.2572431868079136E+04      0.6617821591786745E+07
  0.43800000E+03     -0.2582838904057135E+04      0.6671477094395790E+07
  0.43900000E+03     -0.2593107394289652E+04      0.6724628356910014E+07
  0.44000000E+03     -0.2603661651719081E+04      0.6779481237200296E+07
  0.44100000E+03     -0.2614092678282570E+04      0.6833911372700369E+07
  0.44200000E+03     -0.2624480745383658E+04      0.6888332473928645E+07
  0.44300000E+03     -0.2634944690328878E+04      0.6943370903113485E+07
  0.44400000E+03     -0.2645317546889714E+04      0.6998142456288662E+07
  0.44500000E+03     -0.2655609822624208E+04      0.7052706694789516E+07
  0.44600000E+03     -0.2666086399346835E+04      0.7108462230698213E+07
  0.44700000E+03     -0.2676545476029898E+04      0.7164344826523513E+07
  0.44800000E+03     -0.2686804755613893E+04      0.7219369627423947E+07
  0.44900000E+03     -0.2697189708595828E+04      0.7275290033165943E+07
  0.45000000E+03     -0.2707484608598730E+04      0.7330931631454421E+07
  0.45100000E+03     -0.2717738575506288E+04      0.7386563573069219E+07
  0.45200000E+03     -0.2728107084478799E+04      0.7443032987126846E+07
  0.45300000E+03     -0.2738358442980087E+04      0.7499077409348163E+07
  0.45400000E+03     -0.2748513471007075E+04      0.7554798582621696E+07
  0.45500000E+03     -0.2758823766804670E+04      0.7611584369357754E+07
  0.45600000E+03     -0.2769077985253450E+04      0.7668273074625147E+07
  0.45700000E+03     -0.2779223425609978E+04      0.7724566951119345E+07
  0.45800000E+03     -0.2789450922356698E+04      0.7781526674499694E+07
  0.45900000E+03     -0.2799495040760258E+04      0.7837664521171952E+07
  0.46000000E+03     -0.2809630480014526E+04      0.7894519736067925E+07
  0.46100000E+03     -0.2819836197773667E+04      0.7951975227873626E+07
  0.46200000E+03     -0.2829927763602494E+04      0.8008996966120895E+07
  0.46300000E+03     -0.2839952638771618E+04      0.8065834981105565E+07
  0.46400000E+03     -0.2849998495891773E+04      0.8123002807103435E+07
  0.46500000E+03     -0.2860161094854937E+04      0.8181034053561990E+07
  0.46600000E+03     -0.2870248094694364E+04      0.8238843381866509E+07
  0.46700000E+03     -0.2880054590810473E+04      0.8295236804664213E+07
  0.46800000E+03     -0.2890059828461998E+04      0.8352974413039910E+07
  0.46900000E+03     -0.2899778511598046E+04      0.8409244669423653E+07
  0.47000000E+03     -0.2909608480885138E+04      0.8466358636689641E+07
  0.47100000E+03     -0.2919608676639298E+04      0.8524653317636462E+07
  0.47200000E+03     -0.2929504217422732E+04      0.8582536002713563E+07
  0.47300000E+03     -0.2939307185639716E+04      0.8640069551832357E+07
  0.47400000E+03     -0.2948904205991204E+04      0.8696584742486151E+07
  0.47500000E+03     -0.2958730572038713E+04      0.8754640215954853E+07
  0.47600000E+03     -0.2968501003827716E+04      0.8812555434780361E+07
  0.47700000E+03     -0.2978190823735085E+04      0.8870181209380124E+07
  0.47800000E+03     -0.2987823686896815E+04      0.8927658046731167E+07
  0.47900000E+03     -0.2997349700439235E+04      0.8984671880221806E+07
  0.48000000E+03     -0.3006978489879474E+04      0.9042493624112200E+07
  0.48100000E+03     -0.3016613935068461E+04      0.9100536308307545E+07
  0.48200000E+03     -0.3025951553138285E+04      0.9156965595942196E+07
  0.48300000E+03     -0.3035498605705424E+04      0.9214834467165649E+07
  0.48400000E+03     -0.3044936108254863E+04      0.9272225094934445E+07
  0.48500000E+03     -0.3054129788002788E+04      0.9328304356301431E+07
  0.48600000E+03     -0.3063710074801659E+04      0.9386915890767777E+07
  0.48700000E+03     -0.3072801835741931E+04      0.9442713458398921E+07
  0.48800000E+03     -0.3082128263618039E+04      0.9500114493874565E+07
  0.48900000E+03     -0.3091472001528517E+04      0.9557806109520037E+07
  0.49000000E+03     -0.3100599426026742E+04      0.9614330932890691E+07
  0.49100000E+03     -0.3109706948188239E+04      0.9670893206898352E+07
  0.49200000E+03     -0.3118886361140439E+04      0.9728076341427207E+07
  0.49300000E+03     -0.3127819637191560E+04      0.9783883010367412E+07
  0.49400000E+03     -0.3136856223714959E+04      0.9840499049527353E+07
  0.49500000E+03     -0.3146104328497614E+04      0.9898609204074001E+07
  0.49600000E+03     -0.3154803251120100E+04      0.9953418930957869E+07
  0.49700000E+03     -0.3163778673910053E+04      0.1001013497231389E+08
  0.49800000E+03     -0.3172645483248685E+04      0.1006632620171797E+08
  0.49900000E+03     -0.3181404242349337E+04      0.1012197676701522E+08
  0.50000000E+03     -0.3189840862557218E+04      0.1017573658389925E+08
  0.50100000E+03     -0.3198697147449140E+04      0.1023232620402309E+08
  0.50200000E+03     -0.3207088850410513E+04      0.1028608149215512E+08
  0.50300000E+03     -0.3215778204702739E+04      0.1034189228274361E+08
  0.50400000E+03     -0.3224106708092784E+04      0.1039553127849250E+08
  0.50500000E+03     -0.3232565011212784E+04      0.1045015646747211E+08
  0.50600000E+03     -0.3241224533043804E+04      0.1050621236462822E+08
  0.50700000E+03     -0.3249617037376147E+04      0.1056069712360509E+08
  0.50800000E+03     -0.3257714924728822E+04      0.1061339159509798E+08
  0.50900000E+03     -0.3266112317508459E+04      0.1066818044596367E+08
  0.51000000E+03     -0.3273798274525719E+04      0.1071845867126106E+08
