  0.00000000E+00     -0.4189569931381484E-10      0.7986302872015713E-19
  0.10000000E+01     -0.6057400435233292E-03      0.3669210003251951E-06
  0.20000000E+01     -0.4055735033078516E-01      0.2448434144167982E-01
  0.30000000E+01     -0.1201354272579213E+00      0.8423132111948482E-01
  0.40000000E+01     -0.2395850389293997E+00      0.1996645332637470E+00
  0.50000000E+01     -0.3990090981379344E+00      0.4007143206351360E+00
  0.60000000E+01     -0.5987559136788925E+00      0.7279321317756515E+00
  0.70000000E+01     -0.8392314157196908E+00      0.1232069474009917E+01
  0.80000000E+01     -0.1120377827320452E+01      0.1973109335985486E+01
  0.90000000E+01     -0.1443074325420672E+01      0.3025021234509053E+01
  0.10000000E+02     -0.1807089330190751E+01      0.4469467657947757E+01
  0.11000000E+02     -0.2212939415689827E+01      0.6400723451110459E+01
  0.12000000E+02     -0.2661140866611562E+01      0.8926975450840278E+01
  0.13000000E+02     -0.3151725859746618E+01      0.1216509354637660E+02
  0.14000000E+02     -0.3685237175748783E+01      0.1624691120275941E+02
  0.15000000E+02     -0.4262612774510667E+01      0.2132078108731782E+02
  0.16000000E+02     -0.4883693336388351E+01      0.2754346416556378E+02
  0.17000000E+02     -0.5549438449293682E+01      0.3509050683090440E+02
  0.18000000E+02     -0.6260044541762279E+01      0.4415021946914305E+02
  0.19000000E+02     -0.7016614788103845E+01      0.5493110305407133E+02
  0.20000000E+02     -0.7818422883002763E+01      0.6763813480509187E+02
  0.21000000E+02     -0.8667922451663566E+01      0.8253825770754976E+02
  0.22000000E+02     -0.9564878942091163E+01      0.9987359686487069E+02
  0.23000000E+02     -0.1051022088438430E+02      0.1199314644059056E+03
  0.24000000E+02     -0.1150345478279893E+02      0.1429799052000646E+03
  0.25000000E+02     -0.1254876138012916E+02      0.1694246115856953E+03
  0.26000000E+02     -0.1364335616293483E+02      0.1995227389642930E+03
  0.27000000E+02     -0.1479023778816106E+02      0.2336935159441031E+03
  0.28000000E+02     -0.1599006569060367E+02      0.2723337038924436E+03
  0.29000000E+02     -0.1724336440972160E+02      0.3158508622209911E+03
  0.30000000E+02     -0.1855140699854714E+02      0.3647132862370270E+03
  0.31000000E+02     -0.1991638903007127E+02      0.4194588653612722E+03
  0.32000000E+02     -0.2133879860614945E+02      0.4805977899956082E+03
  0.33000000E+02     -0.2281985226816343E+02      0.5486580913938840E+03
  0.34000000E+02     -0.2436005713500849E+02      0.6242331713234963E+03
  0.35000000E+02     -0.2596255729438978E+02      0.7080278713614687E+03
  0.36000000E+02     -0.2762778211576543E+02      0.8007171206580274E+03
  0.37000000E+02     -0.2935869155801156E+02      0.9030736149039242E+03
  0.38000000E+02     -0.3115288203047578E+02      0.1015665888545779E+04
  0.39000000E+02     -0.3301331800068045E+02      0.1139398293630255E+04
  0.40000000E+02     -0.3494487814947029E+02      0.1275399498716311E+04
  0.41000000E+02     -0.3694833261911717E+02      0.1424509883505451E+04
  0.42000000E+02     -0.3901685819085594E+02      0.1586997954869019E+04
  0.43000000E+02     -0.4116111465450972E+02      0.1764712167209349E+04
  0.44000000E+02     -0.4337692730496922E+02      0.1958223683221654E+04
  0.45000000E+02     -0.4566631110340997E+02      0.2168586920001151E+04
  0.46000000E+02     -0.4802838805203646E+02      0.2396768630101994E+04
  0.47000000E+02     -0.5046529986666140E+02      0.2643954847797844E+04
  0.48000000E+02     -0.5297789799707036E+02      0.2911424367560122E+04
  0.49000000E+02     -0.5556740939489860E+02      0.3200385629077791E+04
  0.50000000E+02     -0.5823244831684782E+02      0.3511838560182522E+04
  0.51000000E+02     -0.6096506300759037E+02      0.3845858802360121E+04
  0.52000000E+02     -0.6377245209607371E+02      0.4204564122563290E+04
  0.53000000E+02     -0.6665016405871745E+02      0.4588474965332937E+04
  0.54000000E+02     -0.6959648728424747E+02      0.4998647975031099E+04
  0.55000000E+02     -0.7260948049839205E+02      0.5435828869649374E+04
  0.56000000E+02     -0.7568741783452357E+02      0.5901029690797117E+04
  0.57000000E+02     -0.7882304051748088E+02      0.6394096392860010E+04
  0.58000000E+02     -0.8201884038241087E+02      0.6916494552863604E+04
  0.59000000E+02     -0.8526889267844906E+02      0.7468449343117332E+04
  0.60000000E+02     -0.8857466305664812E+02      0.8051234274763791E+04
  0.61000000E+02     -0.9193017507716466E+02      0.8664709648219679E+04
  0.62000000E+02     -0.9532852795302205E+02      0.9308615900703448E+04
  0.63000000E+02     -0.9877492775378235E+02      0.9984735715318717E+04
  0.64000000E+02     -0.1022554431754582E+03      0.1069127834289124E+05
  0.65000000E+02     -0.1057798572291138E+03      0.1143108258107606E+05
  0.66000000E+02     -0.1093378592250861E+03      0.1220281266616921E+05
  0.67000000E+02     -0.1129317126635209E+03      0.1300767396240618E+05
  0.68000000E+02     -0.1165588071497539E+03      0.1384583857114122E+05
  0.69000000E+02     -0.1202135060433188E+03      0.1471660206744175E+05
  0.70000000E+02     -0.1239039978948598E+03      0.1562283787703481E+05
  0.71000000E+02     -0.1276173815453249E+03      0.1656186434615961E+05
  0.72000000E+02     -0.1313539224274382E+03      0.1753427254593718E+05
  0.73000000E+02     -0.1351179828746742E+03      0.1854171113934500E+05
  0.74000000E+02     -0.1389095693142628E+03      0.1958503687678896E+05
  0.75000000E+02     -0.1427264457386616E+03      0.2066414793865525E+05
  0.76000000E+02     -0.1465648940076059E+03      0.2177863046747257E+05
  0.77000000E+02     -0.1504248120676322E+03      0.2292895136513976E+05
  0.78000000E+02     -0.1543091573660353E+03      0.2411617010938003E+05
  0.79000000E+02     -0.1582073154003875E+03      0.2533806830052549E+05
  0.80000000E+02     -0.1621302270297616E+03      0.2659821630636481E+05
  0.81000000E+02     -0.1660767258044976E+03      0.2789721487007327E+05
  0.82000000E+02     -0.1700449665981377E+03      0.2923452183371479E+05
  0.83000000E+02     -0.1740206271932360E+03      0.3060578673256642E+05
  0.84000000E+02     -0.1780094266897676E+03      0.3201320670969140E+05
  0.85000000E+02     -0.1820185245253636E+03      0.3345976540624299E+05
  0.86000000E+02     -0.1860461557315189E+03      0.3494544911643105E+05
  0.87000000E+02     -0.1900952049711219E+03      0.3647164855126439E+05
  0.88000000E+02     -0.1941592328148735E+03      0.3803629161673866E+05
  0.89000000E+02     -0.1982390376412519E+03      0.3964031550898343E+05
  0.90000000E+02     -0.2023313759321441E+03      0.4128244880176854E+05
  0.91000000E+02     -0.2064398417125027E+03      0.4296464693133905E+05
  0.92000000E+02     -0.2105492371136368E+03      0.4468079025619541E+05
  0.93000000E+02     -0.2146811237117327E+03      0.4644046824807018E+05
  0.94000000E+02     -0.2188262965236194E+03      0.4824010149001164E+05
  0.95000000E+02     -0.2229825935300311E+03      0.5007886861026877E+05
  0.96000000E+02     -0.2271496505683600E+03      0.5195735583477468E+05
  0.97000000E+02     -0.2313292227739422E+03      0.5387612074643942E+05
  0.98000000E+02     -0.2355165577424468E+03      0.5583301979618544E+05
  0.99000000E+02     -0.2397162844816220E+03      0.5783097825938683E+05
  0.10000000E+03     -0.2439210919456881E+03      0.5986667731362292E+05
  0.10100000E+03     -0.2481487929000594E+03      0.6194938242039410E+05
  0.10200000E+03     -0.2523891798617591E+03      0.6407387149141791E+05
  0.10300000E+03     -0.2566346917597014E+03      0.6623704749529029E+05
  0.10400000E+03     -0.2608907668082871E+03      0.6844141196874136E+05
  0.10500000E+03     -0.2651583668842283E+03      0.7068845929673605E+05
  0.10600000E+03     -0.2694395839783732E+03      0.7297886171968990E+05
  0.10700000E+03     -0.2737215163224674E+03      0.7530649037568715E+05
  0.10800000E+03     -0.2780100187019644E+03      0.7767447872113348E+05
  0.10900000E+03     -0.2823222583471933E+03      0.8009261587928278E+05
  0.11000000E+03     -0.2866440883793222E+03      0.8255335679395794E+05
  0.11100000E+03     -0.2909743055359646E+03      0.8505603769753671E+05
  0.11200000E+03     -0.2953144276656931E+03      0.8760257463064298E+05
  0.11300000E+03     -0.2996607792089235E+03      0.9018979400871533E+05
  0.11400000E+03     -0.3040153325598922E+03      0.9282019636856158E+05
  0.11500000E+03     -0.3083862354552722E+03      0.9549834014499480E+05
  0.11600000E+03     -0.3127698356533558E+03      0.9822297780870795E+05
  0.11700000E+03     -0.3171720971276612E+03      0.1009976780562816E+06
  0.11800000E+03     -0.3215915318715712E+03      0.1038220851181464E+06
  0.11900000E+03     -0.3260278385820747E+03      0.1066964008868662E+06
  0.12000000E+03     -0.3304681734052523E+03      0.1096133651909586E+06
  0.12100000E+03     -0.3349326195810964E+03      0.1125856897470420E+06
  0.12200000E+03     -0.3394095854044555E+03      0.1156064420184887E+06
  0.12300000E+03     -0.3438966463699932E+03      0.1186742644191649E+06
  0.12400000E+03     -0.3484128405539570E+03      0.1218025680505012E+06
  0.12500000E+03     -0.3529332108607425E+03      0.1249744629195308E+06
  0.12600000E+03     -0.3574851503138839E+03      0.1282100340586061E+06
  0.12700000E+03     -0.3620593792310970E+03      0.1315032033582512E+06
  0.12800000E+03     -0.3666488834758595E+03      0.1348493704467801E+06
  0.12900000E+03     -0.3712431098786537E+03      0.1382412002734094E+06
  0.13000000E+03     -0.3758739763023020E+03      0.1417029796719003E+06
  0.13100000E+03     -0.3805221718875206E+03      0.1452208495732737E+06
  0.13200000E+03     -0.3851977244764844E+03      0.1488031561714371E+06
  0.13300000E+03     -0.3898844546775804E+03      0.1524383113218336E+06
  0.13400000E+03     -0.3946025956983544E+03      0.1561417177312672E+06
  0.13500000E+03     -0.3993342812121658E+03      0.1599009530656883E+06
  0.13600000E+03     -0.4040979759143673E+03      0.1637305835865009E+06
  0.13700000E+03     -0.4088843490269514E+03      0.1676247795274643E+06
  0.13800000E+03     -0.4136915130721839E+03      0.1715818191228996E+06
  0.13900000E+03     -0.4185232757716147E+03      0.1756060814703520E+06
  0.14000000E+03     -0.4233763013352569E+03      0.1796950467391308E+06
  0.14100000E+03     -0.4282641718757823E+03      0.1838611104897443E+06
  0.14200000E+03     -0.4331832414099339E+03      0.1881023423769410E+06
  0.14300000E+03     -0.4381388119246260E+03      0.1924237496726880E+06
  0.14400000E+03     -0.4431128371074007E+03      0.1968110083688875E+06
  0.14500000E+03     -0.4481111934422784E+03      0.2012701429257830E+06
  0.14600000E+03     -0.4531286717278854E+03      0.2057962781019309E+06
  0.14700000E+03     -0.4581755299738833E+03      0.2103998840624920E+06
  0.14800000E+03     -0.4632431736587299E+03      0.2150739429391573E+06
  0.14900000E+03     -0.4683412875946028E+03      0.2198276504919782E+06
  0.15000000E+03     -0.4734603787675174E+03      0.2246534281817332E+06
  0.15100000E+03     -0.4786051165974054E+03      0.2295562923311778E+06
  0.15200000E+03     -0.4839220037461200E+03      0.2346784782974778E+06
  0.15300000E+03     -0.4891012068856684E+03      0.2397233747740439E+06
  0.15400000E+03     -0.4943087181648239E+03      0.2448497425354631E+06
  0.15500000E+03     -0.4996067791262572E+03      0.2501203547251553E+06
  0.15600000E+03     -0.5048456013089731E+03      0.2553877132722404E+06
  0.15700000E+03     -0.5100941352083002E+03      0.2607199177576448E+06
  0.15800000E+03     -0.5153561138905160E+03      0.2661209610949085E+06
  0.15900000E+03     -0.5206345172400523E+03      0.2715946183521812E+06
  0.16000000E+03     -0.5259263862674467E+03      0.2771384287126831E+06
  0.16100000E+03     -0.5312247278697315E+03      0.2827449415039127E+06
  0.16200000E+03     -0.5365368565343776E+03      0.2884225420752166E+06
  0.16300000E+03     -0.5418583431274367E+03      0.2941667506870961E+06
  0.16400000E+03     -0.5471751548905570E+03      0.2999622344809129E+06
  0.16500000E+03     -0.5524942282280979E+03      0.3058165291281405E+06
  0.16600000E+03     -0.5578159681136787E+03      0.3117304612296332E+06
  0.16700000E+03     -0.5631380139911322E+03      0.3177011222008037E+06
  0.16800000E+03     -0.5684612644851804E+03      0.3237301350454161E+06
  0.16900000E+03     -0.5737949972419084E+03      0.3298273134990067E+06
  0.17000000E+03     -0.5791168052388124E+03      0.3359683127343907E+06
  0.17100000E+03     -0.5844263879912128E+03      0.3421513030215990E+06
  0.17200000E+03     -0.5897481116258019E+03      0.3484048144021094E+06
  0.17300000E+03     -0.5950689572418923E+03      0.3547142756005885E+06
  0.17400000E+03     -0.6003847469423232E+03      0.3610742374551955E+06
  0.17500000E+03     -0.6056816665830718E+03      0.3674678548007057E+06
  0.17600000E+03     -0.6109803152269357E+03      0.3739191041715344E+06
  0.17700000E+03     -0.6162682113586407E+03      0.3804133642996392E+06
  0.17800000E+03     -0.6215424324830343E+03      0.3869465395888754E+06
  0.17900000E+03     -0.6267956625282873E+03      0.3935088469154736E+06
  0.18000000E+03     -0.6320385969370764E+03      0.4001133104194333E+06
  0.18100000E+03     -0.6372729334518052E+03      0.4067623777222746E+06
  0.18200000E+03     -0.6424920848816961E+03      0.4134461171596988E+06
  0.18300000E+03     -0.6477096211778985E+03      0.4201824076641977E+06
  0.18400000E+03     -0.6529034268129079E+03      0.4269423269492394E+06
  0.18500000E+03     -0.6580892941720097E+03      0.4337455319410446E+06
  0.18600000E+03     -0.6632691617706572E+03      0.4405945044246545E+06
  0.18700000E+03     -0.6684323729547057E+03      0.4474750996992314E+06
  0.18800000E+03     -0.6735733040378738E+03      0.4543789164692119E+06
  0.18900000E+03     -0.6786963826951763E+03      0.4613111214387275E+06
  0.19000000E+03     -0.6838243449086518E+03      0.4683027171262008E+06
  0.19100000E+03     -0.6889248476846130E+03      0.4753086376951796E+06
  0.19200000E+03     -0.6940195777132932E+03      0.4823588820018891E+06
  0.19300000E+03     -0.6990872988802766E+03      0.4894227013379153E+06
  0.19400000E+03     -0.7041412847237739E+03      0.4965181715753042E+06
  0.19500000E+03     -0.7091826693430429E+03      0.5036475089535835E+06
  0.19600000E+03     -0.7142047131564544E+03      0.5107990083484096E+06
  0.19700000E+03     -0.7192019509555317E+03      0.5179650260349658E+06
  0.19800000E+03     -0.7242004910227015E+03      0.5251830471569762E+06
  0.19900000E+03     -0.7291662170701931E+03      0.5324025369857657E+06
  0.20000000E+03     -0.7341353529037286E+03      0.5396764594048260E+06
  0.20100000E+03     -0.7391066363155212E+03      0.5470023738399313E+06
  0.20200000E+03     -0.7440477541828243E+03      0.5543318736109734E+06
  0.20300000E+03     -0.7489756753183095E+03      0.5616904694899166E+06
  0.20400000E+03     -0.7538974042601061E+03      0.5690876350703712E+06
  0.20500000E+03     -0.7587990240900263E+03      0.5765027561662016E+06
  0.20600000E+03     -0.7637029311230270E+03      0.5839684851104126E+06
  0.20700000E+03     -0.7685979685792128E+03      0.5914685768015353E+06
  0.20800000E+03     -0.7734778584618651E+03      0.5989928435058350E+06
  0.20900000E+03     -0.7783558521325092E+03      0.6065611006957724E+06
  0.21000000E+03     -0.7832541166959625E+03      0.6142078410942175E+06
  0.21100000E+03     -0.7881511526641973E+03      0.6219007074868899E+06
  0.21200000E+03     -0.7930443688981329E+03      0.6296352141489967E+06
  0.21300000E+03     -0.7979428486406437E+03      0.6374252928176915E+06
  0.21400000E+03     -0.8028585917920245E+03      0.6452911154690079E+06
  0.21500000E+03     -0.8077921083965887E+03      0.6532332482444814E+06
  0.21600000E+03     -0.8127357898356262E+03      0.6612403285647520E+06
  0.21700000E+03     -0.8176820066228928E+03      0.6693000868808675E+06
  0.21800000E+03     -0.8226504451377223E+03      0.6774452177303835E+06
  0.21900000E+03     -0.8276351158999361E+03      0.6856667354938851E+06
  0.22000000E+03     -0.8326650118009572E+03      0.6940125565773596E+06
  0.22100000E+03     -0.8377157274780999E+03      0.7024443635041529E+06
  0.22200000E+03     -0.8427837833304073E+03      0.7109564497025607E+06
  0.22300000E+03     -0.8478847297431054E+03      0.7195719376809474E+06
  0.22400000E+03     -0.8530015707320561E+03      0.7282700533486698E+06
  0.22500000E+03     -0.8581391945782336E+03      0.7370574057840138E+06
  0.22600000E+03     -0.8633149870421626E+03      0.7459633970291667E+06
  0.22700000E+03     -0.8684694375852922E+03      0.7548856389677568E+06
  0.22800000E+03     -0.8737011179135094E+03      0.7639968129153738E+06
  0.22900000E+03     -0.8789607619714549E+03      0.7732122864670820E+06
  0.23000000E+03     -0.8842454745879231E+03      0.7825277399963385E+06
  0.23100000E+03     -0.8895500423287319E+03      0.7919352284684280E+06
  0.23200000E+03     -0.8948851598889132E+03      0.8014524792867962E+06
  0.23300000E+03     -0.9002301275625866E+03      0.8110455013122651E+06
  0.23400000E+03     -0.9055936552435079E+03      0.8207288191538580E+06
  0.23500000E+03     -0.9110173708817156E+03      0.8305800977034124E+06
  0.23600000E+03     -0.9164558551074433E+03      0.8405172851668259E+06
  0.23700000E+03     -0.9218897432212337E+03      0.8505057338865774E+06
  0.23800000E+03     -0.9273638140741640E+03      0.8606265659670775E+06
  0.23900000E+03     -0.9328196636308712E+03      0.8707749252431500E+06
  0.24000000E+03     -0.9383240557678228E+03      0.8810739948146590E+06
  0.24100000E+03     -0.9438269246910571E+03      0.8914306400358750E+06
  0.24200000E+03     -0.9493790081039809E+03      0.9019417053691844E+06
  0.24300000E+03     -0.9549600101886003E+03      0.9125693257651005E+06
  0.24400000E+03     -0.9605305528029910E+03      0.9232400083400769E+06
  0.24500000E+03     -0.9660689401033297E+03      0.9339097232506445E+06
  0.24600000E+03     -0.9716726315642967E+03      0.9447685336435819E+06
  0.24700000E+03     -0.9772856454245776E+03      0.9557095032130986E+06
  0.24800000E+03     -0.9829302090704551E+03      0.9667752288627720E+06
  0.24900000E+03     -0.9885669101196462E+03      0.9778887976793023E+06
  0.25000000E+03     -0.9942322630745628E+03      0.9891234263220513E+06
  0.25100000E+03     -0.9998987725889212E+03      0.1000425423392307E+07
  0.25200000E+03     -0.1005607184115801E+04      0.1011875642914517E+07
  0.25300000E+03     -0.1011316383595850E+04      0.1023391801100237E+07
  0.25400000E+03     -0.1017009789178457E+04      0.1034941161347472E+07
  0.25500000E+03     -0.1022728628854929E+04      0.1046606858595492E+07
  0.25600000E+03     -0.1028468580239611E+04      0.1058383006976379E+07
  0.25700000E+03     -0.1034185111652949E+04      0.1070175157099489E+07
  0.25800000E+03     -0.1039911472729195E+04      0.1082054144134355E+07
  0.25900000E+03     -0.1045662638931634E+04      0.1094050614661682E+07
  0.26000000E+03     -0.1051424615048607E+04      0.1106136468777994E+07
  0.26100000E+03     -0.1057159752126325E+04      0.1118230655720087E+07
  0.26200000E+03     -0.1062875107857238E+04      0.1130347707291358E+07
  0.26300000E+03     -0.1068636462672361E+04      0.1142629423925799E+07
  0.26400000E+03     -0.1074403717499089E+04      0.1154990331108100E+07
  0.26500000E+03     -0.1080112919203185E+04      0.1167290271526714E+07
  0.26600000E+03     -0.1085899201452887E+04      0.1179825297143827E+07
  0.26700000E+03     -0.1091676478626343E+04      0.1192406673623746E+07
  0.26800000E+03     -0.1097476070336253E+04      0.1205104075860780E+07
  0.26900000E+03     -0.1103276499898794E+04      0.1217870023061649E+07
  0.27000000E+03     -0.1109081516711742E+04      0.1230713762713166E+07
  0.27100000E+03     -0.1114904938087649E+04      0.1243665551690171E+07
  0.27200000E+03     -0.1120700825820879E+04      0.1256622382182760E+07
  0.27300000E+03     -0.1126548040760495E+04      0.1269762878376444E+07
  0.27400000E+03     -0.1132377970092534E+04      0.1282931513060587E+07
  0.27500000E+03     -0.1138224169033901E+04      0.1296205870850182E+07
  0.27600000E+03     -0.1144083913107817E+04      0.1309578617207967E+07
  0.27700000E+03     -0.1149922009505950E+04      0.1322969978958366E+07
  0.27800000E+03     -0.1155744244367748E+04      0.1336392666032029E+07
  0.27900000E+03     -0.1161650268580881E+04      0.1350077623721979E+07
  0.28000000E+03     -0.1167533389627501E+04      0.1363778891886489E+07
  0.28100000E+03     -0.1173419314666440E+04      0.1377555750217292E+07
  0.28200000E+03     -0.1179334727166650E+04      0.1391471323633109E+07
  0.28300000E+03     -0.1185277269857678E+04      0.1405520644614198E+07
  0.28400000E+03     -0.1191233004889520E+04      0.1419670092446300E+07
  0.28500000E+03     -0.1197192821512473E+04      0.1433899937943472E+07
  0.28600000E+03     -0.1203168365945807E+04      0.1448238509320331E+07
  0.28700000E+03     -0.1209183216329694E+04      0.1462743288591163E+07
  0.28800000E+03     -0.1215233703107681E+04      0.1477406419163065E+07
  0.28900000E+03     -0.1221292675722680E+04      0.1492162800278977E+07
  0.29000000E+03     -0.1227407367965542E+04      0.1507128153719286E+07
  0.29100000E+03     -0.1233535561723778E+04      0.1522200840263000E+07
  0.29200000E+03     -0.1239733625164798E+04      0.1537521359553054E+07
  0.29300000E+03     -0.1245937468470167E+04      0.1552932660769407E+07
  0.29400000E+03     -0.1252192019981343E+04      0.1568547302358311E+07
  0.29500000E+03     -0.1258587651019128E+04      0.1584594623324755E+07
  0.29600000E+03     -0.1264907214378940E+04      0.1600529746813442E+07
  0.29700000E+03     -0.1271333642328837E+04      0.1616817087561506E+07
  0.29800000E+03     -0.1277823700458746E+04      0.1633349027124615E+07
  0.29900000E+03     -0.1284352321958721E+04      0.1650063240275819E+07
  0.30000000E+03     -0.1290942124215724E+04      0.1667020162658921E+07
  0.30100000E+03     -0.1297622799493668E+04      0.1684300589873379E+07
  0.30200000E+03     -0.1304316235116690E+04      0.1701702223425843E+07
  0.30300000E+03     -0.1311148912616844E+04      0.1719558554927596E+07
  0.30400000E+03     -0.1318035023187782E+04      0.1737649021504942E+07
  0.30500000E+03     -0.1325008960100361E+04      0.1756067136870015E+07
  0.30600000E+03     -0.1332029772658474E+04      0.1774707465011416E+07
  0.30700000E+03     -0.1339145516860643E+04      0.1793700354816153E+07
  0.30800000E+03     -0.1346360698937690E+04      0.1813063101697765E+07
  0.30900000E+03     -0.1353636312478831E+04      0.1832694100839263E+07
  0.31000000E+03     -0.1361008653990916E+04      0.1852694755794544E+07
  0.31100000E+03     -0.1368397409054160E+04      0.1872847719689163E+07
  0.31200000E+03     -0.1375911785559555E+04      0.1893456805462945E+07
  0.31300000E+03     -0.1383525358845780E+04      0.1914454125676536E+07
  0.31400000E+03     -0.1391216241759538E+04      0.1935783645095334E+07
  0.31500000E+03     -0.1398995093521257E+04      0.1957478795526868E+07
  0.31600000E+03     -0.1406847253319578E+04      0.1979500375442054E+07
  0.31700000E+03     -0.1414757218512205E+04      0.2001810166058543E+07
  0.31800000E+03     -0.1422711395446385E+04      0.2024371060090825E+07
  0.31900000E+03     -0.1430776665311417E+04      0.2047377988005964E+07
  0.32000000E+03     -0.1438918546514437E+04      0.2070735861480176E+07
  0.32100000E+03     -0.1447095905225914E+04      0.2094328642242186E+07
  0.32200000E+03     -0.1455348707529668E+04      0.2118276239956461E+07
  0.32300000E+03     -0.1463710976846901E+04      0.2142681375376024E+07
  0.32400000E+03     -0.1472059162467849E+04      0.2167183860966376E+07
  0.32500000E+03     -0.1480510870389684E+04      0.2192133675497467E+07
  0.32600000E+03     -0.1489043739268672E+04      0.2217468591864558E+07
  0.32700000E+03     -0.1497585229255313E+04      0.2242974343926742E+07
  0.32800000E+03     -0.1506229814269383E+04      0.2268937049333364E+07
  0.32900000E+03     -0.1514938806273383E+04      0.2295245469058826E+07
  0.33000000E+03     -0.1523635679794765E+04      0.2321668771331878E+07
  0.33100000E+03     -0.1532414955977038E+04      0.2348495857458957E+07
  0.33200000E+03     -0.1541253000419458E+04      0.2375658470931352E+07
  0.33300000E+03     -0.1550128837600433E+04      0.2403094768719248E+07
  0.33400000E+03     -0.1559027660727429E+04      0.2430760993084956E+07
  0.33500000E+03     -0.1568013343986026E+04      0.2458858316251548E+07
  0.33600000E+03     -0.1577047687059485E+04      0.2487269778141824E+07
  0.33700000E+03     -0.1586094749442165E+04      0.2515886261642716E+07
  0.33800000E+03     -0.1595191049289365E+04      0.2544822742266609E+07
  0.33900000E+03     -0.1604333500505763E+04      0.2574073915440293E+07
  0.34000000E+03     -0.1613540482934862E+04      0.2603699986491094E+07
  0.34100000E+03     -0.1622756709678760E+04      0.2633525369198209E+07
  0.34200000E+03     -0.1632020658415946E+04      0.2663676586389428E+07
  0.34300000E+03     -0.1641352860894291E+04      0.2694224427744025E+07
  0.34400000E+03     -0.1650677735254890E+04      0.2724922145948842E+07
  0.34500000E+03     -0.1660046670537346E+04      0.2755940169735088E+07
  0.34600000E+03     -0.1669441372602209E+04      0.2787219174035787E+07
  0.34700000E+03     -0.1678902368888350E+04      0.2818897474078055E+07
  0.34800000E+03     -0.1688375829966700E+04      0.2850797659625602E+07
  0.34900000E+03     -0.1697886706336497E+04      0.2883004147758449E+07
  0.35000000E+03     -0.1707443578174897E+04      0.2915548664265900E+07
  0.35100000E+03     -0.1717027782349163E+04      0.2948369793729522E+07
  0.35200000E+03     -0.1726666757492002E+04      0.2981563611711021E+07
  0.35300000E+03     -0.1736326649048841E+04      0.3015016608717124E+07
  0.35400000E+03     -0.1746041094418864E+04      0.3048846184963808E+07
  0.35500000E+03     -0.1755677964327624E+04      0.3082592776463410E+07
  0.35600000E+03     -0.1765484594343675E+04      0.3117124278698821E+07
  0.35700000E+03     -0.1775284899278107E+04      0.3151825334602897E+07
  0.35800000E+03     -0.1785114227218131E+04      0.3186822690912205E+07
  0.35900000E+03     -0.1794956759939220E+04      0.3222059907921948E+07
  0.36000000E+03     -0.1804793440335067E+04      0.3257471231600348E+07
  0.36100000E+03     -0.1814710551133800E+04      0.3293367423806280E+07
  0.36200000E+03     -0.1824645644268983E+04      0.3329525197432360E+07
  0.36300000E+03     -0.1834601050761002E+04      0.3365955036367127E+07
  0.36400000E+03     -0.1844592622540177E+04      0.3402717891600028E+07
  0.36500000E+03     -0.1854558198937420E+04      0.3439583068529561E+07
  0.36600000E+03     -0.1864622889568533E+04      0.3477016775186537E+07
  0.36700000E+03     -0.1874661692147581E+04      0.3514555876757138E+07
  0.36800000E+03     -0.1884748548595049E+04      0.3552477490494472E+07
  0.36900000E+03     -0.1894877812282110E+04      0.3590762841169449E+07
  0.37000000E+03     -0.1905010286179239E+04      0.3629266909692965E+07
  0.37100000E+03     -0.1915198807995746E+04      0.3668190530797577E+07
  0.37200000E+03     -0.1925380645544849E+04      0.3707296504894815E+07
  0.37300000E+03     -0.1935571370366389E+04      0.3746643643771709E+07
  0.37400000E+03     -0.1945809709731411E+04      0.3786384172540943E+07
  0.37500000E+03     -0.1956070465503847E+04      0.3826421963844004E+07
  0.37600000E+03     -0.1966349230352640E+04      0.3866741063179758E+07
  0.37700000E+03     -0.1976647223758853E+04      0.3907347280922791E+07
  0.37800000E+03     -0.1986942293778900E+04      0.3948154343931258E+07
  0.37900000E+03     -0.1997279095384748E+04      0.3989340117583542E+07
  0.38000000E+03     -0.2007619122681368E+04      0.4030752208269088E+07
  0.38100000E+03     -0.2018073651307427E+04      0.4072840667709341E+07
  0.38200000E+03     -0.2028467032869964E+04      0.4114899247834521E+07
  0.38300000E+03     -0.2038850222929503E+04      0.4157133286078425E+07
  0.38400000E+03     -0.2049294058830316E+04      0.4199829966298457E+07
  0.38500000E+03     -0.2059775970771575E+04      0.4242903183636476E+07
  0.38600000E+03     -0.2070257414354726E+04      0.4286193662746440E+07
  0.38700000E+03     -0.2080734707134999E+04      0.4329687103074904E+07
  0.38800000E+03     -0.2091290871143447E+04      0.4373729058636020E+07
  0.38900000E+03     -0.2101802554304857E+04      0.4417807411879596E+07
  0.39000000E+03     -0.2112337458539915E+04      0.4462203857745009E+07
  0.39100000E+03     -0.2122923020483369E+04      0.4507039864461816E+07
  0.39200000E+03     -0.2133494905113748E+04      0.4552040125934118E+07
  0.39300000E+03     -0.2144062446431682E+04      0.4597245260495685E+07
  0.39400000E+03     -0.2154693143832846E+04      0.4642945276729161E+07
  0.39500000E+03     -0.2165290420847400E+04      0.4688727259917641E+07
  0.39600000E+03     -0.2175975895396977E+04      0.4735116938230087E+07
  0.39700000E+03     -0.2186583603681117E+04      0.4781397097260790E+07
  0.39800000E+03     -0.2197338346317497E+04      0.4828547522027683E+07
  0.39900000E+03     -0.2207991576357648E+04      0.4875479942632489E+07
  0.40000000E+03     -0.2218778388160354E+04      0.4923232572787486E+07
  0.40100000E+03     -0.2229447490377950E+04      0.4970693552206251E+07
  0.40200000E+03     -0.2240156616401173E+04      0.5018561298462717E+07
  0.40300000E+03     -0.2250891571251474E+04      0.5066773512113857E+07
  0.40400000E+03     -0.2261599793124465E+04      0.5115097650528813E+07
  0.40500000E+03     -0.2272406922799255E+04      0.5164099004536460E+07
  0.40600000E+03     -0.2283116629986981E+04      0.5212889902855339E+07
  0.40700000E+03     -0.2293888904473602E+04      0.5262196082214292E+07
  0.40800000E+03     -0.2304614786410353E+04      0.5311520654326895E+07
  0.40900000E+03     -0.2315458119931516E+04      0.5361621079933819E+07
  0.41000000E+03     -0.2326227180371046E+04      0.5411609585872320E+07
  0.41100000E+03     -0.2337051440512787E+04      0.5462088273180609E+07
  0.41200000E+03     -0.2347919068492640E+04      0.5513004159362777E+07
  0.41300000E+03     -0.2358777042267317E+04      0.5564113163352471E+07
  0.41400000E+03     -0.2369517435062264E+04      0.5614898963150778E+07
  0.41500000E+03     -0.2380327061186882E+04      0.5666245665416503E+07
  0.41600000E+03     -0.2391209026623128E+04      0.5718171606077212E+07
  0.41700000E+03     -0.2402084866141741E+04      0.5770305596163435E+07
  0.41800000E+03     -0.2412900900227649E+04      0.5822386055032971E+07
  0.41900000E+03     -0.2423817715157736E+04      0.5875189841446157E+07
  0.42000000E+03     -0.2434689145582608E+04      0.5928011333251259E+07
  0.42100000E+03     -0.2445482894964818E+04      0.5980691529322988E+07
  0.42200000E+03     -0.2456373330218578E+04      0.6034077016360607E+07
  0.42300000E+03     -0.2467211532401343E+04      0.6087440675360764E+07
  0.42400000E+03     -0.2478095796059195E+04      0.6141269081908210E+07
  0.42500000E+03     -0.2488920353654066E+04      0.6195037164253640E+07
  0.42600000E+03     -0.2499777699878455E+04      0.6249204250735935E+07
  0.42700000E+03     -0.2510690572697660E+04      0.6303886326744673E+07
  0.42800000E+03     -0.2521626588242120E+04      0.6358922591914377E+07
  0.42900000E+03     -0.2532381438401319E+04      0.6413279769080443E+07
  0.43000000E+03     -0.2543185645967246E+04      0.6468119660755304E+07
  0.43100000E+03     -0.2554051119869207E+04      0.6523507585761245E+07
  0.43200000E+03     -0.2564944089929744E+04      0.6579270581696087E+07
  0.43300000E+03     -0.2575819066015696E+04      0.6635178373248691E+07
  0.43400000E+03     -0.2586770399215241E+04      0.6691718313555430E+07
  0.43500000E+03     -0.2597563795787985E+04      0.6747680470003192E+07
  0.43600000E+03     -0.2608442286109143E+04      0.6804314232986664E+07
  0.43700000E+03     -0.2619270495186909E+04      0.6860923410717992E+07
  0.43800000E+03     -0.2629987971125741E+04      0.6917185409152574E+07
  0.43900000E+03     -0.2640981018130076E+04      0.6975130845111466E+07
  0.44000000E+03     -0.2651843802716211E+04      0.7032631213188495E+07
  0.44100000E+03     -0.2662545797532955E+04      0.7089508434581937E+07
  0.44200000E+03     -0.2673347059396958E+04      0.7147144646821367E+07
  0.44300000E+03     -0.2684129294090047E+04      0.7204913610982013E+07
  0.44400000E+03     -0.2694968365193318E+04      0.7263219227536043E+07
  0.44500000E+03     -0.2705798697000241E+04      0.7321715161378420E+07
  0.44600000E+03     -0.2716542466854121E+04      0.7379972601860086E+07
  0.44700000E+03     -0.2727428714134523E+04      0.7439239129819653E+07
  0.44800000E+03     -0.2738019406973434E+04      0.7497129198593729E+07
  0.44900000E+03     -0.2748764843953688E+04      0.7556090138692788E+07
  0.45000000E+03     -0.2759461001805568E+04      0.7615008156037085E+07
  0.45100000E+03     -0.2770251700900372E+04      0.7674680283061784E+07
  0.45200000E+03     -0.2780846565468823E+04      0.7733494717684912E+07
  0.45300000E+03     -0.2791484494540682E+04      0.7792778535700526E+07
  0.45400000E+03     -0.2802102529124476E+04      0.7852174337198697E+07
  0.45500000E+03     -0.2812720302547356E+04      0.7911793335731412E+07
  0.45600000E+03     -0.2823495311337623E+04      0.7972527882736451E+07
  0.45700000E+03     -0.2834031668451645E+04      0.8032137817274889E+07
  0.45800000E+03     -0.2844787576829968E+04      0.8093222160570521E+07
  0.45900000E+03     -0.2855331482739507E+04      0.8153328504669126E+07
  0.46000000E+03     -0.2865778954948409E+04      0.8213101731605280E+07
  0.46100000E+03     -0.2876381278713103E+04      0.8273984577697610E+07
  0.46200000E+03     -0.2886715266811229E+04      0.8333543512829618E+07
  0.46300000E+03     -0.2897196782065316E+04      0.8394174107984886E+07
  0.46400000E+03     -0.2907745413699845E+04      0.8455411169976227E+07
  0.46500000E+03     -0.2918086162794000E+04      0.8515651722260633E+07
  0.46600000E+03     -0.2928783385982252E+04      0.8578203188579172E+07
  0.46700000E+03     -0.2939069542726642E+04      0.8638563441458261E+07
  0.46800000E+03     -0.2949432542608571E+04      0.8699589887594420E+07
  0.46900000E+03     -0.2960034742063109E+04      0.8762247974177053E+07
  0.47000000E+03     -0.2970127427260584E+04      0.8822100856962526E+07
  0.47100000E+03     -0.2980453153925690E+04      0.8883547133901458E+07
  0.47200000E+03     -0.2990499741832282E+04      0.8943539869895214E+07
  0.47300000E+03     -0.3000645640895881E+04      0.9004327749347368E+07
  0.47400000E+03     -0.3011099309202011E+04      0.9067177744936487E+07
  0.47500000E+03     -0.3021531688223453E+04      0.9130115235380473E+07
  0.47600000E+03     -0.3031430752177227E+04      0.9190036289493343E+07
  0.47700000E+03     -0.3041515082130441E+04      0.9251280661819769E+07
  0.47800000E+03     -0.3051501220714751E+04      0.9312126469063167E+07
  0.47900000E+03     -0.3061696593003042E+04      0.9374461667704485E+07
  0.48000000E+03     -0.3071808502951671E+04      0.9436481580291303E+07
  0.48100000E+03     -0.3081968876838702E+04      0.9499013268663216E+07
  0.48200000E+03     -0.3091804041570095E+04      0.9559736481998349E+07
  0.48300000E+03     -0.3101554536918076E+04      0.9620128416755335E+07
  0.48400000E+03     -0.3111306038045606E+04      0.9680713085539371E+07
  0.48500000E+03     -0.3121339618574892E+04      0.9743257819908291E+07
  0.48600000E+03     -0.3130908209092530E+04      0.9803086733319243E+07
  0.48700000E+03     -0.3140745757424710E+04      0.9864780622245582E+07
  0.48800000E+03     -0.3150556024739768E+04      0.9926509716947425E+07
  0.48900000E+03     -0.3160291029362377E+04      0.9987948562627163E+07
  0.49000000E+03     -0.3169914129491649E+04      0.1004886832132388E+08
  0.49100000E+03     -0.3179540409173647E+04      0.1010999093422893E+08
  0.49200000E+03     -0.3189284901065061E+04      0.1017205386741011E+08
  0.49300000E+03     -0.3198643708846213E+04      0.1023184056983612E+08
  0.49400000E+03     -0.3207926759114209E+04      0.1029131857794632E+08
  0.49500000E+03     -0.3217320159077015E+04      0.1035166622071471E+08
  0.49600000E+03     -0.3227989687668989E+04      0.1042082086808929E+08
  0.49700000E+03     -0.3328031314129010E+04      0.1109007991850114E+08
  0.49800000E+03     -0.3370832781731840E+04      0.1137839829139308E+08
  0.49900000E+03     -0.3434138444325739E+04      0.1180718473759556E+08
  0.50000000E+03     -0.3447372774555023E+04      0.1189788330858796E+08
  0.50100000E+03     -0.3273074978579018E+04      0.1071356725521436E+08
  0.50200000E+03     -0.3282195952073592E+04      0.1077336261888866E+08
  0.50300000E+03     -0.3291261314850664E+04      0.1083295732100928E+08
  0.50400000E+03     -0.3300215653847527E+04      0.1089198001058512E+08
  0.50500000E+03     -0.3309444736383807E+04      0.1095299399214632E+08
  0.50600000E+03     -0.3317649719752211E+04      0.1100736554581672E+08
  0.50700000E+03     -0.3328017411381930E+04      0.1107650513758542E+08
  0.50800000E+03     -0.3495756675040653E+04      0.1223702131910326E+08
  0.50900000E+03     -0.3597748887843540E+04      0.1294821181429734E+08
  0.51000000E+03     -0.3622913298778094E+04      0.1312777969454855E+08
