  0.00000000E+00     -0.4196171420819914E+02
  0.10000000E+01     -0.3872293671974810E+02
  0.20000000E+01     -0.3616226492143124E+02
  0.30000000E+01     -0.3399215338738470E+02
  0.40000000E+01     -0.3209487185169633E+02
  0.50000000E+01     -0.3040607650995730E+02
  0.60000000E+01     -0.2888486206239316E+02
  0.70000000E+01     -0.2750301156277759E+02
  0.80000000E+01     -0.2623993606728021E+02
  0.90000000E+01     -0.2507996188567654E+02
  0.10000000E+02     -0.2401040233937393E+02
  0.11000000E+02     -0.2302162503294798E+02
  0.12000000E+02     -0.2210527495372065E+02
  0.13000000E+02     -0.2125449057797588E+02
  0.14000000E+02     -0.2046318492424244E+02
  0.15000000E+02     -0.1972648212342011E+02
  0.16000000E+02     -0.1903977523925862E+02
  0.17000000E+02     -0.1839936348372091E+02
  0.18000000E+02     -0.1780174812594869E+02
  0.19000000E+02     -0.1724331784935415E+02
  0.20000000E+02     -0.1672232334138560E+02
  0.21000000E+02     -0.1623592860380736E+02
  0.22000000E+02     -0.1578174225975253E+02
  0.23000000E+02     -0.1535763292693363E+02
  0.24000000E+02     -0.1496170464379150E+02
  0.25000000E+02     -0.1459289367316902E+02
  0.26000000E+02     -0.1424900261909324E+02
  0.27000000E+02     -0.1392877996837849E+02
  0.28000000E+02     -0.1363088565739735E+02
  0.29000000E+02     -0.1335414853245733E+02
  0.30000000E+02     -0.1309736650898901E+02
  0.31000000E+02     -0.1285945604492852E+02
  0.32000000E+02     -0.1263945469629021E+02
  0.33000000E+02     -0.1243652610134642E+02
  0.34000000E+02     -0.1224951600928839E+02
  0.35000000E+02     -0.1207768956050409E+02
  0.36000000E+02     -0.1192029692411655E+02
  0.37000000E+02     -0.1177662037948735E+02
  0.38000000E+02     -0.1164609317977085E+02
  0.39000000E+02     -0.1152791867638973E+02
  0.40000000E+02     -0.1142139639547421E+02
  0.41000000E+02     -0.1132621481147869E+02
  0.42000000E+02     -0.1124149390085605E+02
  0.43000000E+02     -0.1116698864701562E+02
  0.44000000E+02     -0.1110221717733021E+02
  0.45000000E+02     -0.1104603641270940E+02
  0.46000000E+02     -0.1099887409013576E+02
  0.47000000E+02     -0.1095983674963210E+02
  0.48000000E+02     -0.1092867036948820E+02
  0.49000000E+02     -0.1090527254504393E+02
  0.50000000E+02     -0.1088894466728489E+02
  0.51000000E+02     -0.1087903710789835E+02
  0.52000000E+02     -0.1087560088157768E+02
  0.53000000E+02     -0.1087839297700009E+02
  0.54000000E+02     -0.1088693867693003E+02
  0.55000000E+02     -0.1090084800742350E+02
  0.56000000E+02     -0.1091997963865907E+02
  0.57000000E+02     -0.1094412924673355E+02
  0.58000000E+02     -0.1097313796141326E+02
  0.59000000E+02     -0.1100622050677876E+02
  0.60000000E+02     -0.1104316556761948E+02
  0.61000000E+02     -0.1108427122310865E+02
  0.62000000E+02     -0.1112893399414051E+02
  0.63000000E+02     -0.1117721204600653E+02
  0.64000000E+02     -0.1122866430142085E+02
  0.65000000E+02     -0.1128256470603530E+02
  0.66000000E+02     -0.1133973322922597E+02
  0.67000000E+02     -0.1139993354616061E+02
  0.68000000E+02     -0.1146260132719797E+02
  0.69000000E+02     -0.1152764041632062E+02
  0.70000000E+02     -0.1159482060247509E+02
  0.71000000E+02     -0.1166383642407642E+02
  0.72000000E+02     -0.1173515796643786E+02
  0.73000000E+02     -0.1180804763692160E+02
  0.74000000E+02     -0.1188241640313088E+02
  0.75000000E+02     -0.1195795718951599E+02
  0.76000000E+02     -0.1203445568300898E+02
  0.77000000E+02     -0.1211221815898322E+02
  0.78000000E+02     -0.1219123443080594E+02
  0.79000000E+02     -0.1227138482265823E+02
  0.80000000E+02     -0.1235225192573230E+02
  0.81000000E+02     -0.1243398148833850E+02
  0.82000000E+02     -0.1251606954073633E+02
  0.83000000E+02     -0.1259853167406350E+02
  0.84000000E+02     -0.1268151340059953E+02
  0.85000000E+02     -0.1276507909930528E+02
  0.86000000E+02     -0.1284848293539381E+02
  0.87000000E+02     -0.1293218026079439E+02
  0.88000000E+02     -0.1301610113523654E+02
  0.89000000E+02     -0.1310007137781727E+02
  0.90000000E+02     -0.1318415565177694E+02
  0.91000000E+02     -0.1326786202495451E+02
  0.92000000E+02     -0.1335148432499095E+02
  0.93000000E+02     -0.1343461518572853E+02
  0.94000000E+02     -0.1351714002796771E+02
  0.95000000E+02     -0.1359936117428458E+02
  0.96000000E+02     -0.1368115387526649E+02
  0.97000000E+02     -0.1376258665985976E+02
  0.98000000E+02     -0.1384335365844843E+02
  0.99000000E+02     -0.1392355736053452E+02
  0.10000000E+03     -0.1400283311896430E+02
  0.10100000E+03     -0.1408097081426626E+02
  0.10200000E+03     -0.1415845480610361E+02
  0.10300000E+03     -0.1423514008049091E+02
  0.10400000E+03     -0.1431092765048007E+02
  0.10500000E+03     -0.1438590800836274E+02
  0.10600000E+03     -0.1445925911394313E+02
  0.10700000E+03     -0.1453181070698616E+02
  0.10800000E+03     -0.1460296945566590E+02
  0.10900000E+03     -0.1467323378823862E+02
  0.11000000E+03     -0.1474215558237954E+02
  0.11100000E+03     -0.1481023841979622E+02
  0.11200000E+03     -0.1487722462299383E+02
  0.11300000E+03     -0.1494266460041291E+02
  0.11400000E+03     -0.1500675020083404E+02
  0.11500000E+03     -0.1506930567774576E+02
  0.11600000E+03     -0.1513064354645380E+02
  0.11700000E+03     -0.1519029257695051E+02
  0.11800000E+03     -0.1524861631463131E+02
  0.11900000E+03     -0.1530544125259596E+02
  0.12000000E+03     -0.1536125285523305E+02
  0.12100000E+03     -0.1541525424088720E+02
  0.12200000E+03     -0.1546778321372066E+02
  0.12300000E+03     -0.1551840264793853E+02
  0.12400000E+03     -0.1556746961251028E+02
  0.12500000E+03     -0.1561504384000579E+02
  0.12600000E+03     -0.1566075471078367E+02
  0.12700000E+03     -0.1570533420385544E+02
  0.12800000E+03     -0.1574798654747655E+02
  0.12900000E+03     -0.1578874293924912E+02
  0.13000000E+03     -0.1582745184939187E+02
  0.13100000E+03     -0.1586479824058730E+02
  0.13200000E+03     -0.1590049717214605E+02
  0.13300000E+03     -0.1593428363105794E+02
  0.13400000E+03     -0.1596630908569336E+02
  0.13500000E+03     -0.1599596055104336E+02
  0.13600000E+03     -0.1602411568376397E+02
  0.13700000E+03     -0.1605132373184230E+02
  0.13800000E+03     -0.1607604595766590E+02
  0.13900000E+03     -0.1609894907465697E+02
  0.14000000E+03     -0.1612022727096777E+02
  0.14100000E+03     -0.1613949711434585E+02
  0.14200000E+03     -0.1615644984622340E+02
  0.14300000E+03     -0.1617175425024401E+02
  0.14400000E+03     -0.1618497056205331E+02
  0.14500000E+03     -0.1619611230022623E+02
  0.14600000E+03     -0.1620583360858593E+02
  0.14700000E+03     -0.1621396665426867E+02
  0.14800000E+03     -0.1622034161219599E+02
  0.14900000E+03     -0.1622376519799674E+02
  0.15000000E+03     -0.1622552771857929E+02
  0.15100000E+03     -0.1622516346317882E+02
  0.15200000E+03     -0.1622322792909568E+02
  0.15300000E+03     -0.1621899866383418E+02
  0.15400000E+03     -0.1621339351778819E+02
  0.15500000E+03     -0.1620513514736281E+02
  0.15600000E+03     -0.1619518812861573E+02
  0.15700000E+03     -0.1618277978053918E+02
  0.15800000E+03     -0.1616865377571715E+02
  0.15900000E+03     -0.1615262119153392E+02
  0.16000000E+03     -0.1613455789686980E+02
  0.16100000E+03     -0.1611473051180057E+02
  0.16200000E+03     -0.1609256069617608E+02
  0.16300000E+03     -0.1606888092066490E+02
  0.16400000E+03     -0.1604345470821935E+02
  0.16500000E+03     -0.1601538088500682E+02
  0.16600000E+03     -0.1598521656350350E+02
  0.16700000E+03     -0.1595356162635721E+02
  0.16800000E+03     -0.1591968384631605E+02
  0.16900000E+03     -0.1588395780434459E+02
  0.17000000E+03     -0.1584629169147937E+02
  0.17100000E+03     -0.1580662006168881E+02
  0.17200000E+03     -0.1576510382759236E+02
  0.17300000E+03     -0.1572123722963205E+02
  0.17400000E+03     -0.1567567071867732E+02
  0.17500000E+03     -0.1562821042720631E+02
  0.17600000E+03     -0.1557898679804604E+02
  0.17700000E+03     -0.1552763741473512E+02
  0.17800000E+03     -0.1547464476736755E+02
  0.17900000E+03     -0.1541981963834358E+02
  0.18000000E+03     -0.1536335830619342E+02
  0.18100000E+03     -0.1530419525735189E+02
  0.18200000E+03     -0.1524314426313121E+02
  0.18300000E+03     -0.1517995405293277E+02
  0.18400000E+03     -0.1511544512660051E+02
  0.18500000E+03     -0.1504860340707025E+02
  0.18600000E+03     -0.1498053070822889E+02
  0.18700000E+03     -0.1490999610127429E+02
  0.18800000E+03     -0.1483760911530812E+02
  0.18900000E+03     -0.1476354388183497E+02
  0.19000000E+03     -0.1468764701366771E+02
  0.19100000E+03     -0.1461045872850484E+02
  0.19200000E+03     -0.1453182956779485E+02
  0.19300000E+03     -0.1445073595722159E+02
  0.19400000E+03     -0.1436738770267127E+02
  0.19500000E+03     -0.1428298001877753E+02
  0.19600000E+03     -0.1419691204426945E+02
  0.19700000E+03     -0.1410891931586204E+02
  0.19800000E+03     -0.1401907130723940E+02
  0.19900000E+03     -0.1392757279605090E+02
  0.20000000E+03     -0.1383426219338206E+02
  0.20100000E+03     -0.1373982144446750E+02
  0.20200000E+03     -0.1364370079149458E+02
  0.20300000E+03     -0.1354585446280277E+02
  0.20400000E+03     -0.1344632605082880E+02
  0.20500000E+03     -0.1334523690133700E+02
  0.20600000E+03     -0.1324313557195327E+02
  0.20700000E+03     -0.1313937711023150E+02
  0.20800000E+03     -0.1303366001743320E+02
  0.20900000E+03     -0.1292704326350790E+02
  0.21000000E+03     -0.1281866436423447E+02
  0.21100000E+03     -0.1270854019099971E+02
  0.21200000E+03     -0.1259731604882206E+02
  0.21300000E+03     -0.1248467287164137E+02
  0.21400000E+03     -0.1237082116692617E+02
  0.21500000E+03     -0.1225581771267435E+02
  0.21600000E+03     -0.1213987713783424E+02
  0.21700000E+03     -0.1202205486885663E+02
  0.21800000E+03     -0.1190344827615244E+02
  0.21900000E+03     -0.1178377853794460E+02
  0.22000000E+03     -0.1166252452671876E+02
  0.22100000E+03     -0.1154006674634972E+02
  0.22200000E+03     -0.1141715770673331E+02
  0.22300000E+03     -0.1129242277005224E+02
  0.22400000E+03     -0.1116689266263244E+02
  0.22500000E+03     -0.1104098592137701E+02
  0.22600000E+03     -0.1091400354208101E+02
  0.22700000E+03     -0.1078546876519943E+02
  0.22800000E+03     -0.1065627058833640E+02
  0.22900000E+03     -0.1052698078245866E+02
  0.23000000E+03     -0.1039631878255189E+02
  0.23100000E+03     -0.1026512357887721E+02
  0.23200000E+03     -0.1013297306676445E+02
  0.23300000E+03     -0.1000065720789223E+02
  0.23400000E+03     -0.9867832893347545E+01
  0.23500000E+03     -0.9734941768285081E+01
  0.23600000E+03     -0.9601004168519440E+01
  0.23700000E+03     -0.9466291894673249E+01
  0.23800000E+03     -0.9331482903390137E+01
  0.23900000E+03     -0.9197200110727353E+01
  0.24000000E+03     -0.9062243158753551E+01
  0.24100000E+03     -0.8926475813766521E+01
  0.24200000E+03     -0.8790273826306946E+01
  0.24300000E+03     -0.8654608066472505E+01
  0.24400000E+03     -0.8519226642671462E+01
  0.24500000E+03     -0.8384581458442455E+01
  0.24600000E+03     -0.8249499433375778E+01
  0.24700000E+03     -0.8113286770775790E+01
  0.24800000E+03     -0.7978659270308640E+01
  0.24900000E+03     -0.7844877889181362E+01
  0.25000000E+03     -0.7710918171449009E+01
  0.25100000E+03     -0.7577319169553459E+01
  0.25200000E+03     -0.7443914384162511E+01
  0.25300000E+03     -0.7311655659494722E+01
  0.25400000E+03     -0.7179171254518302E+01
  0.25500000E+03     -0.7048415744077882E+01
  0.25600000E+03     -0.6917881395989269E+01
  0.25700000E+03     -0.6788588902755914E+01
  0.25800000E+03     -0.6659465142997226E+01
  0.25900000E+03     -0.6531938859738427E+01
  0.26000000E+03     -0.6406404002902391E+01
  0.26100000E+03     -0.6281293457402484E+01
  0.26200000E+03     -0.6157774960069624E+01
  0.26300000E+03     -0.6035835769879228E+01
  0.26400000E+03     -0.5915633172299437E+01
  0.26500000E+03     -0.5796944717343042E+01
  0.26600000E+03     -0.5678281046768075E+01
  0.26700000E+03     -0.5562453141115025E+01
  0.26800000E+03     -0.5447930652543157E+01
  0.26900000E+03     -0.5337139393032707E+01
  0.27000000E+03     -0.5227690403518204E+01
  0.27100000E+03     -0.5120257426415564E+01
  0.27200000E+03     -0.5016282444821510E+01
  0.27300000E+03     -0.4914042511357587E+01
  0.27400000E+03     -0.4814190110442137E+01
  0.27500000E+03     -0.4717883403373865E+01
  0.27600000E+03     -0.4625792682974168E+01
  0.27700000E+03     -0.4535259011865720E+01
  0.27800000E+03     -0.4447994980849529E+01
  0.27900000E+03     -0.4363110101191642E+01
  0.28000000E+03     -0.4281373917814753E+01
  0.28100000E+03     -0.4203121822747724E+01
  0.28200000E+03     -0.4128764946837654E+01
  0.28300000E+03     -0.4058138140910492E+01
  0.28400000E+03     -0.3988857477970152E+01
  0.28500000E+03     -0.3925489995746462E+01
  0.28600000E+03     -0.3864190673832339E+01
  0.28700000E+03     -0.3809716460330569E+01
  0.28800000E+03     -0.3759082995574284E+01
  0.28900000E+03     -0.3712643800705907E+01
  0.29000000E+03     -0.3671553127289850E+01
  0.29100000E+03     -0.3631559857701151E+01
  0.29200000E+03     -0.3599347876453136E+01
  0.29300000E+03     -0.3571541595559788E+01
  0.29400000E+03     -0.3548652404274305E+01
  0.29500000E+03     -0.3532847729406226E+01
  0.29600000E+03     -0.3519779125081543E+01
  0.29700000E+03     -0.3512876256269090E+01
  0.29800000E+03     -0.3513768967795793E+01
  0.29900000E+03     -0.3519034371325498E+01
  0.30000000E+03     -0.3531608124532218E+01
  0.30100000E+03     -0.3549399404972464E+01
  0.30200000E+03     -0.3573508271628585E+01
  0.30300000E+03     -0.3602777991231745E+01
  0.30400000E+03     -0.3639704883941901E+01
  0.30500000E+03     -0.3682587260308596E+01
  0.30600000E+03     -0.3732637881842839E+01
  0.30700000E+03     -0.3789343483835219E+01
  0.30800000E+03     -0.3854633043777949E+01
  0.30900000E+03     -0.3927753657027670E+01
  0.31000000E+03     -0.4009514647366111E+01
  0.31100000E+03     -0.4097571586918447E+01
  0.31200000E+03     -0.4196849858372059E+01
  0.31300000E+03     -0.4302960330707911E+01
  0.31400000E+03     -0.4418620700277367E+01
  0.31500000E+03     -0.4544523852530386E+01
  0.31600000E+03     -0.4675435906936795E+01
  0.31700000E+03     -0.4812947615869206E+01
  0.31800000E+03     -0.4961883653084595E+01
  0.31900000E+03     -0.5119914433931861E+01
  0.32000000E+03     -0.5289999999618388E+01
  0.32100000E+03     -0.5468950863948848E+01
  0.32200000E+03     -0.5654206599580960E+01
  0.32300000E+03     -0.5849091642580921E+01
  0.32400000E+03     -0.6058938748152491E+01
  0.32500000E+03     -0.6278414331119452E+01
  0.32600000E+03     -0.6506517306655806E+01
  0.32700000E+03     -0.6748596633104958E+01
  0.32800000E+03     -0.7002031751435841E+01
  0.32900000E+03     -0.7268015525825502E+01
  0.33000000E+03     -0.7547519735653863E+01
  0.33100000E+03     -0.7835697123631093E+01
  0.33200000E+03     -0.8135783514104492E+01
  0.33300000E+03     -0.8448281615407659E+01
  0.33400000E+03     -0.8773446159580754E+01
  0.33500000E+03     -0.9114218039887096E+01
  0.33600000E+03     -0.9465742218630037E+01
  0.33700000E+03     -0.9830014635157767E+01
  0.33800000E+03     -0.1020745851438024E+02
  0.33900000E+03     -0.1060020927217884E+02
  0.34000000E+03     -0.1101084250465469E+02
  0.34100000E+03     -0.1143276322760481E+02
  0.34200000E+03     -0.1187124931572371E+02
  0.34300000E+03     -0.1232229527601084E+02
  0.34400000E+03     -0.1278739120715686E+02
  0.34500000E+03     -0.1326849554704773E+02
  0.34600000E+03     -0.1376322412173355E+02
  0.34700000E+03     -0.1427419857642598E+02
  0.34800000E+03     -0.1480299664397890E+02
  0.34900000E+03     -0.1534722127200498E+02
  0.35000000E+03     -0.1590639339938088E+02
  0.35100000E+03     -0.1648429550534049E+02
  0.35200000E+03     -0.1707829679002678E+02
  0.35300000E+03     -0.1769094789513561E+02
  0.35400000E+03     -0.1831943411922169E+02
  0.35500000E+03     -0.1897195903472669E+02
  0.35600000E+03     -0.1964309966633561E+02
  0.35700000E+03     -0.2033090304234678E+02
  0.35800000E+03     -0.2103339892992410E+02
  0.35900000E+03     -0.2175323810853465E+02
  0.36000000E+03     -0.2249342493940087E+02
  0.36100000E+03     -0.2325942683309618E+02
  0.36200000E+03     -0.2404369179653233E+02
  0.36300000E+03     -0.2484711147884872E+02
  0.36400000E+03     -0.2567068269605577E+02
  0.36500000E+03     -0.2651744248288242E+02
  0.36600000E+03     -0.2738832800704061E+02
  0.36700000E+03     -0.2827471060360475E+02
  0.36800000E+03     -0.2918673332131586E+02
  0.36900000E+03     -0.3011836785917243E+02
  0.37000000E+03     -0.3106923688630400E+02
  0.37100000E+03     -0.3204512482391515E+02
  0.37200000E+03     -0.3304723195980715E+02
  0.37300000E+03     -0.3407390958440838E+02
  0.37400000E+03     -0.3512521222507998E+02
  0.37500000E+03     -0.3620244460849818E+02
  0.37600000E+03     -0.3730040400772825E+02
  0.37700000E+03     -0.3842526078647798E+02
  0.37800000E+03     -0.3957248853762190E+02
  0.37900000E+03     -0.4074219080218823E+02
  0.38000000E+03     -0.4193789287725021E+02
  0.38100000E+03     -0.4316328235279155E+02
  0.38200000E+03     -0.4440882216090544E+02
  0.38300000E+03     -0.4568484263428480E+02
  0.38400000E+03     -0.4698820426539661E+02
  0.38500000E+03     -0.4831953800716795E+02
  0.38600000E+03     -0.4968792050911389E+02
  0.38700000E+03     -0.5107389462959495E+02
  0.38800000E+03     -0.5248772921404225E+02
  0.38900000E+03     -0.5393367458537644E+02
  0.39000000E+03     -0.5541176675584101E+02
  0.39100000E+03     -0.5691730115646558E+02
  0.39200000E+03     -0.5845244516151857E+02
  0.39300000E+03     -0.6001502804105942E+02
  0.39400000E+03     -0.6161483434930205E+02
  0.39500000E+03     -0.6324401110996873E+02
  0.39600000E+03     -0.6489574076449324E+02
  0.39700000E+03     -0.6658745808509457E+02
  0.39800000E+03     -0.6830623712625906E+02
  0.39900000E+03     -0.7005978948339403E+02
  0.40000000E+03     -0.7185524849524379E+02
  0.40100000E+03     -0.7367764529982443E+02
  0.40200000E+03     -0.7552925603900600E+02
  0.40300000E+03     -0.7741961510259050E+02
  0.40400000E+03     -0.7935142079889219E+02
  0.40500000E+03     -0.8131186503022558E+02
  0.40600000E+03     -0.8330325814348187E+02
  0.40700000E+03     -0.8533013179878287E+02
  0.40800000E+03     -0.8739797414389587E+02
  0.40900000E+03     -0.8949969948383847E+02
  0.41000000E+03     -0.9164000630712017E+02
  0.41100000E+03     -0.9381453036071386E+02
  0.41200000E+03     -0.9603706007536321E+02
  0.41300000E+03     -0.9830002059825553E+02
  0.41400000E+03     -0.1005941474165634E+03
  0.41500000E+03     -0.1029217021796749E+03
  0.41600000E+03     -0.1052948712910209E+03
  0.41700000E+03     -0.1077089421044476E+03
  0.41800000E+03     -0.1101631267907394E+03
  0.41900000E+03     -0.1126586498048332E+03
  0.42000000E+03     -0.1152084454968380E+03
  0.42100000E+03     -0.1177837434999332E+03
  0.42200000E+03     -0.1204140806018273E+03
  0.42300000E+03     -0.1230798530118951E+03
  0.42400000E+03     -0.1257894253734842E+03
  0.42500000E+03     -0.1285232723422066E+03
  0.42600000E+03     -0.1313220478732366E+03
  0.42700000E+03     -0.1341588909661602E+03
  0.42800000E+03     -0.1370486939548403E+03
  0.42900000E+03     -0.1399796051251928E+03
  0.43000000E+03     -0.1429572091943957E+03
  0.43100000E+03     -0.1459889753211029E+03
  0.43200000E+03     -0.1490791594478524E+03
  0.43300000E+03     -0.1521941203582800E+03
  0.43400000E+03     -0.1553593992699568E+03
  0.43500000E+03     -0.1585679579191877E+03
  0.43600000E+03     -0.1618576056027205E+03
  0.43700000E+03     -0.1651754583999214E+03
  0.43800000E+03     -0.1685437313411970E+03
  0.43900000E+03     -0.1719554124492314E+03
  0.44000000E+03     -0.1754234432173498E+03
  0.44100000E+03     -0.1789383791308121E+03
  0.44200000E+03     -0.1825051247533639E+03
  0.44300000E+03     -0.1861268043454878E+03
  0.44400000E+03     -0.1898151629849534E+03
  0.44500000E+03     -0.1935094927170949E+03
  0.44600000E+03     -0.1972844115871013E+03
  0.44700000E+03     -0.2011218819614362E+03
  0.44800000E+03     -0.2050421522206558E+03
  0.44900000E+03     -0.2089890422308590E+03
  0.45000000E+03     -0.2129831943010113E+03
  0.45100000E+03     -0.2170617325654790E+03
  0.45200000E+03     -0.2211660475747651E+03
  0.45300000E+03     -0.2253448027627492E+03
  0.45400000E+03     -0.2295896038285555E+03
  0.45500000E+03     -0.2339014682240858E+03
  0.45600000E+03     -0.2382402254742596E+03
  0.45700000E+03     -0.2426604006547172E+03
  0.45800000E+03     -0.2471256171639255E+03
  0.45900000E+03     -0.2516653664282895E+03
  0.46000000E+03     -0.2562756936277944E+03
  0.46100000E+03     -0.2609356112650921E+03
  0.46200000E+03     -0.2656416966525199E+03
  0.46300000E+03     -0.2704417873513586E+03
  0.46400000E+03     -0.2753334634277699E+03
  0.46500000E+03     -0.2802650559880029E+03
  0.46600000E+03     -0.2852496427662644E+03
  0.46700000E+03     -0.2902970343039228E+03
  0.46800000E+03     -0.2953992436965160E+03
  0.46900000E+03     -0.3006144805501460E+03
  0.47000000E+03     -0.3058902453309777E+03
  0.47100000E+03     -0.3112104585674642E+03
  0.47200000E+03     -0.3166344679671579E+03
  0.47300000E+03     -0.3220852283322571E+03
  0.47400000E+03     -0.3275985999708605E+03
  0.47500000E+03     -0.3331931855502422E+03
  0.47600000E+03     -0.3388606540919194E+03
  0.47700000E+03     -0.3445850098304643E+03
  0.47800000E+03     -0.3503911331300815E+03
  0.47900000E+03     -0.3562857074705170E+03
  0.48000000E+03     -0.3622171043627540E+03
  0.48100000E+03     -0.3682411558340601E+03
  0.48200000E+03     -0.3743889510180081E+03
  0.48300000E+03     -0.3805688442258068E+03
  0.48400000E+03     -0.3867912089044842E+03
  0.48500000E+03     -0.3931130116956547E+03
  0.48600000E+03     -0.3995691978084777E+03
  0.48700000E+03     -0.4060993816958951E+03
  0.48800000E+03     -0.4126451127661273E+03
  0.48900000E+03     -0.4192928434049610E+03
  0.49000000E+03     -0.4259936726491915E+03
  0.49100000E+03     -0.4328140620062625E+03
  0.49200000E+03     -0.4396632562877518E+03
  0.49300000E+03     -0.4466296545007849E+03
  0.49400000E+03     -0.4537025976939744E+03
  0.49500000E+03     -0.4608650679790196E+03
  0.49600000E+03     -0.4680956254540228E+03
  0.49700000E+03     -0.4754299406524008E+03
  0.49800000E+03     -0.4827935765827293E+03
  0.49900000E+03     -0.4902614755913499E+03
  0.50000000E+03     -0.4978417453818996E+03
  0.50100000E+03     -0.5054638014976003E+03
  0.50200000E+03     -0.5131846387285760E+03
  0.50300000E+03     -0.5210439764519457E+03
  0.50400000E+03     -0.5289723207107232E+03
  0.50500000E+03     -0.5369665949894836E+03
  0.50600000E+03     -0.5450818891525876E+03
  0.50700000E+03     -0.5532918727542879E+03
  0.50800000E+03     -0.5616188831196243E+03
  0.50900000E+03     -0.5700142679119415E+03
  0.51000000E+03     -0.5785110427606414E+03
