  0.00000000E+00     -0.2306552614449645E+02
  0.10000000E+01     -0.2020633591971099E+02
  0.20000000E+01     -0.1802312087958546E+02
  0.30000000E+01     -0.1622830638646604E+02
  0.40000000E+01     -0.1470380732557139E+02
  0.50000000E+01     -0.1338509970308702E+02
  0.60000000E+01     -0.1223120196726735E+02
  0.70000000E+01     -0.1121404721211737E+02
  0.80000000E+01     -0.1031352180731996E+02
  0.90000000E+01     -0.9513641157729420E+01
  0.10000000E+02     -0.8801622610789636E+01
  0.11000000E+02     -0.8167705536812612E+01
  0.12000000E+02     -0.7603734472299773E+01
  0.13000000E+02     -0.7102486291537548E+01
  0.14000000E+02     -0.6658772373005289E+01
  0.15000000E+02     -0.6267149124664756E+01
  0.16000000E+02     -0.5922689294438588E+01
  0.17000000E+02     -0.5621961904241567E+01
  0.18000000E+02     -0.5361732080879669E+01
  0.19000000E+02     -0.5138793909859416E+01
  0.20000000E+02     -0.4950158493792124E+01
  0.21000000E+02     -0.4793627245335785E+01
  0.22000000E+02     -0.4666785271169289E+01
  0.23000000E+02     -0.4567591957374809E+01
  0.24000000E+02     -0.4494541256687733E+01
  0.25000000E+02     -0.4445532257354849E+01
  0.26000000E+02     -0.4419248794535321E+01
  0.27000000E+02     -0.4414042371144820E+01
  0.28000000E+02     -0.4428758987678148E+01
  0.29000000E+02     -0.4462434939889164E+01
  0.30000000E+02     -0.4513212906228720E+01
  0.31000000E+02     -0.4580403729760913E+01
  0.32000000E+02     -0.4663012521607911E+01
  0.33000000E+02     -0.4759862369677301E+01
  0.34000000E+02     -0.4870329847790110E+01
  0.35000000E+02     -0.4993910045102293E+01
  0.36000000E+02     -0.5129156895255442E+01
  0.37000000E+02     -0.5276189764768216E+01
  0.38000000E+02     -0.5433020299927904E+01
  0.39000000E+02     -0.5599827555254818E+01
  0.40000000E+02     -0.5776532334437666E+01
  0.41000000E+02     -0.5962077216044148E+01
  0.42000000E+02     -0.6155194254445640E+01
  0.43000000E+02     -0.6356522536969280E+01
  0.44000000E+02     -0.6564969807019822E+01
  0.45000000E+02     -0.6780268636845734E+01
  0.46000000E+02     -0.7001545648489192E+01
  0.47000000E+02     -0.7228774578574503E+01
  0.48000000E+02     -0.7461397443408086E+01
  0.49000000E+02     -0.7698863897870940E+01
  0.50000000E+02     -0.7940611751926583E+01
  0.51000000E+02     -0.8186934390790004E+01
  0.52000000E+02     -0.8437323947960945E+01
  0.53000000E+02     -0.8691234996598563E+01
  0.54000000E+02     -0.8948442327733428E+01
  0.55000000E+02     -0.9209221037572366E+01
  0.56000000E+02     -0.9472679794115415E+01
  0.57000000E+02     -0.9738334986595577E+01
  0.58000000E+02     -0.1000653905163207E+02
  0.59000000E+02     -0.1027605563831552E+02
  0.60000000E+02     -0.1054786791401105E+02
  0.61000000E+02     -0.1082094843284308E+02
  0.62000000E+02     -0.1109538867902157E+02
  0.63000000E+02     -0.1137101144378747E+02
  0.64000000E+02     -0.1164757437043444E+02
  0.65000000E+02     -0.1192561195524690E+02
  0.66000000E+02     -0.1220360902339551E+02
  0.67000000E+02     -0.1248224096663502E+02
  0.68000000E+02     -0.1276137922590902E+02
  0.69000000E+02     -0.1304049103540326E+02
  0.70000000E+02     -0.1331911696179352E+02
  0.71000000E+02     -0.1359816148802113E+02
  0.72000000E+02     -0.1387678516142218E+02
  0.73000000E+02     -0.1415438139737709E+02
  0.74000000E+02     -0.1443129660633672E+02
  0.75000000E+02     -0.1470777447262990E+02
  0.76000000E+02     -0.1498311974647920E+02
  0.77000000E+02     -0.1525761890044290E+02
  0.78000000E+02     -0.1553116661592410E+02
  0.79000000E+02     -0.1580390555596432E+02
  0.80000000E+02     -0.1607466022146026E+02
  0.81000000E+02     -0.1634378653645469E+02
  0.82000000E+02     -0.1661204852115488E+02
  0.83000000E+02     -0.1687857221743585E+02
  0.84000000E+02     -0.1714298539640297E+02
  0.85000000E+02     -0.1740625901395936E+02
  0.86000000E+02     -0.1766767801662551E+02
  0.87000000E+02     -0.1792706031210012E+02
  0.88000000E+02     -0.1818445896892925E+02
  0.89000000E+02     -0.1843967533938237E+02
  0.90000000E+02     -0.1869298304057853E+02
  0.91000000E+02     -0.1894360870313913E+02
  0.92000000E+02     -0.1919221758622986E+02
  0.93000000E+02     -0.1943873262048896E+02
  0.94000000E+02     -0.1968336474263678E+02
  0.95000000E+02     -0.1992488061255131E+02
  0.96000000E+02     -0.2016403275297387E+02
  0.97000000E+02     -0.2040090741454435E+02
  0.98000000E+02     -0.2063511939298313E+02
  0.99000000E+02     -0.2086670653055829E+02
  0.10000000E+03     -0.2109578991348189E+02
  0.10100000E+03     -0.2132219653533325E+02
  0.10200000E+03     -0.2154530766200271E+02
  0.10300000E+03     -0.2176633791602251E+02
  0.10400000E+03     -0.2198437829603427E+02
  0.10500000E+03     -0.2219997807710018E+02
  0.10600000E+03     -0.2241257770966168E+02
  0.10700000E+03     -0.2262236530591424E+02
  0.10800000E+03     -0.2282912875667419E+02
  0.10900000E+03     -0.2303268027367648E+02
  0.11000000E+03     -0.2323337160108176E+02
  0.11100000E+03     -0.2343149342613380E+02
  0.11200000E+03     -0.2362679454367936E+02
  0.11300000E+03     -0.2381856131083254E+02
  0.11400000E+03     -0.2400788613912994E+02
  0.11500000E+03     -0.2419353296220129E+02
  0.11600000E+03     -0.2437616069111500E+02
  0.11700000E+03     -0.2455510317757306E+02
  0.11800000E+03     -0.2473164388265958E+02
  0.11900000E+03     -0.2490448391611375E+02
  0.12000000E+03     -0.2507407176640969E+02
  0.12100000E+03     -0.2524114980378113E+02
  0.12200000E+03     -0.2540433686915185E+02
  0.12300000E+03     -0.2556505958351872E+02
  0.12400000E+03     -0.2572293679439728E+02
  0.12500000E+03     -0.2587636444219716E+02
  0.12600000E+03     -0.2602705391684297E+02
  0.12700000E+03     -0.2617482628835614E+02
  0.12800000E+03     -0.2631879001340322E+02
  0.12900000E+03     -0.2645959686208304E+02
  0.13000000E+03     -0.2659728467024829E+02
  0.13100000E+03     -0.2673150924131620E+02
  0.13200000E+03     -0.2686247689329402E+02
  0.13300000E+03     -0.2699015061199520E+02
  0.13400000E+03     -0.2711415236389210E+02
  0.13500000E+03     -0.2723531868535843E+02
  0.13600000E+03     -0.2735315607795532E+02
  0.13700000E+03     -0.2746772984671244E+02
  0.13800000E+03     -0.2757893882825989E+02
  0.13900000E+03     -0.2768704516084718E+02
  0.14000000E+03     -0.2779183441448036E+02
  0.14100000E+03     -0.2789239887360401E+02
  0.14200000E+03     -0.2799007730262774E+02
  0.14300000E+03     -0.2808380066498270E+02
  0.14400000E+03     -0.2817470137046217E+02
  0.14500000E+03     -0.2826168761381937E+02
  0.14600000E+03     -0.2834530313562804E+02
  0.14700000E+03     -0.2842549720344039E+02
  0.14800000E+03     -0.2850211841597869E+02
  0.14900000E+03     -0.2857490621828911E+02
  0.15000000E+03     -0.2864450566080183E+02
  0.15100000E+03     -0.2871146128525275E+02
  0.15200000E+03     -0.2877480662209842E+02
  0.15300000E+03     -0.2883487288653652E+02
  0.15400000E+03     -0.2889088021579444E+02
  0.15500000E+03     -0.2894401360932235E+02
  0.15600000E+03     -0.2899338086999808E+02
  0.15700000E+03     -0.2903955942320430E+02
  0.15800000E+03     -0.2908240689672019E+02
  0.15900000E+03     -0.2912168114178220E+02
  0.16000000E+03     -0.2915797448452901E+02
  0.16100000E+03     -0.2919075933827997E+02
  0.16200000E+03     -0.2922012265524859E+02
  0.16300000E+03     -0.2924545041456668E+02
  0.16400000E+03     -0.2926747763971390E+02
  0.16500000E+03     -0.2928630319616192E+02
  0.16600000E+03     -0.2930163401267068E+02
  0.16700000E+03     -0.2931343953398141E+02
  0.16800000E+03     -0.2932184701744541E+02
  0.16900000E+03     -0.2932674256257147E+02
  0.17000000E+03     -0.2932919053009623E+02
  0.17100000E+03     -0.2932761295669533E+02
  0.17200000E+03     -0.2932202342357063E+02
  0.17300000E+03     -0.2931292483549266E+02
  0.17400000E+03     -0.2930139573242847E+02
  0.17500000E+03     -0.2928588377514397E+02
  0.17600000E+03     -0.2926691215033978E+02
  0.17700000E+03     -0.2924417942171173E+02
  0.17800000E+03     -0.2921847593280410E+02
  0.17900000E+03     -0.2918897879284388E+02
  0.18000000E+03     -0.2915628439921102E+02
  0.18100000E+03     -0.2911994986861167E+02
  0.18200000E+03     -0.2908069527842340E+02
  0.18300000E+03     -0.2903855706065799E+02
  0.18400000E+03     -0.2899295964384931E+02
  0.18500000E+03     -0.2894285730323281E+02
  0.18600000E+03     -0.2889030099243237E+02
  0.18700000E+03     -0.2883412666440801E+02
  0.18800000E+03     -0.2877486250334614E+02
  0.18900000E+03     -0.2871236853362777E+02
  0.19000000E+03     -0.2864655716257476E+02
  0.19100000E+03     -0.2857684504965689E+02
  0.19200000E+03     -0.2850379839078862E+02
  0.19300000E+03     -0.2842763511933209E+02
  0.19400000E+03     -0.2834876862416355E+02
  0.19500000E+03     -0.2826594205823120E+02
  0.19600000E+03     -0.2818008501492550E+02
  0.19700000E+03     -0.2809023833054395E+02
  0.19800000E+03     -0.2799726513378513E+02
  0.19900000E+03     -0.2790125639453688E+02
  0.20000000E+03     -0.2780253535853303E+02
  0.20100000E+03     -0.2770088744874666E+02
  0.20200000E+03     -0.2759543572035869E+02
  0.20300000E+03     -0.2748726341094512E+02
  0.20400000E+03     -0.2737467028926480E+02
  0.20500000E+03     -0.2725930202511363E+02
  0.20600000E+03     -0.2714111810137205E+02
  0.20700000E+03     -0.2701935799021598E+02
  0.20800000E+03     -0.2689392133984123E+02
  0.20900000E+03     -0.2676645182222287E+02
  0.21000000E+03     -0.2663545695714352E+02
  0.21100000E+03     -0.2650118802605038E+02
  0.21200000E+03     -0.2636382649812069E+02
  0.21300000E+03     -0.2622342556769652E+02
  0.21400000E+03     -0.2607947988702874E+02
  0.21500000E+03     -0.2593287415235778E+02
  0.21600000E+03     -0.2578314820614150E+02
  0.21700000E+03     -0.2563001509229481E+02
  0.21800000E+03     -0.2547418855851091E+02
  0.21900000E+03     -0.2531617674789540E+02
  0.22000000E+03     -0.2515466759795330E+02
  0.22100000E+03     -0.2498995226881508E+02
  0.22200000E+03     -0.2482234524494269E+02
  0.22300000E+03     -0.2465162933721446E+02
  0.22400000E+03     -0.2447798746031115E+02
  0.22500000E+03     -0.2430172379517628E+02
  0.22600000E+03     -0.2412214774085438E+02
  0.22700000E+03     -0.2394097134927623E+02
  0.22800000E+03     -0.2375589975823320E+02
  0.22900000E+03     -0.2356897910674355E+02
  0.23000000E+03     -0.2337831427398939E+02
  0.23100000E+03     -0.2318525980548543E+02
  0.23200000E+03     -0.2298979369946638E+02
  0.23300000E+03     -0.2279205873436264E+02
  0.23400000E+03     -0.2259177293178119E+02
  0.23500000E+03     -0.2238942342847204E+02
  0.23600000E+03     -0.2218439560910166E+02
  0.23700000E+03     -0.2197644820071548E+02
  0.23800000E+03     -0.2176632540763381E+02
  0.23900000E+03     -0.2155329043517255E+02
  0.24000000E+03     -0.2133822273449890E+02
  0.24100000E+03     -0.2112163043841896E+02
  0.24200000E+03     -0.2090243266669812E+02
  0.24300000E+03     -0.2068041457388789E+02
  0.24400000E+03     -0.2045687633939046E+02
  0.24500000E+03     -0.2023171610149559E+02
  0.24600000E+03     -0.2000344904315818E+02
  0.24700000E+03     -0.1977325100685677E+02
  0.24800000E+03     -0.1954184316359986E+02
  0.24900000E+03     -0.1930829000643194E+02
  0.25000000E+03     -0.1907277789440289E+02
  0.25100000E+03     -0.1883603844057777E+02
  0.25200000E+03     -0.1859783991644724E+02
  0.25300000E+03     -0.1835779856718479E+02
  0.25400000E+03     -0.1811609116570764E+02
  0.25500000E+03     -0.1787350887672908E+02
  0.25600000E+03     -0.1762902634495202E+02
  0.25700000E+03     -0.1738279603444487E+02
  0.25800000E+03     -0.1713512422134497E+02
  0.25900000E+03     -0.1688625424830713E+02
  0.26000000E+03     -0.1663573305263708E+02
  0.26100000E+03     -0.1638504893129228E+02
  0.26200000E+03     -0.1613414535473961E+02
  0.26300000E+03     -0.1588212925089652E+02
  0.26400000E+03     -0.1562932225923614E+02
  0.26500000E+03     -0.1537569689719151E+02
  0.26600000E+03     -0.1512229847433347E+02
  0.26700000E+03     -0.1486703435613016E+02
  0.26800000E+03     -0.1461263074834152E+02
  0.26900000E+03     -0.1435756547642752E+02
  0.27000000E+03     -0.1410224300627327E+02
  0.27100000E+03     -0.1384661088516372E+02
  0.27200000E+03     -0.1359158513503471E+02
  0.27300000E+03     -0.1333634859553776E+02
  0.27400000E+03     -0.1308098544827309E+02
  0.27500000E+03     -0.1282650376343281E+02
  0.27600000E+03     -0.1257195845518629E+02
  0.27700000E+03     -0.1231882090862323E+02
  0.27800000E+03     -0.1206694038778220E+02
  0.27900000E+03     -0.1181492559625663E+02
  0.28000000E+03     -0.1156444072194800E+02
  0.28100000E+03     -0.1131417813524888E+02
  0.28200000E+03     -0.1106498873128058E+02
  0.28300000E+03     -0.1081868296983094E+02
  0.28400000E+03     -0.1057207383105792E+02
  0.28500000E+03     -0.1032807725778285E+02
  0.28600000E+03     -0.1008628967999823E+02
  0.28700000E+03     -0.9842424568407379E+01
  0.28800000E+03     -0.9603081106464225E+01
  0.28900000E+03     -0.9366148588294751E+01
  0.29000000E+03     -0.9131411235105835E+01
  0.29100000E+03     -0.8898547771243473E+01
  0.29200000E+03     -0.8666127109488720E+01
  0.29300000E+03     -0.8439745507758412E+01
  0.29400000E+03     -0.8215446588630673E+01
  0.29500000E+03     -0.7992516045600093E+01
  0.29600000E+03     -0.7773846378202558E+01
  0.29700000E+03     -0.7559320256514411E+01
  0.29800000E+03     -0.7346556104905590E+01
  0.29900000E+03     -0.7137538348447888E+01
  0.30000000E+03     -0.6934784738011341E+01
  0.30100000E+03     -0.6735904418965093E+01
  0.30200000E+03     -0.6539167127981253E+01
  0.30300000E+03     -0.6346844082510466E+01
  0.30400000E+03     -0.6159683045256957E+01
  0.30500000E+03     -0.5975925258155067E+01
  0.30600000E+03     -0.5800114414027520E+01
  0.30700000E+03     -0.5629280838588874E+01
  0.30800000E+03     -0.5464108107161033E+01
  0.30900000E+03     -0.5296095323839163E+01
  0.31000000E+03     -0.5136216823029487E+01
  0.31100000E+03     -0.4982708297974431E+01
  0.31200000E+03     -0.4837419285379491E+01
  0.31300000E+03     -0.4698066073551777E+01
  0.31400000E+03     -0.4564975615433989E+01
  0.31500000E+03     -0.4438483079937010E+01
  0.31600000E+03     -0.4319542124573227E+01
  0.31700000E+03     -0.4205926298231285E+01
  0.31800000E+03     -0.4101233533576091E+01
  0.31900000E+03     -0.4004074631707535E+01
  0.32000000E+03     -0.3911771530875142E+01
  0.32100000E+03     -0.3828374415103276E+01
  0.32200000E+03     -0.3754639700781397E+01
  0.32300000E+03     -0.3689484846320684E+01
  0.32400000E+03     -0.3632773552051027E+01
  0.32500000E+03     -0.3583261363883160E+01
  0.32600000E+03     -0.3542049171034201E+01
  0.32700000E+03     -0.3512461106594603E+01
  0.32800000E+03     -0.3489943561052720E+01
  0.32900000E+03     -0.3475372787076524E+01
  0.33000000E+03     -0.3474628066487512E+01
  0.33100000E+03     -0.3484101256155367E+01
  0.33200000E+03     -0.3501167508750080E+01
  0.33300000E+03     -0.3532898692608577E+01
  0.33400000E+03     -0.3571747272746518E+01
  0.33500000E+03     -0.3621343181534347E+01
  0.33600000E+03     -0.3684519657681517E+01
  0.33700000E+03     -0.3754345092585713E+01
  0.33800000E+03     -0.3838560064867804E+01
  0.33900000E+03     -0.3932607800070528E+01
  0.34000000E+03     -0.4041353986531559E+01
  0.34100000E+03     -0.4160961582502574E+01
  0.34200000E+03     -0.4295301202157194E+01
  0.34300000E+03     -0.4441858290108294E+01
  0.34400000E+03     -0.4608670293210613E+01
  0.34500000E+03     -0.4786418477277012E+01
  0.34600000E+03     -0.4976655357474419E+01
  0.34700000E+03     -0.5181953138839153E+01
  0.34800000E+03     -0.5398664668620981E+01
  0.34900000E+03     -0.5628188623097774E+01
  0.35000000E+03     -0.5873908823153819E+01
  0.35100000E+03     -0.6139259782798730E+01
  0.35200000E+03     -0.6415703905817347E+01
  0.35300000E+03     -0.6707016478735897E+01
  0.35400000E+03     -0.7013888133343803E+01
  0.35500000E+03     -0.7343084052747910E+01
  0.35600000E+03     -0.7687505411445150E+01
  0.35700000E+03     -0.8047782280985617E+01
  0.35800000E+03     -0.8419494430742182E+01
  0.35900000E+03     -0.8812742360159007E+01
  0.36000000E+03     -0.9226223669272407E+01
  0.36100000E+03     -0.9653991988832287E+01
  0.36200000E+03     -0.1010718862599699E+02
  0.36300000E+03     -0.1057735361620112E+02
  0.36400000E+03     -0.1106513866522457E+02
  0.36500000E+03     -0.1157170956317732E+02
  0.36600000E+03     -0.1210196285673714E+02
  0.36700000E+03     -0.1265029296904256E+02
  0.36800000E+03     -0.1322016597196768E+02
  0.36900000E+03     -0.1381488766368665E+02
  0.37000000E+03     -0.1442350721154472E+02
  0.37100000E+03     -0.1505144061382792E+02
  0.37200000E+03     -0.1570439629421023E+02
  0.37300000E+03     -0.1637937117474906E+02
  0.37400000E+03     -0.1707379015186799E+02
  0.37500000E+03     -0.1779450894134082E+02
  0.37600000E+03     -0.1854004827943648E+02
  0.37700000E+03     -0.1930469533966012E+02
  0.37800000E+03     -0.2010296903513223E+02
  0.37900000E+03     -0.2092645262741365E+02
  0.38000000E+03     -0.2177449696391705E+02
  0.38100000E+03     -0.2263802182517330E+02
  0.38200000E+03     -0.2353060099275085E+02
  0.38300000E+03     -0.2444922079417724E+02
  0.38400000E+03     -0.2538925386739955E+02
  0.38500000E+03     -0.2635949249371564E+02
  0.38600000E+03     -0.2736494974131568E+02
  0.38700000E+03     -0.2839445818003647E+02
  0.38800000E+03     -0.2945194573201876E+02
  0.38900000E+03     -0.3053806905905599E+02
  0.39000000E+03     -0.3165823673967076E+02
  0.39100000E+03     -0.3279655477284175E+02
  0.39200000E+03     -0.3396071384668435E+02
  0.39300000E+03     -0.3515003077036694E+02
  0.39400000E+03     -0.3638142942612394E+02
  0.39500000E+03     -0.3765452790862128E+02
  0.39600000E+03     -0.3894569659586884E+02
  0.39700000E+03     -0.4026517538519569E+02
  0.39800000E+03     -0.4161828486381278E+02
  0.39900000E+03     -0.4300889396567450E+02
  0.40000000E+03     -0.4443521130324255E+02
  0.40100000E+03     -0.4588082952080040E+02
  0.40200000E+03     -0.4738181009116943E+02
  0.40300000E+03     -0.4890474766433039E+02
  0.40400000E+03     -0.5046327379515780E+02
  0.40500000E+03     -0.5205315550332625E+02
  0.40600000E+03     -0.5366965523772091E+02
  0.40700000E+03     -0.5533251994631424E+02
  0.40800000E+03     -0.5702382364622569E+02
  0.40900000E+03     -0.5875009051607449E+02
  0.41000000E+03     -0.6051182944183903E+02
  0.41100000E+03     -0.6231924609088058E+02
  0.41200000E+03     -0.6416907735900026E+02
  0.41300000E+03     -0.6604416535486206E+02
  0.41400000E+03     -0.6797140389738131E+02
  0.41500000E+03     -0.6993984074423763E+02
  0.41600000E+03     -0.7194702620753948E+02
  0.41700000E+03     -0.7397941252594896E+02
  0.41800000E+03     -0.7606614264909417E+02
  0.41900000E+03     -0.7819801682373671E+02
  0.42000000E+03     -0.8035909075107261E+02
  0.42100000E+03     -0.8257364357896175E+02
  0.42200000E+03     -0.8482887449915010E+02
  0.42300000E+03     -0.8712351623876239E+02
  0.42400000E+03     -0.8946699084960105E+02
  0.42500000E+03     -0.9185247856962505E+02
  0.42600000E+03     -0.9428169603465874E+02
  0.42700000E+03     -0.9675528451618432E+02
  0.42800000E+03     -0.9926899913312297E+02
  0.42900000E+03     -0.1018430036396169E+03
  0.43000000E+03     -0.1044586306053736E+03
  0.43100000E+03     -0.1071111099115560E+03
  0.43200000E+03     -0.1098302034457813E+03
  0.43300000E+03     -0.1125892988805432E+03
  0.43400000E+03     -0.1153867736381162E+03
  0.43500000E+03     -0.1182363895557404E+03
  0.43600000E+03     -0.1211319402122071E+03
  0.43700000E+03     -0.1240854534422938E+03
  0.43800000E+03     -0.1271077526927922E+03
  0.43900000E+03     -0.1301624468287801E+03
  0.44000000E+03     -0.1332900740768212E+03
  0.44100000E+03     -0.1364404480166669E+03
  0.44200000E+03     -0.1396320925058507E+03
  0.44300000E+03     -0.1428994834690758E+03
  0.44400000E+03     -0.1462043356294255E+03
  0.44500000E+03     -0.1495839666581571E+03
  0.44600000E+03     -0.1530326063286078E+03
  0.44700000E+03     -0.1565267550438967E+03
  0.44800000E+03     -0.1600784159717321E+03
  0.44900000E+03     -0.1636974082912593E+03
  0.45000000E+03     -0.1673451051997809E+03
  0.45100000E+03     -0.1710532121872702E+03
  0.45200000E+03     -0.1748292692574848E+03
  0.45300000E+03     -0.1786726696739349E+03
  0.45400000E+03     -0.1825654780214713E+03
  0.45500000E+03     -0.1865430633327261E+03
  0.45600000E+03     -0.1905694048302681E+03
  0.45700000E+03     -0.1946481803071268E+03
  0.45800000E+03     -0.1988003688366870E+03
  0.45900000E+03     -0.2030043321800475E+03
  0.46000000E+03     -0.2072788309024417E+03
  0.46100000E+03     -0.2116104252044877E+03
  0.46200000E+03     -0.2160033929569141E+03
  0.46300000E+03     -0.2204755527944204E+03
  0.46400000E+03     -0.2250177843605198E+03
  0.46500000E+03     -0.2296028521969864E+03
  0.46600000E+03     -0.2342832215488740E+03
  0.46700000E+03     -0.2390180792988228E+03
  0.46800000E+03     -0.2438330407453561E+03
  0.46900000E+03     -0.2487039724257567E+03
  0.47000000E+03     -0.2536429563588284E+03
  0.47100000E+03     -0.2586543749681935E+03
  0.47200000E+03     -0.2637505008576234E+03
  0.47300000E+03     -0.2689043077885766E+03
  0.47400000E+03     -0.2741100765820108E+03
  0.47500000E+03     -0.2794209816324362E+03
  0.47600000E+03     -0.2848196133395662E+03
  0.47700000E+03     -0.2902698144032722E+03
  0.47800000E+03     -0.2957878162993466E+03
  0.47900000E+03     -0.3013995365391268E+03
  0.48000000E+03     -0.3070993886689508E+03
  0.48100000E+03     -0.3128946255535936E+03
  0.48200000E+03     -0.3187419652206324E+03
  0.48300000E+03     -0.3246537987923551E+03
  0.48400000E+03     -0.3306043715562399E+03
  0.48500000E+03     -0.3366879108728497E+03
  0.48600000E+03     -0.3428637289155124E+03
  0.48700000E+03     -0.3491241377770414E+03
  0.48800000E+03     -0.3554289136281869E+03
  0.48900000E+03     -0.3618328683937372E+03
  0.49000000E+03     -0.3683255483477901E+03
  0.49100000E+03     -0.3748658714944542E+03
  0.49200000E+03     -0.3815097453522130E+03
  0.49300000E+03     -0.3882547193828781E+03
  0.49400000E+03     -0.3950672624764224E+03
  0.49500000E+03     -0.4019593262301984E+03
  0.49600000E+03     -0.4089679598089779E+03
  0.49700000E+03     -0.4160314779759504E+03
  0.49800000E+03     -0.4232229531422872E+03
  0.49900000E+03     -0.4304819096877726E+03
  0.50000000E+03     -0.4378519835027683E+03
  0.50100000E+03     -0.4453179669127636E+03
  0.50200000E+03     -0.4528979925681782E+03
  0.50300000E+03     -0.4605401528309681E+03
  0.50400000E+03     -0.4682563799162775E+03
  0.50500000E+03     -0.4760830284224492E+03
  0.50600000E+03     -0.4839656346997566E+03
  0.50700000E+03     -0.4919922400645751E+03
  0.50800000E+03     -0.5000977290461158E+03
  0.50900000E+03     -0.5082357004114830E+03
  0.51000000E+03     -0.5165339394661371E+03
