  0.00000000E+00     -0.1052481862570689E-08      0.1518186982390529E-17
  0.10000000E+01     -0.6057410540142301E-03      0.3669222245208843E-06
  0.20000000E+01     -0.4481105028123422E-01      0.2777709895975979E-01
  0.30000000E+01     -0.1330778375603265E+00      0.9721623006964808E-01
  0.40000000E+01     -0.2662198734510206E+00      0.2348482783637980E+00
  0.50000000E+01     -0.4443946209069157E+00      0.4792945871583539E+00
  0.60000000E+01     -0.6688248391808498E+00      0.8838739163622209E+00
  0.70000000E+01     -0.9398887592339191E+00      0.1514931752346781E+01
  0.80000000E+01     -0.1258536903571552E+01      0.2456448441308889E+01
  0.90000000E+01     -0.1625359965651534E+01      0.3803755598613336E+01
  0.10000000E+02     -0.2041784237377132E+01      0.5678540724971040E+01
  0.11000000E+02     -0.2508938849083321E+01      0.8214031801504476E+01
  0.12000000E+02     -0.3027820651502857E+01      0.1156896345003637E+02
  0.13000000E+02     -0.3600271018920541E+01      0.1592901150510798E+02
  0.14000000E+02     -0.4226294224504505E+01      0.2148282888259225E+02
  0.15000000E+02     -0.4910513710084324E+01      0.2850176317461540E+02
  0.16000000E+02     -0.5651967552348110E+01      0.3722034984343548E+02
  0.17000000E+02     -0.6454294968535374E+01      0.4795932398006386E+02
  0.18000000E+02     -0.7319659896224977E+01      0.6107191133527645E+02
  0.19000000E+02     -0.8251974405561873E+01      0.7697577212274332E+02
  0.20000000E+02     -0.9252487309034480E+01      0.9609307363084477E+02
  0.21000000E+02     -0.1032722646920688E+02      0.1190223427235943E+03
  0.22000000E+02     -0.1147819619889476E+02      0.1462982513584842E+03
  0.23000000E+02     -0.1271032562426078E+02      0.1786489975060197E+03
  0.24000000E+02     -0.1403116244930314E+02      0.2169409220916234E+03
  0.25000000E+02     -0.1544797468935929E+02      0.2622086078816452E+03
  0.26000000E+02     -0.1696231804883025E+02      0.3153373476070220E+03
  0.27000000E+02     -0.1858667595936875E+02      0.3778154159747875E+03
  0.28000000E+02     -0.2032633358343755E+02      0.4509688155078366E+03
  0.29000000E+02     -0.2218835105106864E+02      0.5364284116359378E+03
  0.30000000E+02     -0.2418640359972537E+02      0.6363131289198634E+03
  0.31000000E+02     -0.2632168624204384E+02      0.7523584575873010E+03
  0.32000000E+02     -0.2861201008301264E+02      0.8874119506221510E+03
  0.33000000E+02     -0.3105590254238378E+02      0.1043350561232666E+04
  0.34000000E+02     -0.3365771767546041E+02      0.1222719546174894E+04
  0.35000000E+02     -0.3642504847838784E+02      0.1428323468078671E+04
  0.36000000E+02     -0.3935289331616864E+02      0.1662320375525675E+04
  0.37000000E+02     -0.4242979284249686E+02      0.1926242177551675E+04
  0.38000000E+02     -0.4565498703789864E+02      0.2222625417365528E+04
  0.39000000E+02     -0.4901674160747906E+02      0.2552631709037936E+04
  0.40000000E+02     -0.5250355542389880E+02      0.2917499464326754E+04
  0.41000000E+02     -0.5609261889122015E+02      0.3317335278877021E+04
  0.42000000E+02     -0.5976673450115463E+02      0.3751881894372490E+04
  0.43000000E+02     -0.6352045828396719E+02      0.4222523726989927E+04
  0.44000000E+02     -0.6731644028619279E+02      0.4725595447932038E+04
  0.45000000E+02     -0.7115858182765037E+02      0.5262876841371840E+04
  0.46000000E+02     -0.7502041458441984E+02      0.5831716068824045E+04
  0.47000000E+02     -0.7890752425146654E+02      0.6433431469860986E+04
  0.48000000E+02     -0.8280795472761446E+02      0.7066801795013260E+04
  0.49000000E+02     -0.8671125532350443E+02      0.7730524523594883E+04
  0.50000000E+02     -0.9062015267849951E+02      0.8425285298653398E+04
  0.51000000E+02     -0.9452621011164041E+02      0.9149503810010705E+04
  0.52000000E+02     -0.9843458204633440E+02      0.9904730645028038E+04
  0.53000000E+02     -0.1023373137691853E+03      0.1068913315803301E+05
  0.54000000E+02     -0.1062458348134529E+03      0.1150494291678928E+05
  0.55000000E+02     -0.1101473800939699E+03      0.1234967084329255E+05
  0.56000000E+02     -0.1140611688455258E+03      0.1322763738274790E+05
  0.57000000E+02     -0.1179765904919442E+03      0.1413668050274307E+05
  0.58000000E+02     -0.1219027213078147E+03      0.1507904726101880E+05
  0.59000000E+02     -0.1258333450621301E+03      0.1605337608767255E+05
  0.60000000E+02     -0.1297577912126465E+03      0.1705678390985690E+05
  0.61000000E+02     -0.1336995972947707E+03      0.1809600094949403E+05
  0.62000000E+02     -0.1376523981120829E+03      0.1916920683549896E+05
  0.63000000E+02     -0.1416027617715018E+03      0.2027307742486671E+05
  0.64000000E+02     -0.1455839986370077E+03      0.2141707343858537E+05
  0.65000000E+02     -0.1495624745119088E+03      0.2259206515540374E+05
  0.66000000E+02     -0.1535606686633713E+03      0.2380484608602547E+05
  0.67000000E+02     -0.1575930750525124E+03      0.2506071680653965E+05
  0.68000000E+02     -0.1616553720412766E+03      0.2635879873973530E+05
  0.69000000E+02     -0.1657241372900925E+03      0.2769202340609449E+05
  0.70000000E+02     -0.1698042654562222E+03      0.2906239784767179E+05
  0.71000000E+02     -0.1739247923569510E+03      0.3048044737224917E+05
  0.72000000E+02     -0.1780651997533638E+03      0.3193926953545946E+05
  0.73000000E+02     -0.1822399911110871E+03      0.3344527595345664E+05
  0.74000000E+02     -0.1864427334789035E+03      0.3499665110250716E+05
  0.75000000E+02     -0.1906853836444606E+03      0.3659866476632516E+05
  0.76000000E+02     -0.1949260366509134E+03      0.3823590472552029E+05
  0.77000000E+02     -0.1992083049866271E+03      0.3992565462980118E+05
  0.78000000E+02     -0.2035258343308913E+03      0.4166704402171577E+05
  0.79000000E+02     -0.2078493606481488E+03      0.4344804204105563E+05
  0.80000000E+02     -0.2122177004367358E+03      0.4528541449576177E+05
  0.81000000E+02     -0.2166075818972672E+03      0.4717017269256419E+05
  0.82000000E+02     -0.2210117007779995E+03      0.4909987000448836E+05
  0.83000000E+02     -0.2254274273096437E+03      0.5107337541216034E+05
  0.84000000E+02     -0.2298563094290195E+03      0.5309204482991011E+05
  0.85000000E+02     -0.2343215962559029E+03      0.5516697642940957E+05
  0.86000000E+02     -0.2387843918541398E+03      0.5728045801692250E+05
  0.87000000E+02     -0.2432684062807742E+03      0.5944410933978263E+05
  0.88000000E+02     -0.2477529911581927E+03      0.6164819832689869E+05
  0.89000000E+02     -0.2522487147142520E+03      0.6389793177322840E+05
  0.90000000E+02     -0.2567415941645909E+03      0.6618677776732569E+05
  0.91000000E+02     -0.2612523198514455E+03      0.6852555534484271E+05
  0.92000000E+02     -0.2657617208749082E+03      0.7090413203942953E+05
  0.93000000E+02     -0.2702776891487051E+03      0.7332699234797992E+05
  0.94000000E+02     -0.2748039080044064E+03      0.7579639497147330E+05
  0.95000000E+02     -0.2793393119229171E+03      0.7831182511071798E+05
  0.96000000E+02     -0.2838694045241151E+03      0.8086484115153496E+05
  0.97000000E+02     -0.2884007691217024E+03      0.8345995058459960E+05
  0.98000000E+02     -0.2929374683706955E+03      0.8609943311490453E+05
  0.99000000E+02     -0.2974705348074022E+03      0.8877743043062778E+05
  0.10000000E+03     -0.3019954725838860E+03      0.9149139084102563E+05
  0.10100000E+03     -0.3065262244854038E+03      0.9425023033839461E+05
  0.10200000E+03     -0.3110624484403498E+03      0.9705354881242874E+05
  0.10300000E+03     -0.3156112990135417E+03      0.9990655562703531E+05
  0.10400000E+03     -0.3201421817453456E+03      0.1027884088140754E+06
  0.10500000E+03     -0.3246651471614882E+03      0.1057061162916878E+06
  0.10600000E+03     -0.3292289466347650E+03      0.1086918051493294E+06
  0.10700000E+03     -0.3337647110195187E+03      0.1117005423209445E+06
  0.10800000E+03     -0.3383089471296634E+03      0.1147561114821098E+06
  0.10900000E+03     -0.3428515455121582E+03      0.1178514796031314E+06
  0.11000000E+03     -0.3474009117164912E+03      0.1209927440523161E+06
  0.11100000E+03     -0.3519322641800080E+03      0.1241628817474162E+06
  0.11200000E+03     -0.3564700997413100E+03      0.1273783285333146E+06
  0.11300000E+03     -0.3610088859720441E+03      0.1306354673536781E+06
  0.11400000E+03     -0.3655585253298194E+03      0.1339414463002713E+06
  0.11500000E+03     -0.3701110391019815E+03      0.1372913792106171E+06
  0.11600000E+03     -0.3746727289434427E+03      0.1406893161863578E+06
  0.11700000E+03     -0.3792443568836842E+03      0.1441367882771315E+06
  0.11800000E+03     -0.3838236287888777E+03      0.1476317193668275E+06
  0.11900000E+03     -0.3884043430166299E+03      0.1511688204691059E+06
  0.12000000E+03     -0.3929857920120494E+03      0.1547489842142809E+06
  0.12100000E+03     -0.3975935459138089E+03      0.1583927452553580E+06
  0.12200000E+03     -0.4022150518132389E+03      0.1620897826458139E+06
  0.12300000E+03     -0.4068509659039592E+03      0.1658408263918539E+06
  0.12400000E+03     -0.4115104308652102E+03      0.1696540085340478E+06
  0.12500000E+03     -0.4161803721973370E+03      0.1735198067507692E+06
  0.12600000E+03     -0.4208717796752420E+03      0.1774470954811087E+06
  0.12700000E+03     -0.4256104643505599E+03      0.1814584028597363E+06
  0.12800000E+03     -0.4303520208160579E+03      0.1855170342243123E+06
  0.12900000E+03     -0.4351344822746287E+03      0.1896560386810355E+06
  0.13000000E+03     -0.4399546046322413E+03      0.1938746149869512E+06
  0.13100000E+03     -0.4448055809163891E+03      0.1981670013418974E+06
  0.13200000E+03     -0.4496767773870696E+03      0.2025240275279517E+06
  0.13300000E+03     -0.4545758548043565E+03      0.2069536970003705E+06
  0.13400000E+03     -0.4595218473077016E+03      0.2114753932926960E+06
  0.13500000E+03     -0.4645001808938740E+03      0.2160760709624637E+06
  0.13600000E+03     -0.4695402626272184E+03      0.2207841961788456E+06
  0.13700000E+03     -0.4746180805991800E+03      0.2255790258777511E+06
  0.13800000E+03     -0.4797224535200956E+03      0.2304507356222830E+06
  0.13900000E+03     -0.4848902671196032E+03      0.2354365845020041E+06
  0.14000000E+03     -0.4901178428002795E+03      0.2405342417046625E+06
  0.14100000E+03     -0.4953844995641247E+03      0.2457255811757632E+06
  0.14200000E+03     -0.5007106466981305E+03      0.2510315101239219E+06
  0.14300000E+03     -0.5060713061033435E+03      0.2564295956423446E+06
  0.14400000E+03     -0.5115057922985487E+03      0.2619612124224978E+06
  0.14500000E+03     -0.5169804029919795E+03      0.2675930188012145E+06
  0.14600000E+03     -0.5225016553125624E+03      0.2733335311633066E+06
  0.14700000E+03     -0.5280559474827828E+03      0.2791700047044001E+06
  0.14800000E+03     -0.5336520954661537E+03      0.2851133081203688E+06
  0.14900000E+03     -0.5393259698328364E+03      0.2912034100404209E+06
  0.15000000E+03     -0.5450208117864148E+03      0.2973800495943317E+06
  0.15100000E+03     -0.5507310896145027E+03      0.3036389036082461E+06
  0.15200000E+03     -0.5564939427515030E+03      0.3100216120700002E+06
  0.15300000E+03     -0.5622603712284595E+03      0.3164747520807546E+06
  0.15400000E+03     -0.5680600597588257E+03      0.3230320965092061E+06
  0.15500000E+03     -0.5738693566601211E+03      0.3296683153486040E+06
  0.15600000E+03     -0.5797014563260078E+03      0.3363976806052905E+06
  0.15700000E+03     -0.5855063611868796E+03      0.3431631007731994E+06
  0.15800000E+03     -0.5913154696100050E+03      0.3500007989347120E+06
  0.15900000E+03     -0.5971392331711735E+03      0.3569241701429735E+06
  0.16000000E+03     -0.6029823064444163E+03      0.3639384637382909E+06
  0.16100000E+03     -0.6088340041881742E+03      0.3710315429998586E+06
  0.16200000E+03     -0.6147091541000367E+03      0.3782222120708806E+06
  0.16300000E+03     -0.6205401133843544E+03      0.3854266742735848E+06
  0.16400000E+03     -0.6263672950828524E+03      0.3926946756899018E+06
  0.16500000E+03     -0.6322301218688473E+03      0.4000755512894054E+06
  0.16600000E+03     -0.6380860995890590E+03      0.4075159345934048E+06
  0.16700000E+03     -0.6439259528972096E+03      0.4150042774872297E+06
  0.16800000E+03     -0.6497599365143013E+03      0.4225537306467749E+06
  0.16900000E+03     -0.6555782330657111E+03      0.4301502842607162E+06
  0.17000000E+03     -0.6613821207186018E+03      0.4377953349308682E+06
  0.17100000E+03     -0.6672109059536839E+03      0.4455412929851853E+06
  0.17200000E+03     -0.6730250809291310E+03      0.4533355361200338E+06
  0.17300000E+03     -0.6788395529871082E+03      0.4611980898549841E+06
  0.17400000E+03     -0.6846911438737732E+03      0.4691788096596421E+06
  0.17500000E+03     -0.6905076512605999E+03      0.4771795034548530E+06
  0.17600000E+03     -0.6963198941791101E+03      0.4852426691034283E+06
  0.17700000E+03     -0.7021400229800238E+03      0.4933836656482200E+06
  0.17800000E+03     -0.7079681814513174E+03      0.5016038546035262E+06
  0.17900000E+03     -0.7137683902815180E+03      0.5098523661165261E+06
  0.18000000E+03     -0.7196009597701116E+03      0.5182146659786394E+06
  0.18100000E+03     -0.7254107451674477E+03      0.5266122790149029E+06
  0.18200000E+03     -0.7312386400042050E+03      0.5351039179406973E+06
  0.18300000E+03     -0.7370474349542046E+03      0.5436352928330329E+06
  0.18400000E+03     -0.7428576385748198E+03      0.5522366942771641E+06
  0.18500000E+03     -0.7486548468795089E+03      0.5608859099508635E+06
  0.18600000E+03     -0.7544735763038281E+03      0.5696342634479385E+06
  0.18700000E+03     -0.7603083787373963E+03      0.5784748827930923E+06
  0.18800000E+03     -0.7661432414534166E+03      0.5873842754181905E+06
  0.18900000E+03     -0.7719353023073455E+03      0.5962955598013486E+06
  0.19000000E+03     -0.7777327551170648E+03      0.6052818036203816E+06
  0.19100000E+03     -0.7835183566300045E+03      0.6143170290140565E+06
  0.19200000E+03     -0.7892909967418260E+03      0.6233982184471932E+06
  0.19300000E+03     -0.7950752995418152E+03      0.6325653754310786E+06
  0.19400000E+03     -0.8008292002049920E+03      0.6417504710428468E+06
  0.19500000E+03     -0.8066041631473753E+03      0.6510360135615072E+06
  0.19600000E+03     -0.8123873697971255E+03      0.6604021192713605E+06
  0.19700000E+03     -0.8181737870121639E+03      0.6698394144888078E+06
  0.19800000E+03     -0.8239542461575979E+03      0.6793337776094283E+06
  0.19900000E+03     -0.8297264530101478E+03      0.6888823220042463E+06
  0.20000000E+03     -0.8354753993018123E+03      0.6984581412766207E+06
  0.20100000E+03     -0.8412143611186126E+03      0.7080833334871014E+06
  0.20200000E+03     -0.8469589825142623E+03      0.7177837677766918E+06
  0.20300000E+03     -0.8526862360233869E+03      0.7275212945002370E+06
  0.20400000E+03     -0.8584182955804962E+03      0.7373342630306487E+06
  0.20500000E+03     -0.8641388519415402E+03      0.7471920486977920E+06
  0.20600000E+03     -0.8698846928216465E+03      0.7571602030121480E+06
  0.20700000E+03     -0.8755877592408374E+03      0.7671187301469147E+06
  0.20800000E+03     -0.8812895920912856E+03      0.7771401649859357E+06
  0.20900000E+03     -0.8870369931914194E+03      0.7873069235673902E+06
  0.21000000E+03     -0.8927243784907042E+03      0.7974336812138358E+06
  0.21100000E+03     -0.8983927024247363E+03      0.8075902301711045E+06
  0.21200000E+03     -0.9040528324015005E+03      0.8177965220783440E+06
  0.21300000E+03     -0.9097065875681465E+03      0.8280560384868279E+06
  0.21400000E+03     -0.9153111376494631E+03      0.8382891873577656E+06
  0.21500000E+03     -0.9208983650097260E+03      0.8485538426631850E+06
  0.21600000E+03     -0.9264863393241112E+03      0.8588825009281840E+06
  0.21700000E+03     -0.9320213854522057E+03      0.8691742925868086E+06
  0.21800000E+03     -0.9375601998663152E+03      0.8795358977453224E+06
  0.21900000E+03     -0.9430640243406074E+03      0.8898928085945209E+06
  0.22000000E+03     -0.9485547703448345E+03      0.9002857933700704E+06
  0.22100000E+03     -0.9540210695324142E+03      0.9106923601273422E+06
  0.22200000E+03     -0.9594297582657599E+03      0.9210494263895528E+06
  0.22300000E+03     -0.9648151547674902E+03      0.9314197046526088E+06
  0.22400000E+03     -0.9701704739840908E+03      0.9417903226550203E+06
  0.22500000E+03     -0.9754627393027066E+03      0.9520955840703638E+06
  0.22600000E+03     -0.9807262581707187E+03      0.9624014524514461E+06
  0.22700000E+03     -0.9859410525002793E+03      0.9726658198795071E+06
  0.22800000E+03     -0.9911078698948074E+03      0.9828903865368777E+06
  0.22900000E+03     -0.9962024391040776E+03      0.9930244377691777E+06
  0.23000000E+03     -0.1001255800351276E+04      0.1003128897004507E+07
  0.23100000E+03     -0.1006244426644890E+04      0.1013153274059427E+07
  0.23200000E+03     -0.1011180551114776E+04      0.1023122044134890E+07
  0.23300000E+03     -0.1016039544939375E+04      0.1032980932909374E+07
  0.23400000E+03     -0.1020825588590338E+04      0.1042737623538890E+07
  0.23500000E+03     -0.1025595371486730E+04      0.1052505245620867E+07
  0.23600000E+03     -0.1030299929026880E+04      0.1062183316223970E+07
  0.23700000E+03     -0.1034968892054112E+04      0.1071830778040154E+07
  0.23800000E+03     -0.1039581375859736E+04      0.1081402285961957E+07
  0.23900000E+03     -0.1044191055675707E+04      0.1091008441274991E+07
  0.24000000E+03     -0.1048768720394454E+04      0.1100587663084247E+07
  0.24100000E+03     -0.1053351092071781E+04      0.1110217114082112E+07
  0.24200000E+03     -0.1057953956048170E+04      0.1119929661269442E+07
  0.24300000E+03     -0.1062574902199063E+04      0.1129721612230401E+07
  0.24400000E+03     -0.1067263626088010E+04      0.1139698578778104E+07
  0.24500000E+03     -0.1072010517420828E+04      0.1149844237048517E+07
  0.24600000E+03     -0.1076815796533923E+04      0.1160160123255319E+07
  0.24700000E+03     -0.1081694269155259E+04      0.1170677945944216E+07
  0.24800000E+03     -0.1086653443092543E+04      0.1181420509417153E+07
  0.24900000E+03     -0.1091697637675627E+04      0.1192397943958250E+07
  0.25000000E+03     -0.1096827319621231E+04      0.1203613754285478E+07
  0.25100000E+03     -0.1102062783247421E+04      0.1215116772956015E+07
  0.25200000E+03     -0.1107384331197987E+04      0.1226865781306904E+07
  0.25300000E+03     -0.1112789094171899E+04      0.1238856514965861E+07
  0.25400000E+03     -0.1118249231102190E+04      0.1251031250010191E+07
  0.25500000E+03     -0.1123798439007697E+04      0.1263466833558204E+07
  0.25600000E+03     -0.1129426346767106E+04      0.1276141741942593E+07
  0.25700000E+03     -0.1135108732867903E+04      0.1289004145976336E+07
  0.25800000E+03     -0.1140859793326491E+04      0.1302089124176797E+07
  0.25900000E+03     -0.1146647669203715E+04      0.1315324999961184E+07
  0.26000000E+03     -0.1152492357352485E+04      0.1328759461828837E+07
  0.26100000E+03     -0.1158407937158134E+04      0.1342426993575696E+07
  0.26200000E+03     -0.1164366683472679E+04      0.1356265822096881E+07
  0.26300000E+03     -0.1170334877690115E+04      0.1370198702044569E+07
  0.26400000E+03     -0.1176360808559968E+04      0.1384339427266550E+07
  0.26500000E+03     -0.1182432789380347E+04      0.1398661429717397E+07
  0.26600000E+03     -0.1188542139264018E+04      0.1413146204534769E+07
  0.26700000E+03     -0.1194666972556298E+04      0.1427743380484036E+07
  0.26800000E+03     -0.1200831837230684E+04      0.1442511648213591E+07
  0.26900000E+03     -0.1207006088809382E+04      0.1457379505117313E+07
  0.27000000E+03     -0.1213223299371392E+04      0.1472427864098652E+07
  0.27100000E+03     -0.1219448676431026E+04      0.1487573512191265E+07
  0.27200000E+03     -0.1225747805260894E+04      0.1502979016461642E+07
  0.27300000E+03     -0.1232001563612929E+04      0.1518351160187171E+07
  0.27400000E+03     -0.1238276572963565E+04      0.1533854251423958E+07
  0.27500000E+03     -0.1244611091724727E+04      0.1549585880589220E+07
  0.27600000E+03     -0.1250897641075872E+04      0.1565276839063518E+07
  0.27700000E+03     -0.1257179128133986E+04      0.1581034501822367E+07
  0.27800000E+03     -0.1263472625162803E+04      0.1596901539474433E+07
  0.27900000E+03     -0.1269769227907521E+04      0.1612856170566803E+07
  0.28000000E+03     -0.1276051431378811E+04      0.1628853592277515E+07
  0.28100000E+03     -0.1282335507691742E+04      0.1644934838970617E+07
  0.28200000E+03     -0.1288622735378905E+04      0.1661102623788503E+07
  0.28300000E+03     -0.1294900662116026E+04      0.1677325755274556E+07
  0.28400000E+03     -0.1301171300297622E+04      0.1693608910987599E+07
  0.28500000E+03     -0.1307450863912435E+04      0.1709993838386149E+07
  0.28600000E+03     -0.1313681694714165E+04      0.1726329678639375E+07
  0.28700000E+03     -0.1319911968396693E+04      0.1742741950302103E+07
  0.28800000E+03     -0.1326133383595478E+04      0.1759208255996254E+07
  0.28900000E+03     -0.1332343822428743E+04      0.1775722409640327E+07
  0.29000000E+03     -0.1338516550710339E+04      0.1792213166240035E+07
  0.29100000E+03     -0.1344701416377014E+04      0.1808812684118302E+07
  0.29200000E+03     -0.1350838431499394E+04      0.1825358975228756E+07
  0.29300000E+03     -0.1356990947895578E+04      0.1842022249394416E+07
  0.29400000E+03     -0.1363106175108557E+04      0.1858660177306945E+07
  0.29500000E+03     -0.1369025352267422E+04      0.1874834018831668E+07
  0.29600000E+03     -0.1375110337669322E+04      0.1891535250684790E+07
  0.29700000E+03     -0.1381159657332383E+04      0.1908210581799350E+07
  0.29800000E+03     -0.1387231059874689E+04      0.1925020167016405E+07
  0.29900000E+03     -0.1393327226104240E+04      0.1941971867458239E+07
  0.30000000E+03     -0.1399414999898681E+04      0.1958973579488537E+07
  0.30100000E+03     -0.1405418885743473E+04      0.1975815712487071E+07
  0.30200000E+03     -0.1411573979603811E+04      0.1993155712872555E+07
  0.30300000E+03     -0.1417684094475279E+04      0.2010442878058058E+07
  0.30400000E+03     -0.1423792365428290E+04      0.2027798753887257E+07
  0.30500000E+03     -0.1429897432187777E+04      0.2045221110486127E+07
  0.30600000E+03     -0.1436009320026155E+04      0.2062734724684072E+07
  0.30700000E+03     -0.1442147548895519E+04      0.2080402667316763E+07
  0.30800000E+03     -0.1448347131340079E+04      0.2098326095473657E+07
  0.30900000E+03     -0.1454499729089306E+04      0.2116184972772639E+07
  0.31000000E+03     -0.1460686688330936E+04      0.2134221726644718E+07
  0.31100000E+03     -0.1466756144273959E+04      0.2151993662049968E+07
  0.31200000E+03     -0.1472943673962437E+04      0.2170185815145351E+07
  0.31300000E+03     -0.1479089555151895E+04      0.2188328666398698E+07
  0.31400000E+03     -0.1485239482221149E+04      0.2206563061098750E+07
  0.31500000E+03     -0.1491435574293220E+04      0.2225010902559831E+07
  0.31600000E+03     -0.1497601203951385E+04      0.2243443306625031E+07
  0.31700000E+03     -0.1503795543814344E+04      0.2262041333945176E+07
  0.31800000E+03     -0.1509947714445428E+04      0.2280588499549541E+07
  0.31900000E+03     -0.1516067592399460E+04      0.2299111874080502E+07
  0.32000000E+03     -0.1522171191047979E+04      0.2317661916960827E+07
  0.32100000E+03     -0.1528232600622145E+04      0.2336158838074924E+07
  0.32200000E+03     -0.1534386896008471E+04      0.2355011923843213E+07
  0.32300000E+03     -0.1540371610432098E+04      0.2373417683758941E+07
  0.32400000E+03     -0.1546335762385635E+04      0.2391830348054174E+07
  0.32500000E+03     -0.1552435592183181E+04      0.2410736702358660E+07
  0.32600000E+03     -0.1558418178012490E+04      0.2429346507091129E+07
  0.32700000E+03     -0.1564360744446719E+04      0.2447898597911036E+07
  0.32800000E+03     -0.1570233795327420E+04      0.2466300382779294E+07
  0.32900000E+03     -0.1576196069043502E+04      0.2485045101676385E+07
  0.33000000E+03     -0.1582185945280529E+04      0.2503944252155903E+07
  0.33100000E+03     -0.1588300224515211E+04      0.2523307034099829E+07
  0.33200000E+03     -0.1594597576685526E+04      0.2543322962139471E+07
  0.33300000E+03     -0.1600980160303870E+04      0.2563687946756948E+07
  0.33400000E+03     -0.1607626613918909E+04      0.2584983889595945E+07
  0.33500000E+03     -0.1614410209956314E+04      0.2606806974863702E+07
  0.33600000E+03     -0.1621527250305210E+04      0.2629805480469275E+07
  0.33700000E+03     -0.1628758602358646E+04      0.2653275855088371E+07
  0.33800000E+03     -0.1636212932023272E+04      0.2677583047481091E+07
  0.33900000E+03     -0.1643924038707774E+04      0.2702848854477584E+07
  0.34000000E+03     -0.1651795349418507E+04      0.2728763166337277E+07
  0.34100000E+03     -0.1659902851820485E+04      0.2755587937456005E+07
  0.34200000E+03     -0.1668190747621814E+04      0.2783149947952963E+07
  0.34300000E+03     -0.1676628534675479E+04      0.2811353968605577E+07
  0.34400000E+03     -0.1685237971967149E+04      0.2840281818032478E+07
  0.34500000E+03     -0.1693964855897831E+04      0.2869757930205858E+07
  0.34600000E+03     -0.1702831111653001E+04      0.2899862723604528E+07
  0.34700000E+03     -0.1711776659282968E+04      0.2930398224493446E+07
  0.34800000E+03     -0.1720894667242231E+04      0.2961690008653393E+07
  0.34900000E+03     -0.1730078604968098E+04      0.2993376066700565E+07
  0.35000000E+03     -0.1739343567746103E+04      0.3025513605081215E+07
  0.35100000E+03     -0.1748730219054425E+04      0.3058249100662760E+07
  0.35200000E+03     -0.1758210839802246E+04      0.3091492662640284E+07
  0.35300000E+03     -0.1767717679919878E+04      0.3125008988209317E+07
  0.35400000E+03     -0.1777292117228671E+04      0.3158947013084151E+07
  0.35500000E+03     -0.1786908618665947E+04      0.3193219318851063E+07
  0.35600000E+03     -0.1796587969116342E+04      0.3227903031102365E+07
  0.35700000E+03     -0.1806339405563311E+04      0.3263034776839865E+07
  0.35800000E+03     -0.1816106672892207E+04      0.3298414640133139E+07
  0.35900000E+03     -0.1825972072394245E+04      0.3334343805230969E+07
  0.36000000E+03     -0.1835890068742046E+04      0.3370661380329313E+07
  0.36100000E+03     -0.1845842587355279E+04      0.3407302340445833E+07
  0.36200000E+03     -0.1855820555983084E+04      0.3444237054683138E+07
  0.36300000E+03     -0.1865848895975769E+04      0.3481558510905425E+07
  0.36400000E+03     -0.1875891034697942E+04      0.3519134210648940E+07
  0.36500000E+03     -0.1886047925072384E+04      0.3557344058623964E+07
  0.36600000E+03     -0.1896172185128971E+04      0.3595635458479197E+07
  0.36700000E+03     -0.1906358168222704E+04      0.3634368852914641E+07
  0.36800000E+03     -0.1916584854244720E+04      0.3673464890744906E+07
  0.36900000E+03     -0.1926857804068952E+04      0.3712948865490983E+07
  0.37000000E+03     -0.1937167547338673E+04      0.3752786653188007E+07
  0.37100000E+03     -0.1947502709865040E+04      0.3792935466083466E+07
  0.37200000E+03     -0.1957847509996964E+04      0.3833335774297784E+07
  0.37300000E+03     -0.1968216643619549E+04      0.3874046460491857E+07
  0.37400000E+03     -0.1978635135911692E+04      0.3915167769799247E+07
  0.37500000E+03     -0.1989143983936276E+04      0.3956865418654044E+07
  0.37600000E+03     -0.1999577487219047E+04      0.3998482551665179E+07
  0.37700000E+03     -0.2010083138492678E+04      0.4040607215388251E+07
  0.37800000E+03     -0.2020654651395471E+04      0.4083219196540177E+07
  0.37900000E+03     -0.2031186012447191E+04      0.4125891351427880E+07
  0.38000000E+03     -0.2041767487813548E+04      0.4168990733020942E+07
  0.38100000E+03     -0.2052380212531099E+04      0.4212442135114769E+07
  0.38200000E+03     -0.2063064323395249E+04      0.4256412857080134E+07
  0.38300000E+03     -0.2073697681397640E+04      0.4300401035945747E+07
  0.38400000E+03     -0.2084446585322861E+04      0.4345097587693524E+07
  0.38500000E+03     -0.2095131367762060E+04      0.4389756640983188E+07
  0.38600000E+03     -0.2105876983954312E+04      0.4434900384172263E+07
  0.38700000E+03     -0.2116632023721018E+04      0.4480315344349385E+07
  0.38800000E+03     -0.2127384414529529E+04      0.4525950498000082E+07
  0.38900000E+03     -0.2138258856983151E+04      0.4572338013991898E+07
  0.39000000E+03     -0.2149080124874051E+04      0.4618734329834363E+07
  0.39100000E+03     -0.2159931217686599E+04      0.4665492490252160E+07
  0.39200000E+03     -0.2170788102715830E+04      0.4712511200251386E+07
  0.39300000E+03     -0.2181698358960150E+04      0.4759999638372459E+07
  0.39400000E+03     -0.2192616455248293E+04      0.4807759638453606E+07
  0.39500000E+03     -0.2203542824757064E+04      0.4855796006299511E+07
  0.39600000E+03     -0.2214543528587749E+04      0.4904399450307078E+07
  0.39700000E+03     -0.2225550915970629E+04      0.4953274811156221E+07
  0.39800000E+03     -0.2236465450256373E+04      0.5001977881527618E+07
  0.39900000E+03     -0.2247475387008688E+04      0.5051346992262777E+07
  0.40000000E+03     -0.2258494795971255E+04      0.5101001458012134E+07
  0.40100000E+03     -0.2269491913735607E+04      0.5150797666900950E+07
  0.40200000E+03     -0.2280500201374908E+04      0.5200887802562470E+07
  0.40300000E+03     -0.2291589897168866E+04      0.5251594220088079E+07
  0.40400000E+03     -0.2302669088295235E+04      0.5302494092840771E+07
  0.40500000E+03     -0.2313758194194210E+04      0.5353687827080098E+07
  0.40600000E+03     -0.2324879390979889E+04      0.5405277042614021E+07
  0.40700000E+03     -0.2335986428223198E+04      0.5457047422690495E+07
  0.40800000E+03     -0.2347089548731430E+04      0.5509046254783660E+07
  0.40900000E+03     -0.2358195267997306E+04      0.5561302550019756E+07
  0.41000000E+03     -0.2369365871336717E+04      0.5614114838184924E+07
  0.41100000E+03     -0.2380479550423743E+04      0.5666905748674281E+07
  0.41200000E+03     -0.2391743730073807E+04      0.5720661550203218E+07
  0.41300000E+03     -0.2403012891120800E+04      0.5774696669893381E+07
  0.41400000E+03     -0.2414172538138007E+04      0.5828455090531265E+07
  0.41500000E+03     -0.2425345108568607E+04      0.5882528659478807E+07
  0.41600000E+03     -0.2436607838496408E+04      0.5937288991213053E+07
  0.41700000E+03     -0.2447855628787840E+04      0.5992230248922419E+07
  0.41800000E+03     -0.2459020525287334E+04      0.6047017235156446E+07
  0.41900000E+03     -0.2470366060780062E+04      0.6102943753180052E+07
  0.42000000E+03     -0.2481594293032258E+04      0.6158548296943811E+07
  0.42100000E+03     -0.2492792352779002E+04      0.6214254715669842E+07
  0.42200000E+03     -0.2503988539744911E+04      0.6270201635596145E+07
  0.42300000E+03     -0.2515379927083201E+04      0.6327380540355675E+07
  0.42400000E+03     -0.2526694225732238E+04      0.6384430570558467E+07
  0.42500000E+03     -0.2537827951163371E+04      0.6440818907357856E+07
  0.42600000E+03     -0.2549054336975702E+04      0.6497929427218778E+07
  0.42700000E+03     -0.2560331516102693E+04      0.6555550461465592E+07
  0.42800000E+03     -0.2571683789594876E+04      0.6613813615688481E+07
  0.42900000E+03     -0.2582919495482045E+04      0.6671731700370349E+07
  0.43000000E+03     -0.2594189820753107E+04      0.6730079183879734E+07
  0.43100000E+03     -0.2605516170057276E+04      0.6788976359951777E+07
  0.43200000E+03     -0.2616812561533891E+04      0.6847971798421915E+07
  0.43300000E+03     -0.2627969865495609E+04      0.6906490731616750E+07
  0.43400000E+03     -0.2639178594651161E+04      0.6965532348143437E+07
  0.43500000E+03     -0.2650639413479375E+04      0.7026162237280528E+07
  0.43600000E+03     -0.2661908654677906E+04      0.7086032681233383E+07
  0.43700000E+03     -0.2673005395599599E+04      0.7145234578244214E+07
  0.43800000E+03     -0.2684391527480889E+04      0.7206236078622198E+07
  0.43900000E+03     -0.2695602805183811E+04      0.7266555298690412E+07
  0.44000000E+03     -0.2706879248362693E+04      0.7327477321493602E+07
  0.44100000E+03     -0.2718196064777501E+04      0.7388874741028518E+07
  0.44200000E+03     -0.2729369419125980E+04      0.7449742988585686E+07
  0.44300000E+03     -0.2740642927987283E+04      0.7511411130920563E+07
  0.44400000E+03     -0.2751816078248866E+04      0.7572780654230215E+07
  0.44500000E+03     -0.2763097568894409E+04      0.7635001115146334E+07
  0.44600000E+03     -0.2774276557287452E+04      0.7696905657954725E+07
  0.44700000E+03     -0.2785523298205099E+04      0.7759436570043012E+07
  0.44800000E+03     -0.2796696674969811E+04      0.7821811246892206E+07
  0.44900000E+03     -0.2807882167824495E+04      0.7884503811181672E+07
  0.45000000E+03     -0.2819061014836637E+04      0.7947408079813188E+07
  0.45100000E+03     -0.2830393227236648E+04      0.8011432756326803E+07
  0.45200000E+03     -0.2841441834602840E+04      0.8074098415089832E+07
  0.45300000E+03     -0.2852521135694060E+04      0.8137187942953080E+07
  0.45400000E+03     -0.2863702019231973E+04      0.8201101971564138E+07
  0.45500000E+03     -0.2874622630160199E+04      0.8263770462286283E+07
  0.45600000E+03     -0.2885652127117510E+04      0.8327306991789699E+07
  0.45700000E+03     -0.2897138374093456E+04      0.8393732073928224E+07
  0.45800000E+03     -0.2908148497383247E+04      0.8457649874045109E+07
  0.45900000E+03     -0.2919183213978971E+04      0.8521955102445705E+07
  0.46000000E+03     -0.2930387561290546E+04      0.8587498628087644E+07
  0.46100000E+03     -0.2941111614172682E+04      0.8650466321998805E+07
  0.46200000E+03     -0.2952128713071968E+04      0.8715398792519314E+07
  0.46300000E+03     -0.2963100419461798E+04      0.8780298720902946E+07
  0.46400000E+03     -0.2974142971548957E+04      0.8845864306363063E+07
  0.46500000E+03     -0.2984942356622733E+04      0.8910220901134567E+07
  0.46600000E+03     -0.2995886713700580E+04      0.8975676597292099E+07
  0.46700000E+03     -0.3006936816414375E+04      0.9042011668032935E+07
  0.46800000E+03     -0.3017747785037622E+04      0.9107145815797264E+07
  0.46900000E+03     -0.3028614127013313E+04      0.9172854193471774E+07
  0.47000000E+03     -0.3039414122928309E+04      0.9238392112942087E+07
  0.47100000E+03     -0.3050054038904515E+04      0.9303188183526691E+07
  0.47200000E+03     -0.3060736018578938E+04      0.9368463140638728E+07
  0.47300000E+03     -0.3071761970720938E+04      0.9436084393033825E+07
  0.47400000E+03     -0.3082420773283987E+04      0.9501683646679113E+07
  0.47500000E+03     -0.3093100372909445E+04      0.9567638582141826E+07
  0.47600000E+03     -0.3103809809420783E+04      0.9634002746189507E+07
  0.47700000E+03     -0.3114353073507104E+04      0.9699567998307355E+07
  0.47800000E+03     -0.3124921002886705E+04      0.9765508349419979E+07
  0.47900000E+03     -0.3135637272346881E+04      0.9832598031947976E+07
  0.48000000E+03     -0.3146137907569319E+04      0.9898565261692729E+07
  0.48100000E+03     -0.3156737858929635E+04      0.9965377166526794E+07
  0.48200000E+03     -0.3167230497788827E+04      0.1003173569230213E+08
  0.48300000E+03     -0.3177548633649292E+04      0.1009720665010211E+08
  0.48400000E+03     -0.3187700768321001E+04      0.1016182713088299E+08
  0.48500000E+03     -0.3198003003682355E+04      0.1022761465710540E+08
  0.48600000E+03     -0.3208551437012605E+04      0.1029520120114676E+08
  0.48700000E+03     -0.3218576457015346E+04      0.1035963222832583E+08
  0.48800000E+03     -0.3229291463787051E+04      0.1042872863008372E+08
  0.48900000E+03     -0.3239339875135927E+04      0.1049372642229739E+08
  0.49000000E+03     -0.3249497731644939E+04      0.1055964213812310E+08
  0.49100000E+03     -0.3260975835853804E+04      0.1063458576528503E+08
  0.49200000E+03     -0.3322936720028112E+04      0.1104943934676633E+08
  0.49300000E+03     -0.3440930933038256E+04      0.1184574654648223E+08
  0.49400000E+03     -0.3475243027877756E+04      0.1208018088594897E+08
  0.49500000E+03     -0.3486241296364553E+04      0.1215748485600004E+08
  0.49600000E+03     -0.3491387950455190E+04      0.1219423440757743E+08
  0.49700000E+03     -0.3508892132217322E+04      0.1231561923771013E+08
  0.49800000E+03     -0.3522495662730365E+04      0.1241070367522958E+08
  0.49900000E+03     -0.3506015459860321E+04      0.1230030290819451E+08
  0.50000000E+03     -0.3544109156252102E+04      0.1256600259402382E+08
  0.50100000E+03     -0.3571014868742429E+04      0.1275531720396914E+08
  0.50200000E+03     -0.3580812964302602E+04      0.1282567597461108E+08
  0.50300000E+03     -0.3522763821157293E+04      0.1241627701223936E+08
  0.50400000E+03     -0.3577351805887425E+04      0.1279958312281138E+08
  0.50500000E+03     -0.3593742791270709E+04      0.1291642755815348E+08
  0.50600000E+03     -0.3607997264643495E+04      0.1301887228852333E+08
  0.50700000E+03     -0.3650519712907360E+04      0.1332666469908337E+08
  0.50800000E+03     -0.3664078527133212E+04      0.1342584183503864E+08
  0.50900000E+03     -0.3676692679030825E+04      0.1351843951523066E+08
  0.51000000E+03     -0.3688632361638008E+04      0.1360638183241891E+08
