  0.00000000E+00     -0.1213069917379227E+02
  0.10000000E+01     -0.9991803207529193E+01
  0.20000000E+01     -0.8523536957238372E+01
  0.30000000E+01     -0.7438200936872191E+01
  0.40000000E+01     -0.6618213340362453E+01
  0.50000000E+01     -0.5999169355313978E+01
  0.60000000E+01     -0.5539975599377907E+01
  0.70000000E+01     -0.5212334827670756E+01
  0.80000000E+01     -0.4995866364609338E+01
  0.90000000E+01     -0.4874938196223837E+01
  0.10000000E+02     -0.4837093432500258E+01
  0.11000000E+02     -0.4872455705985438E+01
  0.12000000E+02     -0.4972549916853247E+01
  0.13000000E+02     -0.5130580559411765E+01
  0.14000000E+02     -0.5340385333937750E+01
  0.15000000E+02     -0.5596960239940557E+01
  0.16000000E+02     -0.5895938357569375E+01
  0.17000000E+02     -0.6233471682070157E+01
  0.18000000E+02     -0.6606109038152156E+01
  0.19000000E+02     -0.7010774024657318E+01
  0.20000000E+02     -0.7444715678935632E+01
  0.21000000E+02     -0.7905297274355254E+01
  0.22000000E+02     -0.8390539978540890E+01
  0.23000000E+02     -0.8898346994386818E+01
  0.24000000E+02     -0.9426772506996764E+01
  0.25000000E+02     -0.9974132393671125E+01
  0.26000000E+02     -0.1053894173183881E+02
  0.27000000E+02     -0.1111967454205406E+02
  0.28000000E+02     -0.1171491154234847E+02
  0.29000000E+02     -0.1232346804172327E+02
  0.30000000E+02     -0.1294413447422991E+02
  0.31000000E+02     -0.1357555356851379E+02
  0.32000000E+02     -0.1421709594636176E+02
  0.33000000E+02     -0.1486792031065016E+02
  0.34000000E+02     -0.1552706032186100E+02
  0.35000000E+02     -0.1619333266459425E+02
  0.36000000E+02     -0.1686624264029069E+02
  0.37000000E+02     -0.1754504462980920E+02
  0.38000000E+02     -0.1822920545887615E+02
  0.39000000E+02     -0.1891778636130196E+02
  0.40000000E+02     -0.1961026562193174E+02
  0.41000000E+02     -0.2030618873889369E+02
  0.42000000E+02     -0.2100470136831860E+02
  0.43000000E+02     -0.2170531602187292E+02
  0.44000000E+02     -0.2240797755393595E+02
  0.45000000E+02     -0.2311183423249103E+02
  0.46000000E+02     -0.2381625480496401E+02
  0.47000000E+02     -0.2452095602980875E+02
  0.48000000E+02     -0.2522569374953483E+02
  0.49000000E+02     -0.2593002540982097E+02
  0.50000000E+02     -0.2663372062681338E+02
  0.51000000E+02     -0.2733596866165858E+02
  0.52000000E+02     -0.2803687012505493E+02
  0.53000000E+02     -0.2873587803830684E+02
  0.54000000E+02     -0.2943264082157951E+02
  0.55000000E+02     -0.3012732866263381E+02
  0.56000000E+02     -0.3081923650238784E+02
  0.57000000E+02     -0.3150819150862850E+02
  0.58000000E+02     -0.3219410961785339E+02
  0.59000000E+02     -0.3287642129403604E+02
  0.60000000E+02     -0.3355533484858844E+02
  0.61000000E+02     -0.3423066274125171E+02
  0.62000000E+02     -0.3490171921857290E+02
  0.63000000E+02     -0.3556872590794211E+02
  0.64000000E+02     -0.3623139713686457E+02
  0.65000000E+02     -0.3688932334945029E+02
  0.66000000E+02     -0.3754276131117140E+02
  0.67000000E+02     -0.3819137418333009E+02
  0.68000000E+02     -0.3883499832970366E+02
  0.69000000E+02     -0.3947369054828297E+02
  0.70000000E+02     -0.4010703510645420E+02
  0.71000000E+02     -0.4073501649389434E+02
  0.72000000E+02     -0.4135765669534805E+02
  0.73000000E+02     -0.4197486308636480E+02
  0.74000000E+02     -0.4258690759014266E+02
  0.75000000E+02     -0.4319306745397696E+02
  0.76000000E+02     -0.4379364093727024E+02
  0.77000000E+02     -0.4438847196987208E+02
  0.78000000E+02     -0.4497763480608837E+02
  0.79000000E+02     -0.4556069003569608E+02
  0.80000000E+02     -0.4613804201238403E+02
  0.81000000E+02     -0.4670946709823308E+02
  0.82000000E+02     -0.4727472899631930E+02
  0.83000000E+02     -0.4783417182148985E+02
  0.84000000E+02     -0.4838744190421435E+02
  0.85000000E+02     -0.4893476731523707E+02
  0.86000000E+02     -0.4947589619147774E+02
  0.87000000E+02     -0.5001044807428745E+02
  0.88000000E+02     -0.5053930120672793E+02
  0.89000000E+02     -0.5106207291248260E+02
  0.90000000E+02     -0.5157884430520861E+02
  0.91000000E+02     -0.5208939497560550E+02
  0.92000000E+02     -0.5259353453739484E+02
  0.93000000E+02     -0.5309142553235409E+02
  0.94000000E+02     -0.5358297989048149E+02
  0.95000000E+02     -0.5406869726918334E+02
  0.96000000E+02     -0.5454793407265433E+02
  0.97000000E+02     -0.5502112619649383E+02
  0.98000000E+02     -0.5548828963703912E+02
  0.99000000E+02     -0.5594933903789928E+02
  0.10000000E+03     -0.5640454419032245E+02
  0.10100000E+03     -0.5685310631359041E+02
  0.10200000E+03     -0.5729578226557172E+02
  0.10300000E+03     -0.5773217030624858E+02
  0.10400000E+03     -0.5816270281632767E+02
  0.10500000E+03     -0.5858676157368124E+02
  0.10600000E+03     -0.5900506260520357E+02
  0.10700000E+03     -0.5941701445320830E+02
  0.10800000E+03     -0.5982310876355586E+02
  0.10900000E+03     -0.6022335481996333E+02
  0.11000000E+03     -0.6061744166888305E+02
  0.11100000E+03     -0.6100527831249030E+02
  0.11200000E+03     -0.6138730776443926E+02
  0.11300000E+03     -0.6176330836299547E+02
  0.11400000E+03     -0.6213346915327815E+02
  0.11500000E+03     -0.6249775295713416E+02
  0.11600000E+03     -0.6285620642267877E+02
  0.11700000E+03     -0.6320868437747439E+02
  0.11800000E+03     -0.6355506175634576E+02
  0.11900000E+03     -0.6389569730453415E+02
  0.12000000E+03     -0.6423012317091920E+02
  0.12100000E+03     -0.6455882634871946E+02
  0.12200000E+03     -0.6488174288153419E+02
  0.12300000E+03     -0.6519840579914235E+02
  0.12400000E+03     -0.6550954972806387E+02
  0.12500000E+03     -0.6581490864066076E+02
  0.12600000E+03     -0.6611433811845863E+02
  0.12700000E+03     -0.6640794084120736E+02
  0.12800000E+03     -0.6669577173963816E+02
  0.12900000E+03     -0.6697797218613802E+02
  0.13000000E+03     -0.6725389065337610E+02
  0.13100000E+03     -0.6752439853037936E+02
  0.13200000E+03     -0.6778861830536198E+02
  0.13300000E+03     -0.6804736440768552E+02
  0.13400000E+03     -0.6830071307412055E+02
  0.13500000E+03     -0.6854808288513281E+02
  0.13600000E+03     -0.6879019695522030E+02
  0.13700000E+03     -0.6902670578783780E+02
  0.13800000E+03     -0.6925692821552620E+02
  0.13900000E+03     -0.6948166251532759E+02
  0.14000000E+03     -0.6970074896117275E+02
  0.14100000E+03     -0.6991421867433071E+02
  0.14200000E+03     -0.7012202161637062E+02
  0.14300000E+03     -0.7032399837218004E+02
  0.14400000E+03     -0.7052042937484175E+02
  0.14500000E+03     -0.7071181696025350E+02
  0.14600000E+03     -0.7089718033304420E+02
  0.14700000E+03     -0.7107723641523967E+02
  0.14800000E+03     -0.7125145745464066E+02
  0.14900000E+03     -0.7142005898989362E+02
  0.15000000E+03     -0.7158353550091960E+02
  0.15100000E+03     -0.7174100404705405E+02
  0.15200000E+03     -0.7189332617449300E+02
  0.15300000E+03     -0.7203980463220762E+02
  0.15400000E+03     -0.7218105405843902E+02
  0.15500000E+03     -0.7231677646067739E+02
  0.15600000E+03     -0.7244683329820107E+02
  0.15700000E+03     -0.7257211679197333E+02
  0.15800000E+03     -0.7269161606443001E+02
  0.15900000E+03     -0.7280594687412501E+02
  0.16000000E+03     -0.7291483222135427E+02
  0.16100000E+03     -0.7301869830934719E+02
  0.16200000E+03     -0.7311698413050556E+02
  0.16300000E+03     -0.7320988173887369E+02
  0.16400000E+03     -0.7329762931264193E+02
  0.16500000E+03     -0.7338007842703148E+02
  0.16600000E+03     -0.7345721807510304E+02
  0.16700000E+03     -0.7352908790898718E+02
  0.16800000E+03     -0.7359585450520458E+02
  0.16900000E+03     -0.7365754890564844E+02
  0.17000000E+03     -0.7371382078602525E+02
  0.17100000E+03     -0.7376471939622738E+02
  0.17200000E+03     -0.7381070459954130E+02
  0.17300000E+03     -0.7385152495756151E+02
  0.17400000E+03     -0.7388695621184435E+02
  0.17500000E+03     -0.7391711855945078E+02
  0.17600000E+03     -0.7394213514518952E+02
  0.17700000E+03     -0.7396191374139562E+02
  0.17800000E+03     -0.7397636761804485E+02
  0.17900000E+03     -0.7398558887197962E+02
  0.18000000E+03     -0.7398966831555950E+02
  0.18100000E+03     -0.7398845858833053E+02
  0.18200000E+03     -0.7398205213606006E+02
  0.18300000E+03     -0.7397049955402534E+02
  0.18400000E+03     -0.7395370388774639E+02
  0.18500000E+03     -0.7393149072160489E+02
  0.18600000E+03     -0.7390392219309989E+02
  0.18700000E+03     -0.7387137315992072E+02
  0.18800000E+03     -0.7383325006521468E+02
  0.18900000E+03     -0.7379018881618384E+02
  0.19000000E+03     -0.7374153221749120E+02
  0.19100000E+03     -0.7368780537392570E+02
  0.19200000E+03     -0.7362859270878965E+02
  0.19300000E+03     -0.7356429333478391E+02
  0.19400000E+03     -0.7349479312139127E+02
  0.19500000E+03     -0.7341970260066208E+02
  0.19600000E+03     -0.7333904288544852E+02
  0.19700000E+03     -0.7325361773462444E+02
  0.19800000E+03     -0.7316225536855069E+02
  0.19900000E+03     -0.7306554941113050E+02
  0.20000000E+03     -0.7296337624587096E+02
  0.20100000E+03     -0.7285588291198957E+02
  0.20200000E+03     -0.7274297744366697E+02
  0.20300000E+03     -0.7262461583646103E+02
  0.20400000E+03     -0.7250067959448421E+02
  0.20500000E+03     -0.7237122639397461E+02
  0.20600000E+03     -0.7223656065825114E+02
  0.20700000E+03     -0.7209626974071260E+02
  0.20800000E+03     -0.7195029592211777E+02
  0.20900000E+03     -0.7179873267535362E+02
  0.21000000E+03     -0.7164201635672427E+02
  0.21100000E+03     -0.7147940897128815E+02
  0.21200000E+03     -0.7131108416833943E+02
  0.21300000E+03     -0.7113752103559953E+02
  0.21400000E+03     -0.7095847633830137E+02
  0.21500000E+03     -0.7077387389646672E+02
  0.21600000E+03     -0.7058325924276126E+02
  0.21700000E+03     -0.7038727552205884E+02
  0.21800000E+03     -0.7018594564694992E+02
  0.21900000E+03     -0.6997868100958944E+02
  0.22000000E+03     -0.6976574135336647E+02
  0.22100000E+03     -0.6954758578095800E+02
  0.22200000E+03     -0.6932371380289119E+02
  0.22300000E+03     -0.6909378045432703E+02
  0.22400000E+03     -0.6885801535666702E+02
  0.22500000E+03     -0.6861680285209917E+02
  0.22600000E+03     -0.6836996300690393E+02
  0.22700000E+03     -0.6811765538132930E+02
  0.22800000E+03     -0.6785915785818476E+02
  0.22900000E+03     -0.6759498729869918E+02
  0.23000000E+03     -0.6732486794370828E+02
  0.23100000E+03     -0.6704979387676526E+02
  0.23200000E+03     -0.6676871729104577E+02
  0.23300000E+03     -0.6648158897395543E+02
  0.23400000E+03     -0.6618936608529060E+02
  0.23500000E+03     -0.6589100314125386E+02
  0.23600000E+03     -0.6558655733949706E+02
  0.23700000E+03     -0.6527653011487200E+02
  0.23800000E+03     -0.6496140965983581E+02
  0.23900000E+03     -0.6464074555057994E+02
  0.24000000E+03     -0.6431303946213943E+02
  0.24100000E+03     -0.6397982704129735E+02
  0.24200000E+03     -0.6364070457995879E+02
  0.24300000E+03     -0.6329687263516819E+02
  0.24400000E+03     -0.6294630609297208E+02
  0.24500000E+03     -0.6259010214534504E+02
  0.24600000E+03     -0.6222805972174042E+02
  0.24700000E+03     -0.6185986241480875E+02
  0.24800000E+03     -0.6148603245708134E+02
  0.24900000E+03     -0.6110577619658264E+02
  0.25000000E+03     -0.6072000204778476E+02
  0.25100000E+03     -0.6032897744718890E+02
  0.25200000E+03     -0.5993216014062579E+02
  0.25300000E+03     -0.5952952612187083E+02
  0.25400000E+03     -0.5912142116969254E+02
  0.25500000E+03     -0.5870699012636083E+02
  0.25600000E+03     -0.5828612292933114E+02
  0.25700000E+03     -0.5786035208653652E+02
  0.25800000E+03     -0.5742930246318689E+02
  0.25900000E+03     -0.5699260141754898E+02
  0.26000000E+03     -0.5654893538116298E+02
  0.26100000E+03     -0.5610072982827267E+02
  0.26200000E+03     -0.5564666725190045E+02
  0.26300000E+03     -0.5518691537468302E+02
  0.26400000E+03     -0.5472122785461168E+02
  0.26500000E+03     -0.5424966594845247E+02
  0.26600000E+03     -0.5377285332701217E+02
  0.26700000E+03     -0.5329063308546013E+02
  0.26800000E+03     -0.5280407974894403E+02
  0.26900000E+03     -0.5231138847819481E+02
  0.27000000E+03     -0.5181231708021624E+02
  0.27100000E+03     -0.5130803597244650E+02
  0.27200000E+03     -0.5080080439618352E+02
  0.27300000E+03     -0.5028702892717371E+02
  0.27400000E+03     -0.4976831600434450E+02
  0.27500000E+03     -0.4924423448315338E+02
  0.27600000E+03     -0.4871653522299252E+02
  0.27700000E+03     -0.4818303934890572E+02
  0.27800000E+03     -0.4764599436064152E+02
  0.27900000E+03     -0.4710353962242453E+02
  0.28000000E+03     -0.4655619845883537E+02
  0.28100000E+03     -0.4600571994143587E+02
  0.28200000E+03     -0.4545100624330853E+02
  0.28300000E+03     -0.4489273966488474E+02
  0.28400000E+03     -0.4432896959223726E+02
  0.28500000E+03     -0.4376103632162754E+02
  0.28600000E+03     -0.4318961583448407E+02
  0.28700000E+03     -0.4261600819717376E+02
  0.28800000E+03     -0.4203802513074786E+02
  0.28900000E+03     -0.4145635849853142E+02
  0.29000000E+03     -0.4087144449009188E+02
  0.29100000E+03     -0.4028283515364671E+02
  0.29200000E+03     -0.3969273135261498E+02
  0.29300000E+03     -0.3910032656663024E+02
  0.29400000E+03     -0.3850486992412223E+02
  0.29500000E+03     -0.3790759495978597E+02
  0.29600000E+03     -0.3730777976291120E+02
  0.29700000E+03     -0.3670570382776650E+02
  0.29800000E+03     -0.3610274718436347E+02
  0.29900000E+03     -0.3549695972305852E+02
  0.30000000E+03     -0.3489058421923850E+02
  0.30100000E+03     -0.3428269404908472E+02
  0.30200000E+03     -0.3367536337789202E+02
  0.30300000E+03     -0.3306354215793279E+02
  0.30400000E+03     -0.3245308626402370E+02
  0.30500000E+03     -0.3184212088177635E+02
  0.30600000E+03     -0.3123090169594879E+02
  0.30700000E+03     -0.3061942684579775E+02
  0.30800000E+03     -0.3000828154621457E+02
  0.30900000E+03     -0.2939685897525014E+02
  0.31000000E+03     -0.2878736809389283E+02
  0.31100000E+03     -0.2817635423840190E+02
  0.31200000E+03     -0.2756602827621632E+02
  0.31300000E+03     -0.2695789855190460E+02
  0.31400000E+03     -0.2635164150208226E+02
  0.31500000E+03     -0.2574757009657913E+02
  0.31600000E+03     -0.2514520701177026E+02
  0.31700000E+03     -0.2454465054063517E+02
  0.31800000E+03     -0.2394602964232840E+02
  0.31900000E+03     -0.2335169053544264E+02
  0.32000000E+03     -0.2275850919448912E+02
  0.32100000E+03     -0.2217122010777028E+02
  0.32200000E+03     -0.2158378515980210E+02
  0.32300000E+03     -0.2100147447412181E+02
  0.32400000E+03     -0.2042444087784973E+02
  0.32500000E+03     -0.1985257762417590E+02
  0.32600000E+03     -0.1928295464801025E+02
  0.32700000E+03     -0.1871883406655625E+02
  0.32800000E+03     -0.1815984884804183E+02
  0.32900000E+03     -0.1760682319744209E+02
  0.33000000E+03     -0.1705833097708696E+02
  0.33100000E+03     -0.1651482841513184E+02
  0.33200000E+03     -0.1597743176261201E+02
  0.33300000E+03     -0.1544784397625305E+02
  0.33400000E+03     -0.1492242375021790E+02
  0.33500000E+03     -0.1440782212895087E+02
  0.33600000E+03     -0.1389883979550420E+02
  0.33700000E+03     -0.1339756546342021E+02
  0.33800000E+03     -0.1290329526851478E+02
  0.33900000E+03     -0.1241727128087603E+02
  0.34000000E+03     -0.1193928608310819E+02
  0.34100000E+03     -0.1147044650437674E+02
  0.34200000E+03     -0.1100859462669616E+02
  0.34300000E+03     -0.1055445054069087E+02
  0.34400000E+03     -0.1011270725419261E+02
  0.34500000E+03     -0.9680872280250902E+01
  0.34600000E+03     -0.9259111193804014E+01
  0.34700000E+03     -0.8847563945514487E+01
  0.34800000E+03     -0.8445282814599317E+01
  0.34900000E+03     -0.8057606304577581E+01
  0.35000000E+03     -0.7679306280488881E+01
  0.35100000E+03     -0.7312278673864625E+01
  0.35200000E+03     -0.6956950386332409E+01
  0.35300000E+03     -0.6618905304345994E+01
  0.35400000E+03     -0.6286192636010817E+01
  0.35500000E+03     -0.5969668142244057E+01
  0.35600000E+03     -0.5669088927794565E+01
  0.35700000E+03     -0.5383213039425271E+01
  0.35800000E+03     -0.5110097254984558E+01
  0.35900000E+03     -0.4852321526674011E+01
  0.36000000E+03     -0.4608914165694475E+01
  0.36100000E+03     -0.4380600876315040E+01
  0.36200000E+03     -0.4167953013509551E+01
  0.36300000E+03     -0.3971327688781157E+01
  0.36400000E+03     -0.3790059028199071E+01
  0.36500000E+03     -0.3622627848891566E+01
  0.36600000E+03     -0.3472654230337803E+01
  0.36700000E+03     -0.3344883915349371E+01
  0.36800000E+03     -0.3230439276945785E+01
  0.36900000E+03     -0.3136765952614704E+01
  0.37000000E+03     -0.3061778126708071E+01
  0.37100000E+03     -0.3003362094309247E+01
  0.37200000E+03     -0.2967001401936121E+01
  0.37300000E+03     -0.2948544756667308E+01
  0.37400000E+03     -0.2952090004919915E+01
  0.37500000E+03     -0.2975277927683114E+01
  0.37600000E+03     -0.3018209666207658E+01
  0.37700000E+03     -0.3084948899395735E+01
  0.37800000E+03     -0.3171185263390567E+01
  0.37900000E+03     -0.3280981626224814E+01
  0.38000000E+03     -0.3409899436432536E+01
  0.38100000E+03     -0.3566336559628258E+01
  0.38200000E+03     -0.3742516639348949E+01
  0.38300000E+03     -0.3944204689498555E+01
  0.38400000E+03     -0.4172264279799029E+01
  0.38500000E+03     -0.4422506301101404E+01
  0.38600000E+03     -0.4697964960427484E+01
  0.38700000E+03     -0.5000762300823217E+01
  0.38800000E+03     -0.5327123867449201E+01
  0.38900000E+03     -0.5672850081181560E+01
  0.39000000E+03     -0.6052013903845525E+01
  0.39100000E+03     -0.6463528853600922E+01
  0.39200000E+03     -0.6898754308177724E+01
  0.39300000E+03     -0.7362031134137004E+01
  0.39400000E+03     -0.7852778696292367E+01
  0.39500000E+03     -0.8369567435067021E+01
  0.39600000E+03     -0.8927759503133645E+01
  0.39700000E+03     -0.9505823847303473E+01
  0.39800000E+03     -0.1011306406023723E+02
  0.39900000E+03     -0.1075259679410803E+02
  0.40000000E+03     -0.1142473914807153E+02
  0.40100000E+03     -0.1213628862236204E+02
  0.40200000E+03     -0.1286467067807804E+02
  0.40300000E+03     -0.1363372191828081E+02
  0.40400000E+03     -0.1443917147266295E+02
  0.40500000E+03     -0.1527483502655538E+02
  0.40600000E+03     -0.1615014650358143E+02
  0.40700000E+03     -0.1705763053597658E+02
  0.40800000E+03     -0.1799977366508780E+02
  0.40900000E+03     -0.1898833740702838E+02
  0.41000000E+03     -0.2000809977274035E+02
  0.41100000E+03     -0.2105467890672627E+02
  0.41200000E+03     -0.2215010154257836E+02
  0.41300000E+03     -0.2327252662781131E+02
  0.41400000E+03     -0.2443126442005699E+02
  0.41500000E+03     -0.2564252382315645E+02
  0.41600000E+03     -0.2689037796063121E+02
  0.41700000E+03     -0.2817237916159586E+02
  0.41800000E+03     -0.2949555702690803E+02
  0.41900000E+03     -0.3085552952203950E+02
  0.42000000E+03     -0.3227302982456344E+02
  0.42100000E+03     -0.3372747576471507E+02
  0.42200000E+03     -0.3522797128136679E+02
  0.42300000E+03     -0.3676356122448543E+02
  0.42400000E+03     -0.3834664317854103E+02
  0.42500000E+03     -0.3997850235973878E+02
  0.42600000E+03     -0.4166115015315446E+02
  0.42700000E+03     -0.4337298698480197E+02
  0.42800000E+03     -0.4513303358293830E+02
  0.42900000E+03     -0.4694461351041811E+02
  0.43000000E+03     -0.4879962962982967E+02
  0.43100000E+03     -0.5071054758541098E+02
  0.43200000E+03     -0.5266226040748143E+02
  0.43300000E+03     -0.5468117742263407E+02
  0.43400000E+03     -0.5673592325301274E+02
  0.43500000E+03     -0.5883402572215022E+02
  0.43600000E+03     -0.6099001170118925E+02
  0.43700000E+03     -0.6319996220914597E+02
  0.43800000E+03     -0.6545950271702216E+02
  0.43900000E+03     -0.6777448654900803E+02
  0.44000000E+03     -0.7016275241991954E+02
  0.44100000E+03     -0.7260183639412895E+02
  0.44200000E+03     -0.7509685454772449E+02
  0.44300000E+03     -0.7763083959844118E+02
  0.44400000E+03     -0.8021665475536111E+02
  0.44500000E+03     -0.8285819424934266E+02
  0.44600000E+03     -0.8556310321527856E+02
  0.44700000E+03     -0.8833787064551427E+02
  0.44800000E+03     -0.9115667618790350E+02
  0.44900000E+03     -0.9403566033429868E+02
  0.45000000E+03     -0.9697456816334251E+02
  0.45100000E+03     -0.9996867896923256E+02
  0.45200000E+03     -0.1030275531879788E+03
  0.45300000E+03     -0.1061400950528359E+03
  0.45400000E+03     -0.1093189597970485E+03
  0.45500000E+03     -0.1125730762556157E+03
  0.45600000E+03     -0.1158830358473867E+03
  0.45700000E+03     -0.1192346938054196E+03
  0.45800000E+03     -0.1226750857738238E+03
  0.45900000E+03     -0.1261760435953852E+03
  0.46000000E+03     -0.1297543313002896E+03
  0.46100000E+03     -0.1333970694935603E+03
  0.46200000E+03     -0.1371074326765181E+03
  0.46300000E+03     -0.1408837778544072E+03
  0.46400000E+03     -0.1447334534530269E+03
  0.46500000E+03     -0.1486349008940127E+03
  0.46600000E+03     -0.1526212330606394E+03
  0.46700000E+03     -0.1566827037876301E+03
  0.46800000E+03     -0.1608288976477351E+03
  0.46900000E+03     -0.1650338859891955E+03
  0.47000000E+03     -0.1693050815418664E+03
  0.47100000E+03     -0.1736533064053816E+03
  0.47200000E+03     -0.1780629653538886E+03
  0.47300000E+03     -0.1825839631302780E+03
  0.47400000E+03     -0.1871695850461367E+03
  0.47500000E+03     -0.1918552328605558E+03
  0.47600000E+03     -0.1965938108143900E+03
  0.47700000E+03     -0.2014059866818436E+03
  0.47800000E+03     -0.2063093479346066E+03
  0.47900000E+03     -0.2113084080176459E+03
  0.48000000E+03     -0.2163813828446312E+03
  0.48100000E+03     -0.2215361794035625E+03
  0.48200000E+03     -0.2267651232984186E+03
  0.48300000E+03     -0.2320634351777159E+03
  0.48400000E+03     -0.2374871357593878E+03
  0.48500000E+03     -0.2429988139898892E+03
  0.48600000E+03     -0.2485474588692056E+03
  0.48700000E+03     -0.2542264965296815E+03
  0.48800000E+03     -0.2599870172356042E+03
  0.48900000E+03     -0.2658402171007513E+03
  0.49000000E+03     -0.2717875729533557E+03
  0.49100000E+03     -0.2778147740673307E+03
  0.49200000E+03     -0.2839318639661041E+03
  0.49300000E+03     -0.2901212216261804E+03
  0.49400000E+03     -0.2964305162330560E+03
  0.49500000E+03     -0.3028170615024759E+03
  0.49600000E+03     -0.3093125757879714E+03
  0.49700000E+03     -0.3159217086608463E+03
  0.49800000E+03     -0.3225834621984968E+03
  0.49900000E+03     -0.3293634425312475E+03
  0.50000000E+03     -0.3362216348630850E+03
  0.50100000E+03     -0.3432054503699755E+03
  0.50200000E+03     -0.3502733324711097E+03
  0.50300000E+03     -0.3574820794699776E+03
  0.50400000E+03     -0.3647222538263274E+03
  0.50500000E+03     -0.3720852171106133E+03
  0.50600000E+03     -0.3795977551118772E+03
  0.50700000E+03     -0.3871903888565574E+03
  0.50800000E+03     -0.3949255174208562E+03
  0.50900000E+03     -0.4027064542325937E+03
  0.51000000E+03     -0.4106510408778612E+03
