  0.00000000E+00     -0.1141440181731568E-08      0.2187485259948372E-17     -0.4451864918367673E-26      0.9712916022095756E-35     -0.2221211713260891E-43
  0.10000000E+01     -0.6057411431981454E-03      0.3669223325705557E-06     -0.2222599532005157E-09      0.1346319981403397E-12     -0.8155214046571592E-16
  0.20000000E+01     -0.3785293992909592E-01      0.2248768119573095E-01     -0.1607676178462483E-01      0.1871218089923525E-01      0.1529534010802448E-02
  0.30000000E+01     -0.1118501151535822E+00      0.7647628401353344E-01     -0.6693524505718969E-01      0.9225612099252303E-01     -0.6509048863169556E-01
  0.40000000E+01     -0.2226302679197272E+00      0.1790221346405110E+00     -0.1920215528475258E+00      0.3060489812451759E+00     -0.4254723520616769E+00
  0.50000000E+01     -0.3703999196399823E+00      0.3556227781311030E+00     -0.4629143148507981E+00      0.8483829402571157E+00     -0.1631355104061940E+01
  0.60000000E+01     -0.5551680250225572E+00      0.6401037015801857E+00     -0.9976938310404789E+00      0.2092863057391473E+01     -0.5015688814409968E+01
  0.70000000E+01     -0.7773182397723003E+00      0.1075069133926809E+01     -0.1979485947938135E+01      0.4740899467490523E+01     -0.1334164187445476E+02
  0.80000000E+01     -0.1036620508930007E+01      0.1710782123722760E+01     -0.3679978244186863E+01      0.1001628406439485E+02     -0.3227747037926498E+02
  0.90000000E+01     -0.1333393519759210E+01      0.2606746974770938E+01     -0.6494401491602656E+01      0.2001176183240228E+02     -0.7293836693125142E+02
  0.10000000E+02     -0.1667445792737174E+01      0.3830378306919030E+01     -0.1096948323742480E+02      0.3809159719187416E+02     -0.1553914244814747E+03
  0.11000000E+02     -0.2039491855910923E+01      0.5461529083378002E+01     -0.1786072845437651E+02      0.6961867190945375E+02     -0.3159891908080540E+03
  0.12000000E+02     -0.2449089526959050E+01      0.7581856706081533E+01     -0.2813095458325378E+02      0.1225333980065681E+03     -0.6155021206456445E+03
  0.13000000E+02     -0.2896801874849853E+01      0.1028983829569950E+02     -0.4308285098884873E+02      0.2090338394799161E+03     -0.1159400607653551E+04
  0.14000000E+02     -0.3382021581119571E+01      0.1368488617421627E+02     -0.6431073023633073E+02      0.3461180812085674E+03     -0.2110687695199359E+04
  0.15000000E+02     -0.3906119069468895E+01      0.1788883652981875E+02     -0.9390624220287691E+02      0.5586496629570613E+03     -0.3734732026393225E+04
  0.16000000E+02     -0.4468391929085275E+01      0.2301924151280926E+02     -0.1343804286848298E+03      0.8809159746203790E+03     -0.6442025605837761E+04
  0.17000000E+02     -0.5069720971141980E+01      0.2921455637803597E+02     -0.1888354412711814E+03      0.1359033878785182E+04     -0.1083219634880897E+05
  0.18000000E+02     -0.5708800755138864E+01      0.3660209152219434E+02     -0.2608705396158958E+03      0.2054675921538178E+04     -0.1780897218928213E+05
  0.19000000E+02     -0.6386840670851715E+01      0.4534451539924898E+02     -0.3550229636054078E+03      0.3051064249270589E+04     -0.2868779394155350E+05
  0.20000000E+02     -0.7103409688676201E+01      0.5559751195964608E+02     -0.4765189980110559E+03      0.4455871637721917E+04     -0.4534215836830403E+05
  0.21000000E+02     -0.7859036165811100E+01      0.6753161193723211E+02     -0.6314298794904064E+03      0.6405682359421842E+04     -0.7036963525085682E+05
  0.22000000E+02     -0.8654263285057747E+01      0.8134760878777071E+02     -0.8274335205568292E+03      0.9087371351117927E+04     -0.1076116539039650E+06
  0.23000000E+02     -0.9490083869281914E+01      0.9724628276472436E+02     -0.1072941479150737E+04      0.1272511875490010E+05     -0.1620700874208978E+06
  0.24000000E+02     -0.1036459139830175E+02      0.1153902082008701E+03     -0.1376925791841931E+04      0.1758924775005127E+05     -0.2403759017433208E+06
  0.25000000E+02     -0.1128000662301519E+02      0.1360477733991618E+03     -0.1751627555055485E+04      0.2405372746098215E+05     -0.3521525734107314E+06
  0.26000000E+02     -0.1223515714348432E+02      0.1594072663202926E+03     -0.2208955888202685E+04      0.3253922485087203E+05     -0.5094463148889614E+06
  0.27000000E+02     -0.1323092356304532E+02      0.1857271050384547E+03     -0.2763824766493764E+04      0.4358875620413591E+05     -0.7286030713895501E+06
  0.28000000E+02     -0.1426835571527837E+02      0.2152943383481070E+03     -0.3433689623695472E+04      0.5788045607778043E+05     -0.1031444834235747E+07
  0.29000000E+02     -0.1534657374121325E+02      0.2483225101992586E+03     -0.4235424402883922E+04      0.7615409952036804E+05     -0.1443952388574472E+07
  0.30000000E+02     -0.1646567263668617E+02      0.2850858643383086E+03     -0.5189817097990000E+04      0.9935794035909873E+05     -0.2001294409114284E+07
  0.31000000E+02     -0.1762592811976585E+02      0.3258871691128621E+03     -0.6320837697171308E+04      0.1286515584633644E+06     -0.2749209846148564E+07
  0.32000000E+02     -0.1882845246748004E+02      0.3710453446245493E+03     -0.7654657775909062E+04      0.1653845010504644E+06     -0.3744407008892169E+07
  0.33000000E+02     -0.2007029659460104E+02      0.4207414366016935E+03     -0.9215462563358325E+04      0.2109957601149926E+06     -0.5053058444741039E+07
  0.34000000E+02     -0.2135516115499287E+02      0.4754435247275337E+03     -0.1103949038411539E+05      0.2674741453578476E+06     -0.6766586289206023E+07
  0.35000000E+02     -0.2268281935914089E+02      0.5354914211711689E+03     -0.1316314479207453E+05      0.3371093043288692E+06     -0.9000684779718660E+07
  0.36000000E+02     -0.2405223947671335E+02      0.6011627505690136E+03     -0.1562175827904064E+05      0.4223204841824444E+06     -0.1188601484993155E+08
  0.37000000E+02     -0.2546524697353306E+02      0.6728896007597723E+03     -0.1845981560030792E+05      0.5261184708353063E+06     -0.1558927453544171E+08
  0.38000000E+02     -0.2691899766303473E+02      0.7509037927584202E+03     -0.2171861455706295E+05      0.6517747605971774E+06     -0.2030951294754579E+08
  0.39000000E+02     -0.2841905098902163E+02      0.8358967365201490E+03     -0.2546216049040146E+05      0.8037797348190059E+06     -0.2631453638443272E+08
  0.40000000E+02     -0.2995957213156986E+02      0.9279024556028473E+03     -0.2972856502512347E+05      0.9859483320426455E+06     -0.3387371447842071E+08
  0.41000000E+02     -0.3154492802801841E+02      0.1027608843640476E+04     -0.3459217285829023E+05      0.1204173332401641E+07     -0.4337953326075808E+08
  0.42000000E+02     -0.3317410669431803E+02      0.1135356044611883E+04     -0.4011290310103710E+05      0.1464073678106184E+07     -0.5524414977269460E+08
  0.43000000E+02     -0.3484738072449096E+02      0.1251631687985252E+04     -0.4636695318147693E+05      0.1772860734761711E+07     -0.7001499827638514E+08
  0.44000000E+02     -0.3656441767601689E+02      0.1376777234262739E+04     -0.5341966469319903E+05      0.2137329949251930E+07     -0.8824265704066953E+08
  0.45000000E+02     -0.3832606698236004E+02      0.1511391179515314E+04     -0.6136670798185869E+05      0.2567194433695618E+07     -0.1107266602824841E+09
  0.46000000E+02     -0.4013060840993286E+02      0.1655788801639962E+04     -0.7028641457536968E+05      0.3071621924149208E+07     -0.1382881237161039E+09
  0.47000000E+02     -0.4198420004634481E+02      0.1810979714862744E+04     -0.8030897592841726E+05      0.3663743589972035E+07     -0.1720604877499723E+09
  0.48000000E+02     -0.4388100718748909E+02      0.1976964040309919E+04     -0.9150471298845258E+05      0.4354031860961561E+07     -0.2131172041922633E+09
  0.49000000E+02     -0.4582478480277140E+02      0.2154599240679564E+04     -0.1040082269448008E+06      0.5157911681775393E+07     -0.2629332924888253E+09
  0.50000000E+02     -0.4781215460499935E+02      0.2344060858194216E+04     -0.1179112380399130E+06      0.6089194726424404E+07     -0.3230244530877386E+09
  0.51000000E+02     -0.4984295007551025E+02      0.2545883104658927E+04     -0.1333394337624874E+06      0.7164975142194922E+07     -0.3952247689243389E+09
  0.52000000E+02     -0.5191878657579738E+02      0.2760781416928397E+04     -0.1504412826716188E+06      0.8405589653726047E+07     -0.4817922146043900E+09
  0.53000000E+02     -0.5404571000118236E+02      0.2990018192445413E+04     -0.1694237531225835E+06      0.9837636025636271E+07     -0.5856451785237985E+09
  0.54000000E+02     -0.5621690897272823E+02      0.3233444301684725E+04     -0.1903815694580100E+06      0.1148063422643093E+08     -0.7094007820677853E+09
  0.55000000E+02     -0.5842966150038156E+02      0.3491229053641098E+04     -0.2134298207622688E+06      0.1335589988355021E+08     -0.8559018788469768E+09
  0.56000000E+02     -0.6069428930190256E+02      0.3765312959115103E+04     -0.2388747058944293E+06      0.1550432727865916E+08     -0.1029976722454200E+10
  0.57000000E+02     -0.6300197363200947E+02      0.4055260483938571E+04     -0.2668052687511299E+06      0.1795012371342023E+08     -0.1235387311870691E+10
  0.58000000E+02     -0.6535014348889045E+02      0.4361178118739929E+04     -0.2973458829891570E+06      0.2072028654107747E+08     -0.1476245723216176E+10
  0.59000000E+02     -0.6774599652645936E+02      0.4684837521405573E+04     -0.3308369913802159E+06      0.2386752500139636E+08     -0.1759614783958822E+10
  0.60000000E+02     -0.7018641803807353E+02      0.5026329833593310E+04     -0.3674205856080197E+06      0.2742476842651678E+08     -0.2090831058407554E+10
  0.61000000E+02     -0.7267062894384368E+02      0.5386287814659883E+04     -0.4073364692661249E+06      0.3144078991669032E+08     -0.2477593433725462E+10
  0.62000000E+02     -0.7519938213526406E+02      0.5765319636357679E+04     -0.4507943777560782E+06      0.3595936208580270E+08     -0.2927067226600461E+10
  0.63000000E+02     -0.7777358405080044E+02      0.6164410252963373E+04     -0.4981022391868048E+06      0.4104252190723250E+08     -0.3449337152122535E+10
  0.64000000E+02     -0.8039542766601812E+02      0.6584486146491377E+04     -0.5495426785693486E+06      0.4674986260929691E+08     -0.4054578265107484E+10
  0.65000000E+02     -0.8305719395940811E+02      0.7025025302573627E+04     -0.6052448070252060E+06      0.5312832459023560E+08     -0.4752356966579587E+10
  0.66000000E+02     -0.8576238855652343E+02      0.7487333834389562E+04     -0.6655804399892186E+06      0.6025688137779521E+08     -0.5556640032717716E+10
  0.67000000E+02     -0.8851584306876376E+02      0.7972950129695281E+04     -0.7309606020781219E+06      0.6822219804429464E+08     -0.6482931840633525E+10
  0.68000000E+02     -0.9130280866467851E+02      0.8479894520525801E+04     -0.8013275270710067E+06      0.7705742519780450E+08     -0.7541421265706592E+10
  0.69000000E+02     -0.9413612744315593E+02      0.9011202327721390E+04     -0.8773282550525729E+06      0.8688763469273305E+08     -0.8754116547836222E+10
  0.70000000E+02     -0.9700759058763877E+02      0.9565990295911410E+04     -0.9590616054711436E+06      0.9777106482474105E+08     -0.1013574292685551E+11
  0.71000000E+02     -0.9991910596207876E+02      0.1014538875594377E+05     -0.1046949454766025E+07      0.1098161480072082E+09     -0.1170891136099335E+11
  0.72000000E+02     -0.1028745120117994E+03      0.1075092328445493E+05     -0.1141489447891331E+07      0.1231476440997761E+09     -0.1349984832059939E+11
  0.73000000E+02     -0.1058731195997892E+03      0.1138299021726095E+05     -0.1242974195111793E+07      0.1378591337557901E+09     -0.1553068334838537E+11
  0.74000000E+02     -0.1089017869808333E+03      0.1203956081251470E+05     -0.1351357926412154E+07      0.1540070576296727E+09     -0.1782089974609245E+11
  0.75000000E+02     -0.1119669586362947E+03      0.1272265604168444E+05     -0.1467234540564762E+07      0.1717411327792277E+09     -0.2040346240112786E+11
  0.76000000E+02     -0.1150675584101753E+03      0.1343278640349123E+05     -0.1590994972882702E+07      0.1911939361874805E+09     -0.2331194606101685E+11
  0.77000000E+02     -0.1182114094480213E+03      0.1417240136032725E+05     -0.1723360323312556E+07      0.2125523941687081E+09     -0.2658925454136259E+11
  0.78000000E+02     -0.1213904831058256E+03      0.1494044310927394E+05     -0.1864463636993156E+07      0.2359166546474534E+09     -0.3026670837593742E+11
  0.79000000E+02     -0.1246070553400310E+03      0.1573779271813960E+05     -0.2014722633303575E+07      0.2614294992065653E+09     -0.3438312002371397E+11
  0.80000000E+02     -0.1278524176615656E+03      0.1656322280707574E+05     -0.2174274907772962E+07      0.2892085791292138E+09     -0.3897759941238244E+11
  0.81000000E+02     -0.1311252559062281E+03      0.1741694265714123E+05     -0.2343469130937092E+07      0.3194024151774672E+09     -0.4409468312418033E+11
  0.82000000E+02     -0.1344435849203162E+03      0.1830430045410616E+05     -0.2523706892689419E+07      0.3523590027193215E+09     -0.4981599823582433E+11
  0.83000000E+02     -0.1377837362092203E+03      0.1921958083934021E+05     -0.2714150919703130E+07      0.3880191971103784E+09     -0.5615335346565553E+11
  0.84000000E+02     -0.1411569265912869E+03      0.2016650860515354E+05     -0.2915937473575633E+07      0.4267041058407086E+09     -0.6319002308205482E+11
  0.85000000E+02     -0.1445636044827832E+03      0.2114591890082946E+05     -0.3129630985964592E+07      0.4686396336951358E+09     -0.7099615493342760E+11
  0.86000000E+02     -0.1479899110277102E+03      0.2215414662992183E+05     -0.3354719444997557E+07      0.5138230702995903E+09     -0.7959686752578360E+11
  0.87000000E+02     -0.1514509100165163E+03      0.2319657511538147E+05     -0.3592863073862522E+07      0.5627273875436906E+09     -0.8911754304658043E+11
  0.88000000E+02     -0.1549416107991416E+03      0.2427174805817495E+05     -0.3843983010368787E+07      0.6154366221415762E+09     -0.9960306180957915E+11
  0.89000000E+02     -0.1584632109768841E+03      0.2538113737972830E+05     -0.4108924705358968E+07      0.6722829693912574E+09     -0.1111597754330204E+12
  0.90000000E+02     -0.1620111774188655E+03      0.2652367821082571E+05     -0.4387780245802104E+07      0.7334145041323597E+09     -0.1238545010066953E+12
  0.91000000E+02     -0.1655808043528444E+03      0.2769874700573132E+05     -0.4680882998414179E+07      0.7990674488881402E+09     -0.1377815419919125E+12
  0.92000000E+02     -0.1691823217721821E+03      0.2891002529183454E+05     -0.4989498605696351E+07      0.8696615272989258E+09     -0.1530708371702502E+12
  0.93000000E+02     -0.1728036892327788E+03      0.3015397939059180E+05     -0.5313126269351956E+07      0.9452326331893057E+09     -0.1697750373676111E+12
  0.94000000E+02     -0.1764589403136289E+03      0.3143614887354000E+05     -0.5653682415112223E+07      0.1026404723898828E+10     -0.1880851680888677E+12
  0.95000000E+02     -0.1801324528345673E+03      0.3275153363269657E+05     -0.6010251100227826E+07      0.1113122941268704E+10     -0.2080398226631736E+12
  0.96000000E+02     -0.1838362577891453E+03      0.3410468877611822E+05     -0.6384417807997630E+07      0.1205925278062939E+10     -0.2298129147114812E+12
  0.97000000E+02     -0.1875589311429262E+03      0.3549272693888827E+05     -0.6776060719464212E+07      0.1305026459989822E+10     -0.2535297927223439E+12
  0.98000000E+02     -0.1912944260999680E+03      0.3691273665911409E+05     -0.7184445989480770E+07      0.1410329900838539E+10     -0.2792041965256650E+12
  0.99000000E+02     -0.1950545258345212E+03      0.3837046847669852E+05     -0.7611923239464681E+07      0.1522703076962130E+10     -0.3071307775298793E+12
  0.10000000E+03     -0.1988443934752657E+03      0.3986815123858566E+05     -0.8059521044750379E+07      0.1642593515431734E+10     -0.3374836523377814E+12
  0.10100000E+03     -0.2026542698788524E+03      0.4140253765756181E+05     -0.8526770982802615E+07      0.1770093972202701E+10     -0.3703622956161531E+12
  0.10200000E+03     -0.2064748048666544E+03      0.4297024864797173E+05     -0.9013087932349961E+07      0.1905251886028705E+10     -0.4058537550096951E+12
  0.10300000E+03     -0.2103119134436370E+03      0.4457419628314738E+05     -0.9519849952260414E+07      0.2048669399695669E+10     -0.4441958453173397E+12
  0.10400000E+03     -0.2141758245912858E+03      0.4621895741474117E+05     -0.1004894378892924E+08      0.2201100870697975E+10     -0.4856742031404766E+12
  0.10500000E+03     -0.2180632997777846E+03      0.4790359605300690E+05     -0.1060054282903225E+08      0.2362825273245627E+10     -0.5304512940003416E+12
  0.10600000E+03     -0.2219722883119278E+03      0.4962799964888526E+05     -0.1117521176628084E+08      0.2534283766130791E+10     -0.5787523090456810E+12
  0.10700000E+03     -0.2258975402561976E+03      0.5139030436702281E+05     -0.1177284315060586E+08      0.2715702607846517E+10     -0.6307424741757733E+12
  0.10800000E+03     -0.2298455569128417E+03      0.5319392837269040E+05     -0.1239511285858546E+08      0.2907850267461761E+10     -0.6867452035159901E+12
  0.10900000E+03     -0.2338104192454184E+03      0.5503648814854174E+05     -0.1304168497208081E+08      0.3110886190856364E+10     -0.7469157177648490E+12
  0.11000000E+03     -0.2377832567569908E+03      0.5691396486433860E+05     -0.1371153639741078E+08      0.3324718070575809E+10     -0.8113255616477631E+12
  0.11100000E+03     -0.2417973928095385E+03      0.5884322950367300E+05     -0.1441147240132861E+08      0.3551888481503262E+10     -0.8808869580090713E+12
  0.11200000E+03     -0.2458065956834608E+03      0.6080206689709512E+05     -0.1513382527230511E+08      0.3790159455260750E+10     -0.9550281990821648E+12
  0.11300000E+03     -0.2498382801950181E+03      0.6280433381265604E+05     -0.1588424329404260E+08      0.4041690277378113E+10     -0.1034549406201934E+13
  0.11400000E+03     -0.2538933984901132E+03      0.6485081376564600E+05     -0.1666352910681180E+08      0.4307048395001421E+10     -0.1119763560465648E+13
  0.11500000E+03     -0.2579585232749802E+03      0.6693505679741930E+05     -0.1746975622786988E+08      0.4585893239585484E+10     -0.1210705043347480E+13
  0.11600000E+03     -0.2620369300501835E+03      0.6905914937450575E+05     -0.1830425791305560E+08      0.4878992257120562E+10     -0.1307763614025260E+13
  0.11700000E+03     -0.2661213283577624E+03      0.7121990968269572E+05     -0.1916644126411507E+08      0.5186509683060498E+10     -0.1411162566513775E+13
  0.11800000E+03     -0.2702309155220424E+03      0.7342758055615476E+05     -0.2006085103714273E+08      0.5510377320191710E+10     -0.1521704422736492E+13
  0.11900000E+03     -0.2743489468415194E+03      0.7567363378333747E+05     -0.2098462398136403E+08      0.5849915487423359E+10     -0.1639326889213457E+13
  0.12000000E+03     -0.2784836965065895E+03      0.7796266925940824E+05     -0.2194010659058541E+08      0.6206304417971380E+10     -0.1764599969196436E+13
  0.12100000E+03     -0.2826388233180602E+03      0.8029784830520325E+05     -0.2292951342558127E+08      0.6580856980158720E+10     -0.1898208741875042E+13
  0.12200000E+03     -0.2868140000222785E+03      0.8267880674358858E+05     -0.2395304733745196E+08      0.6973946429737291E+10     -0.2040448642119150E+13
  0.12300000E+03     -0.2910034869085827E+03      0.8510270559087748E+05     -0.2501010170515158E+08      0.7385735971884980E+10     -0.2191578891441038E+13
  0.12400000E+03     -0.2952151390931851E+03      0.8757554800484571E+05     -0.2610436658312729E+08      0.7818247309754562E+10     -0.2352615824855095E+13
  0.12500000E+03     -0.2994334370884634E+03      0.9008755703512594E+05     -0.2723168501939860E+08      0.8270083167583286E+10     -0.2523195683419688E+13
  0.12600000E+03     -0.3036728088651163E+03      0.9264783590862177E+05     -0.2839681422227387E+08      0.8743593456055813E+10     -0.2704437247233837E+13
  0.12700000E+03     -0.3079268476059298E+03      0.9525310947186683E+05     -0.2959898498877957E+08      0.9238938744399076E+10     -0.2896650886820521E+13
  0.12800000E+03     -0.3121942425414376E+03      0.9790256344154204E+05     -0.3083827026384139E+08      0.9756517381011560E+10     -0.3100203910032113E+13
  0.12900000E+03     -0.3164732634390716E+03      0.1005957079096997E+06     -0.3211517707773466E+08      0.1029703743421808E+11     -0.3315642451763896E+13
  0.13000000E+03     -0.3207795289396756E+03      0.1033433249827017E+06     -0.3343573592810003E+08      0.1086363572940566E+11     -0.3544526618565224E+13
  0.13100000E+03     -0.3250967863817724E+03      0.1061351693928854E+06     -0.3479557604633921E+08      0.1145488116361143E+11     -0.3786539370057169E+13
  0.13200000E+03     -0.3294410764922492E+03      0.1089817402323668E+06     -0.3620034604501044E+08      0.1207366572028543E+11     -0.4043125367665471E+13
  0.13300000E+03     -0.3337810937096090E+03      0.1118637870833569E+06     -0.3764163936433534E+08      0.1271696982444521E+11     -0.4313397346927076E+13
  0.13400000E+03     -0.3381342909674003E+03      0.1147919794986661E+06     -0.3912484392067734E+08      0.1338744716015780E+11     -0.4598668245339878E+13
  0.13500000E+03     -0.3425063984645647E+03      0.1177713312253405E+06     -0.4065358291845856E+08      0.1408744627568582E+11     -0.4900332231606952E+13
  0.13600000E+03     -0.3468954562674888E+03      0.1208007314170735E+06     -0.4222789477661147E+08      0.1481748531872018E+11     -0.5218922371109771E+13
  0.13700000E+03     -0.3513036170657919E+03      0.1238821618614192E+06     -0.4384957799638528E+08      0.1557898736596144E+11     -0.5555416529726385E+13
  0.13800000E+03     -0.3557130857726750E+03      0.1270031900068041E+06     -0.4551261285875019E+08      0.1636961246773199E+11     -0.5909101065255264E+13
  0.13900000E+03     -0.3601428289335560E+03      0.1301776848590774E+06     -0.4722511890938108E+08      0.1719379801396142E+11     -0.6282320789581201E+13
  0.14000000E+03     -0.3645919594254279E+03      0.1334054485812570E+06     -0.4898775920419633E+08      0.1805248562712239E+11     -0.6675896068913563E+13
  0.14100000E+03     -0.3690528027394136E+03      0.1366809375750646E+06     -0.5079802644501493E+08      0.1894495076817882E+11     -0.7089832687917838E+13
  0.14200000E+03     -0.3735218982499815E+03      0.1400028859344908E+06     -0.5265646230037380E+08      0.1987233250514730E+11     -0.7525182050190215E+13
  0.14300000E+03     -0.3780101465783982E+03      0.1433789918181030E+06     -0.5456768321471038E+08      0.2083735305823471E+11     -0.7983540900099296E+13
  0.14400000E+03     -0.3825170755706405E+03      0.1468099554064655E+06     -0.5653321612573943E+08      0.2184161954036140E+11     -0.8466193967128700E+13
  0.14500000E+03     -0.3870266171831198E+03      0.1502837009183201E+06     -0.5854680750017960E+08      0.2288256552620266E+11     -0.8972346839796236E+13
  0.14600000E+03     -0.3915641423159448E+03      0.1538202179619744E+06     -0.6062083588682532E+08      0.2396727264333368E+11     -0.9505906711622006E+13
  0.14700000E+03     -0.3961094189648437E+03      0.1574036351159750E+06     -0.6274650381950694E+08      0.2509169985369418E+11     -0.1006530279611947E+14
  0.14800000E+03     -0.4006594350904234E+03      0.1610323027158587E+06     -0.6492381339987936E+08      0.2625665406290986E+11     -0.1065147811900595E+14
  0.14900000E+03     -0.4052235800119132E+03      0.1647141039136654E+06     -0.6715832511081360E+08      0.2746586976828401E+11     -0.1126685140418006E+14
  0.15000000E+03     -0.4097908976541446E+03      0.1684401390034070E+06     -0.6944513354446857E+08      0.2871724599186055E+11     -0.1191077871086393E+14
  0.15100000E+03     -0.4143819145962028E+03      0.1722277435872612E+06     -0.7179582875315627E+08      0.3001796140804882E+11     -0.1258754435712221E+14
  0.15200000E+03     -0.4189833382474052E+03      0.1760656609656889E+06     -0.7420383150439236E+08      0.3136492172900153E+11     -0.1329598754844749E+14
  0.15300000E+03     -0.4236001428318172E+03      0.1799594021800619E+06     -0.7667403507907268E+08      0.3276198922038605E+11     -0.1403889949021544E+14
  0.15400000E+03     -0.4282133823192701E+03      0.1838922019851533E+06     -0.7919584965972365E+08      0.3420350422606689E+11     -0.1481360484951404E+14
  0.15500000E+03     -0.4328634160400878E+03      0.1878999671100776E+06     -0.8179388129029649E+08      0.3570478634591696E+11     -0.1562919699306321E+14
  0.15600000E+03     -0.4375079950382563E+03      0.1919457528100359E+06     -0.8444445902421418E+08      0.3725267281945752E+11     -0.1647899508818334E+14
  0.15700000E+03     -0.4421643079045587E+03      0.1960453697448754E+06     -0.8715908486307095E+08      0.3885489410330615E+11     -0.1736798848610336E+14
  0.15800000E+03     -0.4468306927334547E+03      0.2001972949767753E+06     -0.8993729850244856E+08      0.4051184269996784E+11     -0.1829694911951115E+14
  0.15900000E+03     -0.4514989960746311E+03      0.2043943058763851E+06     -0.9277486861847179E+08      0.4222169658800896E+11     -0.1926543924401066E+14
  0.16000000E+03     -0.4561985895914290E+03      0.2086634392879128E+06     -0.9569118043911436E+08      0.4399720926168972E+11     -0.2028151816377197E+14
  0.16100000E+03     -0.4609001068267200E+03      0.2129786019385134E+06     -0.9866936517272604E+08      0.4582902759944253E+11     -0.2134054736622023E+14
  0.16200000E+03     -0.4655920735252874E+03      0.2173281196987690E+06     -0.1017012149593799E+09      0.4771239836115631E+11     -0.2244017142099557E+14
  0.16300000E+03     -0.4702975624490478E+03      0.2217348678977209E+06     -0.1048042940592386E+09      0.4965959576537493E+11     -0.2358855913741843E+14
  0.16400000E+03     -0.4750294642771973E+03      0.2262109913123484E+06     -0.1079878724749845E+09      0.5167730246032941E+11     -0.2479040509031136E+14
  0.16500000E+03     -0.4797593497141061E+03      0.2307305586321126E+06     -0.1112348276130792E+09      0.5375590179291521E+11     -0.2604095124680861E+14
  0.16600000E+03     -0.4845034132285244E+03      0.2353080524609479E+06     -0.1145554730071809E+09      0.5590233203298457E+11     -0.2734480892088896E+14
  0.16700000E+03     -0.4892491591426251E+03      0.2399324170603687E+06     -0.1179431564821447E+09      0.5811358833734309E+11     -0.2870118678770408E+14
  0.16800000E+03     -0.4940052520395253E+03      0.2446112583584292E+06     -0.1214034568834113E+09      0.6039371735297057E+11     -0.3011305876377648E+14
  0.16900000E+03     -0.4987744071738674E+03      0.2493488056965567E+06     -0.1249412913495752E+09      0.6274755335496525E+11     -0.3158465983454919E+14
  0.17000000E+03     -0.5035521097752045E+03      0.2541404513236939E+06     -0.1285537794263918E+09      0.6517397974200249E+11     -0.3311605453955359E+14
  0.17100000E+03     -0.5083409576133205E+03      0.2589889315273640E+06     -0.1322437611523592E+09      0.6767587980196997E+11     -0.3470996356332154E+14
  0.17200000E+03     -0.5131255047893575E+03      0.2638789643233908E+06     -0.1360005316618988E+09      0.7024706091634978E+11     -0.3636339601917836E+14
  0.17300000E+03     -0.5179236629753175E+03      0.2688282610761431E+06     -0.1398378563362656E+09      0.7289746988137453E+11     -0.3808335164360709E+14
  0.17400000E+03     -0.5227245310540420E+03      0.2738265767977117E+06     -0.1437492454192939E+09      0.7562409437404543E+11     -0.3986913053069243E+14
  0.17500000E+03     -0.5275320951678923E+03      0.2788780541623716E+06     -0.1477385775157092E+09      0.7843052301820541E+11     -0.4172394708904407E+14
  0.17600000E+03     -0.5323408161423318E+03      0.2839767398588453E+06     -0.1518017523967146E+09      0.8131478892662637E+11     -0.4364743301305591E+14
  0.17700000E+03     -0.5371829486530446E+03      0.2891578671306953E+06     -0.1559682969458869E+09      0.8429932035062515E+11     -0.4565581516701788E+14
  0.17800000E+03     -0.5420207676518859E+03      0.2943809498784957E+06     -0.1602062214526260E+09      0.8736207887389275E+11     -0.4773516362475992E+14
  0.17900000E+03     -0.5468571967691644E+03      0.2996492225882985E+06     -0.1645189038095838E+09      0.9050654350996863E+11     -0.4988887618825157E+14
  0.18000000E+03     -0.5516960114929097E+03      0.3049660644450952E+06     -0.1689091765168211E+09      0.9373530932710263E+11     -0.5211941973413238E+14
  0.18100000E+03     -0.5565366505595622E+03      0.3103320787808641E+06     -0.1733792214918748E+09      0.9705171341153992E+11     -0.5443063591196352E+14
  0.18200000E+03     -0.5613874522327219E+03      0.3157555690285445E+06     -0.1779358345837218E+09      0.1004611922210872E+12     -0.5682692133215601E+14
  0.18300000E+03     -0.5662584049533556E+03      0.3212498497509864E+06     -0.1825926762224361E+09      0.1039763155045089E+12     -0.5931910733512202E+14
  0.18400000E+03     -0.5711396726914228E+03      0.3268028310546232E+06     -0.1873393760947971E+09      0.1075896986082724E+12     -0.6190264715070794E+14
  0.18500000E+03     -0.5760272771777813E+03      0.3324106828614165E+06     -0.1921739191035132E+09      0.1113012685275164E+12     -0.6457889059182038E+14
  0.18600000E+03     -0.5809170351213045E+03      0.3380684592170905E+06     -0.1970926055560205E+09      0.1151091403613635E+12     -0.6734753864883624E+14
  0.18700000E+03     -0.5858095148006919E+03      0.3437777719396415E+06     -0.2020984255580371E+09      0.1190174424979600E+12     -0.7021333278392951E+14
  0.18800000E+03     -0.5907176370715342E+03      0.3495532840309209E+06     -0.2072045273835973E+09      0.1230371772739982E+12     -0.7318525155057541E+14
  0.18900000E+03     -0.5956149132835702E+03      0.3553648435236081E+06     -0.2123858920939173E+09      0.1271505126200013E+12     -0.7625190848456806E+14
  0.19000000E+03     -0.6005172505050124E+03      0.3612287418625448E+06     -0.2176553983773268E+09      0.1313668822724391E+12     -0.7942012787920741E+14
  0.19100000E+03     -0.6054554547185654E+03      0.3671841363423572E+06     -0.2230509730062111E+09      0.1357193516222512E+12     -0.8271719129016969E+14
  0.19200000E+03     -0.6103876295742347E+03      0.3731811312957791E+06     -0.2285287678313287E+09      0.1401742715618637E+12     -0.8611938363917975E+14
  0.19300000E+03     -0.6153414152594905E+03      0.3792538425393533E+06     -0.2341211352394378E+09      0.1447595072584644E+12     -0.8964961641414264E+14
  0.19400000E+03     -0.6202855194374761E+03      0.3853629841696204E+06     -0.2397917157311991E+09      0.1494456427986909E+12     -0.9328596059024655E+14
  0.19500000E+03     -0.6252650146381956E+03      0.3915659176820736E+06     -0.2455960979903660E+09      0.1542812088094426E+12     -0.9706859151939506E+14
  0.19600000E+03     -0.6302429388531384E+03      0.3978153661176531E+06     -0.2514895610985765E+09      0.1592291014781462E+12     -0.1009690322797890E+15
  0.19700000E+03     -0.6352068184864826E+03      0.4040961396812447E+06     -0.2574589230667397E+09      0.1642797957339663E+12     -0.1049814457891379E+15
  0.19800000E+03     -0.6402109181386243E+03      0.4104782438616825E+06     -0.2635727655585428E+09      0.1694936936336955E+12     -0.1091562083204288E+15
  0.19900000E+03     -0.6452215266037435E+03      0.4169192582243882E+06     -0.2697917566422957E+09      0.1748390046799735E+12     -0.1134697746115644E+15
  0.20000000E+03     -0.6502258935888258E+03      0.4234022352039882E+06     -0.2760997490492660E+09      0.1803026779852437E+12     -0.1179127942829285E+15
  0.20100000E+03     -0.6552351550214480E+03      0.4299415356449101E+06     -0.2825114493645907E+09      0.1858987732098673E+12     -0.1224983303527629E+15
  0.20200000E+03     -0.6602544138334009E+03      0.4365436150474268E+06     -0.2890336739521307E+09      0.1916342591441901E+12     -0.1272334103575194E+15
  0.20300000E+03     -0.6653115366798188E+03      0.4432472214632279E+06     -0.2957075232987354E+09      0.1975484145826250E+12     -0.1321535862305428E+15
  0.20400000E+03     -0.6703784903735290E+03      0.4500147957352496E+06     -0.3024960290186680E+09      0.2036095786402279E+12     -0.1372340313189946E+15
  0.20500000E+03     -0.6754453436059788E+03      0.4568340303739921E+06     -0.3093885771191970E+09      0.2098105045666001E+12     -0.1424711100976573E+15
  0.20600000E+03     -0.6806423128031660E+03      0.4638801655108423E+06     -0.3165629210198879E+09      0.2163122422626175E+12     -0.1480022663761091E+15
  0.20700000E+03     -0.6857297791488038E+03      0.4708313404305444E+06     -0.3236954109985370E+09      0.2228260667862372E+12     -0.1535865319951319E+15
  0.20800000E+03     -0.6908323185649966E+03      0.4778543715370893E+06     -0.3309544747487894E+09      0.2295039695233749E+12     -0.1593532171662231E+15
  0.20900000E+03     -0.6960013506829393E+03      0.4850215902527692E+06     -0.3384172331290249E+09      0.2364197489508206E+12     -0.1653690977140634E+15
  0.21000000E+03     -0.7011294980011739E+03      0.4921856447443478E+06     -0.3459327195635924E+09      0.2434365762837518E+12     -0.1715185037060318E+15
  0.21100000E+03     -0.7062710890589882E+03      0.4994210314176907E+06     -0.3535784199250700E+09      0.2506269231174694E+12     -0.1778657115372151E+15
  0.21200000E+03     -0.7114236680799776E+03      0.5067251075665819E+06     -0.3613532265559887E+09      0.2579921030448754E+12     -0.1844146351499752E+15
  0.21300000E+03     -0.7165950556555672E+03      0.5141095464913444E+06     -0.3692710003857399E+09      0.2655473662737728E+12     -0.1911813881592919E+15
  0.21400000E+03     -0.7217768544781936E+03      0.5215619840237968E+06     -0.3773189148706108E+09      0.2732816725913233E+12     -0.1981578582723131E+15
  0.21500000E+03     -0.7269855079722174E+03      0.5291075653989071E+06     -0.3855265666445745E+09      0.2812265992066125E+12     -0.2053760587186188E+15
  0.21600000E+03     -0.7321997151431609E+03      0.5367150569827626E+06     -0.3938604310009528E+09      0.2893509554462999E+12     -0.2128095435243310E+15
  0.21700000E+03     -0.7374301762688639E+03      0.5444016587268451E+06     -0.4023419418938450E+09      0.2976789862406634E+12     -0.2204843076044565E+15
  0.21800000E+03     -0.7426724761999726E+03      0.5521602396729654E+06     -0.4109634057320723E+09      0.3062041739648873E+12     -0.2283960949095432E+15
  0.21900000E+03     -0.7479244187803683E+03      0.5599878969483002E+06     -0.4197227968183122E+09      0.3149264977698711E+12     -0.2365474555163582E+15
  0.22000000E+03     -0.7531874479563547E+03      0.5678875036628578E+06     -0.4286250280459543E+09      0.3238534244522591E+12     -0.2449485970752005E+15
  0.22100000E+03     -0.7584622968291544E+03      0.5758604573116458E+06     -0.4376728760348113E+09      0.3329898053315018E+12     -0.2536068346563514E+15
  0.22200000E+03     -0.7637553317348899E+03      0.5839170989059121E+06     -0.4468797791786734E+09      0.3423518214700564E+12     -0.2625408164376268E+15
  0.22300000E+03     -0.7690634243718840E+03      0.5920528797576677E+06     -0.4562416762927935E+09      0.3519374021931392E+12     -0.2717513874722228E+15
  0.22400000E+03     -0.7743776264573644E+03      0.6002538900073188E+06     -0.4657431949605967E+09      0.3617323289442903E+12     -0.2812271793805773E+15
  0.22500000E+03     -0.7797040008560806E+03      0.6085301825866241E+06     -0.4753976848552550E+09      0.3717530352091937E+12     -0.2909875550571788E+15
  0.22600000E+03     -0.7850519760760262E+03      0.6168977212695202E+06     -0.4852262389956034E+09      0.3820249468478940E+12     -0.3010616577238362E+15
  0.22700000E+03     -0.7904024904191132E+03      0.6253256681778333E+06     -0.4951923307759340E+09      0.3925104919604493E+12     -0.3114141267329892E+15
  0.22800000E+03     -0.7957744619194054E+03      0.6338453008350510E+06     -0.5053356050758515E+09      0.4032551306805203E+12     -0.3220944789365587E+15
  0.22900000E+03     -0.8011666354836890E+03      0.6424546578558647E+06     -0.5156547205024319E+09      0.4142595061669922E+12     -0.3331064063456509E+15
  0.23000000E+03     -0.8065717367060161E+03      0.6511436046837862E+06     -0.5261401992765340E+09      0.4255173066765593E+12     -0.3444483341417465E+15
  0.23100000E+03     -0.8119894231114215E+03      0.6599112872200868E+06     -0.5367916471989416E+09      0.4370298620667250E+12     -0.3561244392031061E+15
  0.23200000E+03     -0.8174311834661746E+03      0.6687768166835138E+06     -0.5476338280744500E+09      0.4488265956274954E+12     -0.3681682532587774E+15
  0.23300000E+03     -0.8228800021074040E+03      0.6777127233647862E+06     -0.5586344118246783E+09      0.4608747389550127E+12     -0.3805498258570828E+15
  0.23400000E+03     -0.8283368711746799E+03      0.6867216436974688E+06     -0.5697988376437205E+09      0.4731836876031254E+12     -0.3932834049134740E+15
  0.23500000E+03     -0.8338071605032242E+03      0.6958126045974197E+06     -0.5811394645943401E+09      0.4857694255097415E+12     -0.4063890608433162E+15
  0.23600000E+03     -0.8393095356916425E+03      0.7050168622734187E+06     -0.5926965975702835E+09      0.4986792633964070E+12     -0.4199199058622920E+15
  0.23700000E+03     -0.8448262652278320E+03      0.7143060703202760E+06     -0.6044372660970334E+09      0.5118803815934951E+12     -0.4338468726001582E+15
  0.23800000E+03     -0.8503633649092719E+03      0.7236902588016025E+06     -0.6163750089415668E+09      0.5253900750362867E+12     -0.4481915492150954E+15
  0.23900000E+03     -0.8558985533464892E+03      0.7331324639810020E+06     -0.6284648335518786E+09      0.5391608643650898E+12     -0.4629083772135493E+15
  0.24000000E+03     -0.8614497896614695E+03      0.7426631321614936E+06     -0.6407464778547851E+09      0.5532399989040369E+12     -0.4780511700821235E+15
  0.24100000E+03     -0.8670337038891408E+03      0.7523121735147185E+06     -0.6532612572264217E+09      0.5676791808852081E+12     -0.4936814466975572E+15
  0.24200000E+03     -0.8726240256053592E+03      0.7620350695355225E+06     -0.6659536207465475E+09      0.5824180515269353E+12     -0.5097392131803762E+15
  0.24300000E+03     -0.8782305822505997E+03      0.7718481789261084E+06     -0.6788450045421294E+09      0.5974827960928920E+12     -0.5262557034250424E+15
  0.24400000E+03     -0.8838421805318166E+03      0.7817339419299603E+06     -0.6919160722776952E+09      0.6128564126199790E+12     -0.5432197535822302E+15
  0.24500000E+03     -0.8894927004438651E+03      0.7917509209196549E+06     -0.7052438015407549E+09      0.6286301108576490E+12     -0.5607340761622186E+15
  0.24600000E+03     -0.8951706648551738E+03      0.8018805646306713E+06     -0.7188069705461190E+09      0.6447841308988069E+12     -0.5787840678296400E+15
  0.24700000E+03     -0.9008473958628929E+03      0.8120731130759798E+06     -0.7325419188601989E+09      0.6612474740314042E+12     -0.5972972181162734E+15
  0.24800000E+03     -0.9065617997281859E+03      0.8223972938645591E+06     -0.7465408114817922E+09      0.6781313503248442E+12     -0.6164008345165409E+15
  0.24900000E+03     -0.9123064486778205E+03      0.8328423377981231E+06     -0.7607937672520306E+09      0.6954308880617515E+12     -0.6360988975499168E+15
  0.25000000E+03     -0.9180704636404863E+03      0.8433888185843981E+06     -0.7752759237126346E+09      0.7131193130441299E+12     -0.6563663879049062E+15
  0.25100000E+03     -0.9238481635756903E+03      0.8540266319125636E+06     -0.7899748919880909E+09      0.7311846272030438E+12     -0.6771946485056550E+15
  0.25200000E+03     -0.9296446723128897E+03      0.8647659988167415E+06     -0.8049070371480340E+09      0.7496511087342642E+12     -0.6986180880655604E+15
  0.25300000E+03     -0.9354632414206222E+03      0.8756135465709115E+06     -0.8200835691664928E+09      0.7685365099875677E+12     -0.7206634516920442E+15
  0.25400000E+03     -0.9413144615905971E+03      0.8865901397050599E+06     -0.8355364071390076E+09      0.7878853797908701E+12     -0.7433900429226078E+15
  0.25500000E+03     -0.9471941918664107E+03      0.8976887605207509E+06     -0.8512579291132212E+09      0.8076924955597389E+12     -0.7667985469906150E+15
  0.25600000E+03     -0.9531087717466791E+03      0.9089229296190238E+06     -0.8672707078288205E+09      0.8279921333684447E+12     -0.7909381677106812E+15
  0.25700000E+03     -0.9590316586760636E+03      0.9202427541011891E+06     -0.8835055644645675E+09      0.8487005492508759E+12     -0.8157157924259232E+15
  0.25800000E+03     -0.9649990030773482E+03      0.9317184904037066E+06     -0.9000661935640057E+09      0.8699553503283120E+12     -0.8413043559973569E+15
  0.25900000E+03     -0.9709825420049133E+03      0.9432967672228263E+06     -0.9168782528680503E+09      0.8916661692694828E+12     -0.8676030700001849E+15
  0.26000000E+03     -0.9769967327349686E+03      0.9550062328328307E+06     -0.9339856121960046E+09      0.9138942542690031E+12     -0.8946936942476936E+15
  0.26100000E+03     -0.9830417190283780E+03      0.9668483021998262E+06     -0.9513932523610499E+09      0.9366514825694364E+12     -0.9225992529522062E+15
  0.26200000E+03     -0.9891253315044504E+03      0.9788398703323562E+06     -0.9691296396269852E+09      0.9599815629434037E+12     -0.9513834367053420E+15
  0.26300000E+03     -0.9952395556186723E+03      0.9909665356916202E+06     -0.9871768682946914E+09      0.9838671476906924E+12     -0.9810346306229538E+15
  0.26400000E+03     -0.1001380284954887E+04      0.1003220992339945E+07     -0.1005526688169287E+10      0.1008302595567816E+13     -0.1011554610792170E+16
  0.26500000E+03     -0.1007550830600853E+04      0.1015610047050117E+07     -0.1024190956998976E+10      0.1033307725399908E+13     -0.1042975412744735E+16
  0.26600000E+03     -0.1013763576733678E+04      0.1028161132905436E+07     -0.1043216271173425E+10      0.1058953883546391E+13     -0.1075400221119068E+16
  0.26700000E+03     -0.1020009046285579E+04      0.1040856254111686E+07     -0.1062578534353376E+10      0.1085214806139604E+13     -0.1108806115236756E+16
  0.26800000E+03     -0.1026289997341684E+04      0.1053702216610520E+07     -0.1082291428155902E+10      0.1112115511636422E+13     -0.1143235650582429E+16
  0.26900000E+03     -0.1032597480889439E+04      0.1066681896500576E+07     -0.1102331972626740E+10      0.1139631163030803E+13     -0.1178667961906488E+16
  0.27000000E+03     -0.1038945863660616E+04      0.1079825585325595E+07     -0.1122749535529059E+10      0.1167835120027245E+13     -0.1215207270008566E+16
  0.27100000E+03     -0.1045323001799711E+04      0.1093110125243996E+07     -0.1143512749633039E+10      0.1196692509465460E+13     -0.1252822048084079E+16
  0.27200000E+03     -0.1051764730514704E+04      0.1106611044814012E+07     -0.1164742569682069E+10      0.1226377595440778E+13     -0.1291750212300570E+16
  0.27300000E+03     -0.1058224544573839E+04      0.1120234005965821E+07     -0.1186297177940536E+10      0.1256703434821041E+13     -0.1331764414298334E+16
  0.27400000E+03     -0.1064740218565352E+04      0.1134059258863037E+07     -0.1208306117679830E+10      0.1287858193659410E+13     -0.1373123737871294E+16
  0.27500000E+03     -0.1071293104279741E+04      0.1148048812899167E+07     -0.1230713065568124E+10      0.1319770338749853E+13     -0.1415747152843170E+16
  0.27600000E+03     -0.1077895972086502E+04      0.1162233044898217E+07     -0.1253573401236617E+10      0.1352530786048776E+13     -0.1459775457593078E+16
  0.27700000E+03     -0.1084530606653827E+04      0.1176573073057988E+07     -0.1276826564948954E+10      0.1386058196111168E+13     -0.1505109905230294E+16
  0.27800000E+03     -0.1091197871462372E+04      0.1191072270607187E+07     -0.1300482213217605E+10      0.1420375028867822E+13     -0.1551795771464214E+16
  0.27900000E+03     -0.1097940293571051E+04      0.1205825534190377E+07     -0.1324700911557258E+10      0.1455725143557200E+13     -0.1600183204136243E+16
  0.28000000E+03     -0.1104708010991061E+04      0.1220725445179141E+07     -0.1349310903510223E+10      0.1491867160313857E+13     -0.1649958147016747E+16
  0.28100000E+03     -0.1111521455841931E+04      0.1235819031694349E+07     -0.1374395127302076E+10      0.1528933366988046E+13     -0.1701321008376380E+16
  0.28200000E+03     -0.1118382837096801E+04      0.1251112532296794E+07     -0.1399968089841622E+10      0.1566954117504784E+13     -0.1754330073267520E+16
  0.28300000E+03     -0.1125279910266036E+04      0.1266580612229293E+07     -0.1425992625740212E+10      0.1605884733793244E+13     -0.1808941753947286E+16
  0.28400000E+03     -0.1132240937973693E+04      0.1282288893476116E+07     -0.1452584896757122E+10      0.1645910559974019E+13     -0.1865436433702534E+16
  0.28500000E+03     -0.1139245986220577E+04      0.1298194663478505E+07     -0.1479678468247889E+10      0.1686943481660830E+13     -0.1923710788043204E+16
  0.28600000E+03     -0.1146290241527518E+04      0.1314288477705987E+07     -0.1507261854470616E+10      0.1728976201068878E+13     -0.1983773219424571E+16
  0.28700000E+03     -0.1153378952728560E+04      0.1330584298423075E+07     -0.1535364466009069E+10      0.1772065079829138E+13     -0.2045725307586974E+16
  0.28800000E+03     -0.1160520412799390E+04      0.1347103185458731E+07     -0.1564028203007034E+10      0.1816286191406835E+13     -0.2109698123590079E+16
  0.28900000E+03     -0.1167713999471266E+04      0.1363846016134433E+07     -0.1593260821672478E+10      0.1861664522889362E+13     -0.2175751559568751E+16
  0.29000000E+03     -0.1174945492012635E+04      0.1380781089023370E+07     -0.1623011621747779E+10      0.1908132010380309E+13     -0.2243806991132480E+16
  0.29100000E+03     -0.1182222802470307E+04      0.1397929651544714E+07     -0.1653324991023483E+10      0.1955772570580096E+13     -0.2314013883218853E+16
  0.29200000E+03     -0.1189545065067812E+04      0.1415290894076707E+07     -0.1684203990251191E+10      0.2004601702704315E+13     -0.2386416160426414E+16
  0.29300000E+03     -0.1196914187612151E+04      0.1432872175514408E+07     -0.1715669133957529E+10      0.2054667346851357E+13     -0.2461113447485848E+16
  0.29400000E+03     -0.1204322775450757E+04      0.1450657047036632E+07     -0.1747695519331636E+10      0.2105940903408945E+13     -0.2538085187290322E+16
  0.29500000E+03     -0.1211796336438672E+04      0.1468709834845623E+07     -0.1780407038465522E+10      0.2158637588913246E+13     -0.2617685730950785E+16
  0.29600000E+03     -0.1219292931631656E+04      0.1486930288634269E+07     -0.1813626427357681E+10      0.2212482889081486E+13     -0.2699523100117692E+16
  0.29700000E+03     -0.1226842228122728E+04      0.1505392842654541E+07     -0.1847496214222065E+10      0.2267723047070987E+13     -0.2784000995686698E+16
  0.29800000E+03     -0.1234440370129109E+04      0.1524090504504701E+07     -0.1882010638455452E+10      0.2324364419641785E+13     -0.2871159679613577E+16
  0.29900000E+03     -0.1242073756600235E+04      0.1542990605395208E+07     -0.1917113499148102E+10      0.2382325805971976E+13     -0.2960897769338562E+16
  0.30000000E+03     -0.1249769355612124E+04      0.1562162952855913E+07     -0.1952942745079716E+10      0.2441853066246883E+13     -0.3053630679999706E+16
  0.30100000E+03     -0.1257495198668189E+04      0.1581530612273877E+07     -0.1989362433202428E+10      0.2502737946244011E+13     -0.3149068551596177E+16
  0.30200000E+03     -0.1265280693611534E+04      0.1601168253897945E+07     -0.2026517552385015E+10      0.2565235141800422E+13     -0.3247637210122001E+16
  0.30300000E+03     -0.1273111978325516E+04      0.1621044009992120E+07     -0.2064356476889659E+10      0.2629277113015683E+13     -0.3349267992238316E+16
  0.30400000E+03     -0.1280965619393776E+04      0.1641099737227324E+07     -0.2102773946255682E+10      0.2694699797770780E+13     -0.3453730662355232E+16
  0.30500000E+03     -0.1288871802177246E+04      0.1661414982903503E+07     -0.2141929994057103E+10      0.2761793761592895E+13     -0.3561525943782400E+16
  0.30600000E+03     -0.1296811671987147E+04      0.1681942152857304E+07     -0.2181737493416410E+10      0.2830422673369030E+13     -0.3672463753173250E+16
  0.30700000E+03     -0.1304796401380125E+04      0.1702713076910719E+07     -0.2222266894193910E+10      0.2900728215870851E+13     -0.3786814186050536E+16
  0.30800000E+03     -0.1312838396927506E+04      0.1723761751358495E+07     -0.2263590987089102E+10      0.2972853215026133E+13     -0.3904845181852393E+16
  0.30900000E+03     -0.1320915052452872E+04      0.1745031702790800E+07     -0.2305607291988415E+10      0.3046638861390156E+13     -0.4026338509300418E+16
  0.31000000E+03     -0.1329032102295867E+04      0.1766539587423824E+07     -0.2348354965616633E+10      0.3122170485007721E+13     -0.4151471129175476E+16
  0.31100000E+03     -0.1337168471188844E+04      0.1788230654707232E+07     -0.2391730546213516E+10      0.3199280361689513E+13     -0.4279999460404905E+16
  0.31200000E+03     -0.1345378302136898E+04      0.1810252439680856E+07     -0.2436038724307717E+10      0.3278533154413731E+13     -0.4412912743478152E+16
  0.31300000E+03     -0.1353615219760488E+04      0.1832482263006075E+07     -0.2481039439864384E+10      0.3359517518826241E+13     -0.4549561316895033E+16
  0.31400000E+03     -0.1361900647406278E+04      0.1854979920764031E+07     -0.2526861103908834E+10      0.3442483834609752E+13     -0.4690410378895064E+16
  0.31500000E+03     -0.1370217864449096E+04      0.1877702253237212E+07     -0.2573423790022846E+10      0.3527308000979720E+13     -0.4835294715240067E+16
  0.31600000E+03     -0.1378563026369961E+04      0.1900640561071028E+07     -0.2620716865566123E+10      0.3613990121897681E+13     -0.4984258635684017E+16
  0.31700000E+03     -0.1386977005716324E+04      0.1923908497552719E+07     -0.2668980828012881E+10      0.3702988679429425E+13     -0.5138131361166768E+16
  0.31800000E+03     -0.1395386856637759E+04      0.1947306630648193E+07     -0.2717810295994397E+10      0.3793577970749506E+13     -0.5295707193494282E+16
  0.31900000E+03     -0.1403837695039447E+04      0.1970961333970092E+07     -0.2767474372939857E+10      0.3886273884977200E+13     -0.5457924045707062E+16
  0.32000000E+03     -0.1412351499721868E+04      0.1994937290080279E+07     -0.2818119145639726E+10      0.3981375077093928E+13     -0.5625361930091016E+16
  0.32100000E+03     -0.1420876887130454E+04      0.2019090439724627E+07     -0.2869445341113488E+10      0.4078335886084142E+13     -0.5797100969723361E+16
  0.32200000E+03     -0.1429476995284884E+04      0.2043603222919877E+07     -0.2921851981052741E+10      0.4177938603496564E+13     -0.5974589798246099E+16
  0.32300000E+03     -0.1438079289672650E+04      0.2068270595040764E+07     -0.2974908148495068E+10      0.4279385664082152E+13     -0.6156458282227507E+16
  0.32400000E+03     -0.1446734081159522E+04      0.2093237568923287E+07     -0.3028931194562034E+10      0.4383301632434934E+13     -0.6343871126215632E+16
  0.32500000E+03     -0.1455429467002837E+04      0.2118472527494378E+07     -0.3083862455915878E+10      0.4489599849447548E+13     -0.6536732653518553E+16
  0.32600000E+03     -0.1464137432732474E+04      0.2143896437259969E+07     -0.3139538803886163E+10      0.4597989573695733E+13     -0.6734574533613243E+16
  0.32700000E+03     -0.1472892182917182E+04      0.2169609248231949E+07     -0.3196183286614102E+10      0.4708920878793367E+13     -0.6938261318883717E+16
  0.32800000E+03     -0.1481663442106706E+04      0.2195524182290232E+07     -0.3253613451010848E+10      0.4822061351478685E+13     -0.7147242736641691E+16
  0.32900000E+03     -0.1490491336640596E+04      0.2221762179941081E+07     -0.3312106675569241E+10      0.4937983907571851E+13     -0.7362640713018071E+16
  0.33000000E+03     -0.1499354520192987E+04      0.2248261763263186E+07     -0.3371534417026598E+10      0.5056458840683110E+13     -0.7584090139151767E+16
  0.33100000E+03     -0.1508268435359529E+04      0.2275071547551216E+07     -0.3432015362691593E+10      0.5177750362337964E+13     -0.7812152022512416E+16
  0.33200000E+03     -0.1517163155747525E+04      0.2301981919547239E+07     -0.3493082435817767E+10      0.5300941849458658E+13     -0.8045156490996106E+16
  0.33300000E+03     -0.1526117486446755E+04      0.2329232799542319E+07     -0.3555287752079866E+10      0.5427171165196345E+13     -0.8285317487677948E+16
  0.33400000E+03     -0.1535108288919934E+04      0.2356755816678398E+07     -0.3618484222544615E+10      0.5556166792435464E+13     -0.8532186343323954E+16
  0.33500000E+03     -0.1544123680978723E+04      0.2384517066657771E+07     -0.3682604037866751E+10      0.5687819725959876E+13     -0.8785627778726304E+16
  0.33600000E+03     -0.1553179066121788E+04      0.2412564801794630E+07     -0.3747764963953979E+10      0.5822393818684602E+13     -0.9046209652637838E+16
  0.33700000E+03     -0.1562271851485071E+04      0.2440893700103513E+07     -0.3813965368319758E+10      0.5959917026502844E+13     -0.9314064499707052E+16
  0.33800000E+03     -0.1571394226135718E+04      0.2469480835127768E+07     -0.3881159499696935E+10      0.6100319972929421E+13     -0.9589125510297110E+16
  0.33900000E+03     -0.1580536268869294E+04      0.2498296457009843E+07     -0.3949285112436802E+10      0.6243498108954625E+13     -0.9871256383310590E+16
  0.34000000E+03     -0.1589716400833327E+04      0.2527400795849832E+07     -0.4018494316924629E+10      0.6389801187855134E+13     -0.1016122455570777E+17
  0.34100000E+03     -0.1598919570220543E+04      0.2556746624452174E+07     -0.4088680626793190E+10      0.6539026224992376E+13     -0.1045869101352007E+17
  0.34200000E+03     -0.1608155516305776E+04      0.2586367724444363E+07     -0.4159936014195857E+10      0.6691402426329632E+13     -0.1076419948778614E+17
  0.34300000E+03     -0.1617405761080774E+04      0.2616206054417471E+07     -0.4232128542942029E+10      0.6846674242927334E+13     -0.1107731127625620E+17
  0.34400000E+03     -0.1626705103499429E+04      0.2646375387320931E+07     -0.4305541959373053E+10      0.7005480498368972E+13     -0.1139939292786383E+17
  0.34500000E+03     -0.1636036847641409E+04      0.2676823029145460E+07     -0.4380056423427439E+10      0.7167590482617157E+13     -0.1173005544839769E+17
  0.34600000E+03     -0.1645396394865442E+04      0.2707536889384879E+07     -0.4455654333908077E+10      0.7333002548380446E+13     -0.1206939177212403E+17
  0.34700000E+03     -0.1654775762789701E+04      0.2738491080656915E+07     -0.4532277644307133E+10      0.7501612848758754E+13     -0.1241725842754078E+17
  0.34800000E+03     -0.1664181583430732E+04      0.2769709830568000E+07     -0.4609997083625396E+10      0.7673611612715412E+13     -0.1277414176931447E+17
  0.34900000E+03     -0.1673608763295704E+04      0.2801176880968183E+07     -0.4688778801103582E+10      0.7848949674341302E+13     -0.1314001621084423E+17
  0.35000000E+03     -0.1683092391033327E+04      0.2833011986600452E+07     -0.4768934244374565E+10      0.8028357282060092E+13     -0.1351650631657148E+17
  0.35100000E+03     -0.1692573052472082E+04      0.2865016452409912E+07     -0.4849970110684785E+10      0.8210757313950731E+13     -0.1390143231216443E+17
  0.35200000E+03     -0.1702093061943193E+04      0.2897334669582472E+07     -0.4932261039482607E+10      0.8397024892749980E+13     -0.1429673255146475E+17
  0.35300000E+03     -0.1711641636532603E+04      0.2929932463778443E+07     -0.5015731381589963E+10      0.8587026233792532E+13     -0.1470222745299953E+17
  0.35400000E+03     -0.1721198595997745E+04      0.2962741072520321E+07     -0.5100210642278521E+10      0.8780397881156152E+13     -0.1511721939077896E+17
  0.35500000E+03     -0.1730781913650303E+04      0.2995824182224498E+07     -0.5185873151358462E+10      0.8977574521560600E+13     -0.1554274343660532E+17
  0.35600000E+03     -0.1740408605309134E+04      0.3029241799757172E+07     -0.5272882866273909E+10      0.9178965507686516E+13     -0.1597977831632878E+17
  0.35700000E+03     -0.1750055390650894E+04      0.3062914682026896E+07     -0.5361042915569636E+10      0.9384149461191143E+13     -0.1642751096669349E+17
  0.35800000E+03     -0.1759757167244939E+04      0.3096967324472273E+07     -0.5450691600527783E+10      0.9593954912181250E+13     -0.1688786623551426E+17
  0.35900000E+03     -0.1769425265321114E+04      0.3131088948373552E+07     -0.5541017372746081E+10      0.9806510831784062E+13     -0.1735682863485073E+17
  0.36000000E+03     -0.1779143886488921E+04      0.3165577006619046E+07     -0.5632813849711919E+10      0.1002371224530372E+14     -0.1783866814681131E+17
  0.36100000E+03     -0.1788906148434579E+04      0.3200411205932108E+07     -0.5726043533774201E+10      0.1024552258171092E+14     -0.1833344833905440E+17
  0.36200000E+03     -0.1798671401771021E+04      0.3235446500365721E+07     -0.5820323840648588E+10      0.1047105830651573E+14     -0.1883928768506842E+17
  0.36300000E+03     -0.1808489161097345E+04      0.3270861980091276E+07     -0.5916146145972354E+10      0.1070153075884194E+14     -0.1935901329845330E+17
  0.36400000E+03     -0.1818280735066849E+04      0.3306375798027444E+07     -0.6012758991814082E+10      0.1093517292583818E+14     -0.1988876234544918E+17
  0.36500000E+03     -0.1828155467317337E+04      0.3342385102603385E+07     -0.6111250049252803E+10      0.1117464656238507E+14     -0.2043467257021760E+17
  0.36600000E+03     -0.1837973184821128E+04      0.3378379765091070E+07     -0.6210232466098109E+10      0.1141661379555336E+14     -0.2098924386621995E+17
  0.36700000E+03     -0.1847852155542490E+04      0.3414793733872950E+07     -0.6310906342311051E+10      0.1166403915290263E+14     -0.2155937404581821E+17
  0.36800000E+03     -0.1857734154703739E+04      0.3451413916358458E+07     -0.6412692425305620E+10      0.1191553724277706E+14     -0.2214199103062898E+17
  0.36900000E+03     -0.1867677632509413E+04      0.3488458884441845E+07     -0.6516209568781643E+10      0.1217267962040578E+14     -0.2274086732310329E+17
  0.37000000E+03     -0.1877625877827323E+04      0.3525720010988228E+07     -0.6620888067323691E+10      0.1243409863933452E+14     -0.2335296232990948E+17
  0.37100000E+03     -0.1887598754689700E+04      0.3563272433568514E+07     -0.6726947027717069E+10      0.1270037637844889E+14     -0.2397975544072246E+17
  0.37200000E+03     -0.1897560070167352E+04      0.3600979133822810E+07     -0.6834003325493429E+10      0.1297057551364642E+14     -0.2461913316286325E+17
  0.37300000E+03     -0.1907602232350061E+04      0.3639193643471214E+07     -0.6943077264953629E+10      0.1324732800445613E+14     -0.2527749352901676E+17
  0.37400000E+03     -0.1917602790053562E+04      0.3677449409814255E+07     -0.7052841614035277E+10      0.1352729291519387E+14     -0.2594698887488890E+17
  0.37500000E+03     -0.1927705233541073E+04      0.3716297899359802E+07     -0.7164892038828125E+10      0.1381458967101258E+14     -0.2663762541172735E+17
  0.37600000E+03     -0.1937738903000258E+04      0.3755084038644502E+07     -0.7277348606864986E+10      0.1410443799442170E+14     -0.2733804490266701E+17
  0.37700000E+03     -0.1947834793528358E+04      0.3794314768290757E+07     -0.7391688937518816E+10      0.1440068228861258E+14     -0.2805766255651323E+17
  0.37800000E+03     -0.1957937815178130E+04      0.3833777307684251E+07     -0.7507302844728878E+10      0.1470178358062093E+14     -0.2879288104505736E+17
  0.37900000E+03     -0.1968084329178195E+04      0.3873614119666744E+07     -0.7624615133748611E+10      0.1500888359949325E+14     -0.2954661372968749E+17
  0.38000000E+03     -0.1978213297362933E+04      0.3913587817523837E+07     -0.7742939585589528E+10      0.1532023578570243E+14     -0.3031473598925131E+17
  0.38100000E+03     -0.1988363197966941E+04      0.3953851276919941E+07     -0.7862738121888642E+10      0.1563709712389196E+14     -0.3110049266154472E+17
  0.38200000E+03     -0.1998501950429054E+04      0.3994274047291217E+07     -0.7983619283120877E+10      0.1595843975992604E+14     -0.3190139402064811E+17
  0.38300000E+03     -0.2008715108690416E+04      0.4035203312166214E+07     -0.8106645788027757E+10      0.1628717061757634E+14     -0.3272493094243145E+17
  0.38400000E+03     -0.2018881703722200E+04      0.4076152805046706E+07     -0.8230357963422846E+10      0.1661941179641557E+14     -0.3356148757184041E+17
  0.38500000E+03     -0.2029105980844298E+04      0.4117542485534149E+07     -0.8356031083175978E+10      0.1695862267026565E+14     -0.3441990386626198E+17
  0.38600000E+03     -0.2039355964885071E+04      0.4159245491083300E+07     -0.8483294118427311E+10      0.1730385713117787E+14     -0.3529796896784655E+17
  0.38700000E+03     -0.2049664143183709E+04      0.4201399447208336E+07     -0.8612590204594700E+10      0.1765639780343017E+14     -0.3619919485836390E+17
  0.38800000E+03     -0.2059909166731327E+04      0.4243503639366739E+07     -0.8742376354128115E+10      0.1801203581618721E+14     -0.3711286322943904E+17
  0.38900000E+03     -0.2070163566879409E+04      0.4285857604303041E+07     -0.8873586817350407E+10      0.1837337880677583E+14     -0.3804584109675218E+17
  0.39000000E+03     -0.2080437114074240E+04      0.4328501092228238E+07     -0.9006349360899683E+10      0.1874080925407461E+14     -0.3899924126185282E+17
  0.39100000E+03     -0.2090764555098401E+04      0.4371580862286644E+07     -0.9141135248229986E+10      0.1911568906137038E+14     -0.3997679361836821E+17
  0.39200000E+03     -0.2101097566878622E+04      0.4414897932147233E+07     -0.9277336654856335E+10      0.1949638713246414E+14     -0.4097444795596750E+17
  0.39300000E+03     -0.2111418822415557E+04      0.4458378850203332E+07     -0.9414726683445013E+10      0.1988229909743852E+14     -0.4199074711638074E+17
  0.39400000E+03     -0.2121753325657312E+04      0.4502128995013269E+07     -0.9553645037778259E+10      0.2027441657266953E+14     -0.4302844987083311E+17
  0.39500000E+03     -0.2132167465437432E+04      0.4546433742775994E+07     -0.9695018377154022E+10      0.2067543223495138E+14     -0.4409493669931536E+17
  0.39600000E+03     -0.2142488070812436E+04      0.4590552833201776E+07     -0.9836479849689337E+10      0.2107863753662412E+14     -0.4517242980970625E+17
  0.39700000E+03     -0.2152835405416032E+04      0.4635000121719229E+07     -0.9979682928066729E+10      0.2148878112514371E+14     -0.4627376563006844E+17
  0.39800000E+03     -0.2163230980166713E+04      0.4679869580630238E+07     -0.1012494199596090E+11      0.2190681546235896E+14     -0.4740169190739737E+17
  0.39900000E+03     -0.2173605035411007E+04      0.4724862045847080E+07     -0.1027130152840270E+11      0.2233004738489506E+14     -0.4854914720385105E+17
  0.40000000E+03     -0.2184023999500657E+04      0.4770267675390027E+07     -0.1041971893662749E+11      0.2276130438357066E+14     -0.4972401070971394E+17
  0.40100000E+03     -0.2194497483470464E+04      0.4816127925989701E+07     -0.1057033510269257E+11      0.2320103110351044E+14     -0.5092764347387532E+17
  0.40200000E+03     -0.2204972159620453E+04      0.4862213673451245E+07     -0.1072241878090029E+11      0.2364717474722539E+14     -0.5215470606697978E+17
  0.40300000E+03     -0.2215378537672552E+04      0.4908215714140558E+07     -0.1087494494922678E+11      0.2409673465758576E+14     -0.5339701760437161E+17
  0.40400000E+03     -0.2225845000472616E+04      0.4954702926250502E+07     -0.1102981128461694E+11      0.2455535855692106E+14     -0.5467039242308556E+17
  0.40500000E+03     -0.2236318943245991E+04      0.5001442122716182E+07     -0.1118624919699536E+11      0.2502081462593312E+14     -0.5596881205692165E+17
  0.40600000E+03     -0.2246742398917887E+04      0.5048173578880285E+07     -0.1134339278456700E+11      0.2549055724382487E+14     -0.5728531850049358E+17
  0.40700000E+03     -0.2257197669608484E+04      0.5095266294574311E+07     -0.1150248975339921E+11      0.2596835706130290E+14     -0.5863065130281953E+17
  0.40800000E+03     -0.2267702787124093E+04      0.5142803685730193E+07     -0.1166383622868939E+11      0.2645516709378844E+14     -0.6000773149290594E+17
  0.40900000E+03     -0.2278252864971597E+04      0.5190766237387418E+07     -0.1182738171605371E+11      0.2695090338117479E+14     -0.6141657413515004E+17
  0.41000000E+03     -0.2288656505204296E+04      0.5238281512350892E+07     -0.1199015035497091E+11      0.2744656349079970E+14     -0.6283170541111607E+17
  0.41100000E+03     -0.2299198461162530E+04      0.5286648836698128E+07     -0.1215659605234989E+11      0.2795574065339277E+14     -0.6429208201760587E+17
  0.41200000E+03     -0.2309699132227823E+04      0.5335047299520670E+07     -0.1232391129760535E+11      0.2846992053860633E+14     -0.6577355606979987E+17
  0.41300000E+03     -0.2320222014792997E+04      0.5383771338838208E+07     -0.1249312728058393E+11      0.2899233501384359E+14     -0.6728568395493442E+17
  0.41400000E+03     -0.2330637541351444E+04      0.5432214766802811E+07     -0.1266212387951055E+11      0.2951641395906919E+14     -0.6880943804838878E+17
  0.41500000E+03     -0.2341160680669428E+04      0.5481381078194234E+07     -0.1283442154056479E+11      0.3005315743329900E+14     -0.7037710417512492E+17
  0.41600000E+03     -0.2351647897314072E+04      0.5530598211192058E+07     -0.1300766705676868E+11      0.3059526254932914E+14     -0.7196749768363598E+17
  0.41700000E+03     -0.2362195217548422E+04      0.5580319156349136E+07     -0.1318346997052832E+11      0.3114783394910885E+14     -0.7359585666351403E+17
  0.41800000E+03     -0.2372728944204787E+04      0.5630197675606299E+07     -0.1336061725067606E+11      0.3170711621025484E+14     -0.7525134831933578E+17
  0.41900000E+03     -0.2383238614681745E+04      0.5680185438114201E+07     -0.1353894855818569E+11      0.3227266096509383E+14     -0.7693288222758451E+17
  0.42000000E+03     -0.2393699192681696E+04      0.5730157353163154E+07     -0.1371800321053834E+11      0.3284298375011022E+14     -0.7863604088433696E+17
  0.42100000E+03     -0.2404252398082851E+04      0.5780794360354537E+07     -0.1390024209799429E+11      0.3342601208187812E+14     -0.8038483070685856E+17
  0.42200000E+03     -0.2414744249950723E+04      0.5831356856366729E+07     -0.1408300759997829E+11      0.3401327894680723E+14     -0.8215402733032552E+17
  0.42300000E+03     -0.2425299029018970E+04      0.5882446553299475E+07     -0.1426849176027215E+11      0.3461190531779673E+14     -0.8396538474115901E+17
  0.42400000E+03     -0.2435822616424621E+04      0.5933605240507379E+07     -0.1445502848758788E+11      0.3521652863199582E+14     -0.8580278925013395E+17
  0.42500000E+03     -0.2446268237789694E+04      0.5984604330006192E+07     -0.1464178665077866E+11      0.3582448440221926E+14     -0.8765829955888282E+17
  0.42600000E+03     -0.2456906784857527E+04      0.6036770763472349E+07     -0.1483364875740388E+11      0.3645176622003747E+14     -0.8958110522758154E+17
  0.42700000E+03     -0.2467437653614232E+04      0.6088630659009446E+07     -0.1502520147178408E+11      0.3708072242968242E+14     -0.9151731188438542E+17
  0.42800000E+03     -0.2477932899205528E+04      0.6140537128113588E+07     -0.1521774975189379E+11      0.3771566327677170E+14     -0.9348033825694110E+17
  0.42900000E+03     -0.2488467128850643E+04      0.6192858336267635E+07     -0.1541266323895505E+11      0.3836114114783286E+14     -0.9548444081592344E+17
  0.43000000E+03     -0.2499052706303390E+04      0.6245656538745086E+07     -0.1561018408466566E+11      0.3901801525439748E+14     -0.9753253786301293E+17
  0.43100000E+03     -0.2509524065158808E+04      0.6298106085619305E+07     -0.1580723092236931E+11      0.3967608575447616E+14     -0.9959304620730189E+17
  0.43200000E+03     -0.2519943190649040E+04      0.6350511409280435E+07     -0.1600493183238837E+11      0.4033909142441553E+14     -0.1016776566346517E+18
  0.43300000E+03     -0.2530378798801616E+04      0.6403219176612834E+07     -0.1620460538494340E+11      0.4101151313824098E+14     -0.1038007150778184E+18
  0.43400000E+03     -0.2540949533346963E+04      0.6456830936705038E+07     -0.1640854617118383E+11      0.4170115470271355E+14     -0.1059871766945398E+18
  0.43500000E+03     -0.2551429658150256E+04      0.6510203373689035E+07     -0.1661241792701496E+11      0.4239342028087331E+14     -0.1081910561339793E+18
  0.43600000E+03     -0.2561847044533940E+04      0.6563471370926409E+07     -0.1681671544695399E+11      0.4308994277100702E+14     -0.1104174720343071E+18
  0.43700000E+03     -0.2572257352467744E+04      0.6616922732472138E+07     -0.1702256167651053E+11      0.4379463941203032E+14     -0.1126793043485276E+18
  0.43800000E+03     -0.2582808462412927E+04      0.6671319300546241E+07     -0.1723290755108899E+11      0.4451769525089138E+14     -0.1150095880390932E+18
  0.43900000E+03     -0.2593299471439189E+04      0.6725625328100736E+07     -0.1744375479326543E+11      0.4524541325444637E+14     -0.1173644062972245E+18
  0.44000000E+03     -0.2603768535330093E+04      0.6780034359599415E+07     -0.1765584631854990E+11      0.4598035176269973E+14     -0.1197520957313959E+18
  0.44100000E+03     -0.2614211519895588E+04      0.6834528597971670E+07     -0.1786913378930615E+11      0.4672243923454523E+14     -0.1221728105606926E+18
  0.44200000E+03     -0.2624504772711846E+04      0.6888457540656704E+07     -0.1808105788116845E+11      0.4746275007302246E+14     -0.1245974491556290E+18
  0.44300000E+03     -0.2634961371430708E+04      0.6943457710732198E+07     -0.1829804137126005E+11      0.4822371494542212E+14     -0.1270995313241438E+18
  0.44400000E+03     -0.2645355088826321E+04      0.6998342427437839E+07     -0.1851542210725144E+11      0.4898907533418350E+14     -0.1296259771214184E+18
  0.44500000E+03     -0.2655819701273370E+04      0.7053819205908500E+07     -0.1873601332133220E+11      0.4976879820645021E+14     -0.1322099693344557E+18
  0.44600000E+03     -0.2666087598362734E+04      0.7108467661834413E+07     -0.1895416737594946E+11      0.5054294600425407E+14     -0.1347855992186696E+18
  0.44700000E+03     -0.2676496109721605E+04      0.7164079827355932E+07     -0.1917703139659599E+11      0.5133688160764593E+14     -0.1374373306429991E+18
  0.44800000E+03     -0.2686951128044747E+04      0.7220158879497210E+07     -0.1940264515398478E+11      0.5214375562862412E+14     -0.1401428142379292E+18
  0.44900000E+03     -0.2697245454118193E+04      0.7275588412368750E+07     -0.1962650359472831E+11      0.5294743141195363E+14     -0.1428479385094581E+18
  0.45000000E+03     -0.2707474996426217E+04      0.7330882578234084E+07     -0.1985068076507403E+11      0.5375537048833599E+14     -0.1455779519268007E+18
  0.45100000E+03     -0.2717764985450877E+04      0.7386707290085524E+07     -0.2007783827726083E+11      0.5457705092278692E+14     -0.1483645722151043E+18
  0.45200000E+03     -0.2728010331839168E+04      0.7442507461683463E+07     -0.2030578498357895E+11      0.5540481428660844E+14     -0.1511828120708916E+18
  0.45300000E+03     -0.2738310635434647E+04      0.7498816205178789E+07     -0.2053666730833395E+11      0.5624636592472568E+14     -0.1540586861302262E+18
  0.45400000E+03     -0.2748655995934572E+04      0.7555583017523177E+07     -0.2077029936496139E+11      0.5710112868945112E+14     -0.1569906443346356E+18
  0.45500000E+03     -0.2758820555604189E+04      0.7611566456245870E+07     -0.2100156938523022E+11      0.5795041488431805E+14     -0.1599147127334392E+18
  0.45600000E+03     -0.2769191223874718E+04      0.7668901958104574E+07     -0.2123932428949957E+11      0.5882683136063149E+14     -0.1629436518565184E+18
  0.45700000E+03     -0.2779225087745934E+04      0.7724577230606456E+07     -0.2147103469173732E+11      0.5968407434255565E+14     -0.1659171067308249E+18
  0.45800000E+03     -0.2789485628241566E+04      0.7781716883541747E+07     -0.2170970259884892E+11      0.6057026202976656E+14     -0.1690021157381067E+18
  0.45900000E+03     -0.2799678038963621E+04      0.7838688272902042E+07     -0.2194855281948346E+11      0.6146042519416159E+14     -0.1721124889745281E+18
  0.46000000E+03     -0.2809554173876823E+04      0.7894089280800756E+07     -0.2218165003518828E+11      0.6233225450866455E+14     -0.1751696941694850E+18
  0.46100000E+03     -0.2819819043026800E+04      0.7951879255937181E+07     -0.2242567858468937E+11      0.6324827250210863E+14     -0.1783934815074001E+18
  0.46200000E+03     -0.2829927893193938E+04      0.8008994967537113E+07     -0.2266772483920420E+11      0.6416010754062517E+14     -0.1816140541505488E+18
  0.46300000E+03     -0.2840004766639904E+04      0.8066133176241667E+07     -0.2291073050940648E+11      0.6507882370448032E+14     -0.1848705104150629E+18
  0.46400000E+03     -0.2850110580026380E+04      0.8123642775022833E+07     -0.2315620060880587E+11      0.6601021516346295E+14     -0.1881838433293879E+18
  0.46500000E+03     -0.2860240525422263E+04      0.8181492354243329E+07     -0.2340398978512348E+11      0.6695371033223188E+14     -0.1915520290347903E+18
  0.46600000E+03     -0.2870267595473624E+04      0.8238953690288050E+07     -0.2365097245859408E+11      0.6789740727856852E+14     -0.1949326594080343E+18
  0.46700000E+03     -0.2880099161661076E+04      0.8295490320566224E+07     -0.2389482422715506E+11      0.6883237554246761E+14     -0.1982936444329343E+18
  0.46800000E+03     -0.2890148764422570E+04      0.8353486462826044E+07     -0.2414586165045990E+11      0.6979832227108100E+14     -0.2017783573702379E+18
  0.46900000E+03     -0.2900048274189690E+04      0.8410809758691968E+07     -0.2439482624998218E+11      0.7075953435708300E+14     -0.2052577208889646E+18
  0.47000000E+03     -0.2909921038732203E+04      0.8468173811731951E+07     -0.2464482040874741E+11      0.7172802420403309E+14     -0.2087754244713822E+18
  0.47100000E+03     -0.2919782257827032E+04      0.8525665457737286E+07     -0.2489622194474215E+11      0.7270527572372058E+14     -0.2123370135025662E+18
  0.47200000E+03     -0.2929496038518486E+04      0.8582488993979851E+07     -0.2514554189566346E+11      0.7367771124532319E+14     -0.2158930268421826E+18
  0.47300000E+03     -0.2939215321021350E+04      0.8639532027226245E+07     -0.2539664969840107E+11      0.7466034842294402E+14     -0.2194981934631805E+18
  0.47400000E+03     -0.2948927257220333E+04      0.8696720089367697E+07     -0.2564922687888618E+11      0.7565199794382798E+14     -0.2231484336798623E+18
  0.47500000E+03     -0.2958783951826508E+04      0.8754955810967108E+07     -0.2590729625072987E+11      0.7666861761533325E+14     -0.2269031694182172E+18
  0.47600000E+03     -0.2968386688630849E+04      0.8811875635494189E+07     -0.2616035486906759E+11      0.7766874186573817E+14     -0.2306090020889840E+18
  0.47700000E+03     -0.2978135906816754E+04      0.8869854160975182E+07     -0.2641896983723325E+11      0.7869419414974988E+14     -0.2344212079218147E+18
  0.47800000E+03     -0.2987976694441651E+04      0.8928568016506480E+07     -0.2668171852092848E+11      0.7973943385922755E+14     -0.2383196441392296E+18
  0.47900000E+03     -0.2997457692430801E+04      0.8985320487750558E+07     -0.2693652146118241E+11      0.8075638297976156E+14     -0.2421249794304283E+18
  0.48000000E+03     -0.3007088619371727E+04      0.9043156059871525E+07     -0.2719702346099471E+11      0.8179942633442802E+14     -0.2460405288787055E+18
  0.48100000E+03     -0.3016552681731898E+04      0.9100165390239401E+07     -0.2745459833184490E+11      0.8283394049223598E+14     -0.2499360768827254E+18
  0.48200000E+03     -0.3026094412272467E+04      0.9157826641445754E+07     -0.2771595285891189E+11      0.8388699594007205E+14     -0.2539141382545575E+18
  0.48300000E+03     -0.3035582951161960E+04      0.9215349967248753E+07     -0.2797751686856956E+11      0.8494426988731514E+14     -0.2579209265645406E+18
  0.48400000E+03     -0.3044852137469257E+04      0.9271716101176677E+07     -0.2823460615780013E+11      0.8598664736239791E+14     -0.2618833888054006E+18
  0.48500000E+03     -0.3054107325139230E+04      0.9328163819425361E+07     -0.2849283024972421E+11      0.8703672769786386E+14     -0.2658869592115904E+18
  0.48600000E+03     -0.3063675714019685E+04      0.9386701715964716E+07     -0.2876144160670764E+11      0.8813241540266652E+14     -0.2700772884379246E+18
  0.48700000E+03     -0.3072954472732664E+04      0.9443647050968260E+07     -0.2902357099318460E+11      0.8920504246737902E+14     -0.2741923946578394E+18
  0.48800000E+03     -0.3082132425228825E+04      0.9500147744897690E+07     -0.2928445696715703E+11      0.9027587818558370E+14     -0.2783133121304790E+18
  0.48900000E+03     -0.3091420190218680E+04      0.9557488050491303E+07     -0.2954997753248797E+11      0.9136885738185227E+14     -0.2825314908647408E+18
  0.49000000E+03     -0.3100795637371209E+04      0.9615547306930492E+07     -0.2981965221853723E+11      0.9248234225376814E+14     -0.2868419910275627E+18
  0.49100000E+03     -0.3109826445572030E+04      0.9671632910895055E+07     -0.3008090778092962E+11      0.9356416285906569E+14     -0.2910419426881460E+18
  0.49200000E+03     -0.3118995321684815E+04      0.9728753742778618E+07     -0.3034781603994230E+11      0.9467283916549089E+14     -0.2953595840446608E+18
  0.49300000E+03     -0.3127952330016838E+04      0.9784710787940893E+07     -0.3061001789050450E+11      0.9576501386485141E+14     -0.2996248648820433E+18
  0.49400000E+03     -0.3136882667285650E+04      0.9840664093766667E+07     -0.3087296782429457E+11      0.9686350359439047E+14     -0.3039273396709041E+18
  0.49500000E+03     -0.3145783938845681E+04      0.9896589146674043E+07     -0.3113651018099868E+11      0.9796750674092769E+14     -0.3082633453444219E+18
  0.49600000E+03     -0.3154595424812911E+04      0.9952110007438822E+07     -0.3139890316781691E+11      0.9906986675422186E+14     -0.3126053837416343E+18
  0.49700000E+03     -0.3163685466051229E+04      0.1000954924791212E+08     -0.3167113639639482E+11      0.1002168296940741E+15     -0.3171359994304068E+18
  0.49800000E+03     -0.3172382381367592E+04      0.1006465661107156E+08     -0.3193304121029338E+11      0.1013233336851912E+15     -0.3215189030455882E+18
  0.49900000E+03     -0.3181121377945078E+04      0.1012018267813934E+08     -0.3219766048151642E+11      0.1024443745305880E+15     -0.3259715739784285E+18
  0.50000000E+03     -0.3190009090731420E+04      0.1017681474331198E+08     -0.3246832054447530E+11      0.1035942784236083E+15     -0.3305519198711450E+18
  0.50100000E+03     -0.3198524815528662E+04      0.1023122187837813E+08     -0.3272904367532219E+11      0.1047049327831013E+15     -0.3349877787828557E+18
  0.50200000E+03     -0.3207026445086278E+04      0.1028568580155040E+08     -0.3299074474768002E+11      0.1058227688436878E+15     -0.3394644019899100E+18
  0.50300000E+03     -0.3215817927553703E+04      0.1034214971293950E+08     -0.3326274502119085E+11      0.1069875476330876E+15     -0.3441408604165153E+18
  0.50400000E+03     -0.3224209238757383E+04      0.1039619736051394E+08     -0.3352384878761256E+11      0.1081088559579554E+15     -0.3486556374542820E+18
  0.50500000E+03     -0.3232514672700762E+04      0.1044982534842974E+08     -0.3378357180664079E+11      0.1092270195345343E+15     -0.3531689974789375E+18
  0.50600000E+03     -0.3240897896609818E+04      0.1050409829307169E+08     -0.3404711091017173E+11      0.1103646004548173E+15     -0.3577728231690305E+18
  0.50700000E+03     -0.3249483279224236E+04      0.1055981887628376E+08     -0.3431835543884441E+11      0.1115383673278755E+15     -0.3625349616132627E+18
  0.50800000E+03     -0.3257636371816915E+04      0.1061288725342017E+08     -0.3457743844799214E+11      0.1126627598565123E+15     -0.3671100200608964E+18
  0.50900000E+03     -0.3265658915599670E+04      0.1066522017966006E+08     -0.3483349027440115E+11      0.1137764307388489E+15     -0.3716513782561430E+18
  0.51000000E+03     -0.3274449729557795E+04      0.1072272163750436E+08     -0.3511560037065452E+11      0.1150067975423655E+15     -0.3766823347645628E+18
