  0.00000000E+00     -0.6279989428122526E-09      0.8570078918896536E-18     -0.1520033975855050E-26      0.3089845104204112E-35     -0.6642989272064127E-44
  0.10000000E+01     -0.6057406297587521E-03      0.3669217105378365E-06     -0.2222593880204458E-09      0.1346315416661335E-12     -0.8155179483608534E-16
  0.20000000E+01     -0.4686334535105074E-01      0.2940401319466094E-01     -0.2315772426230066E-01      0.2143930503134675E-01     -0.1567902088210921E-01
  0.30000000E+01     -0.1394580187466810E+00      0.1039120734208699E+00     -0.1042925712390589E+00      0.1361160836351865E+00     -0.1979944120373861E+00
  0.40000000E+01     -0.2792258954323524E+00      0.2530649013956328E+00     -0.3206088659798536E+00      0.5402197884717362E+00     -0.1097763723422279E+01
  0.50000000E+01     -0.4671135973776432E+00      0.5213842686385215E+00     -0.8188654654304206E+00      0.1702647655543500E+01     -0.4361716851906079E+01
  0.60000000E+01     -0.7039564130587905E+00      0.9685800386470894E+00     -0.1851709274422404E+01      0.4622684836578175E+01     -0.1425953637193562E+02
  0.70000000E+01     -0.9908702273161158E+00      0.1671660025952372E+01     -0.3834945740952060E+01      0.1130621036913904E+02     -0.4100894132436160E+02
  0.80000000E+01     -0.1329248679797264E+01      0.2727820045067118E+01     -0.7430554799590548E+01      0.2560495940794365E+02     -0.1077786253881170E+03
  0.90000000E+01     -0.1720477133903667E+01      0.4254160090113746E+01     -0.1363487719901979E+02      0.5446436795595430E+02     -0.2636314713769175E+03
  0.10000000E+02     -0.2165524944292920E+01      0.6386408607439112E+01     -0.2387789249573525E+02      0.1097107844892153E+03     -0.6056406056280207E+03
  0.11000000E+02     -0.2666941122188696E+01      0.9296204494019596E+01     -0.4028491594330160E+02      0.2118444529898553E+03     -0.1327686614522829E+04
  0.12000000E+02     -0.3226830076194545E+01      0.1317971070118919E+02     -0.6578249521218098E+02      0.3938739163008666E+03     -0.2788623295325739E+04
  0.13000000E+02     -0.3847286184775988E+01      0.1826545483101947E+02     -0.1043947609802559E+03      0.7083081038289586E+03     -0.5639184978118961E+04
  0.14000000E+02     -0.4530831740593649E+01      0.2482386224192707E+02     -0.1616534393277512E+03      0.1238223004561267E+04     -0.1105109214451118E+05
  0.15000000E+02     -0.5281167796492030E+01      0.3318007788342842E+02     -0.2450942284309949E+03      0.2112581277086243E+04     -0.2108588072397645E+05
  0.16000000E+02     -0.6101781761513124E+01      0.4371070899862353E+02     -0.3647698959163302E+03      0.3526956422336179E+04     -0.3926251324857696E+05
  0.17000000E+02     -0.6997188390028505E+01      0.5686083065920312E+02     -0.5340508534678567E+03      0.5775518058957439E+04     -0.7153002881855615E+05
  0.18000000E+02     -0.7973061109080307E+01      0.7317876025636605E+02     -0.7711613323765037E+03      0.9306035612795926E+04     -0.1279762818974049E+06
  0.19000000E+02     -0.9034903585343098E+01      0.9330007987965691E+02     -0.1100136483247671E+04      0.1478487124985945E+05     -0.2254240051120271E+06
  0.20000000E+02     -0.1019072967271905E+02      0.1180149417509357E+03     -0.1553223335667684E+04      0.2319820223705614E+05     -0.3913616857371227E+06
  0.21000000E+02     -0.1144900249452845E+02      0.1482548129687018E+03     -0.2172866607034839E+04      0.3599078005359002E+05     -0.6703522833608941E+06
  0.22000000E+02     -0.1281827857751925E+02      0.1851211681889687E+03     -0.3015137397494485E+04      0.5528567134049789E+05     -0.1134929410677815E+07
  0.23000000E+02     -0.1431154174839833E+02      0.2300339499457053E+03     -0.4156304196844566E+04      0.8422060852285987E+05     -0.1902057116556623E+07
  0.24000000E+02     -0.1594278044126080E+02      0.2847206152094826E+03     -0.5698649559003579E+04      0.1274224231865053E+06     -0.3160618242447167E+07
  0.25000000E+02     -0.1772600048775189E+02      0.3511516599048141E+03     -0.7772033171168952E+04      0.1913892508483848E+06     -0.5202589092699305E+07
  0.26000000E+02     -0.1967602049814347E+02      0.4316739094508557E+03     -0.1054585874237900E+05      0.2853689468247326E+06     -0.8479359532903669E+07
  0.27000000E+02     -0.2180995338776502E+02      0.5290963999553475E+03     -0.1423999921858757E+05      0.4224343335237582E+06     -0.1368432465224821E+08
  0.28000000E+02     -0.2414032883501924E+02      0.6463823586768092E+03     -0.1912000322482468E+05      0.6200606671339066E+06     -0.2183022712488742E+08
  0.29000000E+02     -0.2668270497986670E+02      0.7870958225511207E+03     -0.2552814189648425E+05      0.9026139053730278E+06     -0.3444369111541722E+08
  0.30000000E+02     -0.2944376321377436E+02      0.9546450805132785E+03     -0.3385267269853242E+05      0.1300934856425654E+07     -0.5363897766106171E+08
  0.31000000E+02     -0.3242261833841187E+02      0.1152202491604384E+04     -0.4452613372815697E+05      0.1853401232017314E+07     -0.8229515646095832E+08
  0.32000000E+02     -0.3561731605155469E+02      0.1383118843570538E+04     -0.5805356163606791E+05      0.2608668866182115E+07     -0.1243452926076703E+09
  0.33000000E+02     -0.3901193085829956E+02      0.1649675024889159E+04     -0.7493100392290286E+05      0.3622071682325030E+07     -0.1847471445585873E+09
  0.34000000E+02     -0.4258217002149624E+02      0.1953335932244169E+04     -0.9565115884356972E+05      0.4956331739241756E+07     -0.2696586258412553E+09
  0.35000000E+02     -0.4630523072373382E+02      0.2295231526707906E+04     -0.1207141269580176E+06      0.6682127473218494E+07     -0.3866131263046374E+09
  0.36000000E+02     -0.5014405608425407E+02      0.2674674439336822E+04     -0.1505090679016428E+06      0.8870102362136343E+07     -0.5441325382738937E+09
  0.37000000E+02     -0.5407422471829485E+02      0.3091699160631551E+04     -0.1854983391376035E+06      0.1160405660049643E+08     -0.7527989679583919E+09
  0.38000000E+02     -0.5806896913818551E+02      0.3545250099865243E+04     -0.2260370274594261E+06      0.1496534324129581E+08     -0.1024123988432597E+10
  0.39000000E+02     -0.6209067154289553E+02      0.4032391047251368E+04     -0.2722937953924011E+06      0.1902503635546500E+08     -0.1369899718355480E+10
  0.40000000E+02     -0.6612811606643449E+02      0.4552559794309159E+04     -0.3246267091963459E+06      0.2387517716053144E+08     -0.1804895786626897E+10
  0.41000000E+02     -0.7016880096555130E+02      0.5104861875033922E+04     -0.3833643832530343E+06      0.2961192272149841E+08     -0.2345693069022826E+10
  0.42000000E+02     -0.7420130975518063E+02      0.5687827918436162E+04     -0.4487225640208502E+06      0.3632232082403759E+08     -0.3009104644346387E+10
  0.43000000E+02     -0.7822351794563171E+02      0.6301263400958717E+04     -0.5210580820282088E+06      0.4411379620422363E+08     -0.3815484336152191E+10
  0.44000000E+02     -0.8223225224358247E+02      0.6944504893393717E+04     -0.6006477344597850E+06      0.5308892908026307E+08     -0.4786089678616978E+10
  0.45000000E+02     -0.8622316219569942E+02      0.7616642944845948E+04     -0.6877277946211592E+06      0.6335014987909473E+08     -0.5943657259623471E+10
  0.46000000E+02     -0.9020048421794810E+02      0.8318273921828935E+04     -0.7827370801394286E+06      0.7503029040840735E+08     -0.7316167997903623E+10
  0.47000000E+02     -0.9417137775593352E+02      0.9050328768200821E+04     -0.8861359635868233E+06      0.8826800281731829E+08     -0.8933858570705730E+10
  0.48000000E+02     -0.9812700544756578E+02      0.9810923248148260E+04     -0.9979979957179436E+06      0.1031586404003188E+09     -0.1082354000076125E+11
  0.49000000E+02     -0.1020738995279160E+03      0.1060103777224736E+05     -0.1118799148411304E+07      0.1198539781634469E+09     -0.1302077862999883E+11
  0.50000000E+02     -0.1060129682177039E+03      0.1142077581803549E+05     -0.1248913392533740E+07      0.1385012734868224E+09     -0.1556307259395315E+11
  0.51000000E+02     -0.1099518839266876E+03      0.1227164156555579E+05     -0.1388936309638747E+07      0.1592852408562432E+09     -0.1849518108053566E+11
  0.52000000E+02     -0.1138878568173535E+03      0.1315291834973523E+05     -0.1539101672262303E+07      0.1823429819158569E+09     -0.2185742955322813E+11
  0.53000000E+02     -0.1178168000745508E+03      0.1406364376261035E+05     -0.1699603559376860E+07      0.2078108240357850E+09     -0.2569219367822367E+11
  0.54000000E+02     -0.1217521533483792E+03      0.1500681041947030E+05     -0.1871316701842480E+07      0.2359367339315745E+09     -0.3006082953671467E+11
  0.55000000E+02     -0.1256900775153718E+03      0.1598169303131081E+05     -0.2054511477938091E+07      0.2668867776794555E+09     -0.3501617634117266E+11
  0.56000000E+02     -0.1296312860403704E+03      0.1698852533871776E+05     -0.2249610470023864E+07      0.3008543326523750E+09     -0.4061745687704372E+11
  0.57000000E+02     -0.1335838800211681E+03      0.1802943192692240E+05     -0.2457406669847477E+07      0.3381043255095313E+09     -0.4693869168806100E+11
  0.58000000E+02     -0.1375359360962103E+03      0.1910139210287850E+05     -0.2677687994737085E+07      0.3787307652870817E+09     -0.5402818983678789E+11
  0.59000000E+02     -0.1414949466317493E+03      0.2020668797299513E+05     -0.2911347235387157E+07      0.4230413838447345E+09     -0.6197537829728984E+11
  0.60000000E+02     -0.1454646232409839E+03      0.2134639244032261E+05     -0.3158990880581016E+07      0.4712899568083968E+09     -0.7086205254730482E+11
  0.61000000E+02     -0.1494436876831608E+03      0.2252036457292570E+05     -0.3421011695963749E+07      0.5237047484080406E+09     -0.8077036910208372E+11
  0.62000000E+02     -0.1534445986074406E+03      0.2373293717429019E+05     -0.3698902732219533E+07      0.5807621312606807E+09     -0.9183711052020932E+11
  0.63000000E+02     -0.1574619722873980E+03      0.2498271801517799E+05     -0.3992789073683356E+07      0.6426552770131660E+09     -0.1041464091127933E+12
  0.64000000E+02     -0.1614964273643031E+03      0.2627037854323158E+05     -0.4303325589313666E+07      0.7097044558297027E+09     -0.1178131073650470E+12
  0.65000000E+02     -0.1655522785321542E+03      0.2759768816493680E+05     -0.4631429555123924E+07      0.7822955748764249E+09     -0.1329702124774771E+12
  0.66000000E+02     -0.1696305972669314E+03      0.2896564924478827E+05     -0.4977912347373310E+07      0.8608185151866271E+09     -0.1497603193220659E+12
  0.67000000E+02     -0.1737309628882893E+03      0.3037456966678278E+05     -0.5343370799796191E+07      0.9456147111768919E+09     -0.1683188475199973E+12
  0.68000000E+02     -0.1778665818869646E+03      0.3182965971642256E+05     -0.5729746770481922E+07      0.1037364832207437E+10     -0.1888648397261984E+12
  0.69000000E+02     -0.1820269994356009E+03      0.3332812572256622E+05     -0.6136958477681285E+07      0.1136303950048209E+10     -0.2115291755761082E+12
  0.70000000E+02     -0.1862197887499320E+03      0.3487333202918178E+05     -0.6566528708442860E+07      0.1243052633488541E+10     -0.2365343104225811E+12
  0.71000000E+02     -0.1904515218707859E+03      0.3646866919639492E+05     -0.7020109701294887E+07      0.1358304218473650E+10     -0.2641331686932331E+12
  0.72000000E+02     -0.1947170889415078E+03      0.3811326871892962E+05     -0.7498215315993612E+07      0.1482496111664819E+10     -0.2945304255735737E+12
  0.73000000E+02     -0.1990186692678824E+03      0.3980857407340350E+05     -0.8001908469837220E+07      0.1616190162621585E+10     -0.3279619376460586E+12
  0.74000000E+02     -0.2033593143162703E+03      0.4155686502452955E+05     -0.8532667187622737E+07      0.1760115593968575E+10     -0.3647246864024943E+12
  0.75000000E+02     -0.2077404373818686E+03      0.4335989700842931E+05     -0.9091875364866765E+07      0.1915008691362502E+10     -0.4051315626520672E+12
  0.76000000E+02     -0.2121590671931683E+03      0.4521721657638247E+05     -0.9680133447384022E+07      0.2081377012958974E+10     -0.4494386983996996E+12
  0.77000000E+02     -0.2166017076150304E+03      0.4712403583851008E+05     -0.1029672609349635E+08      0.2259389162178794E+10     -0.4978275070396184E+12
  0.78000000E+02     -0.2210757225074343E+03      0.4908427646406394E+05     -0.1094368910270576E+08      0.2450002091190827E+10     -0.5506978484033385E+12
  0.79000000E+02     -0.2255756183675040E+03      0.5109622211802434E+05     -0.1162122483362410E+08      0.2653658192464800E+10     -0.6083211487679031E+12
  0.80000000E+02     -0.2301051213658067E+03      0.5316242972992199E+05     -0.1233103869862014E+08      0.2871284393446404E+10     -0.6711215126577466E+12
  0.81000000E+02     -0.2346554274738758E+03      0.5527931991207951E+05     -0.1307260826184846E+08      0.3103105156021185E+10     -0.7393223234188136E+12
  0.82000000E+02     -0.2392276221404410E+03      0.5744811727393694E+05     -0.1384717372644610E+08      0.3349933522543371E+10     -0.8133376203661118E+12
  0.83000000E+02     -0.2438187366197402E+03      0.5966788920228709E+05     -0.1465514451064187E+08      0.3612316090993463E+10     -0.8935091088002451E+12
  0.84000000E+02     -0.2484252132742247E+03      0.6193757446770517E+05     -0.1549695776563614E+08      0.3890848319353978E+10     -0.9802131909067614E+12
  0.85000000E+02     -0.2530478209985135E+03      0.6425767680015921E+05     -0.1637342173342045E+08      0.4186190578196680E+10     -0.1073835213332831E+13
  0.86000000E+02     -0.2576729853861851E+03      0.6662169033254277E+05     -0.1728278956826333E+08      0.4498191008742675E+10     -0.1174527072474371E+13
  0.87000000E+02     -0.2623084301063635E+03      0.6903391361322701E+05     -0.1822743432851968E+08      0.4828108166366724E+10     -0.1282901174093655E+13
  0.88000000E+02     -0.2669517091645362E+03      0.7149331427728584E+05     -0.1920764889690535E+08      0.5176495081233427E+10     -0.1399354299221576E+13
  0.89000000E+02     -0.2716056811813721E+03      0.7400143927143491E+05     -0.2022465582048155E+08      0.5544209635915045E+10     -0.1524383383914487E+13
  0.90000000E+02     -0.2762529652109648E+03      0.7654946497551051E+05     -0.2127570103221903E+08      0.5930768765266674E+10     -0.1658070512811153E+13
  0.91000000E+02     -0.2809111360265584E+03      0.7914647992220115E+05     -0.2236491167919191E+08      0.6338048323006035E+10     -0.1801262846607976E+13
  0.92000000E+02     -0.2855684779734451E+03      0.8178651451846522E+05     -0.2349062025651832E+08      0.6765958928276297E+10     -0.1954193612791773E+13
  0.93000000E+02     -0.2902306397326917E+03      0.8447279310760419E+05     -0.2465481987982105E+08      0.7215721485893199E+10     -0.2117545233897655E+13
  0.94000000E+02     -0.2949032177712565E+03      0.8720866453537261E+05     -0.2585962972557681E+08      0.7688646843971448E+10     -0.2292056561742373E+13
  0.95000000E+02     -0.2995721945836842E+03      0.8998607580041129E+05     -0.2710217228855759E+08      0.8184101008073617E+10     -0.2477761473308748E+13
  0.96000000E+02     -0.3042470131943722E+03      0.9281064592180161E+05     -0.2838558611173853E+08      0.8703830174303070E+10     -0.2675590844605152E+13
  0.97000000E+02     -0.3089194712824551E+03      0.9567723950473915E+05     -0.2970805380832367E+08      0.9247546395891867E+10     -0.2885695559925680E+13
  0.98000000E+02     -0.3135922083404194E+03      0.9858754626648140E+05     -0.3107099828826538E+08      0.9816347184967714E+10     -0.3108792430540775E+13
  0.99000000E+02     -0.3182588870765193E+03      0.1015379058716541E+06     -0.3247345490780432E+08      0.1041039668759559E+11     -0.3345266641445302E+13
  0.10000000E+03     -0.3229276440453622E+03      0.1045330778539565E+06     -0.3391811428618058E+08      0.1103127191198881E+11     -0.3596020869847556E+13
  0.10100000E+03     -0.3275950813497743E+03      0.1075710824913995E+06     -0.3540472590260345E+08      0.1167942601713327E+11     -0.3861567699359254E+13
  0.10200000E+03     -0.3322558460700394E+03      0.1106481482917339E+06     -0.3693191938606071E+08      0.1235473454217988E+11     -0.4142157824782279E+13
  0.10300000E+03     -0.3369210392548255E+03      0.1137717269847424E+06     -0.3850405928376989E+08      0.1305968655411623E+11     -0.4439166481140940E+13
  0.10400000E+03     -0.3415782132323423E+03      0.1169332891739418E+06     -0.4011735733452933E+08      0.1379307721771169E+11     -0.4752405712589520E+13
  0.10500000E+03     -0.3462298979629219E+03      0.1201343844017035E+06     -0.4177314015183292E+08      0.1455603310845541E+11     -0.5082698744480376E+13
  0.10600000E+03     -0.3508801447737042E+03      0.1233777600000126E+06     -0.4347340206696489E+08      0.1535000819212053E+11     -0.5431022686489956E+13
  0.10700000E+03     -0.3555247628280992E+03      0.1266605444241691E+06     -0.4521726721687678E+08      0.1617516657709180E+11     -0.5797822509988792E+13
  0.10800000E+03     -0.3601749510412045E+03      0.1299903929942154E+06     -0.4700926897302017E+08      0.1703415743757986E+11     -0.6184624560351880E+13
  0.10900000E+03     -0.3648195224072662E+03      0.1333593426234420E+06     -0.4884574712748862E+08      0.1792581069336197E+11     -0.6591292174346102E+13
  0.11000000E+03     -0.3694698155476785E+03      0.1367754400870070E+06     -0.5073159335904109E+08      0.1885303619444757E+11     -0.7019527245887116E+13
  0.11100000E+03     -0.3741105774060274E+03      0.1402278177724582E+06     -0.5266159520859797E+08      0.1981395112328848E+11     -0.7468908622533927E+13
  0.11200000E+03     -0.3787490112626223E+03      0.1437213185611483E+06     -0.5463876392652096E+08      0.2081049808034591E+11     -0.7940687434782278E+13
  0.11300000E+03     -0.3833832556855816E+03      0.1472548624014705E+06     -0.5666327397530334E+08      0.2184346259734663E+11     -0.8435707397863688E+13
  0.11400000E+03     -0.3880174982696616E+03      0.1508311434962462E+06     -0.5873698438802116E+08      0.2291425826110730E+11     -0.8955013353991904E+13
  0.11500000E+03     -0.3926508811258683E+03      0.1544494624389893E+06     -0.6086004495088635E+08      0.2402354445016444E+11     -0.9499349308389352E+13
  0.11600000E+03     -0.3972808822975762E+03      0.1581083461709406E+06     -0.6303249394074916E+08      0.2517212947688646E+11     -0.1006965289501044E+14
  0.11700000E+03     -0.4019198997188246E+03      0.1618169428028204E+06     -0.6525996693587858E+08      0.2636341018781614E+11     -0.1066797056995065E+14
  0.11800000E+03     -0.4065571506323254E+03      0.1655672262556695E+06     -0.6753859180066989E+08      0.2759613621897202E+11     -0.1129424220926835E+14
  0.11900000E+03     -0.4111948446858710E+03      0.1693605087776536E+06     -0.6986946567152403E+08      0.2887137906826104E+11     -0.1194941414713171E+14
  0.12000000E+03     -0.4158271498515086E+03      0.1731921340742021E+06     -0.7225039010926783E+08      0.3018861999763166E+11     -0.1263373509592762E+14
  0.12100000E+03     -0.4204751886984795E+03      0.1770797987769266E+06     -0.7469309665435445E+08      0.3155508276090156E+11     -0.1335150717155268E+14
  0.12200000E+03     -0.4251245296234442E+03      0.1810115416402259E+06     -0.7719071854415976E+08      0.3296761040461278E+11     -0.1410159890113783E+14
  0.12300000E+03     -0.4297868889847193E+03      0.1849977094318490E+06     -0.7975070881707820E+08      0.3443125302881001E+11     -0.1488731296097633E+14
  0.12400000E+03     -0.4344575841602543E+03      0.1890344991464100E+06     -0.8237136633081901E+08      0.3594580870724959E+11     -0.1570913920388421E+14
  0.12500000E+03     -0.4391361506010468E+03      0.1931218179925972E+06     -0.8505343108496042E+08      0.3751251119680920E+11     -0.1656836935447064E+14
  0.12600000E+03     -0.4438334813014031E+03      0.1972694407710453E+06     -0.8780410258210841E+08      0.3913638099789439E+11     -0.1746839727729863E+14
  0.12700000E+03     -0.4485461492424890E+03      0.2014746067961386E+06     -0.9062233497803555E+08      0.4081762055083579E+11     -0.1840998541789545E+14
  0.12800000E+03     -0.4532975884706348E+03      0.2057594693242442E+06     -0.9352443390317252E+08      0.4256719787469434E+11     -0.1940017722828712E+14
  0.12900000E+03     -0.4580721006684149E+03      0.2101104345313541E+06     -0.9650221555955191E+08      0.4438117932481123E+11     -0.2043752730405175E+14
  0.13000000E+03     -0.4628734703145041E+03      0.2145318728638224E+06     -0.9955995078353772E+08      0.4626333824789186E+11     -0.2152508598036593E+14
  0.13100000E+03     -0.4677065723507884E+03      0.2190290446861996E+06     -0.1027024706401917E+09      0.4821778530925627E+11     -0.2266611598548663E+14
  0.13200000E+03     -0.4725758066551811E+03      0.2236072121599288E+06     -0.1059349467996430E+09      0.5024908550713130E+11     -0.2386431270981922E+14
  0.13300000E+03     -0.4774775252757562E+03      0.2282636655597065E+06     -0.1092566735183866E+09      0.5235798974302993E+11     -0.2512107848242121E+14
  0.13400000E+03     -0.4824176062894562E+03      0.2330051909842793E+06     -0.1126740400689631E+09      0.5454997270816526E+11     -0.2644077847377259E+14
  0.13500000E+03     -0.4874039059013597E+03      0.2378407262376757E+06     -0.1161952331728712E+09      0.5683187481566544E+11     -0.2782876887702379E+14
  0.13600000E+03     -0.4924250303936798E+03      0.2427602290981487E+06     -0.1198143966146000E+09      0.5920130979793946E+11     -0.2928473583664696E+14
  0.13700000E+03     -0.4975091625463751E+03      0.2477929406979795E+06     -0.1235550138231696E+09      0.6167544533198395E+11     -0.3082063717314631E+14
  0.13800000E+03     -0.5026313780187042E+03      0.2529156686549341E+06     -0.1274017362849927E+09      0.6424589806934045E+11     -0.3243268650419512E+14
  0.13900000E+03     -0.5078082771002456E+03      0.2581463941811389E+06     -0.1313698989714824E+09      0.6692466838490192E+11     -0.3412983854555011E+14
  0.14000000E+03     -0.5130439505011099E+03      0.2634910328024310E+06     -0.1354661796586467E+09      0.6971830473268869E+11     -0.3591788873187289E+14
  0.14100000E+03     -0.5183321786740079E+03      0.2689451404166981E+06     -0.1396894893399485E+09      0.7262822568691441E+11     -0.3779949802050298E+14
  0.14200000E+03     -0.5236837029568978E+03      0.2745215645401542E+06     -0.1440520445342071E+09      0.7566502636559167E+11     -0.3978332071693045E+14
  0.14300000E+03     -0.5290960504494290E+03      0.2802197253835227E+06     -0.1485558737419377E+09      0.7883248370090062E+11     -0.4187378322213279E+14
  0.14400000E+03     -0.5345790384775042E+03      0.2860521056488645E+06     -0.1532134947147378E+09      0.8214193295223212E+11     -0.4408047507861183E+14
  0.14500000E+03     -0.5401181922947976E+03      0.2920056286966701E+06     -0.1580173062203640E+09      0.8559069125546579E+11     -0.4640388392889427E+14
  0.14600000E+03     -0.5457282632587943E+03      0.2980980341863388E+06     -0.1629841853630874E+09      0.8919345974507899E+11     -0.4885615420633842E+14
  0.14700000E+03     -0.5513875336544550E+03      0.3043078169696384E+06     -0.1680993492398397E+09      0.9294227096719238E+11     -0.5143425434338418E+14
  0.14800000E+03     -0.5571084485864026E+03      0.3106503832181463E+06     -0.1733780198476061E+09      0.9685093102140967E+11     -0.5415004568114794E+14
  0.14900000E+03     -0.5628820061607964E+03      0.3171181869411615E+06     -0.1788170788646968E+09      0.1009203099812877E+12     -0.5700692144550114E+14
  0.15000000E+03     -0.5686981063886046E+03      0.3237010272012465E+06     -0.1844100464343691E+09      0.1051479958990910E+12     -0.6000550427865759E+14
  0.15100000E+03     -0.5745458992786316E+03      0.3303875920499862E+06     -0.1901493114164713E+09      0.1095306335301541E+12     -0.6314574157185969E+14
  0.15200000E+03     -0.5804382730252256E+03      0.3371948219907546E+06     -0.1960525047933102E+09      0.1140849584787278E+12     -0.6644262054399554E+14
  0.15300000E+03     -0.5863417700769915E+03      0.3440843730392202E+06     -0.2020878594451379E+09      0.1187885438522713E+12     -0.6988208875889420E+14
  0.15400000E+03     -0.5922653604538658E+03      0.3510677101722083E+06     -0.2082675398365898E+09      0.1236534912199205E+12     -0.7347561750402594E+14
  0.15500000E+03     -0.5982175820903680E+03      0.3581553235948057E+06     -0.2146024543517193E+09      0.1286906480071580E+12     -0.7723361013379584E+14
  0.15600000E+03     -0.6041660724660015E+03      0.3653091871136528E+06     -0.2210603292901636E+09      0.1338767125978940E+12     -0.8114118536219589E+14
  0.15700000E+03     -0.6101243923796643E+03      0.3725461490188181E+06     -0.2276581217843975E+09      0.1392277155151741E+12     -0.8521299785441702E+14
  0.15800000E+03     -0.6160880743848760E+03      0.3798602710455472E+06     -0.2343912222573851E+09      0.1447415974573440E+12     -0.8944953693005717E+14
  0.15900000E+03     -0.6220465037823285E+03      0.3872390907035428E+06     -0.2412499294577746E+09      0.1504128927215049E+12     -0.9384929551122638E+14
  0.16000000E+03     -0.6280191891444480E+03      0.3947069911465145E+06     -0.2482583982646963E+09      0.1562638636901731E+12     -0.9843213819863623E+14
  0.16100000E+03     -0.6339854056064660E+03      0.4022379917397178E+06     -0.2553934508184060E+09      0.1622772202080321E+12     -0.1031869581773865E+15
  0.16200000E+03     -0.6399619692457404E+03      0.4098534206931905E+06     -0.2626766828068857E+09      0.1684734193441414E+12     -0.1081325713464981E+15
  0.16300000E+03     -0.6459378955357020E+03      0.4175395339359599E+06     -0.2700964625135930E+09      0.1748449309858936E+12     -0.1132657140995452E+15
  0.16400000E+03     -0.6519035415129005E+03      0.4252836045269212E+06     -0.2776414589979624E+09      0.1813839304419100E+12     -0.1185824892180853E+15
  0.16500000E+03     -0.6578786019344279E+03      0.4331112688220529E+06     -0.2853380040970716E+09      0.1881155231269588E+12     -0.1241060669994890E+15
  0.16600000E+03     -0.6638435742624922E+03      0.4409968520537221E+06     -0.2931620136787152E+09      0.1950207789527860E+12     -0.1298235817920141E+15
  0.16700000E+03     -0.6698180405735031E+03      0.4489662612099063E+06     -0.3011404719593376E+09      0.2021257513609616E+12     -0.1357593740484315E+15
  0.16800000E+03     -0.6757880713585980E+03      0.4570011596504551E+06     -0.3092565472439128E+09      0.2094179477079409E+12     -0.1419060399683527E+15
  0.16900000E+03     -0.6817587581312055E+03      0.4651083851840791E+06     -0.3175184251502752E+09      0.2169070305666004E+12     -0.1482746438349646E+15
  0.17000000E+03     -0.6877315650661169E+03      0.4732897610261093E+06     -0.3259290588836354E+09      0.2245978110979611E+12     -0.1548720594867759E+15
  0.17100000E+03     -0.6937011077527632E+03      0.4815380022119511E+06     -0.3344823346906142E+09      0.2324871261924543E+12     -0.1616986568857014E+15
  0.17200000E+03     -0.6996746723354878E+03      0.4898632574718231E+06     -0.3431901507729261E+09      0.2405884036427101E+12     -0.1687692004880202E+15
  0.17300000E+03     -0.7056415920653259E+03      0.4982503937227071E+06     -0.3520376796972967E+09      0.2488899684845436E+12     -0.1760763855456889E+15
  0.17400000E+03     -0.7116167747706370E+03      0.5067207006183598E+06     -0.3610489960062863E+09      0.2574171085074331E+12     -0.1836458850264145E+15
  0.17500000E+03     -0.7175855712115729E+03      0.5152528939052289E+06     -0.3702021827681746E+09      0.2661509770986519E+12     -0.1914637153338972E+15
  0.17600000E+03     -0.7235529807903248E+03      0.5238545125045007E+06     -0.3795070444536541E+09      0.2751038009406805E+12     -0.1995444919899030E+15
  0.17700000E+03     -0.7295183889424363E+03      0.5325244359836905E+06     -0.3889633735622048E+09      0.2842775553803817E+12     -0.2078930498717792E+15
  0.17800000E+03     -0.7354818619251469E+03      0.5412627043685071E+06     -0.3985724289661211E+09      0.2936758756869257E+12     -0.2165160152381979E+15
  0.17900000E+03     -0.7414456367906738E+03      0.5500724928259808E+06     -0.4083388565016581E+09      0.3033056710019731E+12     -0.2254230286807542E+15
  0.18000000E+03     -0.7474183600634180E+03      0.5589670549267754E+06     -0.4182791732805122E+09      0.3131862965742363E+12     -0.2346360039799336E+15
  0.18100000E+03     -0.7533889580510898E+03      0.5679293993792917E+06     -0.4283750939858215E+09      0.3233015283329277E+12     -0.2441427973414731E+15
  0.18200000E+03     -0.7593533275515796E+03      0.5769538302847847E+06     -0.4386220060595940E+09      0.3336498337678495E+12     -0.2539460737175695E+15
  0.18300000E+03     -0.7653240557279761E+03      0.5860590121443421E+06     -0.4490419387212524E+09      0.3442555821399224E+12     -0.2640721359851023E+15
  0.18400000E+03     -0.7712893170862526E+03      0.5952272429208627E+06     -0.4596163024704508E+09      0.3551028602798896E+12     -0.2745099100993952E+15
  0.18500000E+03     -0.7772519602550202E+03      0.6044629119745453E+06     -0.4703514601500768E+09      0.3662008473877324E+12     -0.2852720471794036E+15
  0.18600000E+03     -0.7832212716518293E+03      0.6137798894095675E+06     -0.4812641955395415E+09      0.3775688768503480E+12     -0.2963804737147996E+15
  0.18700000E+03     -0.7891845749639301E+03      0.6231584462927595E+06     -0.4923327432900205E+09      0.3891870009451171E+12     -0.3078196551154258E+15
  0.18800000E+03     -0.7951493796349646E+03      0.6326106141756197E+06     -0.5035728397435041E+09      0.4010746866685714E+12     -0.3196129757187237E+15
  0.18900000E+03     -0.8011075403843523E+03      0.6421232929741808E+06     -0.5149699434115140E+09      0.4132189865519825E+12     -0.3317513254724694E+15
  0.19000000E+03     -0.8070705485452478E+03      0.6517149430194799E+06     -0.5265475806716691E+09      0.4256478245591238E+12     -0.3442668186530479E+15
  0.19100000E+03     -0.8130301951790442E+03      0.6613722115849868E+06     -0.5382907399705549E+09      0.4383476498905917E+12     -0.3571497768273896E+15
  0.19200000E+03     -0.8190066978479667E+03      0.6711282100420945E+06     -0.5502413758092778E+09      0.4513670296297369E+12     -0.3704540902375508E+15
  0.19300000E+03     -0.8249715198721768E+03      0.6809364779606722E+06     -0.5623440029892516E+09      0.4646484594998457E+12     -0.3841254208509296E+15
  0.19400000E+03     -0.8309393732521836E+03      0.6908210125255771E+06     -0.5746292752277595E+09      0.4782281285980963E+12     -0.3982050878974336E+15
  0.19500000E+03     -0.8369138179745040E+03      0.7007876235238850E+06     -0.5871055810532125E+09      0.4921180057972231E+12     -0.4127097504489345E+15
  0.19600000E+03     -0.8428781309363178E+03      0.7108084037644055E+06     -0.5997392428792815E+09      0.5062834082381503E+12     -0.4276075971842625E+15
  0.19700000E+03     -0.8488482000126926E+03      0.7209102902489338E+06     -0.6125658100631436E+09      0.5207674115171674E+12     -0.4429488203054996E+15
  0.19800000E+03     -0.8548121165881817E+03      0.7310731286759496E+06     -0.6255609639024014E+09      0.5355454288345026E+12     -0.4587119427297260E+15
  0.19900000E+03     -0.8607783268152009E+03      0.7413107769361151E+06     -0.6387430082577826E+09      0.5506403778341282E+12     -0.4749251839285812E+15
  0.20000000E+03     -0.8667373255467774E+03      0.7516072940295638E+06     -0.6520931784879785E+09      0.5660342573904283E+12     -0.4915745304768124E+15
  0.20100000E+03     -0.8726983708410449E+03      0.7619783448831687E+06     -0.6656326216213545E+09      0.5817538744612462E+12     -0.5086931704652109E+15
  0.20200000E+03     -0.8786475320054664E+03      0.7723996922512087E+06     -0.6793309670434263E+09      0.5977669182298788E+12     -0.5262507331677355E+15
  0.20300000E+03     -0.8846039791677269E+03      0.7829046735342881E+06     -0.6932329783170322E+09      0.6141282928225040E+12     -0.5443118566769741E+15
  0.20400000E+03     -0.8905465909685862E+03      0.7934561721492902E+06     -0.7072909856156989E+09      0.6307850962696180E+12     -0.5628233251506232E+15
  0.20500000E+03     -0.8964879229229842E+03      0.8040758830311983E+06     -0.7215343654501314E+09      0.6477741956575338E+12     -0.5818300653471422E+15
  0.20600000E+03     -0.9024309789479809E+03      0.8147693455808994E+06     -0.7359720216690726E+09      0.6651094541834313E+12     -0.6013528736585090E+15
  0.20700000E+03     -0.9083777136915555E+03      0.8255402535231607E+06     -0.7506104423442360E+09      0.6828019768362936E+12     -0.6214096891433868E+15
  0.20800000E+03     -0.9143145421980322E+03      0.8363638274425734E+06     -0.7654169944019121E+09      0.7008151292386587E+12     -0.6419639139860291E+15
  0.20900000E+03     -0.9202474211085068E+03      0.8472506450151906E+06     -0.7804070141811659E+09      0.7191701440185876E+12     -0.6630444479574088E+15
  0.21000000E+03     -0.9261816457690575E+03      0.8582103521270875E+06     -0.7955949270796387E+09      0.7378876043700233E+12     -0.6846800258352740E+15
  0.21100000E+03     -0.9321115039201178E+03      0.8692321823018540E+06     -0.8109667800032904E+09      0.7569530654882013E+12     -0.7068589296312582E+15
  0.21200000E+03     -0.9380404199448965E+03      0.8803227593274396E+06     -0.8265334161695969E+09      0.7763835079376016E+12     -0.7296068118637741E+15
  0.21300000E+03     -0.9439547630497000E+03      0.8914563759320810E+06     -0.8422597188902634E+09      0.7961378751721177E+12     -0.7528806938183731E+15
  0.21400000E+03     -0.9498633286465827E+03      0.9026488722212729E+06     -0.8581682886811062E+09      0.8162463950535817E+12     -0.7767201837743896E+15
  0.21500000E+03     -0.9557766415275293E+03      0.9139208146217476E+06     -0.8742905119654311E+09      0.8367530528468683E+12     -0.8011844233895134E+15
  0.21600000E+03     -0.9616689830036573E+03      0.9252222668271952E+06     -0.8905549063245175E+09      0.8575684333532928E+12     -0.8261704233267015E+15
  0.21700000E+03     -0.9675727870453587E+03      0.9366152448298424E+06     -0.9070516817865715E+09      0.8788107983187614E+12     -0.8518254090135299E+15
  0.21800000E+03     -0.9734515557406689E+03      0.9480294712504280E+06     -0.9236805338277860E+09      0.9003544467521349E+12     -0.8780036552758388E+15
  0.21900000E+03     -0.9793378325345053E+03      0.9595277367528427E+06     -0.9405335766181215E+09      0.9223211142775632E+12     -0.9048579039889070E+15
  0.22000000E+03     -0.9852107082662970E+03      0.9710683827009789E+06     -0.9575497973062252E+09      0.9446329503807449E+12     -0.9322970023470810E+15
  0.22100000E+03     -0.9910757024062731E+03      0.9826632208262297E+06     -0.9747492488626736E+09      0.9673212957174495E+12     -0.9603676524617238E+15
  0.22200000E+03     -0.9969262272802600E+03      0.9942982665008588E+06     -0.9921110064588691E+09      0.9903599508794899E+12     -0.9890412046206345E+15
  0.22300000E+03     -0.1002792460023738E+04      0.1006032085034966E+07     -0.1009721546198344E+10      0.1013864109571619E+13     -0.1018463639709654E+16
  0.22400000E+03     -0.1008589477432225E+04      0.1017696226882111E+07     -0.1027331257721224E+10      0.1037506341253340E+13     -0.1048234033698014E+16
  0.22500000E+03     -0.1014405976047321E+04      0.1029467790693323E+07     -0.1045206672341263E+10      0.1061644996541939E+13     -0.1078806336561770E+16
  0.22600000E+03     -0.1020203014455622E+04      0.1041266984600144E+07     -0.1063226416177965E+10      0.1086117618242717E+13     -0.1109978796585300E+16
  0.22700000E+03     -0.1025968749827019E+04      0.1053069768587794E+07     -0.1081354995466089E+10      0.1110879185431469E+13     -0.1141700069873496E+16
  0.22800000E+03     -0.1031704078737918E+04      0.1064876807834506E+07     -0.1099592855521213E+10      0.1135931186674394E+13     -0.1173975327312446E+16
  0.22900000E+03     -0.1037415891044773E+04      0.1076700378425144E+07     -0.1117957113760390E+10      0.1161296115006724E+13     -0.1206834185525116E+16
  0.23000000E+03     -0.1043121045222974E+04      0.1088575469222254E+07     -0.1136503380670094E+10      0.1187054080401292E+13     -0.1240386706041837E+16
  0.23100000E+03     -0.1048793030594098E+04      0.1100446896093082E+07     -0.1155146606255438E+10      0.1213090121441017E+13     -0.1274489317635002E+16
  0.23200000E+03     -0.1054431773558047E+04      0.1112312859864691E+07     -0.1173882460442781E+10      0.1239397596266022E+13     -0.1309134514513723E+16
  0.23300000E+03     -0.1060013415677042E+04      0.1124123160277372E+07     -0.1192632869664488E+10      0.1265870209521489E+13     -0.1344188882441681E+16
  0.23400000E+03     -0.1065542323416628E+04      0.1135882724752547E+07     -0.1211399876611876E+10      0.1292504189005379E+13     -0.1379640606132119E+16
  0.23500000E+03     -0.1071039118640572E+04      0.1147635455998255E+07     -0.1230254624454117E+10      0.1319403471266406E+13     -0.1415633904934559E+16
  0.23600000E+03     -0.1076502517611977E+04      0.1159376812907250E+07     -0.1249187975222458E+10      0.1346553846335458E+13     -0.1452150164278750E+16
  0.23700000E+03     -0.1081886900405726E+04      0.1171006949270552E+07     -0.1268037010486714E+10      0.1373720378507692E+13     -0.1488873569661044E+16
  0.23800000E+03     -0.1087222063627113E+04      0.1182589585219338E+07     -0.1286904927552524E+10      0.1401053086256848E+13     -0.1526010532835847E+16
  0.23900000E+03     -0.1092469961752841E+04      0.1194039408783539E+07     -0.1305649300994361E+10      0.1428342051968552E+13     -0.1563272871486004E+16
  0.24000000E+03     -0.1097637822942672E+04      0.1205369582502616E+07     -0.1324288354252347E+10      0.1455610342680941E+13     -0.1600689236545054E+16
  0.24100000E+03     -0.1102685959878513E+04      0.1216489341457803E+07     -0.1342667463653030E+10      0.1482625259199490E+13     -0.1637933183433651E+16
  0.24200000E+03     -0.1107630709780627E+04      0.1227433051750455E+07     -0.1360841534109532E+10      0.1509465869653013E+13     -0.1675113058295681E+16
  0.24300000E+03     -0.1112512525188677E+04      0.1238283386159414E+07     -0.1378937283827203E+10      0.1536304907296379E+13     -0.1712449850285552E+16
  0.24400000E+03     -0.1117311575549603E+04      0.1248995591792125E+07     -0.1396879586728404E+10      0.1563031179088881E+13     -0.1749790536836799E+16
  0.24500000E+03     -0.1121912775402183E+04      0.1259309762174563E+07     -0.1414228659733403E+10      0.1588983860095543E+13     -0.1786205087915908E+16
  0.24600000E+03     -0.1126509529668740E+04      0.1269653171870584E+07     -0.1431693255886328E+10      0.1615209198332253E+13     -0.1823143166974462E+16
  0.24700000E+03     -0.1131002934097914E+04      0.1279803009424218E+07     -0.1448897178275222E+10      0.1641142993087205E+13     -0.1859812065293118E+16
  0.24800000E+03     -0.1135490068028510E+04      0.1289976555387986E+07     -0.1466205737350225E+10      0.1667332076992508E+13     -0.1896980449967867E+16
  0.24900000E+03     -0.1139908269850931E+04      0.1300029659250813E+07     -0.1483370595132825E+10      0.1693396697291445E+13     -0.1934104645600767E+16
  0.25000000E+03     -0.1144329794831256E+04      0.1310127602821269E+07     -0.1500675793413075E+10      0.1719771479706508E+13     -0.1971809156398484E+16
  0.25100000E+03     -0.1148750196022358E+04      0.1320258235019523E+07     -0.1518097526386250E+10      0.1746416261011148E+13     -0.2010031965533247E+16
  0.25200000E+03     -0.1153221951289961E+04      0.1330543583818896E+07     -0.1535848986970875E+10      0.1773662681124063E+13     -0.2049257501456332E+16
  0.25300000E+03     -0.1157744385563448E+04      0.1340984021712876E+07     -0.1553934506602982E+10      0.1801523595365210E+13     -0.2089513970430915E+16
  0.25400000E+03     -0.1162372813567741E+04      0.1351710069820371E+07     -0.1572585645777205E+10      0.1830365019108479E+13     -0.2131344911637174E+16
  0.25500000E+03     -0.1167073243819445E+04      0.1362646903057951E+07     -0.1591679649752204E+10      0.1860009246195533E+13     -0.2174511209811394E+16
  0.25600000E+03     -0.1171894608496362E+04      0.1373910588165274E+07     -0.1611423724990854E+10      0.1890786168728469E+13     -0.2219506762264120E+16
  0.25700000E+03     -0.1176857680657915E+04      0.1385554129004064E+07     -0.1631919214954517E+10      0.1922867809005722E+13     -0.2266604897238350E+16
  0.25800000E+03     -0.1181963934245179E+04      0.1397586678926879E+07     -0.1653193076635701E+10      0.1956314608724510E+13     -0.2315922980392477E+16
  0.25900000E+03     -0.1187175565600539E+04      0.1409922245222485E+07     -0.1675099519183982E+10      0.1990908401969193E+13     -0.2367157405416778E+16
  0.26000000E+03     -0.1192489335976527E+04      0.1422555903185051E+07     -0.1697635571191778E+10      0.2026655033344208E+13     -0.2420334515761880E+16
  0.26100000E+03     -0.1197936637396650E+04      0.1435568218403717E+07     -0.1720956517614945E+10      0.2063820734403843E+13     -0.2475882304090622E+16
  0.26200000E+03     -0.1203528682105325E+04      0.1448988032553529E+07     -0.1745118712715540E+10      0.2102504292648288E+13     -0.2533964134854786E+16
  0.26300000E+03     -0.1209177341392852E+04      0.1462608670988528E+07     -0.1769759781290478E+10      0.2142142837459131E+13     -0.2593763373008720E+16
  0.26400000E+03     -0.1214933665963262E+04      0.1476556171694779E+07     -0.1795114247913122E+10      0.2183126015007347E+13     -0.2655889391071209E+16
  0.26500000E+03     -0.1220818896445003E+04      0.1490885431883745E+07     -0.1821289357307946E+10      0.2225641170921226E+13     -0.2720650347943562E+16
  0.26600000E+03     -0.1226723183108219E+04      0.1505331071343339E+07     -0.1847805307846298E+10      0.2268918931093311E+13     -0.2786892302679956E+16
  0.26700000E+03     -0.1232699855586807E+04      0.1520024994673801E+07     -0.1874908104811505E+10      0.2313369214438564E+13     -0.2855258696359659E+16
  0.26800000E+03     -0.1238758290118061E+04      0.1534993862390536E+07     -0.1902654936340453E+10      0.2359101171295062E+13     -0.2925944422794312E+16
  0.26900000E+03     -0.1244892602279141E+04      0.1550227121413823E+07     -0.1931035025125857E+10      0.2406113814019406E+13     -0.2998977429710851E+16
  0.27000000E+03     -0.1251065677221432E+04      0.1565632669418244E+07     -0.1959878301589715E+10      0.2454130246801700E+13     -0.3073938651581652E+16
  0.27100000E+03     -0.1257299377389807E+04      0.1581268102885756E+07     -0.1989299755175059E+10      0.2503356245152432E+13     -0.3151175538078189E+16
  0.27200000E+03     -0.1263598005419147E+04      0.1597144313941081E+07     -0.2019321502416270E+10      0.2553833912153527E+13     -0.3230765883772583E+16
  0.27300000E+03     -0.1269926983300616E+04      0.1613178362037825E+07     -0.2049796228166791E+10      0.2605334174599169E+13     -0.3312381952024557E+16
  0.27400000E+03     -0.1276269853889489E+04      0.1629327824163903E+07     -0.2080643434862256E+10      0.2657723785844960E+13     -0.3395821054977152E+16
  0.27500000E+03     -0.1282674142231355E+04      0.1645716702293908E+07     -0.2112107302969021E+10      0.2711432594828494E+13     -0.3481796220778804E+16
  0.27600000E+03     -0.1289133230341471E+04      0.1662328664737343E+07     -0.2144159243058722E+10      0.2766419255172394E+13     -0.3570257574031644E+16
  0.27700000E+03     -0.1295595274698353E+04      0.1679032607029164E+07     -0.2176552182928819E+10      0.2822272711973614E+13     -0.3660568774228776E+16
  0.27800000E+03     -0.1302061033844384E+04      0.1695829759725165E+07     -0.2209288774867286E+10      0.2879000895234615E+13     -0.3752752754409888E+16
  0.27900000E+03     -0.1308559127689694E+04      0.1712795392770240E+07     -0.2242519142191905E+10      0.2936872719033336E+13     -0.3847265354061540E+16
  0.28000000E+03     -0.1315078375363674E+04      0.1729901376241480E+07     -0.2276191933731173E+10      0.2995808177828441E+13     -0.3943996034326052E+16
  0.28100000E+03     -0.1321597637740590E+04      0.1747093557724299E+07     -0.2310204764473818E+10      0.3055638286665724E+13     -0.4042688858680578E+16
  0.28200000E+03     -0.1328144308118746E+04      0.1764443460416021E+07     -0.2344699495693517E+10      0.3116616346669037E+13     -0.4143773018489848E+16
  0.28300000E+03     -0.1334702732293643E+04      0.1781909493752881E+07     -0.2379594879559038E+10      0.3178604192928337E+13     -0.4247033353917551E+16
  0.28400000E+03     -0.1341233559985511E+04      0.1799388921757256E+07     -0.2414691410613062E+10      0.3241260546329476E+13     -0.4351928050660016E+16
  0.28500000E+03     -0.1347796024874604E+04      0.1817038537712465E+07     -0.2450302143504080E+10      0.3305144224765109E+13     -0.4459397697229384E+16
  0.28600000E+03     -0.1354356534342947E+04      0.1834769836015571E+07     -0.2486253991339261E+10      0.3369957737297193E+13     -0.4568969068451595E+16
  0.28700000E+03     -0.1360909458888133E+04      0.1852565971929088E+07     -0.2522511097754735E+10      0.3435636263972051E+13     -0.4680537167864336E+16
  0.28800000E+03     -0.1367461562597340E+04      0.1870446019979732E+07     -0.2559115508949954E+10      0.3502264903010469E+13     -0.4794267096536713E+16
  0.28900000E+03     -0.1373997149776200E+04      0.1888366992639019E+07     -0.2595980606654231E+10      0.3569691618280351E+13     -0.4909914253517515E+16
  0.29000000E+03     -0.1380520189003158E+04      0.1906339798932602E+07     -0.2633130572183830E+10      0.3637966899391742E+13     -0.5027581249706103E+16
  0.29100000E+03     -0.1387033487316119E+04      0.1924370108367745E+07     -0.2670574523049908E+10      0.3707105786272825E+13     -0.5147296332315875E+16
  0.29200000E+03     -0.1393587362838576E+04      0.1942597717882714E+07     -0.2708605526680232E+10      0.3777657627560321E+13     -0.5270030350629189E+16
  0.29300000E+03     -0.1400064322193613E+04      0.1960697047404758E+07     -0.2746548365833295E+10      0.3848380376354019E+13     -0.5393646138820014E+16
  0.29400000E+03     -0.1406548553579709E+04      0.1978901023841369E+07     -0.2784888188580275E+10      0.3920175666608790E+13     -0.5519720669081708E+16
  0.29500000E+03     -0.1413104627581441E+04      0.1997389073095939E+07     -0.2824000620517019E+10      0.3993745701356019E+13     -0.5649490284668512E+16
  0.29600000E+03     -0.1419535022237655E+04      0.2015609486038145E+07     -0.2862731283337732E+10      0.4066946144678253E+13     -0.5779225563191775E+16
  0.29700000E+03     -0.1425912908318897E+04      0.2033761981852090E+07     -0.2901490183635939E+10      0.4140527538649191E+13     -0.5910219011535109E+16
  0.29800000E+03     -0.1432346733716588E+04      0.2052155709720520E+07     -0.2940940126307309E+10      0.4215756501334517E+13     -0.6044745986623969E+16
  0.29900000E+03     -0.1438737380872338E+04      0.2070509915116832E+07     -0.2980486125823285E+10      0.4291515059169392E+13     -0.6180842359241668E+16
  0.30000000E+03     -0.1445105375416094E+04      0.2088880834300763E+07     -0.3020245140923872E+10      0.4368022350316523E+13     -0.6318898600348495E+16
  0.30100000E+03     -0.1451439888593019E+04      0.2107234768228768E+07     -0.3060140425030274E+10      0.4445126261045540E+13     -0.6458637477102824E+16
  0.30200000E+03     -0.1457718289453410E+04      0.2125505396924212E+07     -0.3100027816595707E+10      0.4522551300468041E+13     -0.6599571040391497E+16
  0.30300000E+03     -0.1463974502519034E+04      0.2143789777496673E+07     -0.3140116913410111E+10      0.4600702484372668E+13     -0.6742437958592741E+16
  0.30400000E+03     -0.1470186595572175E+04      0.2162021120218514E+07     -0.3180256859194569E+10      0.4679280004610541E+13     -0.6886684975155922E+16
  0.30500000E+03     -0.1476398707332443E+04      0.2180329200841810E+07     -0.3220735311322044E+10      0.4758853509068796E+13     -0.7033374853179432E+16
  0.30600000E+03     -0.1482551806996133E+04      0.2198540008925465E+07     -0.3261168918546865E+10      0.4838674987613812E+13     -0.7181144300393256E+16
  0.30700000E+03     -0.1488725707458310E+04      0.2216887649404813E+07     -0.3302074125741292E+10      0.4919760034019431E+13     -0.7331871053696984E+16
  0.30800000E+03     -0.1494845549485248E+04      0.2235149182501959E+07     -0.3342954179405791E+10      0.5001127151522112E+13     -0.7483741507775664E+16
  0.30900000E+03     -0.1501004556042924E+04      0.2253602489484595E+07     -0.3384431764316923E+10      0.5084019512753944E+13     -0.7639087845977919E+16
  0.31000000E+03     -0.1507178935054072E+04      0.2272177100597723E+07     -0.3426351895947486E+10      0.5168137347770009E+13     -0.7797372838079790E+16
  0.31100000E+03     -0.1513286802167599E+04      0.2290625151401742E+07     -0.3468152840353734E+10      0.5252350999548222E+13     -0.7956470349136100E+16
  0.31200000E+03     -0.1519442650200519E+04      0.2309293095753333E+07     -0.3510622500536113E+10      0.5338256480115327E+13     -0.8119417381388684E+16
  0.31300000E+03     -0.1525577248293205E+04      0.2327971431782399E+07     -0.3553286566715935E+10      0.5424901662509642E+13     -0.8284426681037769E+16
  0.31400000E+03     -0.1531720374220704E+04      0.2346750110503693E+07     -0.3596350204361385E+10      0.5512705318525139E+13     -0.8452304924889904E+16
  0.31500000E+03     -0.1537901884567496E+04      0.2365721878135845E+07     -0.3640030930967069E+10      0.5602123722941976E+13     -0.8623954491693792E+16
  0.31600000E+03     -0.1544156367947606E+04      0.2384997044898696E+07     -0.3684593746073289E+10      0.5693724890169254E+13     -0.8800520476589048E+16
  0.31700000E+03     -0.1550365549568565E+04      0.2404210548581211E+07     -0.3729194846891765E+10      0.5785777800268942E+13     -0.8978678800092563E+16
  0.31800000E+03     -0.1556626789099303E+04      0.2423662658668482E+07     -0.3774530269677546E+10      0.5879719691010343E+13     -0.9161217649471068E+16
  0.31900000E+03     -0.1562934973174087E+04      0.2443338693268605E+07     -0.3820570194350598E+10      0.5975501171455094E+13     -0.9348071518082084E+16
  0.32000000E+03     -0.1569251124720935E+04      0.2463120436383347E+07     -0.3867047262847580E+10      0.6072588190994488E+13     -0.9538247464487970E+16
  0.32100000E+03     -0.1575537528086447E+04      0.2482887530464540E+07     -0.3913675012644614E+10      0.6170377911144434E+13     -0.9730562273849080E+16
  0.32200000E+03     -0.1581899350938256E+04      0.2502974819061256E+07     -0.3961254615784428E+10      0.6270577548432502E+13     -0.9928432749229628E+16
  0.32300000E+03     -0.1588298068537536E+04      0.2523261437032591E+07     -0.4009503309623287E+10      0.6372602583165277E+13     -0.1013073321667377E+17
  0.32400000E+03     -0.1594732876213631E+04      0.2543744799763606E+07     -0.4058416423590335E+10      0.6476449548072756E+13     -0.1033747601804144E+17
  0.32500000E+03     -0.1601198347146790E+04      0.2564409766580106E+07     -0.4107964533549122E+10      0.6582073729751573E+13     -0.1054861437845329E+17
  0.32600000E+03     -0.1607648189906523E+04      0.2585109387831507E+07     -0.4157799339527567E+10      0.6688744707334055E+13     -0.1076271923888790E+17
  0.32700000E+03     -0.1614108885606842E+04      0.2605929085497942E+07     -0.4208129305429536E+10      0.6796918474205312E+13     -0.1098073303177190E+17
  0.32800000E+03     -0.1620555302634651E+04      0.2626786525906140E+07     -0.4258753823657757E+10      0.6906164101054755E+13     -0.1120179501424878E+17
  0.32900000E+03     -0.1626972073552382E+04      0.2647633645125867E+07     -0.4309561894082769E+10      0.7016257798506521E+13     -0.1142549135116552E+17
  0.33000000E+03     -0.1633336831554266E+04      0.2668394237262990E+07     -0.4360361006087095E+10      0.7126771724002575E+13     -0.1165093911661549E+17
  0.33100000E+03     -0.1639618127061426E+04      0.2688964913155847E+07     -0.4410897720162721E+10      0.7237156824875498E+13     -0.1187702968283374E+17
  0.33200000E+03     -0.1645869385739677E+04      0.2709516540893701E+07     -0.4461583486149910E+10      0.7348297420969925E+13     -0.1210555263107610E+17
  0.33300000E+03     -0.1652078661724005E+04      0.2730006769279128E+07     -0.4512307659414931E+10      0.7459940390385249E+13     -0.1233597225947976E+17
  0.33400000E+03     -0.1658160154117362E+04      0.2750152549041557E+07     -0.4562371289936625E+10      0.7570554563823756E+13     -0.1256515020208602E+17
  0.33500000E+03     -0.1664136262258392E+04      0.2770023388642842E+07     -0.4611936994055137E+10      0.7680480314051491E+13     -0.1279375960089147E+17
  0.33600000E+03     -0.1669987017796710E+04      0.2789546201516974E+07     -0.4660807146391708E+10      0.7789248442075137E+13     -0.1302076681399892E+17
  0.33700000E+03     -0.1675746388042915E+04      0.2808826204986989E+07     -0.4709225976509417E+10      0.7897362552614366E+13     -0.1324714510637249E+17
  0.33800000E+03     -0.1681410113954261E+04      0.2827849048617276E+07     -0.4757158002723472E+10      0.8004746449382170E+13     -0.1347274506178679E+17
  0.33900000E+03     -0.1686991685562240E+04      0.2846651224963164E+07     -0.4804673976789992E+10      0.8111513454309106E+13     -0.1369771473473020E+17
  0.34000000E+03     -0.1692508649096202E+04      0.2865293877008788E+07     -0.4851934365152019E+10      0.8218039315389104E+13     -0.1392288172686804E+17
  0.34100000E+03     -0.1698092043659495E+04      0.2884210125055051E+07     -0.4900012909976490E+10      0.8326690303249753E+13     -0.1415313514085648E+17
  0.34200000E+03     -0.1703737879302534E+04      0.2903394518068471E+07     -0.4948916824902812E+10      0.8437531588926654E+13     -0.1438871927773997E+17
  0.34300000E+03     -0.1709538661372988E+04      0.2923161692439481E+07     -0.4999449308673547E+10      0.8552387016162415E+13     -0.1463351939002536E+17
  0.34400000E+03     -0.1715447026718515E+04      0.2943356065903714E+07     -0.5051228030302319E+10      0.8670423726063827E+13     -0.1488583970176623E+17
  0.34500000E+03     -0.1721655421908501E+04      0.2964649841923216E+07     -0.5106014481356688E+10      0.8795745848317084E+13     -0.1515464690939749E+17
  0.34600000E+03     -0.1728265592161944E+04      0.2987407462185347E+07     -0.5164787561798695E+10      0.8930690090391777E+13     -0.1544516891957108E+17
  0.34700000E+03     -0.1735234671180596E+04      0.3011498255973843E+07     -0.5227255080908814E+10      0.9074693121540791E+13     -0.1575643201207504E+17
  0.34800000E+03     -0.1742540573064224E+04      0.3036861598258828E+07     -0.5293302875487052E+10      0.9227596133413816E+13     -0.1608832946782011E+17
  0.34900000E+03     -0.1750218284901887E+04      0.3063636341748961E+07     -0.5363340419733514E+10      0.9390463913222018E+13     -0.1644343897806144E+17
  0.35000000E+03     -0.1758215407591229E+04      0.3091656928836981E+07     -0.5436982739279224E+10      0.9562520367829006E+13     -0.1682034395766475E+17
  0.35100000E+03     -0.1766469165016838E+04      0.3120717946031819E+07     -0.5513731703259693E+10      0.9742707299457234E+13     -0.1721697542083311E+17
  0.35200000E+03     -0.1774993097770383E+04      0.3150879714804064E+07     -0.5593783789243138E+10      0.9931582076789484E+13     -0.1763479110651849E+17
  0.35300000E+03     -0.1783769327211273E+04      0.3182089416568420E+07     -0.5677030462084351E+10      0.1012897252099358E+14     -0.1807361602517843E+17
  0.35400000E+03     -0.1792669389555109E+04      0.3213901669602704E+07     -0.5762318700789494E+10      0.1033223795413860E+14     -0.1852781013146770E+17
  0.35500000E+03     -0.1801761125704943E+04      0.3246566369572821E+07     -0.5850342848374453E+10      0.1054310202671610E+14     -0.1900140266647052E+17
  0.35600000E+03     -0.1810965073576281E+04      0.3279804264597006E+07     -0.5940371816193967E+10      0.1075987578346696E+14     -0.1949076515214669E+17
  0.35700000E+03     -0.1820358273524162E+04      0.3313903650564888E+07     -0.6033218760755642E+10      0.1098460679437582E+14     -0.2000074918178588E+17
  0.35800000E+03     -0.1829848130535116E+04      0.3348536094851115E+07     -0.6128015518914362E+10      0.1121526926808429E+14     -0.2052695707761986E+17
  0.35900000E+03     -0.1839432849787947E+04      0.3383697708093296E+07     -0.6224763961825432E+10      0.1145191093314945E+14     -0.2106962519191220E+17
  0.36000000E+03     -0.1849141595235088E+04      0.3419504503086348E+07     -0.6323813605988354E+10      0.1169547418323574E+14     -0.2163114592206275E+17
  0.36100000E+03     -0.1858909419899913E+04      0.3455719927658526E+07     -0.6424523835702095E+10      0.1194443104506901E+14     -0.2220813678798274E+17
  0.36200000E+03     -0.1868783263928145E+04      0.3492522788786636E+07     -0.6527410853391618E+10      0.1220011853193024E+14     -0.2280387036550160E+17
  0.36300000E+03     -0.1878692826677860E+04      0.3529655877192636E+07     -0.6631774868014663E+10      0.1246085983370286E+14     -0.2341461833937528E+17
  0.36400000E+03     -0.1888714422638847E+04      0.3567409361650310E+07     -0.6738449182907624E+10      0.1272879614351514E+14     -0.2404556983262390E+17
  0.36500000E+03     -0.1898771303910954E+04      0.3605497676551523E+07     -0.6846642997713834E+10      0.1300199668922900E+14     -0.2469234441606950E+17
  0.36600000E+03     -0.1908880575850428E+04      0.3643988708018966E+07     -0.6956564095395135E+10      0.1328103935676518E+14     -0.2535647277077771E+17
  0.36700000E+03     -0.1919039103242909E+04      0.3682873676512646E+07     -0.7068202651919119E+10      0.1356595372426232E+14     -0.2603819265288188E+17
  0.36800000E+03     -0.1929254030642154E+04      0.3722182319222817E+07     -0.7181657217779785E+10      0.1385704104165153E+14     -0.2673838241890530E+17
  0.36900000E+03     -0.1939471642722932E+04      0.3761710468599665E+07     -0.7296352201215910E+10      0.1415287596510306E+14     -0.2745377647921595E+17
  0.37000000E+03     -0.1949781613825062E+04      0.3801808099353963E+07     -0.7413318449102499E+10      0.1445617371941855E+14     -0.2819111752931682E+17
  0.37100000E+03     -0.1960108617308194E+04      0.3842185272811733E+07     -0.7531725576170232E+10      0.1476483796204230E+14     -0.2894548879465178E+17
  0.37200000E+03     -0.1970501547078205E+04      0.3883035841086548E+07     -0.7652156603075226E+10      0.1508044382351527E+14     -0.2972091755714542E+17
  0.37300000E+03     -0.1980943872168652E+04      0.3924298274972523E+07     -0.7774447033168775E+10      0.1540262214046691E+14     -0.3051669228080422E+17
  0.37400000E+03     -0.1991389655415865E+04      0.3965792502467851E+07     -0.7898074276167884E+10      0.1573004328113884E+14     -0.3132968952405879E+17
  0.37500000E+03     -0.2001873297470590E+04      0.4007656961086750E+07     -0.8023462986435754E+10      0.1606388242487179E+14     -0.3216299788101843E+17
  0.37600000E+03     -0.2012380258762462E+04      0.4049834805845059E+07     -0.8150453457303811E+10      0.1640376084131222E+14     -0.3301583389540801E+17
  0.37700000E+03     -0.2022936694872466E+04      0.4092433384359673E+07     -0.8279382947654417E+10      0.1675063744160500E+14     -0.3389079170260114E+17
  0.37800000E+03     -0.2033554439246504E+04      0.4135504898617439E+07     -0.8410429995862501E+10      0.1710506687336236E+14     -0.3478950576368827E+17
  0.37900000E+03     -0.2044169533278552E+04      0.4178791062318210E+07     -0.8542819464514431E+10      0.1746500104100783E+14     -0.3570695447467742E+17
  0.38000000E+03     -0.2054827750584603E+04      0.4222479644190422E+07     -0.8677136265505424E+10      0.1783207869803337E+14     -0.3664748862913422E+17
  0.38100000E+03     -0.2065512787650307E+04      0.4266506861889671E+07     -0.8813200929497835E+10      0.1820587463374968E+14     -0.3761023678364423E+17
  0.38200000E+03     -0.2076261628749112E+04      0.4311026808302377E+07     -0.8951502295367922E+10      0.1858778667914114E+14     -0.3859899267127790E+17
  0.38300000E+03     -0.2086994749851996E+04      0.4355712189559381E+07     -0.9091037448838408E+10      0.1897510383497544E+14     -0.3960694166572184E+17
  0.38400000E+03     -0.2097757112413533E+04      0.4400751075929335E+07     -0.9232403880937447E+10      0.1936953369298667E+14     -0.4063870927804308E+17
  0.38500000E+03     -0.2108601130791846E+04      0.4446365820228387E+07     -0.9376316480618141E+10      0.1977313928048324E+14     -0.4169992600680692E+17
  0.38600000E+03     -0.2119407476265348E+04      0.4492056566318966E+07     -0.9521212404924824E+10      0.2018159860218064E+14     -0.4277944419919439E+17
  0.38700000E+03     -0.2130278214761353E+04      0.4538254233432697E+07     -0.9668463817982893E+10      0.2059881707657886E+14     -0.4388774083019670E+17
  0.38800000E+03     -0.2141143463954444E+04      0.4584665563427903E+07     -0.9817155497607998E+10      0.2102227850225519E+14     -0.4501839390265047E+17
  0.38900000E+03     -0.2152014328629740E+04      0.4631336915875907E+07     -0.9967440264277588E+10      0.2145245236518459E+14     -0.4617280727530002E+17
  0.39000000E+03     -0.2162989348754504E+04      0.4678695255849273E+07     -0.1012071331807326E+11      0.2189341272241106E+14     -0.4736218957724773E+17
  0.39100000E+03     -0.2173936865642487E+04      0.4726175494190272E+07     -0.1027516347808126E+11      0.2234002251840003E+14     -0.4857294472935728E+17
  0.39200000E+03     -0.2184934283245946E+04      0.4774113149390751E+07     -0.1043188945451319E+11      0.2279550272826172E+14     -0.4981398581699834E+17
  0.39300000E+03     -0.2195956099536293E+04      0.4822399401180394E+07     -0.1059055108144945E+11      0.2325893321209454E+14     -0.5108305519970941E+17
  0.39400000E+03     -0.2206959274251339E+04      0.4870846403138904E+07     -0.1075054144499002E+11      0.2372859472100146E+14     -0.5237565512865622E+17
  0.39500000E+03     -0.2217972619381236E+04      0.4919581108514976E+07     -0.1091228812050841E+11      0.2420579040642273E+14     -0.5369556892968310E+17
  0.39600000E+03     -0.2229030747735229E+04      0.4968758684092074E+07     -0.1107632086614800E+11      0.2469215074348634E+14     -0.5504755959532931E+17
  0.39700000E+03     -0.2240081488646251E+04      0.5018146914509142E+07     -0.1124187247454788E+11      0.2518544654373936E+14     -0.5642562330451670E+17
  0.39800000E+03     -0.2251226027469088E+04      0.5068201706923897E+07     -0.1141049169945311E+11      0.2569037817540727E+14     -0.5784319790266370E+17
  0.39900000E+03     -0.2262327356251717E+04      0.5118308907097643E+07     -0.1158012186119059E+11      0.2620084789890125E+14     -0.5928340405987987E+17
  0.40000000E+03     -0.2273453906572767E+04      0.5168778686724701E+07     -0.1175182571151643E+11      0.2672011716376161E+14     -0.6075569265962758E+17
  0.40100000E+03     -0.2284643791288894E+04      0.5219784446379458E+07     -0.1192620324563968E+11      0.2725005600606210E+14     -0.6226559435066104E+17
  0.40200000E+03     -0.2295779500710863E+04      0.5270791719513066E+07     -0.1210143952222580E+11      0.2778521129833556E+14     -0.6379782208629570E+17
  0.40300000E+03     -0.2306977482298208E+04      0.5322335016856322E+07     -0.1227938307676033E+11      0.2833129114018957E+14     -0.6536897204453498E+17
  0.40400000E+03     -0.2318146083474945E+04      0.5373993150846059E+07     -0.1245859059625784E+11      0.2888392505045333E+14     -0.6696671315109712E+17
  0.40500000E+03     -0.2329364939003460E+04      0.5426133591312148E+07     -0.1264034224693943E+11      0.2944710315874968E+14     -0.6860277865409358E+17
  0.40600000E+03     -0.2340620372660945E+04      0.5478698030084173E+07     -0.1282446157110631E+11      0.3002038799939425E+14     -0.7027629160888174E+17
  0.40700000E+03     -0.2351858310589047E+04      0.5531434040722515E+07     -0.1301007330170209E+11      0.3060110865544104E+14     -0.7197969153819014E+17
  0.40800000E+03     -0.2363050031591982E+04      0.5584202704136213E+07     -0.1319668238312729E+11      0.3118772360069542E+14     -0.7370855592559987E+17
  0.40900000E+03     -0.2374412094293571E+04      0.5638031644119352E+07     -0.1338795461630918E+11      0.3179188321234247E+14     -0.7549767357235589E+17
  0.41000000E+03     -0.2385630373500015E+04      0.5691433395512776E+07     -0.1357861572583034E+11      0.3239699037892271E+14     -0.7729815991945323E+17
  0.41100000E+03     -0.2396967386920506E+04      0.5745654881423164E+07     -0.1377311659829706E+11      0.3301719540593186E+14     -0.7915227373331603E+17
  0.41200000E+03     -0.2408261435854628E+04      0.5799926767359690E+07     -0.1396872047643536E+11      0.3364387205581891E+14     -0.8103460848151346E+17
  0.41300000E+03     -0.2419585577152548E+04      0.5854599867394480E+07     -0.1416669962184343E+11      0.3428114975565901E+14     -0.8295781232523427E+17
  0.41400000E+03     -0.2430950186206795E+04      0.5909725602402627E+07     -0.1436725371856024E+11      0.3492974257960461E+14     -0.8492433965948318E+17
  0.41500000E+03     -0.2442282489145499E+04      0.5964953376224865E+07     -0.1456912483182590E+11      0.3558566775838679E+14     -0.8692246027438414E+17
  0.41600000E+03     -0.2453666826562477E+04      0.6020691464228210E+07     -0.1477380400425279E+11      0.3625379429381964E+14     -0.8896716716984422E+17
  0.41700000E+03     -0.2464958641189076E+04      0.6076233939443429E+07     -0.1497871437004265E+11      0.3692578929287745E+14     -0.9103328629228270E+17
  0.41800000E+03     -0.2476366715641474E+04      0.6132606409121516E+07     -0.1518764350354239E+11      0.3761411561314963E+14     -0.9315935341553482E+17
  0.41900000E+03     -0.2487770730891593E+04      0.6189219327357153E+07     -0.1539843374845438E+11      0.3831178375810239E+14     -0.9532423670632600E+17
  0.42000000E+03     -0.2499178403505586E+04      0.6246110795590199E+07     -0.1561123512762623E+11      0.3901934680517996E+14     -0.9752991946346510E+17
  0.42100000E+03     -0.2510517932972422E+04      0.6302920531872288E+07     -0.1582470059480289E+11      0.3973235710709668E+14     -0.9976272599435699E+17
  0.42200000E+03     -0.2521950657272508E+04      0.6360456798238670E+07     -0.1604187608002543E+11      0.4046104794387375E+14     -0.1020549813162317E+18
  0.42300000E+03     -0.2533279067004131E+04      0.6417725942336825E+07     -0.1625902094465398E+11      0.4119293112245320E+14     -0.1043676908507051E+18
  0.42400000E+03     -0.2544798731982222E+04      0.6476225521904100E+07     -0.1648183508116695E+11      0.4194732133329888E+14     -0.1067623099618629E+18
  0.42500000E+03     -0.2556126590606107E+04      0.6534010445893657E+07     -0.1670291959423497E+11      0.4269923045125959E+14     -0.1091598144380148E+18
  0.42600000E+03     -0.2567540756312870E+04      0.6592495424317486E+07     -0.1692768093366196E+11      0.4346705538668666E+14     -0.1116189922172264E+18
  0.42700000E+03     -0.2578987766760082E+04      0.6651408805267627E+07     -0.1715509267651682E+11      0.4424737963745755E+14     -0.1141292850726958E+18
  0.42800000E+03     -0.2590464595721358E+04      0.6710738962961215E+07     -0.1738513410718100E+11      0.4504024562309825E+14     -0.1166912930269400E+18
  0.42900000E+03     -0.2601810598487017E+04      0.6769652472791356E+07     -0.1761457137079878E+11      0.4583453044298420E+14     -0.1192692496840477E+18
  0.43000000E+03     -0.2613335553510973E+04      0.6829759029156735E+07     -0.1784968695101992E+11      0.4665206125896208E+14     -0.1219343515077694E+18
  0.43100000E+03     -0.2624778062673281E+04      0.6889699048327920E+07     -0.1808518617441833E+11      0.4747454113396570E+14     -0.1246274241655650E+18
  0.43200000E+03     -0.2636232195198283E+04      0.6949961846501683E+07     -0.1832298703842424E+11      0.4830868471883012E+14     -0.1273706100767730E+18
  0.43300000E+03     -0.2647682302647258E+04      0.7010464266276306E+07     -0.1856276703141462E+11      0.4915341169701102E+14     -0.1301606267557975E+18
  0.43400000E+03     -0.2659150852729428E+04      0.7071328329789566E+07     -0.1880503184940333E+11      0.5001061322952290E+14     -0.1330041874439555E+18
  0.43500000E+03     -0.2670559505637904E+04      0.7132134933374979E+07     -0.1904810895252124E+11      0.5087438795280005E+14     -0.1358818764268041E+18
  0.43600000E+03     -0.2682019683982294E+04      0.7193477629763785E+07     -0.1929437883506460E+11      0.5175325444299159E+14     -0.1388223782985593E+18
  0.43700000E+03     -0.2693381850557476E+04      0.7254557064720378E+07     -0.1954064558090235E+11      0.5263588638632730E+14     -0.1417881683878002E+18
  0.43800000E+03     -0.2704813173198863E+04      0.7316267719296593E+07     -0.1979050792438903E+11      0.5353518651674309E+14     -0.1448227266926687E+18
  0.43900000E+03     -0.2716329678524316E+04      0.7378701646422232E+07     -0.2004436979744464E+11      0.5445275270081052E+14     -0.1479320379770653E+18
  0.44000000E+03     -0.2727748085796004E+04      0.7440866326087640E+07     -0.2029820905072823E+11      0.5537412888061348E+14     -0.1510675039180838E+18
  0.44100000E+03     -0.2739107538766024E+04      0.7502969247620918E+07     -0.2055285895499164E+11      0.5630232143826023E+14     -0.1542394041327081E+18
  0.44200000E+03     -0.2750489926078972E+04      0.7565454865780707E+07     -0.2081013753879919E+11      0.5724397307074803E+14     -0.1574706034116074E+18
  0.44300000E+03     -0.2761885575271530E+04      0.7628275288213593E+07     -0.2106987792922203E+11      0.5819861649984426E+14     -0.1607601022676289E+18
  0.44400000E+03     -0.2773294355901812E+04      0.7691426207501619E+07     -0.2133205632549578E+11      0.5916617473375528E+14     -0.1641077835185964E+18
  0.44500000E+03     -0.2784654760038679E+04      0.7754567486433479E+07     -0.2159527078099316E+11      0.6014154401608406E+14     -0.1674963434954790E+18
  0.44600000E+03     -0.2796093437109456E+04      0.7818406969855038E+07     -0.2186249737859307E+11      0.6113587955067084E+14     -0.1709650934047825E+18
  0.44700000E+03     -0.2807500092637207E+04      0.7882328027212054E+07     -0.2213115945852528E+11      0.6213964397612471E+14     -0.1744810541896588E+18
  0.44800000E+03     -0.2818921540624885E+04      0.7946592929908182E+07     -0.2240236798904995E+11      0.6315705361214250E+14     -0.1780593410047040E+18
  0.44900000E+03     -0.2830241989676270E+04      0.8010545209208831E+07     -0.2267334047289168E+11      0.6417765782028002E+14     -0.1816632706634587E+18
  0.45000000E+03     -0.2841587041126639E+04      0.8074895626444750E+07     -0.2294710243470986E+11      0.6521293797222541E+14     -0.1853338068391160E+18
  0.45100000E+03     -0.2852930320062086E+04      0.8139490462779205E+07     -0.2322299106434839E+11      0.6626038680571534E+14     -0.1890621737018198E+18
  0.45200000E+03     -0.2864234877559943E+04      0.8204123059581390E+07     -0.2350014836522199E+11      0.6731687324894906E+14     -0.1928377931429734E+18
  0.45300000E+03     -0.2875591765946571E+04      0.8269311296552413E+07     -0.2378079239765363E+11      0.6839087574949218E+14     -0.1966911698532999E+18
  0.45400000E+03     -0.2886897410813257E+04      0.8334463020836816E+07     -0.2406239274566213E+11      0.6947281621739414E+14     -0.2005884375610166E+18
  0.45500000E+03     -0.2898230333654158E+04      0.8400028903448297E+07     -0.2434689825483455E+11      0.7057021997855422E+14     -0.2045569614078437E+18
  0.45600000E+03     -0.2909416240790534E+04      0.8464994167489890E+07     -0.2462988622064005E+11      0.7166598565884577E+14     -0.2085348643182519E+18
  0.45700000E+03     -0.2920530924628861E+04      0.8529792769880293E+07     -0.2491322816517113E+11      0.7276731957529544E+14     -0.2125482773985025E+18
  0.45800000E+03     -0.2931817964463422E+04      0.8595850520998068E+07     -0.2520319219061799E+11      0.7389874848671681E+14     -0.2166872926942110E+18
  0.45900000E+03     -0.2943168656815667E+04      0.8662537301386768E+07     -0.2549704772130362E+11      0.7504978980986033E+14     -0.2209143163737481E+18
  0.46000000E+03     -0.2954354867361680E+04      0.8728511134999698E+07     -0.2578888250878387E+11      0.7619732288850620E+14     -0.2251447021549386E+18
  0.46100000E+03     -0.2965591994009499E+04      0.8795037205418000E+07     -0.2608427881264015E+11      0.7736327587660783E+14     -0.2294593326768973E+18
  0.46200000E+03     -0.2976707494346292E+04      0.8861092136244776E+07     -0.2637869258913268E+11      0.7852974670114312E+14     -0.2337922089904198E+18
  0.46300000E+03     -0.2987836735186780E+04      0.8927476408462370E+07     -0.2667568241825070E+11      0.7971083096034402E+14     -0.2381957992717801E+18
  0.46400000E+03     -0.2999087885494316E+04      0.8994838367594387E+07     -0.2697817113732251E+11      0.8091827372403858E+14     -0.2427144691236722E+18
  0.46500000E+03     -0.3010131957997446E+04      0.9061204557321344E+07     -0.2727728827586325E+11      0.8211666515554561E+14     -0.2472158200100099E+18
  0.46600000E+03     -0.3021360257339222E+04      0.9128929715367915E+07     -0.2758366985454609E+11      0.8334874273949006E+14     -0.2518609731735256E+18
  0.46700000E+03     -0.3032458879069449E+04      0.9196121886954250E+07     -0.2788877177465570E+11      0.8458024169419833E+14     -0.2565212293356267E+18
  0.46800000E+03     -0.3043522140243917E+04      0.9263346609362112E+07     -0.2819514545537510E+11      0.8582142716137697E+14     -0.2612354346435658E+18
  0.46900000E+03     -0.3054491638515325E+04      0.9330239376396850E+07     -0.2850109390499443E+11      0.8706531223853600E+14     -0.2659767512269460E+18
  0.47000000E+03     -0.3065513608957664E+04      0.9397692699393641E+07     -0.2881071042237184E+11      0.8832861592957345E+14     -0.2708093203284115E+18
  0.47100000E+03     -0.3076659024718094E+04      0.9466155513406377E+07     -0.2912613076946004E+11      0.8962039236949600E+14     -0.2757692041092123E+18
  0.47200000E+03     -0.3087256406165596E+04      0.9531479515606316E+07     -0.2942814230879309E+11      0.9086157883217194E+14     -0.2805515067492336E+18
  0.47300000E+03     -0.3098187807039298E+04      0.9599097400542034E+07     -0.2974184918002964E+11      0.9215532589119747E+14     -0.2855537108318248E+18
  0.47400000E+03     -0.3109147200066906E+04      0.9667128658583578E+07     -0.3005859225943119E+11      0.9346622300477553E+14     -0.2906401834610344E+18
  0.47500000E+03     -0.3120067514967439E+04      0.9735156586941676E+07     -0.3037643768179153E+11      0.9478632508533847E+14     -0.2957804507353334E+18
  0.47600000E+03     -0.3130936436252264E+04      0.9803099186252028E+07     -0.3069498541712285E+11      0.9611393272423586E+14     -0.3009678731199674E+18
  0.47700000E+03     -0.3141725156779450E+04      0.9870775886833485E+07     -0.3101339413120679E+11      0.9744559302296820E+14     -0.3061892914734530E+18
  0.47800000E+03     -0.3152685089769420E+04      0.9939763951313430E+07     -0.3133909327790903E+11      0.9881244689036573E+14     -0.3115672091175370E+18
  0.47900000E+03     -0.3163275469225805E+04      0.1000665471527569E+08     -0.3165597504922309E+11      0.1001468622454217E+15     -0.3168355184684161E+18
  0.48000000E+03     -0.3174089319346952E+04      0.1007518965363519E+08     -0.3198175206950327E+11      0.1015234116826598E+15     -0.3222886995241160E+18
  0.48100000E+03     -0.3184973266019369E+04      0.1014440223194705E+08     -0.3231186319539858E+11      0.1029229926041924E+15     -0.3278518700858417E+18
  0.48200000E+03     -0.3195371791539953E+04      0.1021075411939121E+08     -0.3262941267971426E+11      0.1042739210956869E+15     -0.3332400231167296E+18
  0.48300000E+03     -0.3206074481371050E+04      0.1027926510201646E+08     -0.3295834313393651E+11      0.1056777391081105E+15     -0.3388570197644375E+18
  0.48400000E+03     -0.3216848047634118E+04      0.1034846754319238E+08     -0.3329173882922570E+11      0.1071055195047637E+15     -0.3445895913674750E+18
  0.48500000E+03     -0.3228037901619791E+04      0.1042060830584922E+08     -0.3364057230943639E+11      0.1086049388881295E+15     -0.3506321324187025E+18
  0.48600000E+03     -0.3255934585537882E+04      0.1060473157292522E+08     -0.3455243482532359E+11      0.1126210217694871E+15     -0.3672224260196087E+18
  0.48700000E+03     -0.3418000860511955E+04      0.1168953430404919E+08     -0.4000049612907059E+11      0.1369515907043648E+15     -0.4691296772174296E+18
  0.48800000E+03     -0.3457408094054307E+04      0.1195693338505732E+08     -0.4136201488425842E+11      0.1431168388637187E+15     -0.4953152247074029E+18
  0.48900000E+03     -0.3392986871110737E+04      0.1152070567744276E+08     -0.3914576672380673E+11      0.1331046311485771E+15     -0.4528952289572732E+18
  0.49000000E+03     -0.3443023164509245E+04      0.1185805445486919E+08     -0.4085218642308913E+11      0.1407798565140496E+15     -0.4852708695790890E+18
  0.49100000E+03     -0.3466975987688140E+04      0.1202183491639984E+08     -0.4169240641485072E+11      0.1446128051775890E+15     -0.5016693330912012E+18
  0.49200000E+03     -0.3484804292579161E+04      0.1214516399613834E+08     -0.4233243428903535E+11      0.1475660079616951E+15     -0.5144475221531421E+18
  0.49300000E+03     -0.3494568788860643E+04      0.1221328745655579E+08     -0.4268894005921816E+11      0.1492246145477842E+15     -0.5216826932444600E+18
  0.49400000E+03     -0.3502701696585138E+04      0.1227012368979540E+08     -0.4298690901617543E+11      0.1506134969094551E+15     -0.5277532530499881E+18
  0.49500000E+03     -0.3544793091996389E+04      0.1256588831099614E+08     -0.4454581490377774E+11      0.1579181413149949E+15     -0.5598459443406020E+18
  0.49600000E+03     -0.3559425253473132E+04      0.1266983595486618E+08     -0.4509966731062961E+11      0.1605413502713959E+15     -0.5714940408577989E+18
  0.49700000E+03     -0.3574277241719407E+04      0.1277578390609890E+08     -0.4566652434841293E+11      0.1632373121411745E+15     -0.5835149402897523E+18
  0.49800000E+03     -0.3573896494827742E+04      0.1277325157265985E+08     -0.4565396318837757E+11      0.1631822903639647E+15     -0.5832907433517498E+18
  0.49900000E+03     -0.3587744687832688E+04      0.1287250574360333E+08     -0.4618752481862849E+11      0.1657319768653926E+15     -0.5947137159500645E+18
  0.50000000E+03     -0.3602446795879881E+04      0.1297831303604350E+08     -0.4675865343600549E+11      0.1684724198059584E+15     -0.6070419225525147E+18
  0.50100000E+03     -0.3593174335292753E+04      0.1291122860686212E+08     -0.4639464331836014E+11      0.1667166948929122E+15     -0.5991027606433996E+18
  0.50200000E+03     -0.3624871663739613E+04      0.1314062752527478E+08     -0.4763985535638211E+11      0.1727251762150092E+15     -0.6262846341147968E+18
  0.50300000E+03     -0.3635429337818524E+04      0.1321735599168815E+08     -0.4805811206661777E+11      0.1747519891937362E+15     -0.6354932128456731E+18
  0.50400000E+03     -0.3644188417586822E+04      0.1328100387470880E+08     -0.4840501414820284E+11      0.1764327804814139E+15     -0.6431285579926318E+18
  0.50500000E+03     -0.3679459552920218E+04      0.1353873971580639E+08     -0.4981757836196535E+11      0.1833146397571128E+15     -0.6745619583554161E+18
  0.50600000E+03     -0.3682083940183889E+04      0.1355806265516034E+08     -0.4992428461068026E+11      0.1838384380934338E+15     -0.6769725284842140E+18
  0.50700000E+03     -0.3686133138419708E+04      0.1358789945235622E+08     -0.5008917941662463E+11      0.1846485025356720E+15     -0.6807034299268586E+18
  0.50800000E+03     -0.3691804662994885E+04      0.1362974807250062E+08     -0.5032077706323339E+11      0.1857878207123209E+15     -0.6859580048663210E+18
  0.50900000E+03     -0.3696792674403236E+04      0.1366660598923789E+08     -0.5052504772279446E+11      0.1867941480405652E+15     -0.6906058794963035E+18
  0.51000000E+03     -0.3707033506384487E+04      0.1374242790387237E+08     -0.5094609043134565E+11      0.1888724835698466E+15     -0.7002239304701539E+18
