  0.00000000E+00     -0.2886081014773534E-08      0.1000276772778314E-16     -0.3741119927932919E-25      0.1465962105417461E-33     -0.5931548601436630E-42
  0.10000000E+01     -0.6057428875178738E-03      0.3669244457782589E-06     -0.2222618732882360E-09      0.1346335489138484E-12     -0.8155331467800964E-16
  0.20000000E+01     -0.4348498959044268E-01      0.2673290262330719E-01     -0.2056132732688273E-01      0.1994095403030973E-01     -0.1121334356354084E-01
  0.30000000E+01     -0.1290161176405933E+00      0.9303567704407550E-01     -0.8963621913130893E-01      0.1155360882483852E+00     -0.1512003559842760E+00
  0.40000000E+01     -0.2576991647469997E+00      0.2232405027602726E+00     -0.2679663412148267E+00      0.4336609091702938E+00     -0.8148677856857264E+00
  0.50000000E+01     -0.4300208706565765E+00      0.4535816495721656E+00     -0.6678836377694785E+00      0.1311060881624122E+01     -0.3111392451776049E+01
  0.60000000E+01     -0.6464303441321947E+00      0.8320961998512806E+00     -0.1478515738445112E+01      0.3438018815872698E+01     -0.9775464033246775E+01
  0.70000000E+01     -0.9078229139298801E+00      0.1421467708104590E+01     -0.3010217679926841E+01      0.8186162709347572E+01     -0.2722062591989318E+02
  0.80000000E+01     -0.1213968444439691E+01      0.2293830648329631E+01     -0.5720364300607991E+01      0.1798302431367505E+02     -0.6867615392826427E+02
  0.90000000E+01     -0.1566244313931273E+01      0.3540358143058404E+01     -0.1030563591628272E+02      0.3716668043543847E+02     -0.1613219381725034E+03
  0.10000000E+02     -0.1965388333821267E+01      0.5265817844443607E+01     -0.1775690198202727E+02      0.7301451790880350E+02     -0.3578869454938432E+03
  0.11000000E+02     -0.2411926480251632E+01      0.7590365817866012E+01     -0.2944697196419775E+02      0.1373138819575409E+03     -0.7559399420880802E+03
  0.12000000E+02     -0.2906859660740204E+01      0.1065286409099287E+02     -0.4725462080947069E+02      0.2487548859879993E+03     -0.1532215606961022E+04
  0.13000000E+02     -0.3450966852744500E+01      0.1461002946196729E+02     -0.7368521979235304E+02      0.4360405706530067E+03     -0.2994978809338119E+04
  0.14000000E+02     -0.4045356704974269E+01      0.1963486677002924E+02     -0.1119378221491187E+03      0.7408888308610489E+03     -0.5645175521991339E+04
  0.15000000E+02     -0.4691789419159388E+01      0.2593807729727214E+02     -0.1663890395383466E+03      0.1227778593954505E+04     -0.1035432187789180E+05
  0.16000000E+02     -0.5390408220800461E+01      0.3372971109237686E+02     -0.2423439290087750E+03      0.1986958086568749E+04     -0.1850490609334984E+05
  0.17000000E+02     -0.6143886941714031E+01      0.4327243685253428E+02     -0.3467006867181994E+03      0.3146049183955759E+04     -0.3222390099434296E+05
  0.18000000E+02     -0.6951961947218454E+01      0.5482506545045915E+02     -0.4878978452677667E+03      0.4885092576117613E+04     -0.5489774503560959E+05
  0.19000000E+02     -0.7818715714333415E+01      0.6873848790535779E+02     -0.6772097205893748E+03      0.7463498207235780E+04     -0.9187505798963447E+05
  0.20000000E+02     -0.8744811237191536E+01      0.8534097251024490E+02     -0.9276261498317083E+03      0.1122069686776763E+05     -0.1508997829640285E+06
  0.21000000E+02     -0.9731406166844238E+01      0.1050083289206661E+03     -0.1255368610260196E+04      0.1662418991049990E+05     -0.2437315063273637E+06
  0.22000000E+02     -0.1078300803697747E+02      0.1282223793535526E+03     -0.1681434525363974E+04      0.2432565745983657E+05     -0.3882149193607428E+06
  0.23000000E+02     -0.1190163734064781E+02      0.1554724183126986E+03     -0.2230732441504349E+04      0.3518515241068343E+05     -0.6101988306943348E+06
  0.24000000E+02     -0.1308885948063216E+02      0.1872817932559518E+03     -0.2932980775952854E+04      0.5033157976022667E+05     -0.9467436635772068E+06
  0.25000000E+02     -0.1435011672523853E+02      0.2243249641641516E+03     -0.3826151693323451E+04      0.7130104230080366E+05     -0.1452290607583955E+07
  0.26000000E+02     -0.1568597938915051E+02      0.2672139856500258E+03     -0.4952665064584341E+04      0.1000132046215601E+06     -0.2201140378267885E+07
  0.27000000E+02     -0.1710533134989884E+02      0.3169417394330511E+03     -0.6373900120898065E+04      0.1393161747228658E+06     -0.3309975764094266E+07
  0.28000000E+02     -0.1860949452004418E+02      0.3742844791106714E+03     -0.8152474357657570E+04      0.1925524449557145E+06     -0.4931182097310171E+07
  0.29000000E+02     -0.2020191459229368E+02      0.4402277578109369E+03     -0.1036897664545002E+05      0.2642690119310766E+06     -0.7285557268138834E+07
  0.30000000E+02     -0.2188923973936794E+02      0.5159145519740040E+03     -0.1311802229061157E+05      0.3601363960026498E+06     -0.1066808980218127E+08
  0.31000000E+02     -0.2367769740354391E+02      0.6027262354030701E+03     -0.1652318166717613E+05      0.4880885774343770E+06     -0.1552045272071702E+08
  0.32000000E+02     -0.2557187765446958E+02      0.7020024430472381E+03     -0.2071893384144499E+05      0.6575543419361239E+06     -0.2240986216368099E+08
  0.33000000E+02     -0.2757565394475536E+02      0.8151642396177396E+03     -0.2586153047599613E+05      0.8803597472275825E+06     -0.3209981284432456E+08
  0.34000000E+02     -0.2969569739523866E+02      0.9440273781558814E+03     -0.3215122568607390E+05      0.1172318671437680E+07     -0.4566621385036108E+08
  0.35000000E+02     -0.3193808708397246E+02      0.1090460922252347E+04     -0.3981478524172888E+05      0.1552861310355431E+07     -0.6453280686904798E+08
  0.36000000E+02     -0.3430562692793201E+02      0.1256271630510393E+04     -0.4910164048108405E+05      0.2045192894357868E+07     -0.9052390366635752E+08
  0.37000000E+02     -0.3680097391960597E+02      0.1443428918312936E+04     -0.6030217157080564E+05      0.2678003526325646E+07     -0.1260266749456772E+09
  0.38000000E+02     -0.3942469141882010E+02      0.1653690932768980E+04     -0.7371740452191872E+05      0.3484040301148541E+07     -0.1739898598711290E+09
  0.39000000E+02     -0.4217839415196073E+02      0.1889283925532148E+04     -0.8972910953620302E+05      0.4506289595441238E+07     -0.2384573668638774E+09
  0.40000000E+02     -0.4505872723118900E+02      0.2151643910045867E+04     -0.1086669455544302E+06      0.5787055925049604E+07     -0.3237881451080263E+09
  0.41000000E+02     -0.4806391909549277E+02      0.2442805848520398E+04     -0.1309698376102880E+06      0.7383719594337357E+07     -0.4361107431280885E+09
  0.42000000E+02     -0.5118322177796217E+02      0.2763712496546394E+04     -0.1570111600033423E+06      0.9353988338128693E+07     -0.5822428482813660E+09
  0.43000000E+02     -0.5441901649184077E+02      0.3116444097966466E+04     -0.1872698128812463E+06      0.1176821612332406E+08     -0.7706175918635440E+09
  0.44000000E+02     -0.5775612894585617E+02      0.3501460668646442E+04     -0.2221442292745789E+06      0.1469926969603905E+08     -0.1010972177790433E+10
  0.45000000E+02     -0.6118283450687198E+02      0.3919128092504076E+04     -0.2620184041355308E+06      0.1822323344426917E+08     -0.1314158880168062E+10
  0.46000000E+02     -0.6468561146578836E+02      0.4369267369129806E+04     -0.3072226919613165E+06      0.2241603887867266E+08     -0.1691934954364692E+10
  0.47000000E+02     -0.6825675658999648E+02      0.4852447128274239E+04     -0.3581979582893411E+06      0.2737262709313082E+08     -0.2159179686927568E+10
  0.48000000E+02     -0.7189147471355051E+02      0.5369580642884218E+04     -0.4154433483924092E+06      0.3320097425056567E+08     -0.2733352422078130E+10
  0.49000000E+02     -0.7557537355839754E+02      0.5919512462866209E+04     -0.4791823506671650E+06      0.3998219325672657E+08     -0.3430148743205356E+10
  0.50000000E+02     -0.7929979863096696E+02      0.6502149104025622E+04     -0.5498086584928064E+06      0.4782606123551343E+08     -0.4270077669537510E+10
  0.51000000E+02     -0.8305124062663629E+02      0.7116169984231824E+04     -0.6275320009705676E+06      0.5682362804444915E+08     -0.5272665093068421E+10
  0.52000000E+02     -0.8683471654889216E+02      0.7763287524049846E+04     -0.7129736011643617E+06      0.6712354229715870E+08     -0.6465994612671314E+10
  0.53000000E+02     -0.9063899575520584E+02      0.8442152693570322E+04     -0.8063268951311392E+06      0.7882544738646042E+08     -0.7873700997499432E+10
  0.54000000E+02     -0.9446102782369269E+02      0.9152810473619547E+04     -0.9079855443934668E+06      0.9206142094329974E+08     -0.9525306008982523E+10
  0.55000000E+02     -0.9829621559716738E+02      0.9894720486443770E+04     -0.1018230670511166E+07      0.1069509049720265E+09     -0.1145008143140668E+11
  0.56000000E+02     -0.1021453706436471E+03      0.1066852847322133E+05     -0.1137555302409549E+07      0.1236534137574176E+09     -0.1368525017453876E+11
  0.57000000E+02     -0.1059972334494633E+03      0.1147211811194234E+05     -0.1265976055079859E+07      0.1422594776945680E+09     -0.1625959032841272E+11
  0.58000000E+02     -0.1098620585610812E+03      0.1230814568618557E+05     -0.1404339415462952E+07      0.1629973167429674E+09     -0.1922488969218757E+11
  0.59000000E+02     -0.1137402129374383E+03      0.1317685431969393E+05     -0.1553045299540224E+07      0.1860259138374771E+09     -0.2262393419746837E+11
  0.60000000E+02     -0.1176232656536228E+03      0.1407676964353282E+05     -0.1712252280911046E+07      0.2114812361557328E+09     -0.2649968536825307E+11
  0.61000000E+02     -0.1215217626160857E+03      0.1501038056276666E+05     -0.1882758687434681E+07      0.2395992613165624E+09     -0.3091171734709268E+11
  0.62000000E+02     -0.1254275922166815E+03      0.1597603693071270E+05     -0.2064660092640948E+07      0.2705132947232336E+09     -0.3590695638588256E+11
  0.63000000E+02     -0.1293429650697065E+03      0.1697480205482723E+05     -0.2258609527324832E+07      0.3044665905346583E+09     -0.4155432945672823E+11
  0.64000000E+02     -0.1332704743008799E+03      0.1800729376567621E+05     -0.2465076411983058E+07      0.3416606631831256E+09     -0.4791623762548048E+11
  0.65000000E+02     -0.1372113285812153E+03      0.1907429595750279E+05     -0.2684664775431054E+07      0.3823439944680716E+09     -0.5506850320667503E+11
  0.66000000E+02     -0.1411611149432683E+03      0.2017492891449635E+05     -0.2917628656731469E+07      0.4267079060684966E+09     -0.6308056639905514E+11
  0.67000000E+02     -0.1451302448428362E+03      0.2131261358144915E+05     -0.3165174373903543E+07      0.4751402740184238E+09     -0.7206230969780444E+11
  0.68000000E+02     -0.1491241255218330E+03      0.2248913281446771E+05     -0.3428113619464030E+07      0.5279513252999617E+09     -0.8211132408405525E+11
  0.69000000E+02     -0.1531323709774932E+03      0.2370188330537016E+05     -0.3706346362084052E+07      0.5852894114649347E+09     -0.9330076881332913E+11
  0.70000000E+02     -0.1571561059228563E+03      0.2495165162284229E+05     -0.4000545208738984E+07      0.6474705004467213E+09     -0.1057409919813547E+12
  0.71000000E+02     -0.1611903601484470E+03      0.2623735707275473E+05     -0.4310947919933035E+07      0.7147256219238604E+09     -0.1195289998979381E+12
  0.72000000E+02     -0.1652498247009199E+03      0.2756428953755951E+05     -0.4639387726977579E+07      0.7876568042496222E+09     -0.1348467127054973E+12
  0.73000000E+02     -0.1693364085204250E+03      0.2893345633961988E+05     -0.4986600190805926E+07      0.8666178992313502E+09     -0.1518249964518942E+12
  0.74000000E+02     -0.1734415993255608E+03      0.3034256002666268E+05     -0.5352568655049906E+07      0.9518264451955590E+09     -0.1705773504122180E+12
  0.75000000E+02     -0.1775719928718218E+03      0.3179425029060900E+05     -0.5738490277178368E+07      0.1043770421128372E+10     -0.1912763326412702E+12
  0.76000000E+02     -0.1817229282321817E+03      0.3328755834660684E+05     -0.6144704756099101E+07      0.1142769245815853E+10     -0.2140684450769246E+12
  0.77000000E+02     -0.1858970812461490E+03      0.3482409328668591E+05     -0.6572251893813995E+07      0.1249322744701463E+10     -0.2391475854316594E+12
  0.78000000E+02     -0.1900992961704549E+03      0.3640622100098408E+05     -0.7022397967724580E+07      0.1364004964322677E+10     -0.2667339933293397E+12
  0.79000000E+02     -0.1943167451346404E+03      0.3802965391539514E+05     -0.7494511530691319E+07      0.1486911702528003E+10     -0.2969373000792906E+12
  0.80000000E+02     -0.1985496213596401E+03      0.3969483039702691E+05     -0.7989278295050135E+07      0.1618480405634747E+10     -0.3299556418369269E+12
  0.81000000E+02     -0.2027987801794692E+03      0.4140235047882314E+05     -0.8507411965216333E+07      0.1759160616024471E+10     -0.3659955361230841E+12
  0.82000000E+02     -0.2070640816588025E+03      0.4315284593380104E+05     -0.9049773553183869E+07      0.1909488967393290E+10     -0.4053021730009576E+12
  0.83000000E+02     -0.2113564167324053E+03      0.4495123822696909E+05     -0.9618496537470493E+07      0.2070351476427436E+10     -0.4482162811261913E+12
  0.84000000E+02     -0.2156627308685868E+03      0.4679231625362471E+05     -0.1021248093451083E+08      0.2241720065450300E+10     -0.4948391151741274E+12
  0.85000000E+02     -0.2199828562518450E+03      0.4867673407264737E+05     -0.1083265578382579E+08      0.2424205627598023E+10     -0.5454661189108963E+12
  0.86000000E+02     -0.2243196319638032E+03      0.5060609296665146E+05     -0.1148014390491603E+08      0.2618449810615949E+10     -0.6003982882997622E+12
  0.87000000E+02     -0.2286748332906535E+03      0.5258120205601736E+05     -0.1215571598132670E+08      0.2824977645192270E+10     -0.6599069854895546E+12
  0.88000000E+02     -0.2330314255404699E+03      0.5459507399839855E+05     -0.1285772881373888E+08      0.3043662423589170E+10     -0.7241053961941664E+12
  0.89000000E+02     -0.2374066110971290E+03      0.5665590478543303E+05     -0.1358962153656274E+08      0.3275907852570197E+10     -0.7935465047319098E+12
  0.90000000E+02     -0.2417942518360680E+03      0.5876078916754737E+05     -0.1435085703371302E+08      0.3521854320562057E+10     -0.8684099290321470E+12
  0.91000000E+02     -0.2461917310959855E+03      0.6090913905317314E+05     -0.1514196907440705E+08      0.3782075542392234E+10     -0.9490402755128484E+12
  0.92000000E+02     -0.2506016134363798E+03      0.6310227485505385E+05     -0.1596398247160093E+08      0.4057251144333884E+10     -0.1035804486008206E+13
  0.93000000E+02     -0.2550250994963756E+03      0.6534101687603686E+05     -0.1681778826196345E+08      0.4348037917382191E+10     -0.1129072924267217E+13
  0.94000000E+02     -0.2594409222868794E+03      0.6761505014394296E+05     -0.1770013642483267E+08      0.4653732922152412E+10     -0.1228803439835158E+13
  0.95000000E+02     -0.2638706315523267E+03      0.6993506768561444E+05     -0.1861554144619959E+08      0.4976203681948405E+10     -0.1335760712042880E+13
  0.96000000E+02     -0.2682967594471893E+03      0.7229272138439823E+05     -0.1956153573075030E+08      0.5315047962252997E+10     -0.1450023391940256E+13
  0.97000000E+02     -0.2727280334612104E+03      0.7469195268206231E+05     -0.2053993809060822E+08      0.5671185182409680E+10     -0.1572052388461750E+13
  0.98000000E+02     -0.2771642976125936E+03      0.7713337417245145E+05     -0.2155180541672273E+08      0.6045480164992088E+10     -0.1702371120203329E+13
  0.99000000E+02     -0.2816028011509449E+03      0.7961511289688782E+05     -0.2259673625844667E+08      0.6438112952890546E+10     -0.1841221537086831E+13
  0.10000000E+03     -0.2860406747108163E+03      0.8213588572964116E+05     -0.2367483312905231E+08      0.6849550781174397E+10     -0.1988985513843448E+13
  0.10100000E+03     -0.2904868371054994E+03      0.8470089820798626E+05     -0.2478890724809633E+08      0.7281285731332550E+10     -0.2146418375166129E+13
  0.10200000E+03     -0.2949300571092313E+03      0.8730348564899142E+05     -0.2593652570706215E+08      0.7732761165062024E+10     -0.2313532521840150E+13
  0.10300000E+03     -0.2993785838837434E+03      0.8994875431954012E+05     -0.2712055995341047E+08      0.8205543012909292E+10     -0.2491139025517674E+13
  0.10400000E+03     -0.3038446452204575E+03      0.9264423081476647E+05     -0.2834503144668996E+08      0.8701708156571535E+10     -0.2680272638188729E+13
  0.10500000E+03     -0.3082880673368780E+03      0.9536576045388842E+05     -0.2959953791385244E+08      0.9217483263350481E+10     -0.2879742386709069E+13
  0.10600000E+03     -0.3127547636499470E+03      0.9814103869920457E+05     -0.3089718032018915E+08      0.9758606605552050E+10     -0.3091985101632637E+13
  0.10700000E+03     -0.3172183627852338E+03      0.1009542151265952E+06     -0.3223132324240029E+08      0.1032285017765121E+11     -0.3316421444754655E+13
  0.10800000E+03     -0.3216919255163137E+03      0.1038139105137485E+06     -0.3360677330652349E+08      0.1091277299347768E+11     -0.3554365845316860E+13
  0.10900000E+03     -0.3261586461990375E+03      0.1067088088360061E+06     -0.3501834222787113E+08      0.1152648173675949E+11     -0.3805276579488880E+13
  0.11000000E+03     -0.3306420428729549E+03      0.1096546744943488E+06     -0.3647451272849851E+08      0.1216824258601744E+11     -0.4071227891530180E+13
  0.11100000E+03     -0.3351362533417641E+03      0.1126480151770667E+06     -0.3797427264761078E+08      0.1283815654819698E+11     -0.4352583041130951E+13
  0.11200000E+03     -0.3396302144641112E+03      0.1156813822464164E+06     -0.3951438712610315E+08      0.1353523749243922E+11     -0.4649218716434234E+13
  0.11300000E+03     -0.3441235876416908E+03      0.1187546921306766E+06     -0.4109543155805538E+08      0.1426026740087209E+11     -0.4961790771592494E+13
  0.11400000E+03     -0.3486342378802851E+03      0.1218801167155692E+06     -0.4272417263716014E+08      0.1501682005864105E+11     -0.5292144520958023E+13
  0.11500000E+03     -0.3531378323865646E+03      0.1250414678102119E+06     -0.4439307085697777E+08      0.1580205970342560E+11     -0.5639440166318930E+13
  0.11600000E+03     -0.3576494953859549E+03      0.1282488268542881E+06     -0.4610772397931048E+08      0.1661900857272239E+11     -0.6005298906374992E+13
  0.11700000E+03     -0.3621856955142289E+03      0.1315146443097511E+06     -0.4787572540173301E+08      0.1747198484494277E+11     -0.6392080206451191E+13
  0.11800000E+03     -0.3667264536559472E+03      0.1348254137810665E+06     -0.4969079659508340E+08      0.1835872434846766E+11     -0.6799223702469870E+13
  0.11900000E+03     -0.3712883030291150E+03      0.1381928262662416E+06     -0.5155972094047479E+08      0.1928299894149820E+11     -0.7228795659672744E+13
  0.12000000E+03     -0.3758644955257458E+03      0.1416124493471146E+06     -0.5348090248490410E+08      0.2024472028803102E+11     -0.7681206599988549E+13
  0.12100000E+03     -0.3804570215394911E+03      0.1450863645351165E+06     -0.5545640942018253E+08      0.2124565205587394E+11     -0.8157757848373560E+13
  0.12200000E+03     -0.3850646612159183E+03      0.1486137928119721E+06     -0.5748645691357350E+08      0.2228652503887133E+11     -0.8659228875587379E+13
  0.12300000E+03     -0.3896840779299456E+03      0.1521933190889364E+06     -0.5957147539449906E+08      0.2336849656600054E+11     -0.9186770546314814E+13
  0.12400000E+03     -0.3943320741952775E+03      0.1558380151202069E+06     -0.6171970466276348E+08      0.2449647201592855E+11     -0.9743228187373854E+13
  0.12500000E+03     -0.3989943226943814E+03      0.1595371284639074E+06     -0.6392568876907250E+08      0.2566835964462655E+11     -0.1032810250733548E+14
  0.12600000E+03     -0.4036864675471525E+03      0.1633039984964894E+06     -0.6619855334993645E+08      0.2688995323531625E+11     -0.1094491695323627E+14
  0.12700000E+03     -0.4083848618084781E+03      0.1671200003686851E+06     -0.6852789209710822E+08      0.2815643380180091E+11     -0.1159179267787000E+14
  0.12800000E+03     -0.4131145924512435E+03      0.1710060089537080E+06     -0.7092734862412800E+08      0.2947603009492308E+11     -0.1227350855147448E+14
  0.12900000E+03     -0.4178794448195246E+03      0.1749665142066450E+06     -0.7340121674798229E+08      0.3085230375541448E+11     -0.1299271007084020E+14
  0.13000000E+03     -0.4226759253022373E+03      0.1789989140120452E+06     -0.7594871408117341E+08      0.3228564940961149E+11     -0.1375022416542276E+14
  0.13100000E+03     -0.4274912138149439E+03      0.1830932342258130E+06     -0.7856468225619784E+08      0.3377416166927831E+11     -0.1454575601438629E+14
  0.13200000E+03     -0.4323193983054935E+03      0.1872451438809789E+06     -0.8124746176092204E+08      0.3531789943022051E+11     -0.1538007030442634E+14
  0.13300000E+03     -0.4371951128330524E+03      0.1914851240858375E+06     -0.8401787753155531E+08      0.3692988141383024E+11     -0.1626096867270090E+14
  0.13400000E+03     -0.4421136141742772E+03      0.1958109176460251E+06     -0.8687638726449502E+08      0.3861190945172529E+11     -0.1719049770607177E+14
  0.13500000E+03     -0.4470662075672275E+03      0.2002155389157396E+06     -0.8981950979495469E+08      0.4036300962869615E+11     -0.1816893552829563E+14
  0.13600000E+03     -0.4520616398836304E+03      0.2047080013406135E+06     -0.9285484015300845E+08      0.4218907701350728E+11     -0.1920058900452437E+14
  0.13700000E+03     -0.4570921588364683E+03      0.2092825022724163E+06     -0.9597998931537794E+08      0.4409003835354230E+11     -0.2028643549976940E+14
  0.13800000E+03     -0.4621572770477544E+03      0.2139399335580346E+06     -0.9919724542578748E+08      0.4606876919340160E+11     -0.2142922705147525E+14
  0.13900000E+03     -0.4672632454514898E+03      0.2186869367684628E+06     -0.1025125982496973E+09      0.4813029400654680E+11     -0.2263291364149234E+14
  0.14000000E+03     -0.4724180494369707E+03      0.2235320952021723E+06     -0.1059336544303323E+09      0.5028083967450049E+11     -0.2390229148122600E+14
  0.14100000E+03     -0.4776083864273016E+03      0.2284647155405558E+06     -0.1094549627983655E+09      0.5251881208585316E+11     -0.2523780243379964E+14
  0.14200000E+03     -0.4828600991605882E+03      0.2335104521912091E+06     -0.1130964703488864E+09      0.5485846278594684E+11     -0.2664920808577009E+14
  0.14300000E+03     -0.4881551774804840E+03      0.2386538790297821E+06     -0.1168492705071693E+09      0.5729605670956357E+11     -0.2813578835641632E+14
  0.14400000E+03     -0.4934963522155005E+03      0.2438990185447806E+06     -0.1207181764622351E+09      0.5983650650526663E+11     -0.2970197133207753E+14
  0.14500000E+03     -0.4988902738057725E+03      0.2492542166224077E+06     -0.1247116093186842E+09      0.6248743348152710E+11     -0.3135411549337107E+14
  0.14600000E+03     -0.5043046774765054E+03      0.2546879905173598E+06     -0.1288074527758483E+09      0.6523568674185436E+11     -0.3308536718051762E+14
  0.14700000E+03     -0.5097655955985722E+03      0.2602284218182125E+06     -0.1330293027728601E+09      0.6809936504597215E+11     -0.3490895390874748E+14
  0.14800000E+03     -0.5152703184055006E+03      0.2658735368488476E+06     -0.1373772410569082E+09      0.7108026991927608E+11     -0.3682755921518059E+14
  0.14900000E+03     -0.5208015440834099E+03      0.2716071084414704E+06     -0.1418409003927192E+09      0.7417341213261674E+11     -0.3883975643391147E+14
  0.15000000E+03     -0.5263924472224406E+03      0.2774643630494449E+06     -0.1464494151540373E+09      0.7740089385766882E+11     -0.4096163915231506E+14
  0.15100000E+03     -0.5319904969637612E+03      0.2833918575716978E+06     -0.1511630057549488E+09      0.8073715572890945E+11     -0.4317838001394052E+14
  0.15200000E+03     -0.5376224823810650E+03      0.2894186861491304E+06     -0.1560064711778319E+09      0.8420169140864525E+11     -0.4550472664896498E+14
  0.15300000E+03     -0.5432751752595050E+03      0.2955311854141008E+06     -0.1609702494148414E+09      0.8778940225857970E+11     -0.4793890876814231E+14
  0.15400000E+03     -0.5489525019814428E+03      0.3017342711617296E+06     -0.1660599790453933E+09      0.9150634785470116E+11     -0.5048692065164450E+14
  0.15500000E+03     -0.5546369143644007E+03      0.3080098494249816E+06     -0.1712627882428060E+09      0.9534536143889540E+11     -0.5314592032514259E+14
  0.15600000E+03     -0.5603319120545995E+03      0.3143623087668176E+06     -0.1765838416807829E+09      0.9931218158503079E+11     -0.5592177033066245E+14
  0.15700000E+03     -0.5660493885289485E+03      0.3208049805514136E+06     -0.1820354817630456E+09      0.1034177166798949E+12     -0.5882387660863094E+14
  0.15800000E+03     -0.5717551882095047E+03      0.3272996387100988E+06     -0.1875867026469614E+09      0.1076404645326749E+12     -0.6183893597537134E+14
  0.15900000E+03     -0.5774945572365007E+03      0.3338979709375666E+06     -0.1932829490592563E+09      0.1120167939393549E+12     -0.6499479519245502E+14
  0.16000000E+03     -0.5832406525865848E+03      0.3405700675895517E+06     -0.1991003549512985E+09      0.1165307375075627E+12     -0.6828227000599300E+14
  0.16100000E+03     -0.5889889246580692E+03      0.3473103729402868E+06     -0.2050349581629633E+09      0.1211807688748784E+12     -0.7170200159693984E+14
  0.16200000E+03     -0.5947290375616197E+03      0.3541074750548698E+06     -0.2110784988939159E+09      0.1259627270711291E+12     -0.7525329674950788E+14
  0.16300000E+03     -0.6004633269873883E+03      0.3609634574697258E+06     -0.2172333414223632E+09      0.1308797672361036E+12     -0.7894010167817483E+14
  0.16400000E+03     -0.6062103177646575E+03      0.3678997204170068E+06     -0.2235191420688654E+09      0.1359488361322770E+12     -0.8277671905683720E+14
  0.16500000E+03     -0.6119593123655453E+03      0.3749047565384514E+06     -0.2299278586566117E+09      0.1411662645379699E+12     -0.8676317395186672E+14
  0.16600000E+03     -0.6177069909667224E+03      0.3819749290479076E+06     -0.2364576980442347E+09      0.1465327825953058E+12     -0.9090241379454312E+14
  0.16700000E+03     -0.6234312833966115E+03      0.3890813950630823E+06     -0.2430816316925999E+09      0.1520268179941830E+12     -0.9517903251822539E+14
  0.16800000E+03     -0.6291674909756232E+03      0.3962688473714885E+06     -0.2498432261860159E+09      0.1576869957922995E+12     -0.9962573678372384E+14
  0.16900000E+03     -0.6349067641715579E+03      0.4035254938784627E+06     -0.2567318577835629E+09      0.1635057592919592E+12     -0.1042383780568638E+15
  0.17000000E+03     -0.6406318292216674E+03      0.4108301962656244E+06     -0.2637292477792928E+09      0.1694701216021806E+12     -0.1090093504591134E+15
  0.17100000E+03     -0.6463652377037508E+03      0.4182114006404025E+06     -0.2708634900098348E+09      0.1756057324463080E+12     -0.1139613179950934E+15
  0.17200000E+03     -0.6520818718772325E+03      0.4256362122950206E+06     -0.2781033765015320E+09      0.1818872192886096E+12     -0.1190757601473663E+15
  0.17300000E+03     -0.6578025152831731E+03      0.4331319580855377E+06     -0.2854769891514184E+09      0.1883411523630331E+12     -0.1243768853793159E+15
  0.17400000E+03     -0.6635124407550917E+03      0.4406786532114487E+06     -0.2929650872518979E+09      0.1949520107281398E+12     -0.1298538088225968E+15
  0.17500000E+03     -0.6692285557950731E+03      0.4482988542568095E+06     -0.3005914346183142E+09      0.2017430259705764E+12     -0.1355284931926474E+15
  0.17600000E+03     -0.6749459959734832E+03      0.4559860386040254E+06     -0.3083505366712300E+09      0.2087111759860987E+12     -0.1414007679469796E+15
  0.17700000E+03     -0.6806554098503052E+03      0.4637280872586956E+06     -0.3162317911292343E+09      0.2158494517655419E+12     -0.1474677243985058E+15
  0.17800000E+03     -0.6863593064531718E+03      0.4715279591289437E+06     -0.3242388600323315E+09      0.2231627518668665E+12     -0.1537357107529509E+15
  0.17900000E+03     -0.6920501981516686E+03      0.4793746335531484E+06     -0.3323607260872154E+09      0.2306422839908799E+12     -0.1601991344429323E+15
  0.18000000E+03     -0.6977426800632196E+03      0.4872882926920304E+06     -0.3406194631778047E+09      0.2383104965257158E+12     -0.1668801125295284E+15
  0.18100000E+03     -0.7034162226457835E+03      0.4952398993993286E+06     -0.3489853308174039E+09      0.2461412980762146E+12     -0.1737581067592827E+15
  0.18200000E+03     -0.7090998553793073E+03      0.5032714253921703E+06     -0.3575049647355215E+09      0.2541817095518678E+12     -0.1808782935561603E+15
  0.18300000E+03     -0.7147839402169780E+03      0.5113675700815827E+06     -0.3661614964880774E+09      0.2624162857615995E+12     -0.1882283651444598E+15
  0.18400000E+03     -0.7204629398255452E+03      0.5195211740312914E+06     -0.3749491269923842E+09      0.2708422977653099E+12     -0.1958092831593861E+15
  0.18500000E+03     -0.7261361970728592E+03      0.5277309977044809E+06     -0.3838673061886440E+09      0.2794610294731095E+12     -0.2036247826690104E+15
  0.18600000E+03     -0.7318097214444808E+03      0.5360054594269322E+06     -0.3929259691283479E+09      0.2882838977221852E+12     -0.2116878126208476E+15
  0.18700000E+03     -0.7374679937663369E+03      0.5443221717296204E+06     -0.4021019792759945E+09      0.2972907757337953E+12     -0.2199831546721772E+15
  0.18800000E+03     -0.7431393926974241E+03      0.5527218277619681E+06     -0.4114401636726504E+09      0.3065266268897458E+12     -0.2285540552152141E+15
  0.18900000E+03     -0.7488018991044207E+03      0.5611730338463860E+06     -0.4209081027957547E+09      0.3159629522697292E+12     -0.2373784020614670E+15
  0.19000000E+03     -0.7544743853694843E+03      0.5697031471227518E+06     -0.4305366609223567E+09      0.3256318463171382E+12     -0.2464884994346312E+15
  0.19100000E+03     -0.7601021182042927E+03      0.5782301276604467E+06     -0.4402345407550519E+09      0.3354439489684406E+12     -0.2558032830446387E+15
  0.19200000E+03     -0.7657324635216545E+03      0.5868244753659149E+06     -0.4500816316622494E+09      0.3454809538962932E+12     -0.2654022197902165E+15
  0.19300000E+03     -0.7713896810127412E+03      0.5955240035992432E+06     -0.4601232509704968E+09      0.3557921977888156E+12     -0.2753365654684961E+15
  0.19400000E+03     -0.7770121119190918E+03      0.6042333158034781E+06     -0.4702496639652026E+09      0.3662664630312026E+12     -0.2855016121641471E+15
  0.19500000E+03     -0.7826241710704697E+03      0.6129900652770079E+06     -0.4805055755748781E+09      0.3769520989092155E+12     -0.2959474419036012E+15
  0.19600000E+03     -0.7882274646017659E+03      0.6217957382660740E+06     -0.4908925500230031E+09      0.3878516099262339E+12     -0.3066783909602203E+15
  0.19700000E+03     -0.7938220540375751E+03      0.6306509507970300E+06     -0.5014130100848939E+09      0.3989704527940139E+12     -0.3177038156535928E+15
  0.19800000E+03     -0.7994171321625169E+03      0.6395694420982196E+06     -0.5120833862611903E+09      0.4103272356854307E+12     -0.3290445176789869E+15
  0.19900000E+03     -0.8049914391140614E+03      0.6485166897729071E+06     -0.5228626470516381E+09      0.4218796727932750E+12     -0.3406607462106432E+15
  0.20000000E+03     -0.8105672226745492E+03      0.6575288090522616E+06     -0.5337958400909638E+09      0.4336788124156130E+12     -0.3526077415331838E+15
  0.20100000E+03     -0.8161267633628338E+03      0.6665766174515072E+06     -0.5448479381400356E+09      0.4456883718008625E+12     -0.3648514280590534E+15
  0.20200000E+03     -0.8216684651069245E+03      0.6756570925589190E+06     -0.5560157752091867E+09      0.4579066166136336E+12     -0.3773929322643471E+15
  0.20300000E+03     -0.8272033230731341E+03      0.6847882015971262E+06     -0.5673224273186818E+09      0.4703609988857136E+12     -0.3902638594830327E+15
  0.20400000E+03     -0.8327241936156958E+03      0.6939572679883845E+06     -0.5787521476045434E+09      0.4830352756387676E+12     -0.4034497556179748E+15
  0.20500000E+03     -0.8382211701249512E+03      0.7031474979678235E+06     -0.5902845524062413E+09      0.4959085367927292E+12     -0.4169317548032134E+15
  0.20600000E+03     -0.8437029996091341E+03      0.7123729742945769E+06     -0.6019376546653771E+09      0.5090024059035759E+12     -0.4307352770875252E+15
  0.20700000E+03     -0.8491715893352579E+03      0.7216360801833995E+06     -0.6137144092207743E+09      0.5223212503718636E+12     -0.4448671990425654E+15
  0.20800000E+03     -0.8546168404271870E+03      0.7309196341045620E+06     -0.6255939128046939E+09      0.5358436635286606E+12     -0.4593084163232018E+15
  0.20900000E+03     -0.8600548664709287E+03      0.7402499109541628E+06     -0.6376092239243206E+09      0.5496077362924973E+12     -0.4741012768889134E+15
  0.21000000E+03     -0.8654626074016958E+03      0.7495873081693915E+06     -0.6497102368019717E+09      0.5635581703085347E+12     -0.4891897609758588E+15
  0.21100000E+03     -0.8708501084762723E+03      0.7589484019466552E+06     -0.6619184437003527E+09      0.5777209145515276E+12     -0.5046044578139504E+15
  0.21200000E+03     -0.8762051298558478E+03      0.7683103696199314E+06     -0.6742029853518430E+09      0.5920599791073856E+12     -0.5203071633369701E+15
  0.21300000E+03     -0.8815387697267935E+03      0.7776925501655111E+06     -0.6865900902490962E+09      0.6066080676400536E+12     -0.5363371777817047E+15
  0.21400000E+03     -0.8868330980131844E+03      0.7870621468708301E+06     -0.6990357118579584E+09      0.6213136467429750E+12     -0.5526391182499804E+15
  0.21500000E+03     -0.8920927199438523E+03      0.7964263466502373E+06     -0.7115490431520258E+09      0.6361882539947915E+12     -0.5692277335332231E+15
  0.21600000E+03     -0.8973315782372141E+03      0.8058085213970385E+06     -0.7241602737772516E+09      0.6512676052127340E+12     -0.5861438569607960E+15
  0.21700000E+03     -0.9025431293177057E+03      0.8151967971327290E+06     -0.7368540901098657E+09      0.6665351875489512E+12     -0.6033721310746386E+15
  0.21800000E+03     -0.9077112979869546E+03      0.8245603236647781E+06     -0.7495870765545770E+09      0.6819377626246179E+12     -0.6208524915775129E+15
  0.21900000E+03     -0.9128352655154118E+03      0.8338970742842190E+06     -0.7623565839597105E+09      0.6974732787184719E+12     -0.6385850804607386E+15
  0.22000000E+03     -0.9179235139630731E+03      0.8432201973051545E+06     -0.7751782470059808E+09      0.7131588855608270E+12     -0.6565884623918648E+15
  0.22100000E+03     -0.9229711820577456E+03      0.8525206721161709E+06     -0.7880402999762306E+09      0.7289819458981523E+12     -0.6748512666314832E+15
  0.22200000E+03     -0.9279770691645979E+03      0.8617945781879361E+06     -0.8009357775429317E+09      0.7449330026778180E+12     -0.6933627226280114E+15
  0.22300000E+03     -0.9329363711219198E+03      0.8710310284944725E+06     -0.8138474759160619E+09      0.7609890859578419E+12     -0.7120952185912178E+15
  0.22400000E+03     -0.9378337228678005E+03      0.8802004372773275E+06     -0.8267334179871746E+09      0.7770981438053901E+12     -0.7309892721881842E+15
  0.22500000E+03     -0.9427002984634444E+03      0.8893586954253244E+06     -0.8396693684830341E+09      0.7933522945142983E+12     -0.7501509128726070E+15
  0.22600000E+03     -0.9475369797738423E+03      0.8985076780428996E+06     -0.8526589145039912E+09      0.8097580221097911E+12     -0.7695910562541296E+15
  0.22700000E+03     -0.9523231970939017E+03      0.9076064833383790E+06     -0.8656418683540676E+09      0.8262375381365564E+12     -0.7892164953359028E+15
  0.22800000E+03     -0.9571086060328702E+03      0.9167475199711493E+06     -0.8787478165434339E+09      0.8429531684635822E+12     -0.8092188290337876E+15
  0.22900000E+03     -0.9618282725185703E+03      0.9258076519097335E+06     -0.8918021202220339E+09      0.8596853963672974E+12     -0.8293401812954595E+15
  0.23000000E+03     -0.9665373036442118E+03      0.9348905944221067E+06     -0.9049518180842299E+09      0.8766203582383502E+12     -0.8498024845050079E+15
  0.23100000E+03     -0.9712318822586930E+03      0.9439867273506589E+06     -0.9181802267955303E+09      0.8937336757330126E+12     -0.8705735773615160E+15
  0.23200000E+03     -0.9759051497587787E+03      0.9530849709273265E+06     -0.9314750475697546E+09      0.9110151506739198E+12     -0.8916489597701548E+15
  0.23300000E+03     -0.9805607681093198E+03      0.9621908663131848E+06     -0.9448425806578213E+09      0.9284713107428082E+12     -0.9130353791098529E+15
  0.23400000E+03     -0.9852420275547561E+03      0.9713890362975495E+06     -0.9584075331058635E+09      0.9462663481591495E+12     -0.9349365104619406E+15
  0.23500000E+03     -0.9899580547280427E+03      0.9806991377796838E+06     -0.9722019850817773E+09      0.9644471140483198E+12     -0.9574167492781406E+15
  0.23600000E+03     -0.9946925359233265E+03      0.9900890831067814E+06     -0.9861791821864556E+09      0.9829538297519630E+12     -0.9804054438158484E+15
  0.23700000E+03     -0.9994562470983662E+03      0.9995813551202184E+06     -0.1000374796708483E+10      0.1001837371874562E+13     -0.1003971207326154E+16
  0.23800000E+03     -0.1004276567662573E+04      0.1009231997675574E+07     -0.1014875486643491E+10      0.1021217616097347E+13     -0.1028270384441205E+16
  0.23900000E+03     -0.1009137992399496E+04      0.1019011807166366E+07     -0.1029640781717530E+10      0.1041045885869333E+13     -0.1053249789441694E+16
  0.24000000E+03     -0.1014054206348760E+04      0.1028949464727589E+07     -0.1044716396660838E+10      0.1061387709076169E+13     -0.1078998305471551E+16
  0.24100000E+03     -0.1019029840647628E+04      0.1039056122205495E+07     -0.1060122649307694E+10      0.1082276002143410E+13     -0.1105565704591910E+16
  0.24200000E+03     -0.1024058443613735E+04      0.1049320781467985E+07     -0.1075846709708289E+10      0.1103699674072368E+13     -0.1132947114531665E+16
  0.24300000E+03     -0.1029167935709861E+04      0.1059803100806852E+07     -0.1091984838029065E+10      0.1125797579514408E+13     -0.1161331197026550E+16
  0.24400000E+03     -0.1034335467742445E+04      0.1070457689713560E+07     -0.1108470258754395E+10      0.1148483647252369E+13     -0.1190615702176438E+16
  0.24500000E+03     -0.1039565943441369E+04      0.1081297535445753E+07     -0.1125328366832326E+10      0.1171801275426473E+13     -0.1220869039943568E+16
  0.24600000E+03     -0.1044856906460006E+04      0.1092318619112238E+07     -0.1142555448849725E+10      0.1195750031053641E+13     -0.1252098289181300E+16
  0.24700000E+03     -0.1050220167335352E+04      0.1103548323620397E+07     -0.1160199604809444E+10      0.1220405457929384E+13     -0.1284414970852834E+16
  0.24800000E+03     -0.1055637888780777E+04      0.1114950892992413E+07     -0.1178208095719184E+10      0.1245699973805527E+13     -0.1317740217472865E+16
  0.24900000E+03     -0.1061125379618281E+04      0.1126560954616485E+07     -0.1196640362508831E+10      0.1271725070938172E+13     -0.1352206848202288E+16
  0.25000000E+03     -0.1066663923143602E+04      0.1138340983704244E+07     -0.1215441169446095E+10      0.1298410353741071E+13     -0.1387733621835220E+16
  0.25100000E+03     -0.1072253489113799E+04      0.1150292573752331E+07     -0.1234616778140309E+10      0.1325771503630767E+13     -0.1424352470419805E+16
  0.25200000E+03     -0.1077844716897010E+04      0.1162310278706098E+07     -0.1253999190254153E+10      0.1353571955718491E+13     -0.1461752939327928E+16
  0.25300000E+03     -0.1083535761097544E+04      0.1174607545982399E+07     -0.1273937769651655E+10      0.1382321738574845E+13     -0.1500635341086301E+16
  0.25400000E+03     -0.1089258319130201E+04      0.1187038912360660E+07     -0.1294201205303172E+10      0.1411695438090329E+13     -0.1540572664015123E+16
  0.25500000E+03     -0.1094996560321253E+04      0.1199570641598961E+07     -0.1314736714731564E+10      0.1441621393112274E+13     -0.1581476307305883E+16
  0.25600000E+03     -0.1100802336949780E+04      0.1212317518291098E+07     -0.1335736137807591E+10      0.1472386386887034E+13     -0.1623750522118786E+16
  0.25700000E+03     -0.1106650628581187E+04      0.1225225936534813E+07     -0.1357114513890415E+10      0.1503872556832393E+13     -0.1667244762073977E+16
  0.25800000E+03     -0.1112530480746091E+04      0.1238273560954324E+07     -0.1378839090806997E+10      0.1536039649713025E+13     -0.1711916850594534E+16
  0.25900000E+03     -0.1118431743491841E+04      0.1251438564204539E+07     -0.1400875977891656E+10      0.1568843023967978E+13     -0.1757715125211273E+16
  0.26000000E+03     -0.1124377037563828E+04      0.1264773094208241E+07     -0.1423316501776637E+10      0.1602426444248077E+13     -0.1804853743352015E+16
  0.26100000E+03     -0.1130335907641414E+04      0.1278208738462828E+07     -0.1446046654671895E+10      0.1636622911580001E+13     -0.1853106095475066E+16
  0.26200000E+03     -0.1136313549134378E+04      0.1291758500462554E+07     -0.1469091873862706E+10      0.1671477754347875E+13     -0.1902548757286910E+16
  0.26300000E+03     -0.1142318488014086E+04      0.1305442303451288E+07     -0.1492488366577416E+10      0.1707051218724210E+13     -0.1953277761987904E+16
  0.26400000E+03     -0.1148338255318393E+04      0.1319232874115520E+07     -0.1516192775535670E+10      0.1743284370144846E+13     -0.2005221892931268E+16
  0.26500000E+03     -0.1154385371876168E+04      0.1333159334759535E+07     -0.1540257225097631E+10      0.1780262045682851E+13     -0.2058513044903744E+16
  0.26600000E+03     -0.1160447047552826E+04      0.1347192338000236E+07     -0.1564632525120869E+10      0.1817913040574989E+13     -0.2113057850686705E+16
  0.26700000E+03     -0.1166522429528105E+04      0.1361331524227981E+07     -0.1589322199127613E+10      0.1856251277990458E+13     -0.2168891767181133E+16
  0.26800000E+03     -0.1172608784126191E+04      0.1375570824098812E+07     -0.1614317539410447E+10      0.1895268310873791E+13     -0.2226012992815714E+16
  0.26900000E+03     -0.1178690588044241E+04      0.1389873732006930E+07     -0.1639555509409463E+10      0.1934869514337053E+13     -0.2284291653124668E+16
  0.27000000E+03     -0.1184781978830672E+04      0.1404273316625925E+07     -0.1665095475968921E+10      0.1975151723924015E+13     -0.2343878742851376E+16
  0.27100000E+03     -0.1190884096621957E+04      0.1418772962503039E+07     -0.1690946060014498E+10      0.2016134863379267E+13     -0.2404816339247638E+16
  0.27200000E+03     -0.1197014650492922E+04      0.1433415091599039E+07     -0.1717184837889032E+10      0.2057947116980521E+13     -0.2467305901931818E+16
  0.27300000E+03     -0.1203116732743092E+04      0.1448064363733761E+07     -0.1743571754947998E+10      0.2100212187660250E+13     -0.2530797784359289E+16
  0.27400000E+03     -0.1209225584879478E+04      0.1462804190326761E+07     -0.1770256263358459E+10      0.2143170364844939E+13     -0.2595657585229223E+16
  0.27500000E+03     -0.1215399908644376E+04      0.1477778146108273E+07     -0.1797503081876779E+10      0.2187257606915748E+13     -0.2662561465500781E+16
  0.27600000E+03     -0.1221501490930848E+04      0.1492651224472062E+07     -0.1824704538246525E+10      0.2231496276880625E+13     -0.2730038173045920E+16
  0.27700000E+03     -0.1227612927416145E+04      0.1507621888907364E+07     -0.1852219644522393E+10      0.2276465913367679E+13     -0.2798968276001599E+16
  0.27800000E+03     -0.1233707523596726E+04      0.1522626801693129E+07     -0.1879937122206344E+10      0.2321995256413627E+13     -0.2869108935993947E+16
  0.27900000E+03     -0.1239818585462158E+04      0.1537746869956200E+07     -0.1908005783563630E+10      0.2368329951749941E+13     -0.2940843911526246E+16
  0.28000000E+03     -0.1245881413722661E+04      0.1552820811350601E+07     -0.1936125362115055E+10      0.2414975154423136E+13     -0.3013411836192423E+16
  0.28100000E+03     -0.1251965794289634E+04      0.1568022461065942E+07     -0.1964622075056531E+10      0.2462477416194405E+13     -0.3087674863213251E+16
  0.28200000E+03     -0.1258041906130439E+04      0.1583276377635785E+07     -0.1993354091174258E+10      0.2510601863943258E+13     -0.3163271716857410E+16
  0.28300000E+03     -0.1264112070201487E+04      0.1598589272731285E+07     -0.2022337046187616E+10      0.2559381917189705E+13     -0.3240269724694907E+16
  0.28400000E+03     -0.1270147733249336E+04      0.1613888278057060E+07     -0.2051432787802111E+10      0.2608586947107846E+13     -0.3318311437864874E+16
  0.28500000E+03     -0.1276182495840540E+04      0.1629258638399358E+07     -0.2080804893507437E+10      0.2658498275303917E+13     -0.3397854005452746E+16
  0.28600000E+03     -0.1282216443525578E+04      0.1644698847155473E+07     -0.2110448564604232E+10      0.2709106817078974E+13     -0.3478885172568590E+16
  0.28700000E+03     -0.1288244099172755E+04      0.1660195656952835E+07     -0.2140341048719649E+10      0.2760380368948313E+13     -0.3561367314921462E+16
  0.28800000E+03     -0.1294280828000417E+04      0.1675788127435514E+07     -0.2170558162000111E+10      0.2812452056983766E+13     -0.3645523188105426E+16
  0.28900000E+03     -0.1300268170003098E+04      0.1691325402747285E+07     -0.2200809203742330E+10      0.2864826131467897E+13     -0.3730563804696343E+16
  0.29000000E+03     -0.1306305518856469E+04      0.1707064491957339E+07     -0.2231593997341218E+10      0.2918369059271407E+13     -0.3817901290592478E+16
  0.29100000E+03     -0.1312334286908976E+04      0.1722853675559373E+07     -0.2262619143315322E+10      0.2972578754515801E+13     -0.3906733931023380E+16
  0.29200000E+03     -0.1318360665484046E+04      0.1738708453227572E+07     -0.2293914959422840E+10      0.3027510160474472E+13     -0.3997158609269291E+16
  0.29300000E+03     -0.1324375647407819E+04      0.1754605569877618E+07     -0.2325437574308542E+10      0.3083091871870135E+13     -0.4089070340216076E+16
  0.29400000E+03     -0.1330410411846218E+04      0.1770627516396991E+07     -0.2357352167257563E+10      0.3139620492156742E+13     -0.4182972603231551E+16
  0.29500000E+03     -0.1336427553411567E+04      0.1786675318998956E+07     -0.2389463482443572E+10      0.3196755690843174E+13     -0.4278312803273299E+16
  0.29600000E+03     -0.1342443377934899E+04      0.1802792008784499E+07     -0.2421858110918846E+10      0.3254654894901425E+13     -0.4375363390104926E+16
  0.29700000E+03     -0.1348473526629009E+04      0.1819019458044605E+07     -0.2454621417825880E+10      0.3313475083272415E+13     -0.4474398654964508E+16
  0.29800000E+03     -0.1354510177469604E+04      0.1835336585321559E+07     -0.2487712049333517E+10      0.3373146463617154E+13     -0.4575312403371635E+16
  0.29900000E+03     -0.1360560171063184E+04      0.1851763996620700E+07     -0.2521177436730953E+10      0.3433767177904718E+13     -0.4678296046401481E+16
  0.30000000E+03     -0.1366546321730714E+04      0.1868090049184569E+07     -0.2554583572378846E+10      0.3494548312167418E+13     -0.4782008871405573E+16
  0.30100000E+03     -0.1372582898265393E+04      0.1884625184052434E+07     -0.2588564445611853E+10      0.3556643373525149E+13     -0.4888422897016969E+16
  0.30200000E+03     -0.1378668518807262E+04      0.1901368927504160E+07     -0.2623127248164766E+10      0.3620082910538342E+13     -0.4997624566604855E+16
  0.30300000E+03     -0.1384660900670293E+04      0.1917929758438379E+07     -0.2657465076166204E+10      0.3683390759007678E+13     -0.5107085687485571E+16
  0.30400000E+03     -0.1390710779405906E+04      0.1934722645445680E+07     -0.2692436303273221E+10      0.3748148118827899E+13     -0.5219541960601852E+16
  0.30500000E+03     -0.1396772515080422E+04      0.1951621713424653E+07     -0.2727781848540682E+10      0.3813883430836242E+13     -0.5334193107352651E+16
  0.30600000E+03     -0.1402879391316525E+04      0.1968721002801771E+07     -0.2763702311124026E+10      0.3880979431237595E+13     -0.5451727703783749E+16
  0.30700000E+03     -0.1408963692643430E+04      0.1985831203053479E+07     -0.2799802140056803E+10      0.3948704087138110E+13     -0.5570880326248413E+16
  0.30800000E+03     -0.1415024341871248E+04      0.2002948676907136E+07     -0.2836073564956476E+10      0.4017044862389767E+13     -0.5691636413200469E+16
  0.30900000E+03     -0.1421085462546349E+04      0.2020140984605404E+07     -0.2872659966679721E+10      0.4086275039230555E+13     -0.5814489175423967E+16
  0.31000000E+03     -0.1427128481137795E+04      0.2037354774640787E+07     -0.2909447711090496E+10      0.4156181906285345E+13     -0.5939069670372351E+16
  0.31100000E+03     -0.1433181296562366E+04      0.2054669976009951E+07     -0.2946609907184235E+10      0.4227101272153488E+13     -0.6065993009122825E+16
  0.31200000E+03     -0.1439190791929160E+04      0.2071932014600372E+07     -0.2983810442508535E+10      0.4298385803178968E+13     -0.6194094433127684E+16
  0.31300000E+03     -0.1445212453314074E+04      0.2089301903029536E+07     -0.3021401231915635E+10      0.4370721987042221E+13     -0.6324634268860276E+16
  0.31400000E+03     -0.1451256395678799E+04      0.2106808351995483E+07     -0.3059444568094834E+10      0.4444232249753705E+13     -0.6457842125377813E+16
  0.31500000E+03     -0.1457287000628647E+04      0.2124346906859409E+07     -0.3097711960579605E+10      0.4518474681356115E+13     -0.6592921003070349E+16
  0.31600000E+03     -0.1463322272653625E+04      0.2141969774555849E+07     -0.3136318169988298E+10      0.4593675882344838E+13     -0.6730294571864637E+16
  0.31700000E+03     -0.1469369359486828E+04      0.2159697999840319E+07     -0.3175310908054600E+10      0.4669934317571686E+13     -0.6870157166107503E+16
  0.31800000E+03     -0.1475423787442778E+04      0.2177519644705825E+07     -0.3214667701266342E+10      0.4747215762169229E+13     -0.7012468108296903E+16
  0.31900000E+03     -0.1481522780204093E+04      0.2195543418428780E+07     -0.3254627907960550E+10      0.4825991152340274E+13     -0.7158100591798595E+16
  0.32000000E+03     -0.1487651488656112E+04      0.2213726789570505E+07     -0.3295101385834290E+10      0.4906093249103280E+13     -0.7306768972988500E+16
  0.32100000E+03     -0.1493903676810385E+04      0.2232352586285747E+07     -0.3336729277756652E+10      0.4988816456372564E+13     -0.7460927629213749E+16
  0.32200000E+03     -0.1500207772265679E+04      0.2251208162754345E+07     -0.3379038741071858E+10      0.5073228146810605E+13     -0.7618855705724386E+16
  0.32300000E+03     -0.1506622652963769E+04      0.2270475033671840E+07     -0.3422450626224718E+10      0.5160197797802120E+13     -0.7782240931487749E+16
  0.32400000E+03     -0.1513156455296094E+04      0.2290182521536688E+07     -0.3467043513559585E+10      0.5249910880627378E+13     -0.7951489975349061E+16
  0.32500000E+03     -0.1519839869351028E+04      0.2310427655131876E+07     -0.3513048462409280E+10      0.5342858204532930E+13     -0.8127582959025408E+16
  0.32600000E+03     -0.1526642981302398E+04      0.2331126962422235E+07     -0.3560293849930780E+10      0.5438733174374349E+13     -0.8310021959125394E+16
  0.32700000E+03     -0.1533612794961167E+04      0.2352431125252713E+07     -0.3609143006719472E+10      0.5538316301678390E+13     -0.8500381621331730E+16
  0.32800000E+03     -0.1540712484569872E+04      0.2374231220235474E+07     -0.3659356458472965E+10      0.5641144254516425E+13     -0.8697831135462997E+16
  0.32900000E+03     -0.1547974914357433E+04      0.2396636607155550E+07     -0.3711207727186311E+10      0.5747825839867786E+13     -0.8903641363962154E+16
  0.33000000E+03     -0.1555404815492728E+04      0.2419668930639730E+07     -0.3764765587298282E+10      0.5858545840526699E+13     -0.9118261556153508E+16
  0.33100000E+03     -0.1563013159509545E+04      0.2443371924227069E+07     -0.3820157001915418E+10      0.5973624428077588E+13     -0.9342434706910572E+16
  0.33200000E+03     -0.1570767075477604E+04      0.2467649883270886E+07     -0.3877176693064605E+10      0.6092678900291379E+13     -0.9575511422521154E+16
  0.33300000E+03     -0.1578669234617427E+04      0.2492516836359062E+07     -0.3935873797286526E+10      0.6215851636240562E+13     -0.9817859965507900E+16
  0.33400000E+03     -0.1586717465976606E+04      0.2517974413882613E+07     -0.3996275232132764E+10      0.6343253993761945E+13     -0.1006982005891766E+17
  0.33500000E+03     -0.1594927595477351E+04      0.2544080153068894E+07     -0.4058538587432746E+10      0.6475269827562900E+13     -0.1033226640352126E+17
  0.33600000E+03     -0.1603260665472922E+04      0.2570716637796060E+07     -0.4122402623060753E+10      0.6611392284064745E+13     -0.1060429913109125E+17
  0.33700000E+03     -0.1611680268830591E+04      0.2597771660195963E+07     -0.4187611859829584E+10      0.6751113276507594E+13     -0.1088499077900301E+17
  0.33800000E+03     -0.1620214802798952E+04      0.2625342582717281E+07     -0.4254419390199552E+10      0.6895022462349573E+13     -0.1117563689573884E+17
  0.33900000E+03     -0.1628875076338016E+04      0.2653470072389688E+07     -0.4322941530713946E+10      0.7043416951766272E+13     -0.1147694821075402E+17
  0.34000000E+03     -0.1637635162839367E+04      0.2682075723763388E+07     -0.4393005394878509E+10      0.7195970190142978E+13     -0.1178837628977031E+17
  0.34100000E+03     -0.1646470158567122E+04      0.2711082553950571E+07     -0.4464437152427029E+10      0.7352344649981926E+13     -0.1210933384746153E+17
  0.34200000E+03     -0.1655375149213697E+04      0.2740477767039051E+07     -0.4537217713837686E+10      0.7512534909858250E+13     -0.1243990319844033E+17
  0.34300000E+03     -0.1664423256052645E+04      0.2770509706483477E+07     -0.4611983587390910E+10      0.7677999123133082E+13     -0.1278323120129281E+17
  0.34400000E+03     -0.1673529610206169E+04      0.2800900927533742E+07     -0.4688059121200367E+10      0.7847285248995459E+13     -0.1313641523381477E+17
  0.34500000E+03     -0.1682675432256466E+04      0.2831591662851288E+07     -0.4765306550354653E+10      0.8020123240878646E+13     -0.1349898922927347E+17
  0.34600000E+03     -0.1691937376120906E+04      0.2862842924588439E+07     -0.4844397063095777E+10      0.8198057218050201E+13     -0.1387430331474801E+17
  0.34700000E+03     -0.1701250312506275E+04      0.2894440026574486E+07     -0.4924804899699069E+10      0.8379954514054710E+13     -0.1426009659974076E+17
  0.34800000E+03     -0.1710619972031123E+04      0.2926405264525984E+07     -0.5006598978710596E+10      0.8566009713736606E+13     -0.1465688739503380E+17
  0.34900000E+03     -0.1720040678563349E+04      0.2958721971627912E+07     -0.5089748520951817E+10      0.8756191086356697E+13     -0.1506471371681332E+17
  0.35000000E+03     -0.1729517935302102E+04      0.2991412300348246E+07     -0.5174324021452199E+10      0.8950702339700584E+13     -0.1548412833160973E+17
  0.35100000E+03     -0.1739038939216226E+04      0.3024434703712325E+07     -0.5260229851994850E+10      0.9149362531123820E+13     -0.1591485038191793E+17
  0.35200000E+03     -0.1748632890728748E+04      0.3057893235541035E+07     -0.5347749133055347E+10      0.9352867171603152E+13     -0.1635850234194012E+17
  0.35300000E+03     -0.1758277622743607E+04      0.3091715690906630E+07     -0.5436711669227551E+10      0.9560876324911324E+13     -0.1681449179912975E+17
  0.35400000E+03     -0.1767923599834226E+04      0.3125728539029810E+07     -0.5526666911222835E+10      0.9772362929759873E+13     -0.1728065282574390E+17
  0.35500000E+03     -0.1777657076122331E+04      0.3160238506600048E+07     -0.5618438328168431E+10      0.9989304530942203E+13     -0.1776146400372751E+17
  0.35600000E+03     -0.1787434111912354E+04      0.3195093819056496E+07     -0.5711638493235688E+10      0.1021083655489238E+14     -0.1825515166483002E+17
  0.35700000E+03     -0.1797269189419250E+04      0.3230348894932353E+07     -0.5806426016745923E+10      0.1043738055324116E+14     -0.1876278437336399E+17
  0.35800000E+03     -0.1807108195608506E+04      0.3265812344510925E+07     -0.5902298960207837E+10      0.1066778066657786E+14     -0.1928190065292363E+17
  0.35900000E+03     -0.1817005323975643E+04      0.3301680580167961E+07     -0.5999796999015810E+10      0.1090336857886039E+14     -0.1981561044941318E+17
  0.36000000E+03     -0.1826928088465119E+04      0.3337838069380422E+07     -0.6098617861373205E+10      0.1114345633311986E+14     -0.2036248304741358E+17
  0.36100000E+03     -0.1836900176185917E+04      0.3374374564535583E+07     -0.6199022145204766E+10      0.1138872855695732E+14     -0.2092422783407797E+17
  0.36200000E+03     -0.1846895495902701E+04      0.3411195292429667E+07     -0.6300757616839707E+10      0.1163860366324787E+14     -0.2149962527206818E+17
  0.36300000E+03     -0.1856943327641283E+04      0.3448411027784288E+07     -0.6404144389395041E+10      0.1189391710255644E+14     -0.2209074640448262E+17
  0.36400000E+03     -0.1866976178884552E+04      0.3485773202152415E+07     -0.6508501930325150E+10      0.1215302798682144E+14     -0.2269391870317074E+17
  0.36500000E+03     -0.1877096884801862E+04      0.3523666101031038E+07     -0.6614913437376472E+10      0.1241866543286918E+14     -0.2331562279190720E+17
  0.36600000E+03     -0.1887262839566784E+04      0.3561934956922765E+07     -0.6722963834829228E+10      0.1268985753924269E+14     -0.2395377061289783E+17
  0.36700000E+03     -0.1897379833414342E+04      0.3600224214787603E+07     -0.6831652880984383E+10      0.1296411861335777E+14     -0.2460260807878786E+17
  0.36800000E+03     -0.1907578722590686E+04      0.3639031268778585E+07     -0.6942404908406422E+10      0.1324509000583338E+14     -0.2527089923809664E+17
  0.36900000E+03     -0.1917829956291909E+04      0.3678247304014585E+07     -0.7054926101116803E+10      0.1353208496181237E+14     -0.2595718862153697E+17
  0.37000000E+03     -0.1928098713677043E+04      0.3717741052601743E+07     -0.7168851813180378E+10      0.1382422042292706E+14     -0.2665951619561814E+17
  0.37100000E+03     -0.1938394849948962E+04      0.3757551875159298E+07     -0.7284306300278174E+10      0.1412185917710988E+14     -0.2737890043849448E+17
  0.37200000E+03     -0.1948705116277352E+04      0.3797629615616448E+07     -0.7401153760546008E+10      0.1442469289648266E+14     -0.2811473786514871E+17
  0.37300000E+03     -0.1959062709737258E+04      0.3838105617462500E+07     -0.7519790419672112E+10      0.1473379998526338E+14     -0.2886981542266589E+17
  0.37400000E+03     -0.1969434965783882E+04      0.3878854109622282E+07     -0.7639859815907723E+10      0.1504830080419985E+14     -0.2964214681757922E+17
  0.37500000E+03     -0.1979851498237562E+04      0.3919992897160146E+07     -0.7761720093472833E+10      0.1536917987933909E+14     -0.3043430693896674E+17
  0.37600000E+03     -0.1990291362769867E+04      0.3961441481087108E+07     -0.7885146120232904E+10      0.1569589724343762E+14     -0.3124513708334047E+17
  0.37700000E+03     -0.2000724024444198E+04      0.4003079730532800E+07     -0.8009790292532907E+10      0.1602757769088315E+14     -0.3207262169456948E+17
  0.37800000E+03     -0.2011182778264467E+04      0.4045040278235796E+07     -0.8136055699050694E+10      0.1636532806593170E+14     -0.3291965270282032E+17
  0.37900000E+03     -0.2021719520334890E+04      0.4087535218647827E+07     -0.8264599176807964E+10      0.1671097364990190E+14     -0.3379102532536438E+17
  0.38000000E+03     -0.2032280040391150E+04      0.4130348632145409E+07     -0.8394782791661632E+10      0.1706285878369027E+14     -0.3468276362292700E+17
  0.38100000E+03     -0.2042836275095211E+04      0.4173367277416459E+07     -0.8526270815202785E+10      0.1742011816447183E+14     -0.3559282953210063E+17
  0.38200000E+03     -0.2053414719646382E+04      0.4216700841666114E+07     -0.8659410852599861E+10      0.1778374908301095E+14     -0.3652394723234228E+17
  0.38300000E+03     -0.2064013389742331E+04      0.4260342331752316E+07     -0.8794192089250517E+10      0.1815377076493336E+14     -0.3747634104178651E+17
  0.38400000E+03     -0.2074622714162449E+04      0.4304251089125303E+07     -0.8930492183397003E+10      0.1852987563557230E+14     -0.3844934215514105E+17
  0.38500000E+03     -0.2085291919440303E+04      0.4348635445159158E+07     -0.9068979271970236E+10      0.1891398629307280E+14     -0.3944817985109210E+17
  0.38600000E+03     -0.2095949493616818E+04      0.4393198636962612E+07     -0.9208736945077972E+10      0.1930360758335486E+14     -0.4046653937948399E+17
  0.38700000E+03     -0.2106671791160392E+04      0.4438262176647760E+07     -0.9350787907838713E+10      0.1970165122756359E+14     -0.4151224302853330E+17
  0.38800000E+03     -0.2117367642752213E+04      0.4483443345693170E+07     -0.9493934452567036E+10      0.2010480598188152E+14     -0.4257676345210438E+17
  0.38900000E+03     -0.2128059185135661E+04      0.4528835086497685E+07     -0.9638476632695568E+10      0.2051395343221856E+14     -0.4366257978063880E+17
  0.39000000E+03     -0.2138858694456725E+04      0.4574916749993635E+07     -0.9785956759909355E+10      0.2093352523122842E+14     -0.4478168337974970E+17
  0.39100000E+03     -0.2149654940079827E+04      0.4621217789975822E+07     -0.9934889404041664E+10      0.2135937500289698E+14     -0.4592328371317419E+17
  0.39200000E+03     -0.2160404370501543E+04      0.4667550307930506E+07     -0.1008467410718931E+11      0.2178981868198350E+14     -0.4708301214195793E+17
  0.39300000E+03     -0.2171249173556990E+04      0.4714528683134293E+07     -0.1023730954068883E+11      0.2223065766061491E+14     -0.4827671338784872E+17
  0.39400000E+03     -0.2182082955209050E+04      0.4761692588607922E+07     -0.1039130946262990E+11      0.2267764837438166E+14     -0.4949308855749721E+17
  0.39500000E+03     -0.2192941848957654E+04      0.4809203110959632E+07     -0.1054721983960817E+11      0.2313245568142358E+14     -0.5073694662280457E+17
  0.39600000E+03     -0.2203792725140761E+04      0.4856912400969133E+07     -0.1070455365791594E+11      0.2359367596178336E+14     -0.5200455668344885E+17
  0.39700000E+03     -0.2214686394519847E+04      0.4905047436801679E+07     -0.1086407886365291E+11      0.2406363979078479E+14     -0.5330260376733142E+17
  0.39800000E+03     -0.2225583050524319E+04      0.4953433187278009E+07     -0.1102522599528768E+11      0.2454072366445452E+14     -0.5462681643846353E+17
  0.39900000E+03     -0.2236487761470902E+04      0.5002092094776687E+07     -0.1118807733356411E+11      0.2502521642657141E+14     -0.5597818566427543E+17
  0.40000000E+03     -0.2247411098507029E+04      0.5051073306392706E+07     -0.1135281177967710E+11      0.2551771641458862E+14     -0.5735862943992250E+17
  0.40100000E+03     -0.2258349394437977E+04      0.5100360504335042E+07     -0.1151938276363033E+11      0.2601813281865772E+14     -0.5876809501804854E+17
  0.40200000E+03     -0.2269364387721149E+04      0.5150235061223032E+07     -0.1168875982434034E+11      0.2652945786216586E+14     -0.6021530067832102E+17
  0.40300000E+03     -0.2280330431022328E+04      0.5200128897114588E+07     -0.1185902446167295E+11      0.2704595610515130E+14     -0.6168423998853691E+17
  0.40400000E+03     -0.2291289148728811E+04      0.5250229836886257E+07     -0.1203082027662851E+11      0.2756961208158745E+14     -0.6318071721478449E+17
  0.40500000E+03     -0.2302232335421561E+04      0.5300498658414954E+07     -0.1220401482468785E+11      0.2810005242590313E+14     -0.6470382095408328E+17
  0.40600000E+03     -0.2313291063330301E+04      0.5351542243029932E+07     -0.1238072339915949E+11      0.2864385435936480E+14     -0.6627278981471962E+17
  0.40700000E+03     -0.2324320777284755E+04      0.5402695757696520E+07     -0.1255866078390736E+11      0.2919406074343033E+14     -0.6786784065988460E+17
  0.40800000E+03     -0.2335370201744775E+04      0.5454185476097858E+07     -0.1273862320835822E+11      0.2975318690765740E+14     -0.6949649246145903E+17
  0.40900000E+03     -0.2346401695165274E+04      0.5505833438247303E+07     -0.1291998780809594E+11      0.3031931995322667E+14     -0.7115331093520648E+17
  0.41000000E+03     -0.2357449189769352E+04      0.5557801985217471E+07     -0.1310334491433310E+11      0.3089439101829904E+14     -0.7284428003561858E+17
  0.41100000E+03     -0.2368536604398776E+04      0.5610202663023306E+07     -0.1328909282887921E+11      0.3147968979471212E+14     -0.7457338636415566E+17
  0.41200000E+03     -0.2379605338786308E+04      0.5662760687452019E+07     -0.1347627328650805E+11      0.3207227197148574E+14     -0.7633222930430131E+17
  0.41300000E+03     -0.2390698826299626E+04      0.5715682235179842E+07     -0.1366562852115044E+11      0.3267453837395552E+14     -0.7812816295201888E+17
  0.41400000E+03     -0.2401775539643055E+04      0.5768769054520189E+07     -0.1385645684258295E+11      0.3328430758531775E+14     -0.7995491026836395E+17
  0.41500000E+03     -0.2412895354593019E+04      0.5822309079837808E+07     -0.1404980497661983E+11      0.3390498794159177E+14     -0.8182295127608459E+17
  0.41600000E+03     -0.2424009062613439E+04      0.5876067034743411E+07     -0.1424483737892948E+11      0.3453396858468264E+14     -0.8372472155581389E+17
  0.41700000E+03     -0.2435086453930326E+04      0.5929895295969371E+07     -0.1444102133136134E+11      0.3516956740945159E+14     -0.8565532446123237E+17
  0.41800000E+03     -0.2446214863742103E+04      0.5984218469015169E+07     -0.1463991337469858E+11      0.3581688312936341E+14     -0.8763049750554853E+17
  0.41900000E+03     -0.2457371263301522E+04      0.6038927546545782E+07     -0.1484113513717482E+11      0.3647477865377759E+14     -0.8964714099745651E+17
  0.42000000E+03     -0.2468409684831284E+04      0.6093301648796985E+07     -0.1504202476852495E+11      0.3713454391357402E+14     -0.9167861679632166E+17
  0.42100000E+03     -0.2479549989111884E+04      0.6148424802273504E+07     -0.1524659911398254E+11      0.3780943641653673E+14     -0.9376602864195621E+17
  0.42200000E+03     -0.2490697085222404E+04      0.6203831832711722E+07     -0.1545316001637656E+11      0.3849397462121383E+14     -0.9589288113264170E+17
  0.42300000E+03     -0.2501868774747683E+04      0.6259609763166442E+07     -0.1566203483973841E+11      0.3918928091040002E+14     -0.9806286432445021E+17
  0.42400000E+03     -0.2513047231224316E+04      0.6315670892445739E+07     -0.1587290834569398E+11      0.3989437743440306E+14     -0.1002732359391446E+18
  0.42500000E+03     -0.2524229692972443E+04      0.6372001448029425E+07     -0.1608573732390107E+11      0.4060917620906352E+14     -0.1025239842840390E+18
  0.42600000E+03     -0.2535437629721327E+04      0.6428712210268468E+07     -0.1630095869580867E+11      0.4133523469676095E+14     -0.1048203862294591E+18
  0.42700000E+03     -0.2546621682897993E+04      0.6485552318630247E+07     -0.1651762463790482E+11      0.4206939801739127E+14     -0.1071526882300726E+18
  0.42800000E+03     -0.2557711564961795E+04      0.6542160255024506E+07     -0.1673434900414741E+11      0.4280696995649863E+14     -0.1095060627276046E+18
  0.42900000E+03     -0.2568919591118068E+04      0.6599624261137247E+07     -0.1695532377728887E+11      0.4356233299474185E+14     -0.1119268620368409E+18
  0.43000000E+03     -0.2580080546752042E+04      0.6657093271673622E+07     -0.1717726918172412E+11      0.4432428022825480E+14     -0.1143792756954773E+18
  0.43100000E+03     -0.2591250845244130E+04      0.6714859821444862E+07     -0.1740133113126509E+11      0.4509682921203594E+14     -0.1168765943585004E+18
  0.43200000E+03     -0.2602398253815067E+04      0.6772757455114950E+07     -0.1762687323502398E+11      0.4587784634443499E+14     -0.1194122098848539E+18
  0.43300000E+03     -0.2613545097312619E+04      0.6830902996505482E+07     -0.1785436250431673E+11      0.4666901960042234E+14     -0.1219919280067606E+18
  0.43400000E+03     -0.2624681956468014E+04      0.6889242019253579E+07     -0.1808357355320221E+11      0.4746955054824685E+14     -0.1246131914444426E+18
  0.43500000E+03     -0.2635792532346584E+04      0.6947690826208651E+07     -0.1831419235933923E+11      0.4827842287687205E+14     -0.1272730296215166E+18
  0.43600000E+03     -0.2647035645399499E+04      0.7007088904283167E+07     -0.1854955537353502E+11      0.4910745289171150E+14     -0.1300107701966962E+18
  0.43700000E+03     -0.2658125929049453E+04      0.7065927881863631E+07     -0.1878369102643399E+11      0.4993565466844005E+14     -0.1327573658470209E+18
  0.43800000E+03     -0.2669276495879198E+04      0.7125332818732729E+07     -0.1902106221313270E+11      0.5077879436198329E+14     -0.1355651319784220E+18
  0.43900000E+03     -0.2680473313534003E+04      0.7185235627922298E+07     -0.1926143192310696E+11      0.5163618445009737E+14     -0.1384323923628723E+18
  0.44000000E+03     -0.2691544277717583E+04      0.7244711954385146E+07     -0.1950108484346217E+11      0.5249457991828027E+14     -0.1413149765277779E+18
  0.44100000E+03     -0.2702750664613401E+04      0.7305163961137541E+07     -0.1974567314067580E+11      0.5337426386974870E+14     -0.1442812247840018E+18
  0.44200000E+03     -0.2713751043292019E+04      0.7364751220480668E+07     -0.1998776443174960E+11      0.5424858526425130E+14     -0.1472416426469925E+18
  0.44300000E+03     -0.2724931196655533E+04      0.7425558346001220E+07     -0.2023581549605687E+11      0.5514807006059405E+14     -0.1502996354471124E+18
  0.44400000E+03     -0.2736045404218296E+04      0.7486254986806072E+07     -0.2048443242650729E+11      0.5605330819100215E+14     -0.1533898231596819E+18
  0.44500000E+03     -0.2747136847353005E+04      0.7547072640844295E+07     -0.2073455395940071E+11      0.5696771302690134E+14     -0.1565239440912757E+18
  0.44600000E+03     -0.2758208449142439E+04      0.7608028808711540E+07     -0.2098626641603848E+11      0.5789168291148027E+14     -0.1597037511465204E+18
  0.44700000E+03     -0.2769275844116873E+04      0.7669206168557840E+07     -0.2123990528069339E+11      0.5882645733955569E+14     -0.1629336400770416E+18
  0.44800000E+03     -0.2780405552542553E+04      0.7730974713692082E+07     -0.2149702227633025E+11      0.5977785094377497E+14     -0.1662341381866016E+18
  0.44900000E+03     -0.2791412689641319E+04      0.7792307375176100E+07     -0.2175334612406119E+11      0.6073010358818615E+14     -0.1695508300080359E+18
  0.45000000E+03     -0.2802600091989365E+04      0.7854892897969882E+07     -0.2201594834135964E+11      0.6170956870903162E+14     -0.1729758998585584E+18
  0.45100000E+03     -0.2813636150988548E+04      0.7916875678407006E+07     -0.2227704892812923E+11      0.6268727992706427E+14     -0.1764083409550026E+18
  0.45200000E+03     -0.2824682797627346E+04      0.7979162792455097E+07     -0.2254046713962150E+11      0.6367756316686461E+14     -0.1798986420559428E+18
  0.45300000E+03     -0.2835679334955658E+04      0.8041411302026743E+07     -0.2280475773496537E+11      0.6467503447549996E+14     -0.1834281068666246E+18
  0.45400000E+03     -0.2846673897408715E+04      0.8103888826063960E+07     -0.2307104441757249E+11      0.6568391808343156E+14     -0.1870117310171382E+18
  0.45500000E+03     -0.2857600246310999E+04      0.8166217807163389E+07     -0.2333772098999800E+11      0.6669816986363132E+14     -0.1906282983704887E+18
  0.45600000E+03     -0.2868494320660139E+04      0.8228599443704780E+07     -0.2360563960922240E+11      0.6772102689726384E+14     -0.1942894411965512E+18
  0.45700000E+03     -0.2879461825024184E+04      0.8291644964166013E+07     -0.2387745896654190E+11      0.6876279836829331E+14     -0.1980327379581906E+18
  0.45800000E+03     -0.2890365133674955E+04      0.8354556378105791E+07     -0.2414971681620613E+11      0.6981016178809703E+14     -0.2018102356630245E+18
  0.45900000E+03     -0.2901368672059689E+04      0.8418287613285674E+07     -0.2442657164893483E+11      0.7087926069732294E+14     -0.2056807925692681E+18
  0.46000000E+03     -0.2912246683944058E+04      0.8481533704526601E+07     -0.2470237374106583E+11      0.7194838285727066E+14     -0.2095662915980676E+18
  0.46100000E+03     -0.2923363710299519E+04      0.8546408768249929E+07     -0.2498632693477068E+11      0.7305317790740691E+14     -0.2135963048311027E+18
  0.46200000E+03     -0.2933997786824747E+04      0.8608699321693547E+07     -0.2525999513674801E+11      0.7412196803517192E+14     -0.2175096689895121E+18
  0.46300000E+03     -0.2944966538067333E+04      0.8673186308110202E+07     -0.2554435395543865E+11      0.7523658910799455E+14     -0.2216058346792284E+18
  0.46400000E+03     -0.2955680106659291E+04      0.8736405920423066E+07     -0.2582415486534682E+11      0.7633739879068525E+14     -0.2256661987131308E+18
  0.46500000E+03     -0.2966442838387537E+04      0.8800148012735579E+07     -0.2610730049856810E+11      0.7745544403609406E+14     -0.2298052293077322E+18
  0.46600000E+03     -0.2977159133035344E+04      0.8863843356210729E+07     -0.2639125610885197E+11      0.7858072030462330E+14     -0.2339860119700695E+18
  0.46700000E+03     -0.2987976929846207E+04      0.8928378974639887E+07     -0.2668001803351440E+11      0.7972926098010741E+14     -0.2382689582159477E+18
  0.46800000E+03     -0.2998800089702227E+04      0.8993174917031337E+07     -0.2697096996901253E+11      0.8089060421908502E+14     -0.2426149573394590E+18
  0.46900000E+03     -0.3009519678642178E+04      0.9057583793515868E+07     -0.2726123392569923E+11      0.8205340816826361E+14     -0.2469822236320173E+18
  0.47000000E+03     -0.3020169993352237E+04      0.9121804238217726E+07     -0.2755167887650558E+11      0.8322107841151203E+14     -0.2513833743715631E+18
  0.47100000E+03     -0.3030890586150121E+04      0.9186678678172726E+07     -0.2784612657414319E+11      0.8440905704212034E+14     -0.2558770198759998E+18
  0.47200000E+03     -0.3041456684717313E+04      0.9250842908135964E+07     -0.2813837421742401E+11      0.8559230279572361E+14     -0.2603684907301036E+18
  0.47300000E+03     -0.3051954290541722E+04      0.9314810376054017E+07     -0.2843072736139431E+11      0.8678004528291744E+14     -0.2648925316039581E+18
  0.47400000E+03     -0.3062534524544566E+04      0.9379504174102206E+07     -0.2872742193683830E+11      0.8798959117138436E+14     -0.2695155398416938E+18
  0.47500000E+03     -0.3073196899209297E+04      0.9444930052024862E+07     -0.2902853168880874E+11      0.8922146415434198E+14     -0.2742404839635470E+18
  0.47600000E+03     -0.3083631422935485E+04      0.9509175905996680E+07     -0.2932521779492989E+11      0.9043937400252578E+14     -0.2789277833721223E+18
  0.47700000E+03     -0.3094081936864105E+04      0.9573741445948888E+07     -0.2962440541899255E+11      0.9167177592203622E+14     -0.2836871679639547E+18
  0.47800000E+03     -0.3104691969794088E+04      0.9639512796364095E+07     -0.2993020476985159E+11      0.9293564572195261E+14     -0.2885844811636785E+18
  0.47900000E+03     -0.3114952761406056E+04      0.9703332370721970E+07     -0.3022792381930855E+11      0.9417024276952181E+14     -0.2933843959184420E+18
  0.48000000E+03     -0.3125217372730465E+04      0.9767388383924162E+07     -0.3052774130179852E+11      0.9541768332322631E+14     -0.2982503993535388E+18
  0.48100000E+03     -0.3135795475046266E+04      0.9833620305912834E+07     -0.3083877439519461E+11      0.9671609285004428E+14     -0.3033320690030020E+18
  0.48200000E+03     -0.3146119139716036E+04      0.9898476061787924E+07     -0.3114436694738854E+11      0.9799607176450178E+14     -0.3083584159715823E+18
  0.48300000E+03     -0.3156537346273380E+04      0.9964142553301314E+07     -0.3145480460460660E+11      0.9930065238303053E+14     -0.3134983456612329E+18
  0.48400000E+03     -0.3166747559517918E+04      0.1002870627433261E+08     -0.3176101643829500E+11      0.1005916376075693E+15     -0.3186011656405594E+18
  0.48500000E+03     -0.3176909958776905E+04      0.1009317601038129E+08     -0.3206777393038908E+11      0.1018891165467390E+15     -0.3237462807673878E+18
  0.48600000E+03     -0.3187223055562585E+04      0.1015881210032527E+08     -0.3238108515992256E+11      0.1032185759389310E+15     -0.3290351622798404E+18
  0.48700000E+03     -0.3197291863431859E+04      0.1022310042432183E+08     -0.3268895400415043E+11      0.1045291608740158E+15     -0.3342657944963683E+18
  0.48800000E+03     -0.3207256667496854E+04      0.1028692383719499E+08     -0.3299555319613980E+11      0.1058384269510548E+15     -0.3395075232354122E+18
  0.48900000E+03     -0.3217527152102774E+04      0.1035291553435561E+08     -0.3331358268494304E+11      0.1072008482408163E+15     -0.3449795117622620E+18
  0.49000000E+03     -0.3227545032348496E+04      0.1041748177150513E+08     -0.3362569790693037E+11      0.1085420387113037E+15     -0.3503827708569507E+18
  0.49100000E+03     -0.3237637746885037E+04      0.1048273488805925E+08     -0.3394212542714514E+11      0.1099060349141634E+15     -0.3558951843745801E+18
  0.49200000E+03     -0.3247586403881317E+04      0.1054725735645975E+08     -0.3425598650528634E+11      0.1112631920775033E+15     -0.3613970860104616E+18
  0.49300000E+03     -0.3257862769010401E+04      0.1061429367502827E+08     -0.3458401118959921E+11      0.1126901679646645E+15     -0.3672176642116163E+18
  0.49400000E+03     -0.3366770017266960E+04      0.1134537723707666E+08     -0.3826621195328117E+11      0.1291818269418905E+15     -0.4364902524542746E+18
  0.49500000E+03     -0.3478680895513297E+04      0.1210788079526104E+08     -0.4216494189723618E+11      0.1469115231332505E+15     -0.5121210854839466E+18
  0.49600000E+03     -0.3521339344162417E+04      0.1240352622713861E+08     -0.4370261307343008E+11      0.1540246848691673E+15     -0.5429875623801866E+18
  0.49700000E+03     -0.3494509390928861E+04      0.1221339617388430E+08     -0.4269214850328100E+11      0.1492513826423281E+15     -0.5218492737887836E+18
  0.49800000E+03     -0.3511157197232642E+04      0.1233004156989103E+08     -0.4330522685747388E+11      0.1521161268023961E+15     -0.5344008587646141E+18
  0.49900000E+03     -0.3541824321960793E+04      0.1254674012671323E+08     -0.4445385275465076E+11      0.1575289619372417E+15     -0.5583183864006852E+18
  0.50000000E+03     -0.3561756676796343E+04      0.1268812201888108E+08     -0.4520615327150121E+11      0.1610880165605471E+15     -0.5741070262954876E+18
  0.50100000E+03     -0.3601961357840213E+04      0.1297583377738475E+08     -0.4675040850163416E+11      0.1684559785771065E+15     -0.6070654502372860E+18
  0.50200000E+03     -0.3577146068718112E+04      0.1279910141349836E+08     -0.4580644500452250E+11      0.1639744679209398E+15     -0.5871197626085802E+18
  0.50300000E+03     -0.3575378344843021E+04      0.1278589117913345E+08     -0.4573259129620595E+11      0.1636082857775174E+15     -0.5854211101730723E+18
  0.50400000E+03     -0.3580479212802349E+04      0.1282235822470138E+08     -0.4592812952645540E+11      0.1645403085873314E+15     -0.5895860797594607E+18
  0.50500000E+03     -0.3570460185692195E+04      0.1274907759433051E+08     -0.4552634654746017E+11      0.1625831150950126E+15     -0.5806519258217018E+18
  0.50600000E+03     -0.3585985378941563E+04      0.1286011071863581E+08     -0.4612196344735992E+11      0.1654234234797439E+15     -0.5933509624139188E+18
  0.50700000E+03     -0.3600823241023074E+04      0.1296691794578142E+08     -0.4669858616155597E+11      0.1681905648151523E+15     -0.6058002267875967E+18
  0.50800000E+03     -0.3616785838012216E+04      0.1308208761019552E+08     -0.4732184705934219E+11      0.1711889263130201E+15     -0.6193241651113681E+18
  0.50900000E+03     -0.3616955105275289E+04      0.1308381926471314E+08     -0.4733390135667560E+11      0.1712594580724977E+15     -0.6196972660528596E+18
  0.51000000E+03     -0.3626645574121763E+04      0.1315421443568718E+08     -0.4771744270055244E+11      0.1731169992311252E+15     -0.6281314872969312E+18
