  0.00000000E+00      0.2614996506253989E-08      0.8002729149654360E-17      0.2682275333143656E-25      0.9584462994831323E-34      0.3600254758031082E-42
  0.10000000E+01     -0.6057373868658847E-03      0.3669177818307203E-06     -0.2222558183548835E-09      0.1346286586229922E-12     -0.8154961187047372E-16
  0.20000000E+01     -0.4346626525699710E-01      0.2673173747074097E-01     -0.2055929606784906E-01      0.1994653230400283E-01     -0.1121507610446427E-01
  0.30000000E+01     -0.1290242815959333E+00      0.9304404579655055E-01     -0.8966675433130648E-01      0.1156191975912646E+00     -0.1519855163071654E+00
  0.40000000E+01     -0.2577224085235968E+00      0.2232414732522167E+00     -0.2678954000356672E+00      0.4336094312033155E+00     -0.8119621352715757E+00
  0.50000000E+01     -0.4299811000516047E+00      0.4534493182498772E+00     -0.6676571966460900E+00      0.1309676932763696E+01     -0.3108851055543842E+01
  0.60000000E+01     -0.6464031699258931E+00      0.8320071271341987E+00     -0.1478061356299756E+01      0.3434934616583043E+01     -0.9756020771740618E+01
  0.70000000E+01     -0.9074401061236066E+00      0.1420109498760857E+01     -0.3004310132055365E+01      0.8158912312970708E+01     -0.2707020366309529E+02
  0.80000000E+01     -0.1213839922575261E+01      0.2293275544694016E+01     -0.5717146541476760E+01      0.1795976314608380E+02     -0.6844654844264863E+02
  0.90000000E+01     -0.1566276150025939E+01      0.3540814603313954E+01     -0.1031090753474258E+02      0.3721135773884448E+02     -0.1616847610807498E+03
  0.10000000E+02     -0.1965026358960499E+01      0.5264352178175715E+01     -0.1775204915095839E+02      0.7300465438476897E+02     -0.3578870151590107E+03
  0.11000000E+02     -0.2411707257101014E+01      0.7590399987656265E+01     -0.2945807722656661E+02      0.1374963971623546E+03     -0.7583270825430370E+03
  0.12000000E+02     -0.2906797440496347E+01      0.1065304419180296E+02     -0.4726528690411067E+02      0.2489497061470278E+03     -0.1535245599459409E+04
  0.13000000E+02     -0.3450668842743031E+01      0.1460788320318547E+02     -0.7367263344782387E+02      0.4359537445813623E+03     -0.2993643143708691E+04
  0.14000000E+02     -0.4045293005070333E+01      0.1963440986347768E+02     -0.1119370903789091E+03      0.7409100247218804E+03     -0.5645294304785555E+04
  0.15000000E+02     -0.4691263139534262E+01      0.2593139266811402E+02     -0.1663170173607853E+03      0.1226999722803559E+04     -0.1034502183306700E+05
  0.16000000E+02     -0.5390247692587862E+01      0.3372655529755985E+02     -0.2422757934873329E+03      0.1985429945697729E+04     -0.1846985573460349E+05
  0.17000000E+02     -0.6142923151804282E+01      0.4325825838768354E+02     -0.3465160163142352E+03      0.3143414098740321E+04     -0.3217972889376326E+05
  0.18000000E+02     -0.6951089356894569E+01      0.5481183457416939E+02     -0.4877243607945214E+03      0.4882800706324024E+04     -0.5486674734821759E+05
  0.19000000E+02     -0.7817341203823644E+01      0.6871314567766305E+02     -0.6767994862794836E+03      0.7456538248751021E+04     -0.9174130040401188E+05
  0.20000000E+02     -0.8742604538920352E+01      0.8529700051508777E+02     -0.9268857272750562E+03      0.1120811767549865E+05     -0.1506646641639558E+06
  0.21000000E+02     -0.9729115756905935E+01      0.1049518870531526E+03     -0.1254301746642570E+04      0.1660615101161852E+05     -0.2434587683409364E+06
  0.22000000E+02     -0.1078005536996839E+02      0.1281538988424338E+03     -0.1680214800362023E+04      0.2430690267356231E+05     -0.3879957794735822E+06
  0.23000000E+02     -0.1189857025544805E+02      0.1553964480158524E+03     -0.2229268378207173E+04      0.3516023479866086E+05     -0.6098373280588189E+06
  0.24000000E+02     -0.1308641269870999E+02      0.1872102575375622E+03     -0.2931302089577860E+04      0.5029360257014753E+05     -0.9458412436242411E+06
  0.25000000E+02     -0.1434899469357896E+02      0.2242989965289032E+03     -0.3825723120450410E+04      0.7129381895556759E+05     -0.1452028956946646E+07
  0.26000000E+02     -0.1568706684359033E+02      0.2672784436019581E+03     -0.4955388760817858E+04      0.1001142547040796E+06     -0.2204676945031610E+07
  0.27000000E+02     -0.1710618272595366E+02      0.3169859434668999E+03     -0.6375585013550324E+04      0.1393736234861888E+06     -0.3311851424729690E+07
  0.28000000E+02     -0.1860962933859518E+02      0.3743128148440675E+03     -0.8154099383661262E+04      0.1926217273852075E+06     -0.4933824265009211E+07
  0.29000000E+02     -0.2020319340362510E+02      0.4402922696127231E+03     -0.1037133852593780E+05      0.2643428521614122E+06     -0.7287578508578785E+07
  0.30000000E+02     -0.2189223033553125E+02      0.5160818839921774E+03     -0.1312532232199689E+05      0.3604321824336764E+06     -0.1067987768880653E+08
  0.31000000E+02     -0.2367696846990334E+02      0.6026858747883700E+03     -0.1652129813088154E+05      0.4880006001306364E+06     -0.1551617744854504E+08
  0.32000000E+02     -0.2557041276305128E+02      0.7019339261679462E+03     -0.2071613360309595E+05      0.6574251375170951E+06     -0.2240274079073737E+08
  0.33000000E+02     -0.2757621717896847E+02      0.8152197626470340E+03     -0.2586484839019325E+05      0.8805131138218999E+06     -0.3210523358856920E+08
  0.34000000E+02     -0.2969663213283730E+02      0.9441153911801136E+03     -0.3215692607838359E+05      0.1172634874117802E+07     -0.4568229757980710E+08
  0.35000000E+02     -0.3193725662957804E+02      0.1090390962395667E+04     -0.3980936432368758E+05      0.1552461669155863E+07     -0.6450493383954369E+08
  0.36000000E+02     -0.3430514143792169E+02      0.1256196857543345E+04     -0.4909284958832436E+05      0.2044353227951656E+07     -0.9045315968120264E+08
  0.37000000E+02     -0.3679606944285292E+02      0.1442944668572904E+04     -0.6026369747999882E+05      0.2675152102266638E+07     -0.1258213483546893E+09
  0.38000000E+02     -0.3941802777612371E+02      0.1653029205519577E+04     -0.7366498705462270E+05      0.3480188007085763E+07     -0.1737159937766266E+09
  0.39000000E+02     -0.4216975612317606E+02      0.1888408925459739E+04     -0.8965927670617843E+05      0.4501155113602172E+07     -0.2380937205629181E+09
  0.40000000E+02     -0.4505080531728180E+02      0.2150848931129489E+04     -0.1086057527186926E+06      0.5782831260612320E+07     -0.3235162673612073E+09
  0.41000000E+02     -0.4805662239455326E+02      0.2442038343627792E+04     -0.1309091519140037E+06      0.7379513915302279E+07     -0.4358477800622985E+09
  0.42000000E+02     -0.5117735180574117E+02      0.2763013250356634E+04     -0.1569488437926498E+06      0.9349058631793991E+07     -0.5818779863001213E+09
  0.43000000E+02     -0.5441073415612429E+02      0.3115536162531711E+04     -0.1871945522421177E+06      0.1176271372885676E+08     -0.7702522917385210E+09
  0.44000000E+02     -0.5774397879496497E+02      0.3500007915872779E+04     -0.2220107954776015E+06      0.1468816572478794E+08     -0.1010092680829515E+10
  0.45000000E+02     -0.6117261190401455E+02      0.3917891535048959E+04     -0.2619034117187385E+06      0.1821354461471379E+08     -0.1313381773153443E+10
  0.46000000E+02     -0.6467837968846892E+02      0.4368440535713987E+04     -0.3071526088897577E+06      0.2241095838025728E+08     -0.1691619893384835E+10
  0.47000000E+02     -0.6825899072624944E+02      0.4852892700478159E+04     -0.3582610694126941E+06      0.2738034623722564E+08     -0.2160049580982268E+10
  0.48000000E+02     -0.7189451404921820E+02      0.5370052516889201E+04     -0.4155002927382539E+06      0.3320724105916426E+08     -0.2734010206645656E+10
  0.49000000E+02     -0.7557586111151205E+02      0.5919722872243686E+04     -0.4792241138631308E+06      0.3998852543228091E+08     -0.3430986334105025E+10
  0.50000000E+02     -0.7930518479920832E+02      0.6503149933410247E+04     -0.5499490170952245E+06      0.4784366554045410E+08     -0.4272159838670728E+10
  0.51000000E+02     -0.8306884081950297E+02      0.7119490313601842E+04     -0.6280086014880090E+06      0.5688529148210391E+08     -0.5280246475901874E+10
  0.52000000E+02     -0.8685811563683974E+02      0.7767896795533514E+04     -0.7136605771371538E+06      0.6721546386245702E+08     -0.6477647172898994E+10
  0.53000000E+02     -0.9066115147795379E+02      0.8446732819589755E+04     -0.8070385781662625E+06      0.7892424555088179E+08     -0.7886647286709292E+10
  0.54000000E+02     -0.9448649436131002E+02      0.9158039853989598E+04     -0.9087966793626108E+06      0.9217409993566543E+08     -0.9540092348337191E+10
  0.55000000E+02     -0.9832631452245052E+02      0.9901035399383241E+04     -0.1019237046031316E+07      0.1070951875892863E+09     -0.1146969818372865E+11
  0.56000000E+02     -0.1021717938524351E+03      0.1067421264896771E+05     -0.1138481484910634E+07      0.1237888544342305E+09     -0.1370399212617583E+11
  0.57000000E+02     -0.1060387254638504E+03      0.1148139264393707E+05     -0.1267550196858461E+07      0.1424998364616981E+09     -0.1629440325380548E+11
  0.58000000E+02     -0.1099110678753070E+03      0.1231919442797845E+05     -0.1406229668265586E+07      0.1632880188539628E+09     -0.1926725423752465E+11
  0.59000000E+02     -0.1137848955693681E+03      0.1318712609105349E+05     -0.1554833924844153E+07      0.1863053403436574E+09     -0.2266521514857714E+11
  0.60000000E+02     -0.1176690855803536E+03      0.1408735005964060E+05     -0.1714101604802541E+07      0.2117709181976110E+09     -0.2654252997312321E+11
  0.61000000E+02     -0.1215571971068019E+03      0.1501850573528922E+05     -0.1884160419372293E+07      0.2398144037580027E+09     -0.3094261160396296E+11
  0.62000000E+02     -0.1254632609879033E+03      0.1598439965321981E+05     -0.2066135650107400E+07      0.2707449959475418E+09     -0.3594100846073067E+11
  0.63000000E+02     -0.1293747990081017E+03      0.1698225125397122E+05     -0.2259915821076664E+07      0.3046692569327093E+09     -0.4158350951113722E+11
  0.64000000E+02     -0.1332940903611218E+03      0.1801286594372312E+05     -0.2466056303918269E+07      0.3418119529793526E+09     -0.4793766520976622E+11
  0.65000000E+02     -0.1372304842193048E+03      0.1907883366559149E+05     -0.2685461057598440E+07      0.3824655118116713E+09     -0.5508524218657409E+11
  0.66000000E+02     -0.1411773518152973E+03      0.2017885711320489E+05     -0.2918331690552582E+07      0.4268171721568796E+09     -0.6309587065127654E+11
  0.67000000E+02     -0.1451451430453127E+03      0.2131611339412966E+05     -0.3165767051207719E+07      0.4752233414842585E+09     -0.7207169928826680E+11
  0.68000000E+02     -0.1491213567170128E+03      0.2248744625649106E+05     -0.3427551817547637E+07      0.5278034910815003E+09     -0.8207696273025674E+11
  0.69000000E+02     -0.1531229034252326E+03      0.2369819476186363E+05     -0.3705325819021022E+07      0.5850463857642039E+09     -0.9324760732772130E+11
  0.70000000E+02     -0.1571448255808827E+03      0.2494759246824988E+05     -0.3999470578194234E+07      0.6472206736209607E+09     -0.1056869628559340E+12
  0.71000000E+02     -0.1611896463479166E+03      0.2623681372357110E+05     -0.4310753529826671E+07      0.7146726006286352E+09     -0.1195164581279852E+12
  0.72000000E+02     -0.1652485778051058E+03      0.2756349094469310E+05     -0.4639100578702359E+07      0.7875747992753581E+09     -0.1348259986814079E+12
  0.73000000E+02     -0.1693280488280249E+03      0.2893024395023274E+05     -0.4985693018548196E+07      0.8663933560481688E+09     -0.1517734152635176E+12
  0.74000000E+02     -0.1734209192404370E+03      0.3033489871589519E+05     -0.5350447180999408E+07      0.9513049482909453E+09     -0.1704571500422104E+12
  0.75000000E+02     -0.1775501204563082E+03      0.3178607430890996E+05     -0.5736204423707795E+07      0.1043203076449342E+10     -0.1911443545982806E+12
  0.76000000E+02     -0.1816989624198875E+03      0.3327865228724576E+05     -0.6142221370191055E+07      0.1142153135620356E+10     -0.2139249644681154E+12
  0.77000000E+02     -0.1858735942103413E+03      0.3481531821976265E+05     -0.6569792696206967E+07      0.1248710055793439E+10     -0.2390044787521484E+12
  0.78000000E+02     -0.1900779752354016E+03      0.3639812626518588E+05     -0.7020087196943547E+07      0.1363417220754257E+10     -0.2665935344372076E+12
  0.79000000E+02     -0.1942903552605647E+03      0.3801955990919369E+05     -0.7491608864235387E+07      0.1486168182033885E+10     -0.2967584421131792E+12
  0.80000000E+02     -0.1985140302763899E+03      0.3968081855150471E+05     -0.7985124089079059E+07      0.1617381294342829E+10     -0.3296819821798169E+12
  0.81000000E+02     -0.2027706579021358E+03      0.4139146045613996E+05     -0.8504242776137987E+07      0.1758339743757624E+10     -0.3657961148927937E+12
  0.82000000E+02     -0.2070454502315467E+03      0.4314584596199770E+05     -0.9047815179136949E+07      0.1909007158799937E+10     -0.4051928005365283E+12
  0.83000000E+02     -0.2113380748100555E+03      0.4494421889761749E+05     -0.9616487288471045E+07      0.2069842655061690E+10     -0.4480963711754687E+12
  0.84000000E+02     -0.2156573688239010E+03      0.4679088409366894E+05     -0.1021229423284505E+08      0.2241745022422975E+10     -0.4948671773905563E+12
  0.85000000E+02     -0.2199724711668836E+03      0.4867311483888863E+05     -0.1083175492536871E+08      0.2424023108024189E+10     -0.5454375702660388E+12
  0.86000000E+02     -0.2243196551940926E+03      0.5060695301022497E+05     -0.1148071184512282E+08      0.2618702392988682E+10     -0.6004925574253635E+12
  0.87000000E+02     -0.2286774471824662E+03      0.5258341805879609E+05     -0.1215681976122713E+08      0.2825419121195742E+10     -0.6600637833159529E+12
  0.88000000E+02     -0.2330513587091376E+03      0.5460551857905139E+05     -0.1286178566145383E+08      0.3045052071402049E+10     -0.7245493096083059E+12
  0.89000000E+02     -0.2374309046439398E+03      0.5666820319352425E+05     -0.1359426884532703E+08      0.3277463628435538E+10     -0.7940336572080513E+12
  0.90000000E+02     -0.2418158637145888E+03      0.5877188032003897E+05     -0.1435510475477699E+08      0.3523295494409906E+10     -0.8688673335822904E+12
  0.91000000E+02     -0.2462077797511316E+03      0.6091738426261574E+05     -0.1514512931959230E+08      0.3783148192222131E+10     -0.9493807119913165E+12
  0.92000000E+02     -0.2506139439790234E+03      0.6310858248800823E+05     -0.1596637952905445E+08      0.4058053942105990E+10     -0.1036054481138511E+13
  0.93000000E+02     -0.2550209198557464E+03      0.6533892548112604E+05     -0.1681696682692938E+08      0.4347739143908504E+10     -0.1128967598687886E+13
  0.94000000E+02     -0.2594301896595261E+03      0.6760922976358366E+05     -0.1769773056847111E+08      0.4652837000327471E+10     -0.1228487207740006E+13
  0.95000000E+02     -0.2638581202185210E+03      0.6992837913336672E+05     -0.1861282176837622E+08      0.4975208148402151E+10     -0.1335415195794048E+13
  0.96000000E+02     -0.2682760459841435E+03      0.7228124556142205E+05     -0.1955672998346760E+08      0.5313246460190800E+10     -0.1449386259742483E+13
  0.97000000E+02     -0.2727134140177124E+03      0.7468349120083540E+05     -0.2053625174368012E+08      0.5669753157951157E+10     -0.1571529426048296E+13
  0.98000000E+02     -0.2771399656459875E+03      0.7711924307099931E+05     -0.2154563479303104E+08      0.6043079357682330E+10     -0.1701493441631508E+13
  0.99000000E+02     -0.2815788404003147E+03      0.7960098669064145E+05     -0.2259048073533202E+08      0.6435646847728501E+10     -0.1840308672172607E+13
  0.10000000E+03     -0.2860231198858478E+03      0.8212515750202602E+05     -0.2366992397354330E+08      0.6847556104740877E+10     -0.1988226140080302E+13
  0.10100000E+03     -0.2904660880299274E+03      0.8468800481702932E+05     -0.2478291763748325E+08      0.7278818395372588E+10     -0.2145467207323328E+13
  0.10200000E+03     -0.2949188939947753E+03      0.8729620781749784E+05     -0.2593299802506905E+08      0.7731251308809516E+10     -0.2312929773306867E+13
  0.10300000E+03     -0.2993670249684089E+03      0.8994123366307463E+05     -0.2711691045647579E+08      0.8203975371620527E+10     -0.2490509668644425E+13
  0.10400000E+03     -0.3038237060029576E+03      0.9263114718097296E+05     -0.2833889143765448E+08      0.8699142756041279E+10     -0.2679265958718711E+13
  0.10500000E+03     -0.3082744866035974E+03      0.9535689153154504E+05     -0.2959519363889166E+08      0.9215590701601967E+10     -0.2878968705700205E+13
  0.10600000E+03     -0.3127296950822934E+03      0.9812481671885568E+05     -0.3088928816484386E+08      0.9755184820703903E+10     -0.3090590492378940E+13
  0.10700000E+03     -0.3171905669507549E+03      0.1009361237437613E+06     -0.3222246650722235E+08      0.1031898506427119E+11     -0.3314835623840775E+13
  0.10800000E+03     -0.3216598343359631E+03      0.1037925636609246E+06     -0.3359609614226918E+08      0.1090801405355124E+11     -0.3552372419787896E+13
  0.10900000E+03     -0.3261329530083991E+03      0.1066914546272847E+06     -0.3500953935926860E+08      0.1152250722005415E+11     -0.3803591854049725E+13
  0.11000000E+03     -0.3306109636582586E+03      0.1096335462172020E+06     -0.3646371585411382E+08      0.1216332713715455E+11     -0.4069125137114472E+13
  0.11100000E+03     -0.3350858760568423E+03      0.1126136825590361E+06     -0.3795668104098264E+08      0.1283012480298748E+11     -0.4349136874354765E+13
  0.11200000E+03     -0.3395729299015334E+03      0.1156417816420424E+06     -0.3949380704562608E+08      0.1352570829849578E+11     -0.4645072533015604E+13
  0.11300000E+03     -0.3440706873238144E+03      0.1187174574559674E+06     -0.4107573388528241E+08      0.1425098520306102E+11     -0.4957681343448844E+13
  0.11400000E+03     -0.3485682600302438E+03      0.1218336994336100E+06     -0.4269962439573421E+08      0.1500525369344665E+11     -0.5287023905295027E+13
  0.11500000E+03     -0.3530852882147515E+03      0.1250040804274544E+06     -0.4437307610892496E+08      0.1579253480503298E+11     -0.5635177722967712E+13
  0.11600000E+03     -0.3576043686317174E+03      0.1282164786514140E+06     -0.4609030420963655E+08      0.1661065687261994E+11     -0.6001539258581653E+13
  0.11700000E+03     -0.3621325210349343E+03      0.1314762185404483E+06     -0.4785485588279831E+08      0.1746188925007981E+11     -0.6387492688522788E+13
  0.11800000E+03     -0.3666690156034745E+03      0.1347829519834922E+06     -0.4966720649962270E+08      0.1834705164640490E+11     -0.6793798209927787E+13
  0.11900000E+03     -0.3712242313697484E+03      0.1381447494624227E+06     -0.5153262004477833E+08      0.1926939709414202E+11     -0.7222384994808361E+13
  0.12000000E+03     -0.3758033068177696E+03      0.1415660813780380E+06     -0.5345450627715565E+08      0.2023134083263197E+11     -0.7674838039407755E+13
  0.12100000E+03     -0.3803963747014875E+03      0.1450399607373003E+06     -0.5542973628762397E+08      0.2123200119475734E+11     -0.8151197313509081E+13
  0.12200000E+03     -0.3850039544947377E+03      0.1485674139478661E+06     -0.5745984364320946E+08      0.2227293053793415E+11     -0.8652708928359212E+13
  0.12300000E+03     -0.3896322158842477E+03      0.1521531222323661E+06     -0.5954807459134234E+08      0.2335636920501409E+11     -0.9180869403424996E+13
  0.12400000E+03     -0.3942792967305184E+03      0.1557967689010049E+06     -0.6169549586510824E+08      0.2448382398460806E+11     -0.9737024094026078E+13
  0.12500000E+03     -0.3989313334393547E+03      0.1594872105501877E+06     -0.6389597285164706E+08      0.2565261015446427E+11     -0.1032026408755514E+14
  0.12600000E+03     -0.4036169847857587E+03      0.1632481459215733E+06     -0.6616481759291628E+08      0.2687180587385938E+11     -0.1093574747855904E+14
  0.12700000E+03     -0.4083219123359971E+03      0.1670689278715633E+06     -0.6849674861575796E+08      0.2813951718137069E+11     -0.1158315999399513E+14
  0.12800000E+03     -0.4130658627750729E+03      0.1709657712819349E+06     -0.7090238923738566E+08      0.2946224620969244E+11     -0.1226636097446231E+14
  0.12900000E+03     -0.4178236386296183E+03      0.1749196772146279E+06     -0.7337169217174698E+08      0.3083573691572685E+11     -0.1298398302820849E+14
  0.13000000E+03     -0.4226121592692366E+03      0.1789446194650899E+06     -0.7591399107058789E+08      0.3226588215985742E+11     -0.1373965954326215E+14
  0.13100000E+03     -0.4274268556968752E+03      0.1830382222221506E+06     -0.7852935585734789E+08      0.3375396403636756E+11     -0.1453491249664141E+14
  0.13200000E+03     -0.4322773406898784E+03      0.1872090546766494E+06     -0.8122420360740927E+08      0.3530455779117836E+11     -0.1537288594429289E+14
  0.13300000E+03     -0.4371712708280380E+03      0.1914650756692587E+06     -0.8400524772103003E+08      0.3692281951197443E+11     -0.1625727384275797E+14
  0.13400000E+03     -0.4420818344311775E+03      0.1957836055309089E+06     -0.8685876738184287E+08      0.3860179762199630E+11     -0.1718505384307033E+14
  0.13500000E+03     -0.4470435313918640E+03      0.2001962523814497E+06     -0.8980722420064977E+08      0.4035606573196786E+11     -0.1816526448768698E+14
  0.13600000E+03     -0.4520395904758296E+03      0.2046888843935469E+06     -0.9284241590227634E+08      0.4218190530840981E+11     -0.1919671225431329E+14
  0.13700000E+03     -0.4570735249966208E+03      0.2092664796061254E+06     -0.9596967922908431E+08      0.4408415791306763E+11     -0.2028330230226309E+14
  0.13800000E+03     -0.4621503566579965E+03      0.2139344884753223E+06     -0.9919412065604402E+08      0.4606724047274747E+11     -0.2142857223331302E+14
  0.13900000E+03     -0.4672763367551177E+03      0.2187001355352036E+06     -0.1025225329629579E+09      0.4813691626444154E+11     -0.2263703939530314E+14
  0.14000000E+03     -0.4724411816190006E+03      0.2235551023531664E+06     -0.1059507900840672E+09      0.5029217023296031E+11     -0.2390930848554657E+14
  0.14100000E+03     -0.4776384820291485E+03      0.2284942120831236E+06     -0.1094766573677214E+09      0.5253300381875133E+11     -0.2524651112777762E+14
  0.14200000E+03     -0.4828896809816309E+03      0.2335395082358567E+06     -0.1131178877932686E+09      0.5487250443226292E+11     -0.2665784428249523E+14
  0.14300000E+03     -0.4881933755016409E+03      0.2386920087211362E+06     -0.1168778156729395E+09      0.5731505287702842E+11     -0.2814764097556052E+14
  0.14400000E+03     -0.4935281918975459E+03      0.2439314491598330E+06     -0.1207429299552248E+09      0.5985328951470137E+11     -0.2971263337713793E+14
  0.14500000E+03     -0.4989223737300685E+03      0.2492868319360431E+06     -0.1247364615943137E+09      0.6250426633828683E+11     -0.3136480483184775E+14
  0.14600000E+03     -0.5043430224140876E+03      0.2547273010917468E+06     -0.1288376883382309E+09      0.6525636623147855E+11     -0.3309863243940689E+14
  0.14700000E+03     -0.5098146709104922E+03      0.2602786755728388E+06     -0.1330679354686226E+09      0.6812578996094258E+11     -0.3492591572030879E+14
  0.14800000E+03     -0.5153191435187887E+03      0.2659239640496632E+06     -0.1374163354730491E+09      0.7110723425381989E+11     -0.3684501032787788E+14
  0.14900000E+03     -0.5208657120260513E+03      0.2716734316440411E+06     -0.1418923813112178E+09      0.7420897929532251E+11     -0.3886282393209624E+14
  0.15000000E+03     -0.5264341018313396E+03      0.2775076503731718E+06     -0.1464831953395424E+09      0.7742435510420555E+11     -0.4097693414985908E+14
  0.15100000E+03     -0.5320430643174290E+03      0.2834469645773064E+06     -0.1512063799854713E+09      0.8076753463022134E+11     -0.4319834854623586E+14
  0.15200000E+03     -0.5376610613914202E+03      0.2894591533874660E+06     -0.1560383240787801E+09      0.8422398798411540E+11     -0.4551936380767939E+14
  0.15300000E+03     -0.5433114382813317E+03      0.2955698196513155E+06     -0.1610011544217366E+09      0.8781140169104770E+11     -0.4795360597712327E+14
  0.15400000E+03     -0.5489879688732797E+03      0.3017730536883375E+06     -0.1660918278858236E+09      0.9152962765250150E+11     -0.5050289465321591E+14
  0.15500000E+03     -0.5546753394697546E+03      0.3080524200786033E+06     -0.1712982018444924E+09      0.9537157847183348E+11     -0.5316413729497804E+14
  0.15600000E+03     -0.5603783905716638E+03      0.3144140212582616E+06     -0.1766270285665210E+09      0.9934426650813745E+11     -0.5594413482885402E+14
  0.15700000E+03     -0.5660924259365045E+03      0.3208529094947804E+06     -0.1820755417898987E+09      0.1034474993998792E+12     -0.5884464832347569E+14
  0.15800000E+03     -0.5718206512827321E+03      0.3273731312843511E+06     -0.1876486093970991E+09      0.1076868358884319E+12     -0.6187151099682894E+14
  0.15900000E+03     -0.5775398591026487E+03      0.3339489148672885E+06     -0.1933259212057746E+09      0.1120490162600965E+12     -0.6501744647644692E+14
  0.16000000E+03     -0.5832852449816822E+03      0.3406207192463518E+06     -0.1991435117376863E+09      0.1165634250558184E+12     -0.6830548042713642E+14
  0.16100000E+03     -0.5890262036600059E+03      0.3473529280616930E+06     -0.2050713787463942E+09      0.1212084632558680E+12     -0.7172173314322223E+14
  0.16200000E+03     -0.5947484893868229E+03      0.3541288692791219E+06     -0.2110960290164129E+09      0.1259753902832650E+12     -0.7526178474116158E+14
  0.16300000E+03     -0.6004853456653656E+03      0.3609878733259982E+06     -0.2172535170157214E+09      0.1308944704061729E+12     -0.7895004918664245E+14
  0.16400000E+03     -0.6062238143941233E+03      0.3679146438544956E+06     -0.2235314091658432E+09      0.1359576998951051E+12     -0.8278263752441848E+14
  0.16500000E+03     -0.6119689892344250E+03      0.3749153090516177E+06     -0.2299363831019809E+09      0.1411722882147000E+12     -0.8676707972630798E+14
  0.16600000E+03     -0.6177055266181292E+03      0.3819711221035784E+06     -0.2364523537617718E+09      0.1465269088274674E+12     -0.9089675757718383E+14
  0.16700000E+03     -0.6234326321963432E+03      0.3890812400233035E+06     -0.2430797967589449E+09      0.1520239066540232E+12     -0.9517569485379389E+14
  0.16800000E+03     -0.6291549593166237E+03      0.3962510284405928E+06     -0.2498244945660941E+09      0.1576696874186888E+12     -0.9961087617940878E+14
  0.16900000E+03     -0.6348832216827690E+03      0.4034940094837956E+06     -0.2567003780628875E+09      0.1634778572459308E+12     -0.1042152470619172E+15
  0.17000000E+03     -0.6406194395055697E+03      0.4108129484456932E+06     -0.2637113684100821E+09      0.1694537443640262E+12     -0.1089953563571764E+15
  0.17100000E+03     -0.6463448912013216E+03      0.4181834514164927E+06     -0.2708347986511829E+09      0.1755796308194841E+12     -0.1139391131660992E+15
  0.17200000E+03     -0.6520659423219167E+03      0.4256142674495249E+06     -0.2780807714083665E+09      0.1818665740522968E+12     -0.1190581212372157E+15
  0.17300000E+03     -0.6577924148023543E+03      0.4331174642628398E+06     -0.2854615003188893E+09      0.1883265239444075E+12     -0.1243639945456846E+15
  0.17400000E+03     -0.6635163181678855E+03      0.4406829774613069E+06     -0.2929686148963029E+09      0.1949544788137110E+12     -0.1298553406022085E+15
  0.17500000E+03     -0.6692114605286947E+03      0.4482756400814801E+06     -0.3005678113316068E+09      0.2017216720210188E+12     -0.1355104072809576E+15
  0.17600000E+03     -0.6749278931415880E+03      0.4559617743532229E+06     -0.3083261728369436E+09      0.2086894546410112E+12     -0.1413826325287817E+15
  0.17700000E+03     -0.6806330926699163E+03      0.4636978469869729E+06     -0.3162010555246612E+09      0.2158216783531171E+12     -0.1474441897811773E+15
  0.17800000E+03     -0.6863420612270315E+03      0.4715044148580658E+06     -0.3242147326439232E+09      0.2231407544224811E+12     -0.1537168899975934E+15
  0.17900000E+03     -0.6920232824875272E+03      0.4793377467049538E+06     -0.3323227810945237E+09      0.2306075573256422E+12     -0.1601693118928308E+15
  0.18000000E+03     -0.6977191010212107E+03      0.4872560324593070E+06     -0.3405863513606660E+09      0.2382802776804530E+12     -0.1668542484718162E+15
  0.18100000E+03     -0.7034178409501419E+03      0.4952434824903692E+06     -0.3489905088011099E+09      0.2461474845104792E+12     -0.1737647344781910E+15
  0.18200000E+03     -0.7090970231482114E+03      0.5032681592313466E+06     -0.3575023123266134E+09      0.2541800012490759E+12     -0.1808775086457852E+15
  0.18300000E+03     -0.7147663388854982E+03      0.5113430588135946E+06     -0.3661358982017408E+09      0.2623925249635171E+12     -0.1882076907127289E+15
  0.18400000E+03     -0.7204352197441976E+03      0.5194814042163032E+06     -0.3749063195425156E+09      0.2708013260502931E+12     -0.1957725060494041E+15
  0.18500000E+03     -0.7261081741459997E+03      0.5276904303451683E+06     -0.3838232220594607E+09      0.2794184081571324E+12     -0.2035861153000408E+15
  0.18600000E+03     -0.7317987368539258E+03      0.5359897949031952E+06     -0.3929092026659883E+09      0.2882679333690390E+12     -0.2116735506569075E+15
  0.18700000E+03     -0.7374628474028843E+03      0.5443149044606478E+06     -0.4020942617223216E+09      0.2972834690708201E+12     -0.2199766485474412E+15
  0.18800000E+03     -0.7431232970795285E+03      0.5526986310265093E+06     -0.4114150640670074E+09      0.3065024606285009E+12     -0.2285322191724962E+15
  0.18900000E+03     -0.7487718808980411E+03      0.5611284088280079E+06     -0.4208582756058767E+09      0.3159134271869994E+12     -0.2373321885481057E+15
  0.19000000E+03     -0.7544459276540402E+03      0.5696604418637137E+06     -0.4304885136321794E+09      0.3255835124030942E+12     -0.2464429337053219E+15
  0.19100000E+03     -0.7600938006131686E+03      0.5782179328243436E+06     -0.4402211024643502E+09      0.3354307562835880E+12     -0.2557911125050932E+15
  0.19200000E+03     -0.7657320048284889E+03      0.5868241690345900E+06     -0.4500817149368337E+09      0.3454814648194189E+12     -0.2654031007159832E+15
  0.19300000E+03     -0.7713660527033351E+03      0.5954876374790455E+06     -0.4600812244500934E+09      0.3557489777951060E+12     -0.2752948506408913E+15
  0.19400000E+03     -0.7769826105880757E+03      0.6041876199376796E+06     -0.4701965213401862E+09      0.3662114681689658E+12     -0.2854482007800601E+15
  0.19500000E+03     -0.7826012767469142E+03      0.6129538986484783E+06     -0.4804626610756932E+09      0.3769067690091425E+12     -0.2959024891371712E+15
  0.19600000E+03     -0.7882159727865167E+03      0.6217774826938327E+06     -0.4908707537298643E+09      0.3878284306871727E+12     -0.3066552366996432E+15
  0.19700000E+03     -0.7938248063384463E+03      0.6306548369306334E+06     -0.5014170509933409E+09      0.3989740972247535E+12     -0.3177067917858261E+15
  0.19800000E+03     -0.7994116605423387E+03      0.6395599530811070E+06     -0.5120711108975762E+09      0.4103131845073341E+12     -0.3290294974044501E+15
  0.19900000E+03     -0.8049972490103689E+03      0.6485258713323394E+06     -0.5228735318943411E+09      0.4218911449566282E+12     -0.3406720827863024E+15
  0.20000000E+03     -0.8105658661496964E+03      0.6575267109224669E+06     -0.5337933995462236E+09      0.4336762809898012E+12     -0.3526052709829656E+15
  0.20100000E+03     -0.8161282924640094E+03      0.6665796046847900E+06     -0.5448522011418402E+09      0.4456936766265864E+12     -0.3648575273436642E+15
  0.20200000E+03     -0.8216688641935269E+03      0.6756584959848848E+06     -0.5560184333046683E+09      0.4579105558117622E+12     -0.3773980458749543E+15
  0.20300000E+03     -0.8271995038323633E+03      0.6847822908564798E+06     -0.5673155997071916E+09      0.4703540286102894E+12     -0.3902572341831402E+15
  0.20400000E+03     -0.8327105292452857E+03      0.6939349337393777E+06     -0.5787247246366819E+09      0.4830052972440635E+12     -0.4034189819433674E+15
  0.20500000E+03     -0.8382032466727881E+03      0.7031178432770973E+06     -0.5902476905183063E+09      0.4958677367234818E+12     -0.4168893450046968E+15
  0.20600000E+03     -0.8436926963530661E+03      0.7123556572510656E+06     -0.6019157756077868E+09      0.5089777795378943E+12     -0.4307092344370164E+15
  0.20700000E+03     -0.8491586089980839E+03      0.7216143822702988E+06     -0.6136871876825726E+09      0.5222908738958132E+12     -0.4448354012681323E+15
  0.20800000E+03     -0.8546174117396589E+03      0.7309210176065143E+06     -0.6255961932444992E+09      0.5358468254107040E+12     -0.4593123834106451E+15
  0.20900000E+03     -0.8600506983645752E+03      0.7402435802820877E+06     -0.6376021127383581E+09      0.5496007657719692E+12     -0.4740950311914947E+15
  0.21000000E+03     -0.8654657876304665E+03      0.7495938617980729E+06     -0.6497201035890976E+09      0.5635711260289542E+12     -0.4892054825949296E+15
  0.21100000E+03     -0.8708631137980200E+03      0.7589718399152163E+06     -0.6619500971129222E+09      0.5777588862244137E+12     -0.5046471361002125E+15
  0.21200000E+03     -0.8762288920033898E+03      0.7683529166221358E+06     -0.6742601205312093E+09      0.5921281813383209E+12     -0.5203834939633985E+15
  0.21300000E+03     -0.8815614405120796E+03      0.7777332169698225E+06     -0.6866447968667558E+09      0.6066734831255065E+12     -0.5364105129421451E+15
  0.21400000E+03     -0.8868622665820338E+03      0.7871141673485909E+06     -0.6991053238986228E+09      0.6213964871055663E+12     -0.5527315841049119E+15
  0.21500000E+03     -0.8921227193066768E+03      0.7964796085413548E+06     -0.7116200119360723E+09      0.6362723655195842E+12     -0.5693212546280414E+15
  0.21600000E+03     -0.8973614424175174E+03      0.8058617397228923E+06     -0.7242314141462401E+09      0.6513521532014768E+12     -0.5862380780013159E+15
  0.21700000E+03     -0.9025696925790885E+03      0.8152442131934917E+06     -0.7369175796686902E+09      0.6666107653556094E+12     -0.6034564881366839E+15
  0.21800000E+03     -0.9077261355341556E+03      0.8245868972216039E+06     -0.7496227755602437E+09      0.6819803974967988E+12     -0.6209002332509348E+15
  0.21900000E+03     -0.9128520397369909E+03      0.8339272274005291E+06     -0.7623972277602848E+09      0.6975219644729526E+12     -0.6386397398711369E+15
  0.22000000E+03     -0.9179390560047742E+03      0.8432485263150552E+06     -0.7752169873546258E+09      0.7132059927132045E+12     -0.6566421806319911E+15
  0.22100000E+03     -0.9229803126905693E+03      0.8525368303940413E+06     -0.7880617280467293E+09      0.7290071808779435E+12     -0.6748790974692878E+15
  0.22200000E+03     -0.9279829237290563E+03      0.8618042930875795E+06     -0.8009477190253462E+09      0.7449458425429698E+12     -0.6933753912585736E+15
  0.22300000E+03     -0.9329409267159754E+03      0.8710381247266722E+06     -0.8138554556914225E+09      0.7609965976822836E+12     -0.7121011710739132E+15
  0.22400000E+03     -0.9378521310727098E+03      0.8802334005406357E+06     -0.8267776571103522E+09      0.7771508764250732E+12     -0.7310481457579026E+15
  0.22500000E+03     -0.9427293849282794E+03      0.8894121363147714E+06     -0.8397430494566429E+09      0.7934426421710505E+12     -0.7502548275978048E+15
  0.22600000E+03     -0.9475659790060504E+03      0.8985611363884745E+06     -0.8527328880941960E+09      0.8098490883150078E+12     -0.7696962481223941E+15
  0.22700000E+03     -0.9523526430046870E+03      0.9076606178564614E+06     -0.8657165221963350E+09      0.8263290594605212E+12     -0.7893216876521285E+15
  0.22800000E+03     -0.9570809725181412E+03      0.9166947785371080E+06     -0.8786722707235249E+09      0.8428569197850515E+12     -0.8091037951698146E+15
  0.22900000E+03     -0.9618121033470316E+03      0.9257764523012611E+06     -0.8917569527453582E+09      0.8596272521361842E+12     -0.8292699844118296E+15
  0.23000000E+03     -0.9665206064247678E+03      0.9348577168365124E+06     -0.9049032792950561E+09      0.8765566750598281E+12     -0.8497241674587074E+15
  0.23100000E+03     -0.9711797633167871E+03      0.9438868087869314E+06     -0.9180364865586705E+09      0.8935497801218252E+12     -0.8703529081821871E+15
  0.23200000E+03     -0.9758551712180888E+03      0.9529890042600423E+06     -0.9313367923723098E+09      0.9108380398917339E+12     -0.8914361819587809E+15
  0.23300000E+03     -0.9805322915646157E+03      0.9621368063038217E+06     -0.9447656794492755E+09      0.9283741742436605E+12     -0.9129204904371420E+15
  0.23400000E+03     -0.9852156026118524E+03      0.9713388683224693E+06     -0.9583362051404831E+09      0.9461763556676671E+12     -0.9348302721603459E+15
  0.23500000E+03     -0.9899193767269579E+03      0.9806240461984926E+06     -0.9720927050917329E+09      0.9643058391300463E+12     -0.9572456488549525E+15
  0.23600000E+03     -0.9946523993470443E+03      0.9900107726958439E+06     -0.9860646721491497E+09      0.9828051125637146E+12     -0.9802245374125541E+15
  0.23700000E+03     -0.9994216181431716E+03      0.9995134419184270E+06     -0.1000275011727298E+10      0.1001707201260399E+13     -0.1003812217538647E+16
  0.23800000E+03     -0.1004208442724889E+04      0.1009096600576319E+07     -0.1014673669384485E+10      0.1020950236797526E+13     -0.1027938314718633E+16
  0.23900000E+03     -0.1009075791134511E+04      0.1018887320652305E+07     -0.1029453923398328E+10      0.1040796571866387E+13     -0.1052937944387778E+16
  0.24000000E+03     -0.1013991626597561E+04      0.1028823252682714E+07     -0.1044525454393898E+10      0.1061130894915093E+13     -0.1078674436059807E+16
  0.24100000E+03     -0.1018967826858311E+04      0.1038930540286834E+07     -0.1059931876473950E+10      0.1082018346453823E+13     -0.1105239404443700E+16
  0.24200000E+03     -0.1024011761233563E+04      0.1049225988923219E+07     -0.1075702320292412E+10      0.1103504142226966E+13     -0.1132698836288222E+16
  0.24300000E+03     -0.1029118432907812E+04      0.1059702095788129E+07     -0.1091830231218444E+10      0.1125587168127887E+13     -0.1161062672109430E+16
  0.24400000E+03     -0.1034304639978992E+04      0.1070395193952195E+07     -0.1108375251859912E+10      0.1148355288105834E+13     -0.1190453157447772E+16
  0.24500000E+03     -0.1039557077116772E+04      0.1081280221972207E+07     -0.1125303108708759E+10      0.1171768668629756E+13     -0.1220829785240122E+16
  0.24600000E+03     -0.1044856522659043E+04      0.1092318967832240E+07     -0.1142557836355241E+10      0.1195755977170853E+13     -0.1252109553687227E+16
  0.24700000E+03     -0.1050210478185621E+04      0.1103528736358856E+07     -0.1160169962068499E+10      0.1220365664183550E+13     -0.1284365004129876E+16
  0.24800000E+03     -0.1055640321655605E+04      0.1114956901429524E+07     -0.1178218991367494E+10      0.1245717257100864E+13     -0.1317765599630762E+16
  0.24900000E+03     -0.1061119997765462E+04      0.1126550406728897E+07     -0.1196624953397328E+10      0.1271705208490612E+13     -0.1352183059335719E+16
  0.25000000E+03     -0.1066648646871412E+04      0.1138308895887711E+07     -0.1215390593883510E+10      0.1298339459300013E+13     -0.1387640406935512E+16
  0.25100000E+03     -0.1072229625892385E+04      0.1150241874511114E+07     -0.1234535939784419E+10      0.1325656854449864E+13     -0.1424199927038255E+16
  0.25200000E+03     -0.1077857913937270E+04      0.1162339283726354E+07     -0.1254047026306726E+10      0.1353642117926065E+13     -0.1461849463323054E+16
  0.25300000E+03     -0.1083548344266067E+04      0.1174635319464948E+07     -0.1273983749593111E+10      0.1382389408155798E+13     -0.1500728716489371E+16
  0.25400000E+03     -0.1089281633813594E+04      0.1187089937825696E+07     -0.1294284985101930E+10      0.1411817751539942E+13     -0.1540740126350066E+16
  0.25500000E+03     -0.1095042869473140E+04      0.1199671705030996E+07     -0.1314902249409674E+10      0.1441862571469473E+13     -0.1581805967271998E+16
  0.25600000E+03     -0.1100838385629674E+04      0.1212396097856783E+07     -0.1335864696732470E+10      0.1472573478649186E+13     -0.1624005963897422E+16
  0.25700000E+03     -0.1106687293941922E+04      0.1225306615180380E+07     -0.1357247760274332E+10      0.1504068321177780E+13     -0.1667514609061619E+16
  0.25800000E+03     -0.1112560374330009E+04      0.1238339703771434E+07     -0.1378948950167955E+10      0.1536201990380190E+13     -0.1712141951256616E+16
  0.25900000E+03     -0.1118469003937278E+04      0.1251521766570308E+07     -0.1401015409485539E+10      0.1569050855252716E+13     -0.1758005733941157E+16
  0.26000000E+03     -0.1124407273196897E+04      0.1264840267167405E+07     -0.1423428496932791E+10      0.1602592526597690E+13     -0.1805084787514715E+16
  0.26100000E+03     -0.1130360432436346E+04      0.1278263397307551E+07     -0.1446138064968286E+10      0.1636758867397336E+13     -0.1853295763680234E+16
  0.26200000E+03     -0.1136341241113922E+04      0.1291821001043663E+07     -0.1469197724523632E+10      0.1671637184575803E+13     -0.1902773994982241E+16
  0.26300000E+03     -0.1142338687995725E+04      0.1305488375998417E+07     -0.1492567224036152E+10      0.1707171262410667E+13     -0.1953449179911725E+16
  0.26400000E+03     -0.1148363523426134E+04      0.1319290705661704E+07     -0.1516292080793529E+10      0.1743435999360825E+13     -0.2005439024067778E+16
  0.26500000E+03     -0.1154409684406103E+04      0.1333214962333741E+07     -0.1540352704704748E+10      0.1780407751619184E+13     -0.2058721548312656E+16
  0.26600000E+03     -0.1160463551991425E+04      0.1347231273485491E+07     -0.1564701415498763E+10      0.1818021392876728E+13     -0.2113217629666846E+16
  0.26700000E+03     -0.1166529996354706E+04      0.1361349838639537E+07     -0.1589355399945143E+10      0.1856304714799946E+13     -0.2168972315541511E+16
  0.26800000E+03     -0.1172614679529310E+04      0.1375584911390638E+07     -0.1614342774903653E+10      0.1895308479827775E+13     -0.2226072919804694E+16
  0.26900000E+03     -0.1178704706055529E+04      0.1389906843689068E+07     -0.1639613765415032E+10      0.1934960641437760E+13     -0.2284425323528507E+16
  0.27000000E+03     -0.1184802028708054E+04      0.1404321070165319E+07     -0.1665180803162673E+10      0.1975287289896314E+13     -0.2344080731103685E+16
  0.27100000E+03     -0.1190900677741769E+04      0.1418812588924419E+07     -0.1691017114405214E+10      0.2016248161721832E+13     -0.2404985777700302E+16
  0.27200000E+03     -0.1197018781197391E+04      0.1433425580137186E+07     -0.1717204813103937E+10      0.2057980928960498E+13     -0.2467359545923912E+16
  0.27300000E+03     -0.1203127717976244E+04      0.1448091287479053E+07     -0.1743621307083508E+10      0.2100293348905394E+13     -0.2530922548928744E+16
  0.27400000E+03     -0.1209239169751809E+04      0.1462837934048484E+07     -0.1770319171527652E+10      0.2143274683687797E+13     -0.2595819864944062E+16
  0.27500000E+03     -0.1215371607142549E+04      0.1477710223431169E+07     -0.1797380951619791E+10      0.2187062619464178E+13     -0.2662269943456510E+16
  0.27600000E+03     -0.1221490992551365E+04      0.1492626562910101E+07     -0.1824661266751688E+10      0.2231429096522066E+13     -0.2729940897093012E+16
  0.27700000E+03     -0.1227581852367656E+04      0.1507547079673513E+07     -0.1852084658202279E+10      0.2276249552028632E+13     -0.2798643394879991E+16
  0.27800000E+03     -0.1233673809260864E+04      0.1522544383621845E+07     -0.1879786042380420E+10      0.2321749135188178E+13     -0.2868733124845556E+16
  0.27900000E+03     -0.1239785607509594E+04      0.1537665130160154E+07     -0.1907853869165390E+10      0.2368079045280086E+13     -0.2940455491656672E+16
  0.28000000E+03     -0.1245876623467487E+04      0.1552809338126835E+07     -0.1936104910066295E+10      0.2414943029423214E+13     -0.3013365007360568E+16
  0.28100000E+03     -0.1251943978847000E+04      0.1567967656249920E+07     -0.1964518935345709E+10      0.2462305078168369E+13     -0.3087405204659306E+16
  0.28200000E+03     -0.1258024566388895E+04      0.1583232796692767E+07     -0.1993272106082233E+10      0.2510465045601693E+13     -0.3163058096754324E+16
  0.28300000E+03     -0.1264083177411095E+04      0.1598517304281567E+07     -0.2022202780603994E+10      0.2559159581217937E+13     -0.3239925087480745E+16
  0.28400000E+03     -0.1270143280952406E+04      0.1613877658897852E+07     -0.2051414036603628E+10      0.2608557976507301E+13     -0.3318270304551784E+16
  0.28500000E+03     -0.1276196409257197E+04      0.1629294711619220E+07     -0.2080875237654264E+10      0.2658620531251404E+13     -0.3398053693760408E+16
  0.28600000E+03     -0.1282248084436401E+04      0.1644779038087545E+07     -0.2110601134200705E+10      0.2709365083679641E+13     -0.3479295427929506E+16
  0.28700000E+03     -0.1288275262462867E+04      0.1660275359893945E+07     -0.2140494092990526E+10      0.2760641862269998E+13     -0.3561786620816884E+16
  0.28800000E+03     -0.1294293639407804E+04      0.1675821164047749E+07     -0.2170622227515589E+10      0.2812562787339704E+13     -0.3645703090205439E+16
  0.28900000E+03     -0.1300275615612521E+04      0.1691344658811667E+07     -0.2200846577853251E+10      0.2864890652021746E+13     -0.3730668294535814E+16
  0.29000000E+03     -0.1306294939993418E+04      0.1707037220878636E+07     -0.2231541275052141E+10      0.2918278466759032E+13     -0.3817755371737577E+16
  0.29100000E+03     -0.1312302512858952E+04      0.1722770957960707E+07     -0.2262457535842080E+10      0.2972297919309813E+13     -0.3906276111521736E+16
  0.29200000E+03     -0.1318311871416932E+04      0.1738580726088533E+07     -0.2293663988692387E+10      0.3027071451239867E+13     -0.3996439041335954E+16
  0.29300000E+03     -0.1324316260417865E+04      0.1754448736106589E+07     -0.2325126776728544E+10      0.3082544107605679E+13     -0.4088164787671309E+16
  0.29400000E+03     -0.1330325727051838E+04      0.1770402663902205E+07     -0.2356904168958978E+10      0.3138826658482300E+13     -0.4181653183753552E+16
  0.29500000E+03     -0.1336329577221453E+04      0.1786413835863609E+07     -0.2388939845402279E+10      0.3195823152161900E+13     -0.4276755127542630E+16
  0.29600000E+03     -0.1342329052866570E+04      0.1802484534239340E+07     -0.2421237607498467E+10      0.3253541287030163E+13     -0.4373488840737906E+16
  0.29700000E+03     -0.1348357788369447E+04      0.1818707238865598E+07     -0.2453989433504554E+10      0.3312337446770328E+13     -0.4472477885772420E+16
  0.29800000E+03     -0.1354389128153577E+04      0.1835008681573305E+07     -0.2487045564305489E+10      0.3371941759099017E+13     -0.4573270004665020E+16
  0.29900000E+03     -0.1360438266493820E+04      0.1851432092700823E+07     -0.2520499406275474E+10      0.3432535448270515E+13     -0.4676197428101039E+16
  0.30000000E+03     -0.1366456904614700E+04      0.1867845134029099E+07     -0.2554080205093862E+10      0.3493628257504503E+13     -0.4780431535721602E+16
  0.30100000E+03     -0.1372514527859123E+04      0.1884438217695103E+07     -0.2588180804055509E+10      0.3555943306705104E+13     -0.4887224702616533E+16
  0.30200000E+03     -0.1378564923562318E+04      0.1901084131289858E+07     -0.2622539797983760E+10      0.3619005364676347E+13     -0.4995770815812742E+16
  0.30300000E+03     -0.1384632237586299E+04      0.1917851052255128E+07     -0.2657302839887732E+10      0.3683093228167696E+13     -0.5106573664177401E+16
  0.30400000E+03     -0.1390692387766834E+04      0.1934670009223206E+07     -0.2692323275014174E+10      0.3747932293860905E+13     -0.5219155468094224E+16
  0.30500000E+03     -0.1396767366306716E+04      0.1951605543929596E+07     -0.2727744099819603E+10      0.3813805674970287E+13     -0.5334043897435941E+16
  0.30600000E+03     -0.1402832851097282E+04      0.1968589147507474E+07     -0.2763421993631209E+10      0.3880449439590284E+13     -0.5450787819661659E+16
  0.30700000E+03     -0.1408910338332043E+04      0.1985678993791112E+07     -0.2799476284927104E+10      0.3948083644693861E+13     -0.5569772195516943E+16
  0.30800000E+03     -0.1414995135793110E+04      0.2002864899730020E+07     -0.2835893190911691E+10      0.4016699403451836E+13     -0.5691015674735011E+16
  0.30900000E+03     -0.1421066217604380E+04      0.2020084444975880E+07     -0.2872535409035712E+10      0.4086031164332653E+13     -0.5814041588036917E+16
  0.31000000E+03     -0.1427133744524212E+04      0.2037367654868117E+07     -0.2909470617269419E+10      0.4156216450994539E+13     -0.5939114853449214E+16
  0.31100000E+03     -0.1433168973199969E+04      0.2054632677601751E+07     -0.2946525371216218E+10      0.4226931200286067E+13     -0.6065672645738758E+16
  0.31200000E+03     -0.1439241956293102E+04      0.2072078973779956E+07     -0.2984127081028737E+10      0.4298992335496420E+13     -0.6195183840186624E+16
  0.31300000E+03     -0.1445275193806184E+04      0.2089482716513843E+07     -0.3021792077401322E+10      0.4371473012298042E+13     -0.6325987276837875E+16
  0.31400000E+03     -0.1451320026130430E+04      0.2106992160973740E+07     -0.3059842804301965E+10      0.4444999205545478E+13     -0.6459226890586134E+16
  0.31500000E+03     -0.1457291339452866E+04      0.2124359367603273E+07     -0.3097738750960530E+10      0.4518525779402943E+13     -0.6593012178128007E+16
  0.31600000E+03     -0.1463325397031599E+04      0.2141978681948329E+07     -0.3136337183353844E+10      0.4593711890374285E+13     -0.6730358370038893E+16
  0.31700000E+03     -0.1469378220939522E+04      0.2159725248647390E+07     -0.3175373612168840E+10      0.4670062321890958E+13     -0.6870401696867129E+16
  0.31800000E+03     -0.1475453794616227E+04      0.2177609402097793E+07     -0.3214869043697603E+10      0.4747617191106449E+13     -0.7013218375680307E+16
  0.31900000E+03     -0.1481568735729262E+04      0.2195680283501297E+07     -0.3254933645706328E+10      0.4826598298173459E+13     -0.7159231033165812E+16
  0.32000000E+03     -0.1487704780592494E+04      0.2213886482037777E+07     -0.3295460313407066E+10      0.4906810406994670E+13     -0.7308112455212889E+16
  0.32100000E+03     -0.1493910307454396E+04      0.2232372843340924E+07     -0.3336775594109978E+10      0.4988910396489783E+13     -0.7461105899160834E+16
  0.32200000E+03     -0.1500212797787378E+04      0.2251224524458904E+07     -0.3379078470438185E+10      0.5073313488157036E+13     -0.7619026854109219E+16
  0.32300000E+03     -0.1506633229641175E+04      0.2270508019644997E+07     -0.3422527757841349E+10      0.5160358069028490E+13     -0.7782553059202743E+16
  0.32400000E+03     -0.1513169781615562E+04      0.2290223928972320E+07     -0.3467139988268213E+10      0.5250110640663389E+13     -0.7951877673608192E+16
  0.32500000E+03     -0.1519897983702825E+04      0.2310607197236185E+07     -0.3513464550108308E+10      0.5343715490083394E+13     -0.8129239156712746E+16
  0.32600000E+03     -0.1526695361015187E+04      0.2331289491232962E+07     -0.3560672127650114E+10      0.5439515867751492E+13     -0.8311540400212567E+16
  0.32700000E+03     -0.1533657796392429E+04      0.2352570773186469E+07     -0.3609468067022398E+10      0.5538988969595648E+13     -0.8501686795710235E+16
  0.32800000E+03     -0.1540759731455594E+04      0.2374378701209963E+07     -0.3659701733249610E+10      0.5641862787422934E+13     -0.8699232999457766E+16
  0.32900000E+03     -0.1548039975744673E+04      0.2396840113080529E+07     -0.3711685202013513E+10      0.5748821772590812E+13     -0.8905589142612974E+16
  0.33000000E+03     -0.1555483010256652E+04      0.2419915238446000E+07     -0.3765347536074714E+10      0.5859768158520439E+13     -0.9120668693451656E+16
  0.33100000E+03     -0.1563072895692797E+04      0.2443561124156338E+07     -0.3820606449731945E+10      0.5974573501423438E+13     -0.9344313623150804E+16
  0.33200000E+03     -0.1570826772892254E+04      0.2467839682928924E+07     -0.3877629296025740E+10      0.6093638318872306E+13     -0.9577418164396522E+16
  0.33300000E+03     -0.1578745070170108E+04      0.2492759046031318E+07     -0.3936454024581235E+10      0.6217087241083148E+13     -0.9820326914285206E+16
  0.33400000E+03     -0.1586791443844428E+04      0.2518211449747295E+07     -0.3996844905056263E+10      0.6344471084182960E+13     -0.1007225803770086E+17
  0.33500000E+03     -0.1594954331983379E+04      0.2544167574665484E+07     -0.4058752890378199E+10      0.6475736624627117E+13     -0.1033321931144913E+17
  0.33600000E+03     -0.1603260318648374E+04      0.2570716031774063E+07     -0.4122402393890655E+10      0.6611394444073851E+13     -0.1060430882001990E+17
  0.33700000E+03     -0.1611699958787241E+04      0.2597835115314355E+07     -0.4187765226903601E+10      0.6751442753905869E+13     -0.1088565432204394E+17
  0.33800000E+03     -0.1620221862549955E+04      0.2625364694383129E+07     -0.4254471252590136E+10      0.6895130408178467E+13     -0.1117584714458545E+17
  0.33900000E+03     -0.1628852028676562E+04      0.2653394255151855E+07     -0.4322754463809773E+10      0.7043006652533697E+13     -0.1147610448053722E+17
  0.34000000E+03     -0.1637596412600713E+04      0.2681948587451193E+07     -0.4392692527712090E+10      0.7195285755514239E+13     -0.1178697247561289E+17
  0.34100000E+03     -0.1646461114966720E+04      0.2711053297233230E+07     -0.4464366204749061E+10      0.7352191804659373E+13     -0.1210902533198137E+17
  0.34200000E+03     -0.1655443040443237E+04      0.2740703609393079E+07     -0.4537781209250560E+10      0.7513784751275745E+13     -0.1244250229744292E+17
  0.34300000E+03     -0.1664470821966579E+04      0.2770669222766713E+07     -0.4612384825445866E+10      0.7678896290845707E+13     -0.1278511200588233E+17
  0.34400000E+03     -0.1673578374823535E+04      0.2801065162400614E+07     -0.4688474010261897E+10      0.7848216980891135E+13     -0.1313837708545634E+17
  0.34500000E+03     -0.1682771971514572E+04      0.2831917683220806E+07     -0.4766132380241553E+10      0.8021982876197688E+13     -0.1350291549893952E+17
  0.34600000E+03     -0.1691988924077968E+04      0.2863018466313062E+07     -0.4844845435861609E+10      0.8199075280220353E+13     -0.1387647056676788E+17
  0.34700000E+03     -0.1701292339900762E+04      0.2894584065739602E+07     -0.4925175164282989E+10      0.8380800598362043E+13     -0.1426190922908399E+17
  0.34800000E+03     -0.1710642107825408E+04      0.2926481962835227E+07     -0.5006798291360915E+10      0.8566470107162841E+13     -0.1465788438981727E+17
  0.34900000E+03     -0.1720044295230088E+04      0.2958734951510968E+07     -0.5089783421999642E+10      0.8756274421733206E+13     -0.1506490009543920E+17
  0.35000000E+03     -0.1729513546033912E+04      0.2991397583748750E+07     -0.5174287054848490E+10      0.8950619897673037E+13     -0.1548395618089501E+17
  0.35100000E+03     -0.1739060065202839E+04      0.3024508760903094E+07     -0.5260424555849745E+10      0.9149817545986402E+13     -0.1591584726564363E+17
  0.35200000E+03     -0.1748625598299893E+04      0.3057868847660627E+07     -0.5347688088769853E+10      0.9352731658702537E+13     -0.1635822102239329E+17
  0.35300000E+03     -0.1758262321604589E+04      0.3091662212917210E+07     -0.5436571487268095E+10      0.9560549690996996E+13     -0.1681377827861520E+17
  0.35400000E+03     -0.1767939153068196E+04      0.3125783833038015E+07     -0.5526814342844515E+10      0.9772712347118129E+13     -0.1728142918590959E+17
  0.35500000E+03     -0.1777675997315199E+04      0.3160306266387160E+07     -0.5618620323905158E+10      0.9989739043724682E+13     -0.1776243657212923E+17
  0.35600000E+03     -0.1787443030583960E+04      0.3195125889360291E+07     -0.5711724996424810E+10      0.1021104398555309E+14     -0.1825561805451026E+17
  0.35700000E+03     -0.1797239117970390E+04      0.3230241224195795E+07     -0.5806136877241688E+10      0.1043669036156593E+14     -0.1876123980116069E+17
  0.35800000E+03     -0.1807099504913158E+04      0.3265781108382164E+07     -0.5902214755417856E+10      0.1066757888618704E+14     -0.1928144733079972E+17
  0.35900000E+03     -0.1816983402434700E+04      0.3301600826233096E+07     -0.5999579374997123E+10      0.1090284071568229E+14     -0.1981441006727592E+17
  0.36000000E+03     -0.1826906406298328E+04      0.3337759244085006E+07     -0.6098402928756715E+10      0.1114293537965919E+14     -0.2036129924534280E+17
  0.36100000E+03     -0.1836894522244440E+04      0.3374353898637946E+07     -0.6198965491846497E+10      0.1138859050189338E+14     -0.2092391243625200E+17
  0.36200000E+03     -0.1846912464629509E+04      0.3411258014894065E+07     -0.6300931503614219E+10      0.1163903217804314E+14     -0.2150061529387218E+17
  0.36300000E+03     -0.1856934904049083E+04      0.3448379586915002E+07     -0.6404056371142794E+10      0.1189369806518703E+14     -0.2209023536439061E+17
  0.36400000E+03     -0.1867010045540874E+04      0.3485899072694465E+07     -0.6508852802863832E+10      0.1215389741592522E+14     -0.2269593847392377E+17
  0.36500000E+03     -0.1877106696961998E+04      0.3523702315242880E+07     -0.6615013656927743E+10      0.1241891190416155E+14     -0.2331619091116656E+17
  0.36600000E+03     -0.1887238346340246E+04      0.3561841980775725E+07     -0.6722699126567994E+10      0.1268918762325401E+14     -0.2395218113611052E+17
  0.36700000E+03     -0.1897386532506875E+04      0.3600249677787812E+07     -0.6831725474010046E+10      0.1296430258782635E+14     -0.2460304521903666E+17
  0.36800000E+03     -0.1907596230666852E+04      0.3639098260812696E+07     -0.6942597165927001E+10      0.1324558046766972E+14     -0.2527207227759351E+17
  0.36900000E+03     -0.1917806737545852E+04      0.3678158406248267E+07     -0.7054670813654827E+10      0.1353143327189308E+14     -0.2595562889191028E+17
  0.37000000E+03     -0.1928098435634020E+04      0.3717739862665872E+07     -0.7168848024456892E+10      0.1382420977291350E+14     -0.2665948829294290E+17
  0.37100000E+03     -0.1938376714720969E+04      0.3757481573531961E+07     -0.7284101898883984E+10      0.1412133089689310E+14     -0.2737762037838086E+17
  0.37200000E+03     -0.1948690575606886E+04      0.3797573343099610E+07     -0.7400990433542050E+10      0.1442427153484155E+14     -0.2811371877978570E+17
  0.37300000E+03     -0.1959074590131629E+04      0.3838152157887814E+07     -0.7519927163948292E+10      0.1473415713749013E+14     -0.2887068997659239E+17
  0.37400000E+03     -0.1969468101513183E+04      0.3878984425549047E+07     -0.7640244199935657E+10      0.1504930863197529E+14     -0.2964462415025986E+17
  0.37500000E+03     -0.1979860644970801E+04      0.3920028958716557E+07     -0.7761826718538342E+10      0.1536946009775871E+14     -0.3043499730634466E+17
  0.37600000E+03     -0.1990270201644933E+04      0.3961357193552132E+07     -0.7884894312376085E+10      0.1569522852626278E+14     -0.3124347211298512E+17
  0.37700000E+03     -0.2000742778729352E+04      0.4003154974168504E+07     -0.8010016696543459E+10      0.1602818321321221E+14     -0.3207413990543441E+17
  0.37800000E+03     -0.2011216362214990E+04      0.4045175496718844E+07     -0.8136464037336722E+10      0.1636642421645345E+14     -0.3292241143926857E+17
  0.37900000E+03     -0.2021760599930512E+04      0.4087701256937137E+07     -0.8265102532254457E+10      0.1671233012516448E+14     -0.3379445255582108E+17
  0.38000000E+03     -0.2032272405386709E+04      0.4130317276020043E+07     -0.8394686204594634E+10      0.1706259430854820E+14     -0.3468208466418697E+17
  0.38100000E+03     -0.2042823099747102E+04      0.4173313638421787E+07     -0.8526107023063055E+10      0.1741967354783524E+14     -0.3559169795916576E+17
  0.38200000E+03     -0.2053409199108909E+04      0.4216678437810892E+07     -0.8659342663897181E+10      0.1778356460849888E+14     -0.3652347937001507E+17
  0.38300000E+03     -0.2063993497371442E+04      0.4260260127613846E+07     -0.8793937301138859E+10      0.1815306877786792E+14     -0.3747452775182890E+17
  0.38400000E+03     -0.2074634387476425E+04      0.4304299335789517E+07     -0.8930641744747358E+10      0.1853028776810729E+14     -0.3845040689607956E+17
  0.38500000E+03     -0.2085301180893612E+04      0.4348673835476473E+07     -0.9069098629781998E+10      0.1891431617091877E+14     -0.3944903462803670E+17
  0.38600000E+03     -0.2095983787005202E+04      0.4393342263320837E+07     -0.9209188118514389E+10      0.1930486745033437E+14     -0.4046983776491153E+17
  0.38700000E+03     -0.2106656404239420E+04      0.4438196885216104E+07     -0.9350580105824703E+10      0.1970106330742320E+14     -0.4151068352835173E+17
  0.38800000E+03     -0.2117345187082732E+04      0.4483348300382026E+07     -0.9493632727127262E+10      0.2010395453823404E+14     -0.4257451083988674E+17
  0.38900000E+03     -0.2128069871998227E+04      0.4528880304577853E+07     -0.9638620140349625E+10      0.2051435831116233E+14     -0.4366365077246328E+17
  0.39000000E+03     -0.2138845569682626E+04      0.4574860495053815E+07     -0.9785775919821239E+10      0.2093300848134709E+14     -0.4478029904295112E+17
  0.39100000E+03     -0.2149655376833298E+04      0.4621220122090572E+07     -0.9934898393665512E+10      0.2135940499570877E+14     -0.4592337570328174E+17
  0.39200000E+03     -0.2160405910149076E+04      0.4667557517349971E+07     -0.1008469926462916E+11      0.2178989628989526E+14     -0.4708323553111894E+17
  0.39300000E+03     -0.2171238666195356E+04      0.4714482509458853E+07     -0.1023715738871399E+11      0.2223021207424908E+14     -0.4827549022688021E+17
  0.39400000E+03     -0.2182095932666783E+04      0.4761749367309553E+07     -0.1039149577494570E+11      0.2267819180527534E+14     -0.4949457455356050E+17
  0.39500000E+03     -0.2192912688869998E+04      0.4809073964765245E+07     -0.1054679088988970E+11      0.2313118934147094E+14     -0.5073344202580444E+17
  0.39600000E+03     -0.2203822596772670E+04      0.4857043630571266E+07     -0.1070498604915475E+11      0.2359494238945929E+14     -0.5200803417541753E+17
  0.39700000E+03     -0.2214700658160116E+04      0.4905110584839494E+07     -0.1086428854189452E+11      0.2406425865721838E+14     -0.5330431620251602E+17
  0.39800000E+03     -0.2225616865652905E+04      0.4953584036846084E+07     -0.1102573070309675E+11      0.2454222467977470E+14     -0.5463100151285051E+17
  0.39900000E+03     -0.2236489971322164E+04      0.5002101954054295E+07     -0.1118811031827633E+11      0.2502531449983723E+14     -0.5597845899048249E+17
  0.40000000E+03     -0.2247417204344214E+04      0.5051100307627674E+07     -0.1135290131647409E+11      0.2551798027948754E+14     -0.5735935829946157E+17
  0.40100000E+03     -0.2258368153955113E+04      0.5100444863036549E+07     -0.1151966726224355E+11      0.2601898564034253E+14     -0.5877049157339742E+17
  0.40200000E+03     -0.2269343619647968E+04      0.5150140169203387E+07     -0.1168843463216670E+11      0.2652846722765257E+14     -0.6021247141458961E+17
  0.40300000E+03     -0.2280279712982580E+04      0.5199897780104708E+07     -0.1185823454303889E+11      0.2704355616731797E+14     -0.6167740388582306E+17
  0.40400000E+03     -0.2291267803285760E+04      0.5250130948767007E+07     -0.1203047672481805E+11      0.2756855127190033E+14     -0.6317764674188119E+17
  0.40500000E+03     -0.2302292656677499E+04      0.5300776436970327E+07     -0.1220497423496406E+11      0.2810299802430590E+14     -0.6471229966864505E+17
  0.40600000E+03     -0.2313269097547860E+04      0.5351441665046662E+07     -0.1238037803013823E+11      0.2864280028063054E+14     -0.6626977407055869E+17
  0.40700000E+03     -0.2324304869075221E+04      0.5402622665789859E+07     -0.1255840891342518E+11      0.2919328925131538E+14     -0.6786562524116722E+17
  0.40800000E+03     -0.2335321249044933E+04      0.5453956135779652E+07     -0.1273781733961619E+11      0.2975066972553137E+14     -0.6948912097193738E+17
  0.40900000E+03     -0.2346349493576653E+04      0.5505588838841740E+07     -0.1291912817752817E+11      0.3031663436636743E+14     -0.7114544480425131E+17
  0.41000000E+03     -0.2357410844948574E+04      0.5557621189527088E+07     -0.1310270554272431E+11      0.3089238105277659E+14     -0.7283835600187152E+17
  0.41100000E+03     -0.2368408512759102E+04      0.5609595966587049E+07     -0.1328693754281266E+11      0.3147288355247246E+14     -0.7455323508342262E+17
  0.41200000E+03     -0.2379613521291642E+04      0.5662799266412058E+07     -0.1347640969038725E+11      0.3207270061819198E+14     -0.7633349197770565E+17
  0.41300000E+03     -0.2390705779128906E+04      0.5715715414249135E+07     -0.1366574729063742E+11      0.3267491635551700E+14     -0.7812929089197998E+17
  0.41400000E+03     -0.2401804782900403E+04      0.5768909526064205E+07     -0.1385696295344810E+11      0.3328592858840527E+14     -0.7995977800066885E+17
  0.41500000E+03     -0.2412888114827468E+04      0.5822273569500051E+07     -0.1404967436142040E+11      0.3390456094118020E+14     -0.8182164274745538E+17
  0.41600000E+03     -0.2423999810294044E+04      0.5876021963980500E+07     -0.1424467270887239E+11      0.3453343377899564E+14     -0.8372309314888674E+17
  0.41700000E+03     -0.2435133363974734E+04      0.5930123729325932E+07     -0.1444185565825942E+11      0.3517227624250517E+14     -0.8566357004325514E+17
  0.41800000E+03     -0.2446255691737399E+04      0.5984417689936167E+07     -0.1464064247526108E+11      0.3581925505857212E+14     -0.8763773189005414E+17
  0.41900000E+03     -0.2457351944311227E+04      0.6038831973273003E+07     -0.1484078053302007E+11      0.3647360917374791E+14     -0.8964352517296648E+17
  0.42000000E+03     -0.2468496979410746E+04      0.6093732840245296E+07     -0.1504362219583928E+11      0.3713980440690977E+14     -0.9169485769743240E+17
  0.42100000E+03     -0.2479637708785394E+04      0.6148860535350593E+07     -0.1524822249727402E+11      0.3781481273333896E+14     -0.9378272169112981E+17
  0.42200000E+03     -0.2490797277634756E+04      0.6204330279899096E+07     -0.1545501988152838E+11      0.3850014352392705E+14     -0.9591206438709618E+17
  0.42300000E+03     -0.2501946191018853E+04      0.6259995756220954E+07     -0.1566347828262360E+11      0.3919407911528077E+14     -0.9807781775450394E+17
  0.42400000E+03     -0.2513138071062460E+04      0.6316126850724724E+07     -0.1587462488520193E+11      0.3990012188602385E+14     -0.1002912591901759E+18
  0.42500000E+03     -0.2524247935059635E+04      0.6372093985099657E+07     -0.1608608939869741E+11      0.4061036695312867E+14     -0.1025277599203817E+18
  0.42600000E+03     -0.2535420285905212E+04      0.6428623623549123E+07     -0.1630061934513918E+11      0.4133407919222527E+14     -0.1048166976280467E+18
  0.42700000E+03     -0.2546575279731586E+04      0.6485315775577720E+07     -0.1651672025677489E+11      0.4206632434487256E+14     -0.1071428944087992E+18
  0.42800000E+03     -0.2557713479515140E+04      0.6542171112844874E+07     -0.1673439473159522E+11      0.4280713974416475E+14     -0.1095066497080109E+18
  0.42900000E+03     -0.2568809542040476E+04      0.6599057155588065E+07     -0.1695313192158519E+11      0.4355480261571647E+14     -0.1119026069773905E+18
  0.43000000E+03     -0.2580011760446659E+04      0.6656738153949168E+07     -0.1717589411634575E+11      0.4431954717774941E+14     -0.1143640018117729E+18
  0.43100000E+03     -0.2591196596883784E+04      0.6714580235797010E+07     -0.1740025042966772E+11      0.4509311603641965E+14     -0.1168646336291361E+18
  0.43200000E+03     -0.2602392989013043E+04      0.6772731744128553E+07     -0.1762677945943185E+11      0.4587754378198130E+14     -0.1194112997844485E+18
  0.43300000E+03     -0.2613609919696793E+04      0.6831241379175662E+07     -0.1785568734287399E+11      0.4667363039413546E+14     -0.1220069722406098E+18
  0.43400000E+03     -0.2624681105303815E+04      0.6889238444782271E+07     -0.1808356300695633E+11      0.4746952601286744E+14     -0.1246131516430917E+18
  0.43500000E+03     -0.2635844765598421E+04      0.6947966619480175E+07     -0.1831528454400111E+11      0.4828226764884410E+14     -0.1272857187297526E+18
  0.43600000E+03     -0.2647045253598168E+04      0.7007139579387872E+07     -0.1854975580073152E+11      0.4910815744474131E+14     -0.1300130918054049E+18
  0.43700000E+03     -0.2658135516642766E+04      0.7065977787504126E+07     -0.1878388573791966E+11      0.4993632951877014E+14     -0.1327595571676844E+18
  0.43800000E+03     -0.2669310500813324E+04      0.7125513693955088E+07     -0.1902178383562284E+11      0.5078135366112995E+14     -0.1355736421012351E+18
  0.43900000E+03     -0.2680456064631550E+04      0.7185141989935302E+07     -0.1926105071344328E+11      0.5163480506875105E+14     -0.1384277135214460E+18
  0.44000000E+03     -0.2691584290574584E+04      0.7244926510824935E+07     -0.1950194775382060E+11      0.5249766493916244E+14     -0.1413253170524756E+18
  0.44100000E+03     -0.2702685507662486E+04      0.7304811692078161E+07     -0.1974424473782831E+11      0.5336911543061197E+14     -0.1442638278413100E+18
  0.44200000E+03     -0.2713817100749805E+04      0.7365108918132757E+07     -0.1998921716822449E+11      0.5425382996059541E+14     -0.1472593943663924E+18
  0.44300000E+03     -0.2724951206513266E+04      0.7425667202020822E+07     -0.2023625965956110E+11      0.5514968108404966E+14     -0.1503051138456538E+18
  0.44400000E+03     -0.2736092569562842E+04      0.7486513045117402E+07     -0.2048549141418404E+11      0.5605717122377359E+14     -0.1534030347203777E+18
  0.44500000E+03     -0.2747059942551389E+04      0.7546650945882960E+07     -0.2073281970710960E+11      0.5696137314415362E+14     -0.1565022156273350E+18
  0.44600000E+03     -0.2758286246749351E+04      0.7608458186236135E+07     -0.2098804379854910E+11      0.5789822290427325E+14     -0.1597263118292982E+18
  0.44700000E+03     -0.2769372849911768E+04      0.7669743682744038E+07     -0.2124213917221848E+11      0.5883471011991258E+14     -0.1629622244256876E+18
  0.44800000E+03     -0.2780453177947736E+04      0.7731239588942582E+07     -0.2149812716951411E+11      0.5978194790298926E+14     -0.1662483807844901E+18
  0.44900000E+03     -0.2791416458316189E+04      0.7792328121661270E+07     -0.2175343181611582E+11      0.6073041834191964E+14     -0.1695519143518665E+18
  0.45000000E+03     -0.2802501039026529E+04      0.7854337507793484E+07     -0.2201361269736034E+11      0.6170083740536785E+14     -0.1729452985936733E+18
  0.45100000E+03     -0.2813588377388205E+04      0.7916607409314968E+07     -0.2227591904587603E+11      0.6268304971826891E+14     -0.1763934925348664E+18
  0.45200000E+03     -0.2824582717979418E+04      0.7978597386866227E+07     -0.2253807127041095E+11      0.6366853829601517E+14     -0.1798667694518214E+18
  0.45300000E+03     -0.2835693953782171E+04      0.8041493577749974E+07     -0.2280510504156059E+11      0.6467633771176923E+14     -0.1834326917290767E+18
  0.45400000E+03     -0.2846556608388703E+04      0.8103220032663320E+07     -0.2306818420363124E+11      0.6567304473597521E+14     -0.1869729775922292E+18
  0.45500000E+03     -0.2857608651565963E+04      0.8166265579141215E+07     -0.2333792465192997E+11      0.6669894174124600E+14     -0.1906310412971865E+18
  0.45600000E+03     -0.2868536562804640E+04      0.8228842869275582E+07     -0.2360669172521352E+11      0.6772506915858077E+14     -0.1943040015598935E+18
  0.45700000E+03     -0.2879584797504363E+04      0.8292351346188517E+07     -0.2388050236915475E+11      0.6877445447559602E+14     -0.1980745928188818E+18
  0.45800000E+03     -0.2890390853205053E+04      0.8354705651648941E+07     -0.2415036661527259E+11      0.6981267620878235E+14     -0.2018193575184039E+18
  0.45900000E+03     -0.2901359998608276E+04      0.8418237966587760E+07     -0.2442635850077647E+11      0.7087844720479539E+14     -0.2056778816386283E+18
  0.46000000E+03     -0.2912235845633310E+04      0.8481468992976230E+07     -0.2470208412221071E+11      0.7194723127522658E+14     -0.2095620009688651E+18
  0.46100000E+03     -0.2923147362872008E+04      0.8545144482401012E+07     -0.2498078560550666E+11      0.7303158833776881E+14     -0.2135174443979852E+18
  0.46200000E+03     -0.2934124828295171E+04      0.8609443323780445E+07     -0.2526326311864938E+11      0.7413472796108753E+14     -0.2175563782991708E+18
  0.46300000E+03     -0.2944990034441275E+04      0.8673325065016517E+07     -0.2554496854168427E+11      0.7523900886408011E+14     -0.2216147665931699E+18
  0.46400000E+03     -0.2955771825736171E+04      0.8736948493377192E+07     -0.2582656221692383E+11      0.7634689368264575E+14     -0.2257013089257841E+18
  0.46500000E+03     -0.2966501840642299E+04      0.8800497607254179E+07     -0.2610885410716159E+11      0.7746158145608461E+14     -0.2298279604426709E+18
  0.46600000E+03     -0.2977207206891124E+04      0.8864131363039345E+07     -0.2639255018263831E+11      0.7858588880006250E+14     -0.2340053646925608E+18
  0.46700000E+03     -0.2987937357850437E+04      0.8928136970190592E+07     -0.2667890855428320E+11      0.7972474167845273E+14     -0.2382517072800891E+18
  0.46800000E+03     -0.2998760476515642E+04      0.8992935764087206E+07     -0.2696988715046706E+11      0.8088624642803884E+14     -0.2425985161893147E+18
  0.46900000E+03     -0.3009411247897333E+04      0.9056931769447103E+07     -0.2725829317609396E+11      0.8204161794929097E+14     -0.2469379057646708E+18
  0.47000000E+03     -0.3020245782895740E+04      0.9122263652313782E+07     -0.2755376754893528E+11      0.8322951940546866E+14     -0.2514153558042483E+18
  0.47100000E+03     -0.3030799581196286E+04      0.9186126570609165E+07     -0.2784361432731823E+11      0.8439889532261322E+14     -0.2558384842597700E+18
  0.47200000E+03     -0.3041537095160486E+04      0.9251330292781381E+07     -0.2814058987992942E+11      0.8560125631698177E+14     -0.2604024115504788E+18
  0.47300000E+03     -0.3052198885316391E+04      0.9316303744995305E+07     -0.2843756593199682E+11      0.8680788264106081E+14     -0.2649987693691847E+18
  0.47400000E+03     -0.3062625043413320E+04      0.9380059491680335E+07     -0.2872997713313976E+11      0.8800004255775006E+14     -0.2695556185890616E+18
  0.47500000E+03     -0.3073119598059619E+04      0.9444453122007176E+07     -0.2902632474175064E+11      0.8921238628135622E+14     -0.2742054769402332E+18
  0.47600000E+03     -0.3083547216390346E+04      0.9508655785504213E+07     -0.2932280818667235E+11      0.9042945062700972E+14     -0.2788894685640247E+18
  0.47700000E+03     -0.3094105832707712E+04      0.9573888505198769E+07     -0.2962508426162948E+11      0.9167456165196314E+14     -0.2836978862655988E+18
  0.47800000E+03     -0.3104622783055144E+04      0.9639083557707978E+07     -0.2992820738460295E+11      0.9292738347595312E+14     -0.2885524382882820E+18
  0.47900000E+03     -0.3114992772084334E+04      0.9703581525174335E+07     -0.3022908747334135E+11      0.9417507366652728E+14     -0.2934031979205507E+18
  0.48000000E+03     -0.3125466878001505E+04      0.9768950041819064E+07     -0.3053507232676803E+11      0.9544827493574791E+14     -0.2983700796763521E+18
  0.48100000E+03     -0.3135826867187133E+04      0.9833818473937010E+07     -0.3083971263808202E+11      0.9672004153302666E+14     -0.3033476490356822E+18
  0.48200000E+03     -0.3146131762675211E+04      0.9898555948323688E+07     -0.3114474607465199E+11      0.9799767089161892E+14     -0.3083647385283276E+18
  0.48300000E+03     -0.3156395351993131E+04      0.9963244738910604E+07     -0.3145054684478741E+11      0.9928270335776622E+14     -0.3134274059349478E+18
  0.48400000E+03     -0.3166694510109535E+04      0.1002836996959039E+08     -0.3175941732436536E+11      0.1005848782396338E+15     -0.3185743778490988E+18
  0.48500000E+03     -0.3176943269971892E+04      0.1009338892783414E+08     -0.3206879458483182E+11      0.1018934654453544E+15     -0.3237636522611121E+18
  0.48600000E+03     -0.3187089339633695E+04      0.1015796071608634E+08     -0.3237701936681538E+11      0.1032013164359480E+15     -0.3289664715159230E+18
  0.48700000E+03     -0.3197098615548789E+04      0.1022186728836426E+08     -0.3268305220862889E+11      0.1045040523902342E+15     -0.3341656461718471E+18
  0.48800000E+03     -0.3211030750455262E+04      0.1031183807487732E+08     -0.3311894693738978E+11      0.1063818450141395E+15     -0.3417518908635815E+18
  0.48900000E+03     -0.3220467370444884E+04      0.1037242271670237E+08     -0.3341067716144261E+11      0.1076305483791062E+15     -0.3467628387222275E+18
  0.49000000E+03     -0.3238076934176572E+04      0.1048745892211960E+08     -0.3397451891770518E+11      0.1100881187614891E+15     -0.3568091722852846E+18
  0.49100000E+03     -0.3291116965563176E+04      0.1083919099824496E+08     -0.3572459327991586E+11      0.1178313775289312E+15     -0.3889411689393510E+18
  0.49200000E+03     -0.3365210507888837E+04      0.1133362957734201E+08     -0.3820014939228571E+11      0.1288530540501847E+15     -0.4349626459793108E+18
  0.49300000E+03     -0.3257993589797866E+04      0.1061507706267121E+08     -0.3458749649105854E+11      0.1127037932693168E+15     -0.3672668872317934E+18
  0.49400000E+03     -0.3459264202607705E+04      0.1197091702125435E+08     -0.4144042927695272E+11      0.1435052090443824E+15     -0.4971087535500609E+18
  0.49500000E+03     -0.3504587338189455E+04      0.1228536871352697E+08     -0.4307736481065614E+11      0.1510828453947733E+15     -0.5300074794961538E+18
  0.49600000E+03     -0.3523339928990422E+04      0.1241836124225571E+08     -0.4378463472760410E+11      0.1544257671558291E+15     -0.5448182868113348E+18
  0.49700000E+03     -0.3412927235592545E+04      0.1165768037522129E+08     -0.3985209877688441E+11      0.1363451217005198E+15     -0.4668446203719734E+18
  0.49800000E+03     -0.3415983394234837E+04      0.1167718273608088E+08     -0.3994509903889859E+11      0.1367376926417323E+15     -0.4683906781539447E+18
  0.49900000E+03     -0.3483030448551787E+04      0.1214079478139827E+08     -0.4235078177696051E+11      0.1478400414724901E+15     -0.5164531380222561E+18
  0.50000000E+03     -0.3570859743162358E+04      0.1275736041486700E+08     -0.4559909806446970E+11      0.1630615388733205E+15     -0.5833637549325100E+18
  0.50100000E+03     -0.3385229385189074E+04      0.1146658525590628E+08     -0.3886359329846526E+11      0.1318012143253805E+15     -0.4472682242639297E+18
  0.50200000E+03     -0.3487233350164879E+04      0.1216732279906009E+08     -0.4247520846957957E+11      0.1483528644679693E+15     -0.5184056930935627E+18
  0.50300000E+03     -0.3531301347504477E+04      0.1247334484405303E+08     -0.4406968983139000E+11      0.1557405454188993E+15     -0.5505083443994476E+18
  0.50400000E+03     -0.3553141226590722E+04      0.1262676550770943E+08     -0.4487828847687672E+11      0.1595300337872523E+15     -0.5671634373569965E+18
  0.50500000E+03     -0.3574487889778554E+04      0.1277891806573958E+08     -0.4569176994152188E+11      0.1633965469518027E+15     -0.5843946843923436E+18
  0.50600000E+03     -0.3591227814206763E+04      0.1289847540111067E+08     -0.4633233431277043E+11      0.1664479245612892E+15     -0.5980246971867948E+18
  0.50700000E+03     -0.3603393485882952E+04      0.1298484371460586E+08     -0.4679237689260403E+11      0.1686268864131474E+15     -0.6077036770525603E+18
  0.50800000E+03     -0.3619377490655721E+04      0.1310029002167107E+08     -0.4741776513797453E+11      0.1716383721785086E+15     -0.6212992382407075E+18
  0.50900000E+03     -0.3622284377947564E+04      0.1312135098522738E+08     -0.4753221160553931E+11      0.1721911961535393E+15     -0.6238027835774903E+18
  0.51000000E+03     -0.3633442179620800E+04      0.1320230751611734E+08     -0.4797276672470676E+11      0.1743223260993786E+15     -0.6334678472710984E+18
