  0.00000000E+00     -0.4192679304743264E+02
  0.10000000E+01     -0.3868795132860335E+02
  0.20000000E+01     -0.3612715521413860E+02
  0.30000000E+01     -0.3395693175105570E+02
  0.40000000E+01     -0.3205979071780240E+02
  0.50000000E+01     -0.3037108731049029E+02
  0.60000000E+01     -0.2884989114463830E+02
  0.70000000E+01     -0.2746805740235905E+02
  0.80000000E+01     -0.2620495192158364E+02
  0.90000000E+01     -0.2504486573866712E+02
  0.10000000E+02     -0.2397562667390650E+02
  0.11000000E+02     -0.2298685312869257E+02
  0.12000000E+02     -0.2207037196066571E+02
  0.13000000E+02     -0.2121943796088139E+02
  0.14000000E+02     -0.2042820688482181E+02
  0.15000000E+02     -0.1969154029481292E+02
  0.16000000E+02     -0.1900479620486311E+02
  0.17000000E+02     -0.1836415278253527E+02
  0.18000000E+02     -0.1776640117462451E+02
  0.19000000E+02     -0.1720845365579636E+02
  0.20000000E+02     -0.1668747906613085E+02
  0.21000000E+02     -0.1620095976609499E+02
  0.22000000E+02     -0.1574685076347077E+02
  0.23000000E+02     -0.1532301887154442E+02
  0.24000000E+02     -0.1492754830444641E+02
  0.25000000E+02     -0.1455895280391160E+02
  0.26000000E+02     -0.1421525177814560E+02
  0.27000000E+02     -0.1389491391134294E+02
  0.28000000E+02     -0.1359706794602233E+02
  0.29000000E+02     -0.1332041734959319E+02
  0.30000000E+02     -0.1306371765313657E+02
  0.31000000E+02     -0.1282615478241399E+02
  0.32000000E+02     -0.1260626429578517E+02
  0.33000000E+02     -0.1240328087696410E+02
  0.34000000E+02     -0.1221648814507214E+02
  0.35000000E+02     -0.1204487423016351E+02
  0.36000000E+02     -0.1188740720278736E+02
  0.37000000E+02     -0.1174389156983727E+02
  0.38000000E+02     -0.1161335822524795E+02
  0.39000000E+02     -0.1149520924092804E+02
  0.40000000E+02     -0.1138893685598360E+02
  0.41000000E+02     -0.1129388040855660E+02
  0.42000000E+02     -0.1120938987455711E+02
  0.43000000E+02     -0.1113500039325683E+02
  0.44000000E+02     -0.1107026817908092E+02
  0.45000000E+02     -0.1101455776666975E+02
  0.46000000E+02     -0.1096755543530725E+02
  0.47000000E+02     -0.1092880523541900E+02
  0.48000000E+02     -0.1089788902824897E+02
  0.49000000E+02     -0.1087443072657296E+02
  0.50000000E+02     -0.1085812254503247E+02
  0.51000000E+02     -0.1084828776949425E+02
  0.52000000E+02     -0.1084476285349270E+02
  0.53000000E+02     -0.1084745665354592E+02
  0.54000000E+02     -0.1085605254340107E+02
  0.55000000E+02     -0.1086989479028907E+02
  0.56000000E+02     -0.1088898638243772E+02
  0.57000000E+02     -0.1091301396086259E+02
  0.58000000E+02     -0.1094151915330194E+02
  0.59000000E+02     -0.1097449538423829E+02
  0.60000000E+02     -0.1101138887682905E+02
  0.61000000E+02     -0.1105239492691441E+02
  0.62000000E+02     -0.1109730145181798E+02
  0.63000000E+02     -0.1114536141766193E+02
  0.64000000E+02     -0.1119668234795410E+02
  0.65000000E+02     -0.1125128714583663E+02
  0.66000000E+02     -0.1130853776177622E+02
  0.67000000E+02     -0.1136842001903716E+02
  0.68000000E+02     -0.1143104335944964E+02
  0.69000000E+02     -0.1149603646848547E+02
  0.70000000E+02     -0.1156305456451689E+02
  0.71000000E+02     -0.1163216983926129E+02
  0.72000000E+02     -0.1170322490563150E+02
  0.73000000E+02     -0.1177608994226389E+02
  0.74000000E+02     -0.1185006031570233E+02
  0.75000000E+02     -0.1192555366553120E+02
  0.76000000E+02     -0.1200267343731079E+02
  0.77000000E+02     -0.1208075267892558E+02
  0.78000000E+02     -0.1216022026595829E+02
  0.79000000E+02     -0.1224027933699323E+02
  0.80000000E+02     -0.1232126941860552E+02
  0.81000000E+02     -0.1240277868215410E+02
  0.82000000E+02     -0.1248523777320351E+02
  0.83000000E+02     -0.1256797561530545E+02
  0.84000000E+02     -0.1265115749744198E+02
  0.85000000E+02     -0.1273458211418502E+02
  0.86000000E+02     -0.1281824651985149E+02
  0.87000000E+02     -0.1290243059561085E+02
  0.88000000E+02     -0.1298623899895748E+02
  0.89000000E+02     -0.1307021343547389E+02
  0.90000000E+02     -0.1315398220682385E+02
  0.91000000E+02     -0.1323731498200875E+02
  0.92000000E+02     -0.1332078777559316E+02
  0.93000000E+02     -0.1340400032797321E+02
  0.94000000E+02     -0.1348702942539922E+02
  0.95000000E+02     -0.1356957890664338E+02
  0.96000000E+02     -0.1365169924684226E+02
  0.97000000E+02     -0.1373331102489880E+02
  0.98000000E+02     -0.1381413852241359E+02
  0.99000000E+02     -0.1389400986125537E+02
  0.10000000E+03     -0.1397342052060319E+02
  0.10100000E+03     -0.1405208120124723E+02
  0.10200000E+03     -0.1412968916526631E+02
  0.10300000E+03     -0.1420620212756272E+02
  0.10400000E+03     -0.1428171606835413E+02
  0.10500000E+03     -0.1435608756859020E+02
  0.10600000E+03     -0.1443004819128928E+02
  0.10700000E+03     -0.1450277647960796E+02
  0.10800000E+03     -0.1457434705167821E+02
  0.10900000E+03     -0.1464514512537807E+02
  0.11000000E+03     -0.1471467391953964E+02
  0.11100000E+03     -0.1478282769553815E+02
  0.11200000E+03     -0.1484970799077351E+02
  0.11300000E+03     -0.1491511077919600E+02
  0.11400000E+03     -0.1497912968066747E+02
  0.11500000E+03     -0.1504195003668177E+02
  0.11600000E+03     -0.1510320334906925E+02
  0.11700000E+03     -0.1516345794846918E+02
  0.11800000E+03     -0.1522183886862313E+02
  0.11900000E+03     -0.1527907038328259E+02
  0.12000000E+03     -0.1533483934269872E+02
  0.12100000E+03     -0.1538901732897388E+02
  0.12200000E+03     -0.1544118423870517E+02
  0.12300000E+03     -0.1549210027743672E+02
  0.12400000E+03     -0.1554174240505791E+02
  0.12500000E+03     -0.1558951588842730E+02
  0.12600000E+03     -0.1563511053280776E+02
  0.12700000E+03     -0.1567936529412826E+02
  0.12800000E+03     -0.1572212605889845E+02
  0.12900000E+03     -0.1576287190053098E+02
  0.13000000E+03     -0.1580190236909853E+02
  0.13100000E+03     -0.1583944723393909E+02
  0.13200000E+03     -0.1587503467433010E+02
  0.13300000E+03     -0.1590879565665374E+02
  0.13400000E+03     -0.1594050931845571E+02
  0.13500000E+03     -0.1597069674115357E+02
  0.13600000E+03     -0.1599912096926234E+02
  0.13700000E+03     -0.1602553024414955E+02
  0.13800000E+03     -0.1605055955647189E+02
  0.13900000E+03     -0.1607332374481993E+02
  0.14000000E+03     -0.1609410849368535E+02
  0.14100000E+03     -0.1611279074668730E+02
  0.14200000E+03     -0.1613003990796341E+02
  0.14300000E+03     -0.1614551181861859E+02
  0.14400000E+03     -0.1615908798814464E+02
  0.14500000E+03     -0.1617080532787934E+02
  0.14600000E+03     -0.1618041512074340E+02
  0.14700000E+03     -0.1618790511381181E+02
  0.14800000E+03     -0.1619399379895342E+02
  0.14900000E+03     -0.1619801165352154E+02
  0.15000000E+03     -0.1619968727570218E+02
  0.15100000E+03     -0.1619975440302229E+02
  0.15200000E+03     -0.1619747862221292E+02
  0.15300000E+03     -0.1619341531681080E+02
  0.15400000E+03     -0.1618735494910710E+02
  0.15500000E+03     -0.1617979778338094E+02
  0.15600000E+03     -0.1617036411201603E+02
  0.15700000E+03     -0.1615854806511116E+02
  0.15800000E+03     -0.1614457839709295E+02
  0.15900000E+03     -0.1612895509689358E+02
  0.16000000E+03     -0.1611109211096581E+02
  0.16100000E+03     -0.1609133776068035E+02
  0.16200000E+03     -0.1606995936766221E+02
  0.16300000E+03     -0.1604581709933693E+02
  0.16400000E+03     -0.1601971005339262E+02
  0.16500000E+03     -0.1599239755082429E+02
  0.16600000E+03     -0.1596290832157013E+02
  0.16700000E+03     -0.1593120482376511E+02
  0.16800000E+03     -0.1589760424353884E+02
  0.16900000E+03     -0.1586175899597196E+02
  0.17000000E+03     -0.1582437176952762E+02
  0.17100000E+03     -0.1578430207142630E+02
  0.17200000E+03     -0.1574353938083134E+02
  0.17300000E+03     -0.1569996387669955E+02
  0.17400000E+03     -0.1565494918136088E+02
  0.17500000E+03     -0.1560749777684104E+02
  0.17600000E+03     -0.1555763031880175E+02
  0.17700000E+03     -0.1550664083132588E+02
  0.17800000E+03     -0.1545283760257230E+02
  0.17900000E+03     -0.1539800461601108E+02
  0.18000000E+03     -0.1534120873623785E+02
  0.18100000E+03     -0.1528234044701728E+02
  0.18200000E+03     -0.1522137719277110E+02
  0.18300000E+03     -0.1515911788944468E+02
  0.18400000E+03     -0.1509477820704307E+02
  0.18500000E+03     -0.1502845667864323E+02
  0.18600000E+03     -0.1496016633213285E+02
  0.18700000E+03     -0.1488988623189581E+02
  0.18800000E+03     -0.1481744796996113E+02
  0.18900000E+03     -0.1474374337986699E+02
  0.19000000E+03     -0.1466854443650799E+02
  0.19100000E+03     -0.1459132077931281E+02
  0.19200000E+03     -0.1451232015067234E+02
  0.19300000E+03     -0.1443166737478360E+02
  0.19400000E+03     -0.1434853765648695E+02
  0.19500000E+03     -0.1426400563507907E+02
  0.19600000E+03     -0.1417823909015590E+02
  0.19700000E+03     -0.1408996965348306E+02
  0.19800000E+03     -0.1400048444767170E+02
  0.19900000E+03     -0.1390918621584553E+02
  0.20000000E+03     -0.1381590069632324E+02
  0.20100000E+03     -0.1372200219921839E+02
  0.20200000E+03     -0.1362614412816288E+02
  0.20300000E+03     -0.1352882571314283E+02
  0.20400000E+03     -0.1342997549874785E+02
  0.20500000E+03     -0.1332940423030183E+02
  0.20600000E+03     -0.1322741738376916E+02
  0.20700000E+03     -0.1312441155596751E+02
  0.20800000E+03     -0.1301959356318604E+02
  0.20900000E+03     -0.1291376243478727E+02
  0.21000000E+03     -0.1280589145667849E+02
  0.21100000E+03     -0.1269614019366068E+02
  0.21200000E+03     -0.1258474272987245E+02
  0.21300000E+03     -0.1247284167123086E+02
  0.21400000E+03     -0.1235925808815157E+02
  0.21500000E+03     -0.1224435403294476E+02
  0.21600000E+03     -0.1212733632833869E+02
  0.21700000E+03     -0.1200966168571264E+02
  0.21800000E+03     -0.1189083387795968E+02
  0.21900000E+03     -0.1177075831069450E+02
  0.22000000E+03     -0.1164997253976262E+02
  0.22100000E+03     -0.1152870022347510E+02
  0.22200000E+03     -0.1140602471379770E+02
  0.22300000E+03     -0.1128312956293485E+02
  0.22400000E+03     -0.1115763604257141E+02
  0.22500000E+03     -0.1103223366375401E+02
  0.22600000E+03     -0.1090584371326663E+02
  0.22700000E+03     -0.1077813162402234E+02
  0.22800000E+03     -0.1064982261962206E+02
  0.22900000E+03     -0.1052054885203387E+02
  0.23000000E+03     -0.1039013105666220E+02
  0.23100000E+03     -0.1025907400728577E+02
  0.23200000E+03     -0.1012681489976683E+02
  0.23300000E+03     -0.9993980707598265E+01
  0.23400000E+03     -0.9861025283303317E+01
  0.23500000E+03     -0.9727533685937487E+01
  0.23600000E+03     -0.9593828518642439E+01
  0.23700000E+03     -0.9459555265990566E+01
  0.23800000E+03     -0.9324873901600782E+01
  0.23900000E+03     -0.9189821435310069E+01
  0.24000000E+03     -0.9054733333245526E+01
  0.24100000E+03     -0.8919528146751958E+01
  0.24200000E+03     -0.8783784292728992E+01
  0.24300000E+03     -0.8648427114518174E+01
  0.24400000E+03     -0.8513043551962070E+01
  0.24500000E+03     -0.8377640977300626E+01
  0.24600000E+03     -0.8241960595586782E+01
  0.24700000E+03     -0.8106760795592137E+01
  0.24800000E+03     -0.7971697637035223E+01
  0.24900000E+03     -0.7836659571681501E+01
  0.25000000E+03     -0.7702853164015639E+01
  0.25100000E+03     -0.7569403222728543E+01
  0.25200000E+03     -0.7436454052695851E+01
  0.25300000E+03     -0.7304242853265814E+01
  0.25400000E+03     -0.7172557885471413E+01
  0.25500000E+03     -0.7041518331833998E+01
  0.25600000E+03     -0.6911310298292602E+01
  0.25700000E+03     -0.6781945765828134E+01
  0.25800000E+03     -0.6653788975177740E+01
  0.25900000E+03     -0.6526151772642163E+01
  0.26000000E+03     -0.6400398440648811E+01
  0.26100000E+03     -0.6275802806868274E+01
  0.26200000E+03     -0.6153036233806684E+01
  0.26300000E+03     -0.6031204252539641E+01
  0.26400000E+03     -0.5911259718002619E+01
  0.26500000E+03     -0.5792949139655700E+01
  0.26600000E+03     -0.5675772491094417E+01
  0.26700000E+03     -0.5561441192610613E+01
  0.26800000E+03     -0.5448419149663181E+01
  0.26900000E+03     -0.5337587264526569E+01
  0.27000000E+03     -0.5228981868005476E+01
  0.27100000E+03     -0.5123102739516334E+01
  0.27200000E+03     -0.5019051815094258E+01
  0.27300000E+03     -0.4916995376834446E+01
  0.27400000E+03     -0.4817138380727982E+01
  0.27500000E+03     -0.4720151730160389E+01
  0.27600000E+03     -0.4626296371450625E+01
  0.27700000E+03     -0.4535428040884518E+01
  0.27800000E+03     -0.4447786554429367E+01
  0.27900000E+03     -0.4362869654304962E+01
  0.28000000E+03     -0.4280654134036215E+01
  0.28100000E+03     -0.4202081599132466E+01
  0.28200000E+03     -0.4126917777573304E+01
  0.28300000E+03     -0.4055717635287852E+01
  0.28400000E+03     -0.3988270384162909E+01
  0.28500000E+03     -0.3924506249083517E+01
  0.28600000E+03     -0.3864856118171208E+01
  0.28700000E+03     -0.3809620811658490E+01
  0.28800000E+03     -0.3758628191258265E+01
  0.28900000E+03     -0.3712083682032577E+01
  0.29000000E+03     -0.3670099120224294E+01
  0.29100000E+03     -0.3632447038623571E+01
  0.29200000E+03     -0.3599112657387498E+01
  0.29300000E+03     -0.3571231225774067E+01
  0.29400000E+03     -0.3549258777537397E+01
  0.29500000E+03     -0.3532114290787376E+01
  0.29600000E+03     -0.3520497056307725E+01
  0.29700000E+03     -0.3513759907700714E+01
  0.29800000E+03     -0.3512932670490336E+01
  0.29900000E+03     -0.3518670020964414E+01
  0.30000000E+03     -0.3529961821101914E+01
  0.30100000E+03     -0.3547469969098342E+01
  0.30200000E+03     -0.3571091836383585E+01
  0.30300000E+03     -0.3601690207808181E+01
  0.30400000E+03     -0.3638698663865886E+01
  0.30500000E+03     -0.3682373282965018E+01
  0.30600000E+03     -0.3733003076465502E+01
  0.30700000E+03     -0.3791659877640368E+01
  0.30800000E+03     -0.3857833602939452E+01
  0.30900000E+03     -0.3931138265850618E+01
  0.31000000E+03     -0.4011793616300585E+01
  0.31100000E+03     -0.4101104090314179E+01
  0.31200000E+03     -0.4197886697744488E+01
  0.31300000E+03     -0.4303264368062864E+01
  0.31400000E+03     -0.4417874576976947E+01
  0.31500000E+03     -0.4541216897432667E+01
  0.31600000E+03     -0.4672580196778766E+01
  0.31700000E+03     -0.4813413774579677E+01
  0.31800000E+03     -0.4962812336526641E+01
  0.31900000E+03     -0.5122213712537578E+01
  0.32000000E+03     -0.5292227663382496E+01
  0.32100000E+03     -0.5471309566402295E+01
  0.32200000E+03     -0.5659764353913380E+01
  0.32300000E+03     -0.5858601205151936E+01
  0.32400000E+03     -0.6068646596780916E+01
  0.32500000E+03     -0.6289480681154541E+01
  0.32600000E+03     -0.6521179519956758E+01
  0.32700000E+03     -0.6763927656693917E+01
  0.32800000E+03     -0.7015489396390078E+01
  0.32900000E+03     -0.7280817503651084E+01
  0.33000000E+03     -0.7557983550703242E+01
  0.33100000E+03     -0.7847111021942532E+01
  0.33200000E+03     -0.8147548864877532E+01
  0.33300000E+03     -0.8459087200072254E+01
  0.33400000E+03     -0.8783779281603667E+01
  0.33500000E+03     -0.9121987918307180E+01
  0.33600000E+03     -0.9473592022470751E+01
  0.33700000E+03     -0.9837687059423654E+01
  0.33800000E+03     -0.1021683451011256E+02
  0.33900000E+03     -0.1060863680507426E+02
  0.34000000E+03     -0.1101567829776738E+02
  0.34100000E+03     -0.1143801019381477E+02
  0.34200000E+03     -0.1187434508444177E+02
  0.34300000E+03     -0.1232309706585932E+02
  0.34400000E+03     -0.1278862215474647E+02
  0.34500000E+03     -0.1326941703709803E+02
  0.34600000E+03     -0.1376716142634475E+02
  0.34700000E+03     -0.1428037253962463E+02
  0.34800000E+03     -0.1480773121221186E+02
  0.34900000E+03     -0.1535253365629135E+02
  0.35000000E+03     -0.1591550488951552E+02
  0.35100000E+03     -0.1649467061083930E+02
  0.35200000E+03     -0.1709099563980784E+02
  0.35300000E+03     -0.1770405921859712E+02
  0.35400000E+03     -0.1833313174928220E+02
  0.35500000E+03     -0.1898163353015489E+02
  0.35600000E+03     -0.1964872785823758E+02
  0.35700000E+03     -0.2033439463187451E+02
  0.35800000E+03     -0.2103832628190564E+02
  0.35900000E+03     -0.2176232515374663E+02
  0.36000000E+03     -0.2250418710096887E+02
  0.36100000E+03     -0.2326717525558810E+02
  0.36200000E+03     -0.2405153459354923E+02
  0.36300000E+03     -0.2485510374369371E+02
  0.36400000E+03     -0.2568003419008981E+02
  0.36500000E+03     -0.2652492596003360E+02
  0.36600000E+03     -0.2739149122607528E+02
  0.36700000E+03     -0.2827748549662691E+02
  0.36800000E+03     -0.2918686743463321E+02
  0.36900000E+03     -0.3012157325681687E+02
  0.37000000E+03     -0.3107579458745824E+02
  0.37100000E+03     -0.3205329646264033E+02
  0.37200000E+03     -0.3305412608614500E+02
  0.37300000E+03     -0.3407750704347416E+02
  0.37400000E+03     -0.3512500860427615E+02
  0.37500000E+03     -0.3619712922975453E+02
  0.37600000E+03     -0.3729407310799400E+02
  0.37700000E+03     -0.3841333943427085E+02
  0.37800000E+03     -0.3955799852093606E+02
  0.37900000E+03     -0.4072638344538252E+02
  0.38000000E+03     -0.4192451274513247E+02
  0.38100000E+03     -0.4314533411054553E+02
  0.38200000E+03     -0.4439521003752839E+02
  0.38300000E+03     -0.4567170472517765E+02
  0.38400000E+03     -0.4697502514408475E+02
  0.38500000E+03     -0.4830660157461526E+02
  0.38600000E+03     -0.4966798988908139E+02
  0.38700000E+03     -0.5105551528235521E+02
  0.38800000E+03     -0.5247324240237662E+02
  0.38900000E+03     -0.5391600128172104E+02
  0.39000000E+03     -0.5538978036716099E+02
  0.39100000E+03     -0.5688966641573193E+02
  0.39200000E+03     -0.5842184769011356E+02
  0.39300000E+03     -0.5998686495518975E+02
  0.39400000E+03     -0.6158331412569154E+02
  0.39500000E+03     -0.6320982644358507E+02
  0.39600000E+03     -0.6486524283845992E+02
  0.39700000E+03     -0.6655402965741601E+02
  0.39800000E+03     -0.6827578337258240E+02
  0.39900000E+03     -0.7003176646296842E+02
  0.40000000E+03     -0.7182501512332090E+02
  0.40100000E+03     -0.7364614512625766E+02
  0.40200000E+03     -0.7550080267717539E+02
  0.40300000E+03     -0.7739377663685980E+02
  0.40400000E+03     -0.7932179795643867E+02
  0.40500000E+03     -0.8127673927430340E+02
  0.40600000E+03     -0.8327617138662805E+02
  0.40700000E+03     -0.8530581144891920E+02
  0.40800000E+03     -0.8737232544407078E+02
  0.40900000E+03     -0.8947824965952037E+02
  0.41000000E+03     -0.9162273135793902E+02
  0.41100000E+03     -0.9380470753545234E+02
  0.41200000E+03     -0.9602063384498044E+02
  0.41300000E+03     -0.9827454864685097E+02
  0.41400000E+03     -0.1005637373084597E+03
  0.41500000E+03     -0.1029001964403076E+03
  0.41600000E+03     -0.1052706144029502E+03
  0.41700000E+03     -0.1076847103252717E+03
  0.41800000E+03     -0.1101380723009077E+03
  0.41900000E+03     -0.1126357050738582E+03
  0.42000000E+03     -0.1151698882644510E+03
  0.42100000E+03     -0.1177521373377444E+03
  0.42200000E+03     -0.1203721887557863E+03
  0.42300000E+03     -0.1230403164356687E+03
  0.42400000E+03     -0.1257523244247123E+03
  0.42500000E+03     -0.1284997511601031E+03
  0.42600000E+03     -0.1313025400587552E+03
  0.42700000E+03     -0.1341453374151551E+03
  0.42800000E+03     -0.1370355733029087E+03
  0.42900000E+03     -0.1399727500190347E+03
  0.43000000E+03     -0.1429501319403013E+03
  0.43100000E+03     -0.1459746866728947E+03
  0.43200000E+03     -0.1490484643118443E+03
  0.43300000E+03     -0.1521671617850688E+03
  0.43400000E+03     -0.1553359667732029E+03
  0.43500000E+03     -0.1585522665041669E+03
  0.43600000E+03     -0.1618134239220562E+03
  0.43700000E+03     -0.1651365352463644E+03
  0.43800000E+03     -0.1685055470831517E+03
  0.43900000E+03     -0.1719297386960835E+03
  0.44000000E+03     -0.1753892588715382E+03
  0.44100000E+03     -0.1789067087191382E+03
  0.44200000E+03     -0.1824861957915335E+03
  0.44300000E+03     -0.1861130058133939E+03
  0.44400000E+03     -0.1897904953467744E+03
  0.44500000E+03     -0.1935291597729454E+03
  0.44600000E+03     -0.1973171426699990E+03
  0.44700000E+03     -0.2011600706056033E+03
  0.44800000E+03     -0.2050536395080792E+03
  0.44900000E+03     -0.2090049345693839E+03
  0.45000000E+03     -0.2130192046331808E+03
  0.45100000E+03     -0.2170837066955495E+03
  0.45200000E+03     -0.2212076381415060E+03
  0.45300000E+03     -0.2253886222496409E+03
  0.45400000E+03     -0.2296254665248759E+03
  0.45500000E+03     -0.2339192162599384E+03
  0.45600000E+03     -0.2382811457395204E+03
  0.45700000E+03     -0.2426986164374892E+03
  0.45800000E+03     -0.2471793144832579E+03
  0.45900000E+03     -0.2517271665807681E+03
  0.46000000E+03     -0.2563217124161025E+03
  0.46100000E+03     -0.2609838610125461E+03
  0.46200000E+03     -0.2657090848466376E+03
  0.46300000E+03     -0.2705043299545176E+03
  0.46400000E+03     -0.2753547462136732E+03
  0.46500000E+03     -0.2802851685484636E+03
  0.46600000E+03     -0.2852817127050969E+03
  0.46700000E+03     -0.2903432440627099E+03
  0.46800000E+03     -0.2954676936509658E+03
  0.46900000E+03     -0.3006612784718490E+03
  0.47000000E+03     -0.3059126205332555E+03
  0.47100000E+03     -0.3112268299357852E+03
  0.47200000E+03     -0.3166155769781618E+03
  0.47300000E+03     -0.3220645210713448E+03
  0.47400000E+03     -0.3275882346709623E+03
  0.47500000E+03     -0.3331994069662119E+03
  0.47600000E+03     -0.3388624464663292E+03
  0.47700000E+03     -0.3446129063085919E+03
  0.47800000E+03     -0.3504399002929266E+03
  0.47900000E+03     -0.3563235648277935E+03
  0.48000000E+03     -0.3622655473219146E+03
  0.48100000E+03     -0.3683274681986837E+03
  0.48200000E+03     -0.3744443309968372E+03
  0.48300000E+03     -0.3806099909308469E+03
  0.48400000E+03     -0.3868812156583985E+03
  0.48500000E+03     -0.3932236080728475E+03
  0.48600000E+03     -0.3996302348983948E+03
  0.48700000E+03     -0.4061281473886226E+03
  0.48800000E+03     -0.4126955045307410E+03
  0.48900000E+03     -0.4193806112451622E+03
  0.49000000E+03     -0.4261350847386715E+03
  0.49100000E+03     -0.4329514272738122E+03
  0.49200000E+03     -0.4398694736504878E+03
  0.49300000E+03     -0.4468605276835638E+03
  0.49400000E+03     -0.4539234939387960E+03
  0.49500000E+03     -0.4610841484233979E+03
  0.49600000E+03     -0.4683157558037285E+03
  0.49700000E+03     -0.4756281201860403E+03
  0.49800000E+03     -0.4830427079126339E+03
  0.49900000E+03     -0.4905335750680148E+03
  0.50000000E+03     -0.4981113872936014E+03
  0.50100000E+03     -0.5057929113899381E+03
  0.50200000E+03     -0.5135767197401836E+03
  0.50300000E+03     -0.5214119075875911E+03
  0.50400000E+03     -0.5293191409989106E+03
  0.50500000E+03     -0.5373343110420413E+03
  0.50600000E+03     -0.5454530221108951E+03
  0.50700000E+03     -0.5536561935566091E+03
  0.50800000E+03     -0.5619683273302154E+03
  0.50900000E+03     -0.5703892091399789E+03
  0.51000000E+03     -0.5788809371981748E+03
