  0.00000000E+00     -0.1592721911804860E+01
  0.10000000E+01     -0.1153711856211073E+01
  0.20000000E+01     -0.1375644083500608E+01
  0.30000000E+01     -0.1970817906099823E+01
  0.40000000E+01     -0.2821541754528615E+01
  0.50000000E+01     -0.3863148720452569E+01
  0.60000000E+01     -0.5054680672889551E+01
  0.70000000E+01     -0.6367834648835375E+01
  0.80000000E+01     -0.7781963408390860E+01
  0.90000000E+01     -0.9281425814057522E+01
  0.10000000E+02     -0.1085393923143230E+02
  0.11000000E+02     -0.1248930374521184E+02
  0.12000000E+02     -0.1417890325250384E+02
  0.13000000E+02     -0.1591568557484293E+02
  0.14000000E+02     -0.1769371372565978E+02
  0.15000000E+02     -0.1950777311935537E+02
  0.16000000E+02     -0.2135309476890590E+02
  0.17000000E+02     -0.2322595327990754E+02
  0.18000000E+02     -0.2512287614187363E+02
  0.19000000E+02     -0.2704010118437068E+02
  0.20000000E+02     -0.2897511143872542E+02
  0.21000000E+02     -0.3092534719477994E+02
  0.22000000E+02     -0.3288780792316602E+02
  0.23000000E+02     -0.3486058545757614E+02
  0.24000000E+02     -0.3684134109761496E+02
  0.25000000E+02     -0.3882853671918848E+02
  0.26000000E+02     -0.4081998331250540E+02
  0.27000000E+02     -0.4281394620128243E+02
  0.28000000E+02     -0.4480892536407258E+02
  0.29000000E+02     -0.4680309917311249E+02
  0.30000000E+02     -0.4879464571569626E+02
  0.31000000E+02     -0.5078237740910897E+02
  0.32000000E+02     -0.5276481842370369E+02
  0.33000000E+02     -0.5474088043524605E+02
  0.34000000E+02     -0.5670887954099618E+02
  0.35000000E+02     -0.5866742595890157E+02
  0.36000000E+02     -0.6061524582991419E+02
  0.37000000E+02     -0.6255141066680244E+02
  0.38000000E+02     -0.6447504032672114E+02
  0.39000000E+02     -0.6638462527052900E+02
  0.40000000E+02     -0.6827957486728224E+02
  0.41000000E+02     -0.7015914767187986E+02
  0.42000000E+02     -0.7202291827516456E+02
  0.43000000E+02     -0.7387004755997967E+02
  0.44000000E+02     -0.7570066486554110E+02
  0.45000000E+02     -0.7751404138733668E+02
  0.46000000E+02     -0.7931050382994266E+02
  0.47000000E+02     -0.8108972955619393E+02
  0.48000000E+02     -0.8285169716501510E+02
  0.49000000E+02     -0.8459710020811029E+02
  0.50000000E+02     -0.8632553589068974E+02
  0.51000000E+02     -0.8803746246851630E+02
  0.52000000E+02     -0.8973351334459602E+02
  0.53000000E+02     -0.9141390227029456E+02
  0.54000000E+02     -0.9307891741520802E+02
  0.55000000E+02     -0.9472863908865780E+02
  0.56000000E+02     -0.9636408967443384E+02
  0.57000000E+02     -0.9798507153735599E+02
  0.58000000E+02     -0.9959161505110758E+02
  0.59000000E+02     -0.1011846966014560E+03
  0.60000000E+02     -0.1027638227337363E+03
  0.61000000E+02     -0.1043295104592672E+03
  0.62000000E+02     -0.1058818589903376E+03
  0.63000000E+02     -0.1074211444031815E+03
  0.64000000E+02     -0.1089474110511071E+03
  0.65000000E+02     -0.1104610523658872E+03
  0.66000000E+02     -0.1119618999649384E+03
  0.67000000E+02     -0.1134500907762168E+03
  0.68000000E+02     -0.1149253937015624E+03
  0.69000000E+02     -0.1163884940336827E+03
  0.70000000E+02     -0.1178397550077308E+03
  0.71000000E+02     -0.1192779654208092E+03
  0.72000000E+02     -0.1207042136667712E+03
  0.73000000E+02     -0.1221179489753283E+03
  0.74000000E+02     -0.1235193478366104E+03
  0.75000000E+02     -0.1249087562850987E+03
  0.76000000E+02     -0.1262863068622966E+03
  0.77000000E+02     -0.1276514248417862E+03
  0.78000000E+02     -0.1290050742054137E+03
  0.79000000E+02     -0.1303466270091037E+03
  0.80000000E+02     -0.1316768412727532E+03
  0.81000000E+02     -0.1329952746391001E+03
  0.82000000E+02     -0.1343023934562073E+03
  0.83000000E+02     -0.1355984224085959E+03
  0.84000000E+02     -0.1368831050211757E+03
  0.85000000E+02     -0.1381570798791125E+03
  0.86000000E+02     -0.1394197936794005E+03
  0.87000000E+02     -0.1406720272425398E+03
  0.88000000E+02     -0.1419134703097961E+03
  0.89000000E+02     -0.1431449527262380E+03
  0.90000000E+02     -0.1443662899156257E+03
  0.91000000E+02     -0.1455772667747473E+03
  0.92000000E+02     -0.1467782555306986E+03
  0.93000000E+02     -0.1479695560709819E+03
  0.94000000E+02     -0.1491511612049039E+03
  0.95000000E+02     -0.1503233371905247E+03
  0.96000000E+02     -0.1514860477797742E+03
  0.97000000E+02     -0.1526395109028995E+03
  0.98000000E+02     -0.1537842623980369E+03
  0.99000000E+02     -0.1549199986673730E+03
  0.10000000E+03     -0.1560465443330964E+03
  0.10100000E+03     -0.1571638654749402E+03
  0.10200000E+03     -0.1582723360780181E+03
  0.10300000E+03     -0.1593721126897905E+03
  0.10400000E+03     -0.1604632898510401E+03
  0.10500000E+03     -0.1615460872782176E+03
  0.10600000E+03     -0.1626195545802826E+03
  0.10700000E+03     -0.1636849378934118E+03
  0.10800000E+03     -0.1647411745451454E+03
  0.10900000E+03     -0.1657889659557773E+03
  0.11000000E+03     -0.1668281329112849E+03
  0.11100000E+03     -0.1678589539110774E+03
  0.11200000E+03     -0.1688807262811111E+03
  0.11300000E+03     -0.1698932574429256E+03
  0.11400000E+03     -0.1708968230106663E+03
  0.11500000E+03     -0.1718917059559629E+03
  0.11600000E+03     -0.1728772195454479E+03
  0.11700000E+03     -0.1738531586273936E+03
  0.11800000E+03     -0.1748199520575355E+03
  0.11900000E+03     -0.1757773677894298E+03
  0.12000000E+03     -0.1767256359357494E+03
  0.12100000E+03     -0.1776638989668745E+03
  0.12200000E+03     -0.1785926484173417E+03
  0.12300000E+03     -0.1795120164479729E+03
  0.12400000E+03     -0.1804208520671448E+03
  0.12500000E+03     -0.1813195686046170E+03
  0.12600000E+03     -0.1822084233709758E+03
  0.12700000E+03     -0.1830866182908197E+03
  0.12800000E+03     -0.1839544048173695E+03
  0.12900000E+03     -0.1848107485401474E+03
  0.13000000E+03     -0.1856565709958905E+03
  0.13100000E+03     -0.1864910260411697E+03
  0.13200000E+03     -0.1873143389575880E+03
  0.13300000E+03     -0.1881263002669521E+03
  0.13400000E+03     -0.1889269199480776E+03
  0.13500000E+03     -0.1897162981517538E+03
  0.13600000E+03     -0.1904933880049545E+03
  0.13700000E+03     -0.1912581122000731E+03
  0.13800000E+03     -0.1920113294459696E+03
  0.13900000E+03     -0.1927524202170301E+03
  0.14000000E+03     -0.1934806854048320E+03
  0.14100000E+03     -0.1941971584442380E+03
  0.14200000E+03     -0.1949008299115851E+03
  0.14300000E+03     -0.1955922312659239E+03
  0.14400000E+03     -0.1962708314752030E+03
  0.14500000E+03     -0.1969376373665504E+03
  0.14600000E+03     -0.1975923720160993E+03
  0.14700000E+03     -0.1982349175691909E+03
  0.14800000E+03     -0.1988661507294308E+03
  0.14900000E+03     -0.1994857698136403E+03
  0.15000000E+03     -0.2000941737304923E+03
  0.15100000E+03     -0.2006915872602916E+03
  0.15200000E+03     -0.2012791826396395E+03
  0.15300000E+03     -0.2018561663816728E+03
  0.15400000E+03     -0.2024234509274361E+03
  0.15500000E+03     -0.2029814253771449E+03
  0.15600000E+03     -0.2035302758604421E+03
  0.15700000E+03     -0.2040705060928479E+03
  0.15800000E+03     -0.2046025415478727E+03
  0.15900000E+03     -0.2051264470098062E+03
  0.16000000E+03     -0.2056426373945152E+03
  0.16100000E+03     -0.2061512087715606E+03
  0.16200000E+03     -0.2066529961399736E+03
  0.16300000E+03     -0.2071488844944440E+03
  0.16400000E+03     -0.2076384218904958E+03
  0.16500000E+03     -0.2081213492861820E+03
  0.16600000E+03     -0.2085988971235098E+03
  0.16700000E+03     -0.2090705882458219E+03
  0.16800000E+03     -0.2095365000178511E+03
  0.16900000E+03     -0.2099972994444892E+03
  0.17000000E+03     -0.2104533532936890E+03
  0.17100000E+03     -0.2109047039827441E+03
  0.17200000E+03     -0.2113507452644099E+03
  0.17300000E+03     -0.2117920698704731E+03
  0.17400000E+03     -0.2122290748493258E+03
  0.17500000E+03     -0.2126612286676714E+03
  0.17600000E+03     -0.2130899328615010E+03
  0.17700000E+03     -0.2135140433539940E+03
  0.17800000E+03     -0.2139334789326435E+03
  0.17900000E+03     -0.2143486009315374E+03
  0.18000000E+03     -0.2147603792179555E+03
  0.18100000E+03     -0.2151678365678065E+03
  0.18200000E+03     -0.2155716922401293E+03
  0.18300000E+03     -0.2159731767336142E+03
  0.18400000E+03     -0.2163695950722682E+03
  0.18500000E+03     -0.2167622111398326E+03
  0.18600000E+03     -0.2171519054986780E+03
  0.18700000E+03     -0.2175378885587540E+03
  0.18800000E+03     -0.2179196785038578E+03
  0.18900000E+03     -0.2182978580986763E+03
  0.19000000E+03     -0.2186735166913866E+03
  0.19100000E+03     -0.2190449397841956E+03
  0.19200000E+03     -0.2194129541658695E+03
  0.19300000E+03     -0.2197774013739831E+03
  0.19400000E+03     -0.2201386653561375E+03
  0.19500000E+03     -0.2204960452934938E+03
  0.19600000E+03     -0.2208497627960778E+03
  0.19700000E+03     -0.2212002338291540E+03
  0.19800000E+03     -0.2215473129846530E+03
  0.19900000E+03     -0.2218907603608353E+03
  0.20000000E+03     -0.2222307706561234E+03
  0.20100000E+03     -0.2225671177377670E+03
  0.20200000E+03     -0.2228996226324236E+03
  0.20300000E+03     -0.2232282890618505E+03
  0.20400000E+03     -0.2235532251913309E+03
  0.20500000E+03     -0.2238745987770286E+03
  0.20600000E+03     -0.2241923836687776E+03
  0.20700000E+03     -0.2245059503024701E+03
  0.20800000E+03     -0.2248155092573438E+03
  0.20900000E+03     -0.2251212074286222E+03
  0.21000000E+03     -0.2254221188997664E+03
  0.21100000E+03     -0.2257184342844953E+03
  0.21200000E+03     -0.2260106542345888E+03
  0.21300000E+03     -0.2262976788708858E+03
  0.21400000E+03     -0.2265798077978966E+03
  0.21500000E+03     -0.2268566899414109E+03
  0.21600000E+03     -0.2271286542444234E+03
  0.21700000E+03     -0.2273944721577637E+03
  0.21800000E+03     -0.2276544283320951E+03
  0.21900000E+03     -0.2279082947229819E+03
  0.22000000E+03     -0.2281560680431186E+03
  0.22100000E+03     -0.2283966360235066E+03
  0.22200000E+03     -0.2286301373696770E+03
  0.22300000E+03     -0.2288561437794423E+03
  0.22400000E+03     -0.2290745006434150E+03
  0.22500000E+03     -0.2292847536991603E+03
  0.22600000E+03     -0.2294860098396757E+03
  0.22700000E+03     -0.2296783791369879E+03
  0.22800000E+03     -0.2298605547718209E+03
  0.22900000E+03     -0.2300331977297164E+03
  0.23000000E+03     -0.2301949108791013E+03
  0.23100000E+03     -0.2303465765624354E+03
  0.23200000E+03     -0.2304866211135443E+03
  0.23300000E+03     -0.2306152050913630E+03
  0.23400000E+03     -0.2307317108147421E+03
  0.23500000E+03     -0.2308356718940063E+03
  0.23600000E+03     -0.2309276109777653E+03
  0.23700000E+03     -0.2310074859668902E+03
  0.23800000E+03     -0.2310745820502383E+03
  0.23900000E+03     -0.2311287432494513E+03
  0.24000000E+03     -0.2311701848870329E+03
  0.24100000E+03     -0.2311991707857378E+03
  0.24200000E+03     -0.2312158839253806E+03
  0.24300000E+03     -0.2312200758293345E+03
  0.24400000E+03     -0.2312125341929028E+03
  0.24500000E+03     -0.2311927508661742E+03
  0.24600000E+03     -0.2311613027047077E+03
  0.24700000E+03     -0.2311180171369908E+03
  0.24800000E+03     -0.2310639835477284E+03
  0.24900000E+03     -0.2309982389950466E+03
  0.25000000E+03     -0.2309220512489782E+03
  0.25100000E+03     -0.2308349749120634E+03
  0.25200000E+03     -0.2307369791151367E+03
  0.25300000E+03     -0.2306290726140297E+03
  0.25400000E+03     -0.2305107099476496E+03
  0.25500000E+03     -0.2303822236718351E+03
  0.25600000E+03     -0.2302442035779032E+03
  0.25700000E+03     -0.2300962704701182E+03
  0.25800000E+03     -0.2299392652952325E+03
  0.25900000E+03     -0.2297723274542085E+03
  0.26000000E+03     -0.2295962525821126E+03
  0.26100000E+03     -0.2294114616478657E+03
  0.26200000E+03     -0.2292169620563873E+03
  0.26300000E+03     -0.2290136999505383E+03
  0.26400000E+03     -0.2288018390821471E+03
  0.26500000E+03     -0.2285810997204248E+03
  0.26600000E+03     -0.2283517523606299E+03
  0.26700000E+03     -0.2281134006018158E+03
  0.26800000E+03     -0.2278666191396465E+03
  0.26900000E+03     -0.2276117205565890E+03
  0.27000000E+03     -0.2273480407468439E+03
  0.27100000E+03     -0.2270757355622076E+03
  0.27200000E+03     -0.2267953320863224E+03
  0.27300000E+03     -0.2265061711942982E+03
  0.27400000E+03     -0.2262098986455660E+03
  0.27500000E+03     -0.2259040281167432E+03
  0.27600000E+03     -0.2255894070945520E+03
  0.27700000E+03     -0.2252659683684914E+03
  0.27800000E+03     -0.2249341652580238E+03
  0.27900000E+03     -0.2245941660298730E+03
  0.28000000E+03     -0.2242452269260875E+03
  0.28100000E+03     -0.2238868992610809E+03
  0.28200000E+03     -0.2235188799063631E+03
  0.28300000E+03     -0.2231414630170305E+03
  0.28400000E+03     -0.2227543247149170E+03
  0.28500000E+03     -0.2223584166095154E+03
  0.28600000E+03     -0.2219529842806554E+03
  0.28700000E+03     -0.2215377292200083E+03
  0.28800000E+03     -0.2211110626689238E+03
  0.28900000E+03     -0.2206746104248350E+03
  0.29000000E+03     -0.2202295819995391E+03
  0.29100000E+03     -0.2197739651659956E+03
  0.29200000E+03     -0.2193067343592969E+03
  0.29300000E+03     -0.2188305502561079E+03
  0.29400000E+03     -0.2183420206204322E+03
  0.29500000E+03     -0.2178429428689270E+03
  0.29600000E+03     -0.2173340290041735E+03
  0.29700000E+03     -0.2168123982556025E+03
  0.29800000E+03     -0.2162794875517901E+03
  0.29900000E+03     -0.2157364136465006E+03
  0.30000000E+03     -0.2151798606781707E+03
  0.30100000E+03     -0.2146123274379982E+03
  0.30200000E+03     -0.2140326557658950E+03
  0.30300000E+03     -0.2134412028732902E+03
  0.30400000E+03     -0.2128371076864721E+03
  0.30500000E+03     -0.2122211368345334E+03
  0.30600000E+03     -0.2115936161466090E+03
  0.30700000E+03     -0.2109539379111973E+03
  0.30800000E+03     -0.2103019547038595E+03
  0.30900000E+03     -0.2096367404504494E+03
  0.31000000E+03     -0.2089593155375617E+03
  0.31100000E+03     -0.2082689927919168E+03
  0.31200000E+03     -0.2075651262894510E+03
  0.31300000E+03     -0.2068462100620554E+03
  0.31400000E+03     -0.2061136522574191E+03
  0.31500000E+03     -0.2053668459420740E+03
  0.31600000E+03     -0.2046057828869109E+03
  0.31700000E+03     -0.2038298759567922E+03
  0.31800000E+03     -0.2030405370522554E+03
  0.31900000E+03     -0.2022358771601360E+03
  0.32000000E+03     -0.2014158022202674E+03
  0.32100000E+03     -0.2005803198699519E+03
  0.32200000E+03     -0.1997299408588673E+03
  0.32300000E+03     -0.1988649026204822E+03
  0.32400000E+03     -0.1979864809273269E+03
  0.32500000E+03     -0.1970925304209307E+03
  0.32600000E+03     -0.1961859808080250E+03
  0.32700000E+03     -0.1952649814278144E+03
  0.32800000E+03     -0.1943323606126647E+03
  0.32900000E+03     -0.1933871866836164E+03
  0.33000000E+03     -0.1924316823010665E+03
  0.33100000E+03     -0.1914660118841792E+03
  0.33200000E+03     -0.1904908985005496E+03
  0.33300000E+03     -0.1895057840747792E+03
  0.33400000E+03     -0.1885150806291976E+03
  0.33500000E+03     -0.1875144419744158E+03
  0.33600000E+03     -0.1865098054532533E+03
  0.33700000E+03     -0.1854996362195190E+03
  0.33800000E+03     -0.1844832373783187E+03
  0.33900000E+03     -0.1834631058181718E+03
  0.34000000E+03     -0.1824395288832976E+03
  0.34100000E+03     -0.1814146121998444E+03
  0.34200000E+03     -0.1803880747903287E+03
  0.34300000E+03     -0.1793585814940768E+03
  0.34400000E+03     -0.1783295010768307E+03
  0.34500000E+03     -0.1773013082290780E+03
  0.34600000E+03     -0.1762713726055271E+03
  0.34700000E+03     -0.1752437366365205E+03
  0.34800000E+03     -0.1742167115532932E+03
  0.34900000E+03     -0.1731907624867131E+03
  0.35000000E+03     -0.1721672257809918E+03
  0.35100000E+03     -0.1711478265938388E+03
  0.35200000E+03     -0.1701319529101737E+03
  0.35300000E+03     -0.1691192384730907E+03
  0.35400000E+03     -0.1681110998001841E+03
  0.35500000E+03     -0.1671083928271345E+03
  0.35600000E+03     -0.1661099390607572E+03
  0.35700000E+03     -0.1651195912850870E+03
  0.35800000E+03     -0.1641357732530767E+03
  0.35900000E+03     -0.1631583753062037E+03
  0.36000000E+03     -0.1621901718225510E+03
  0.36100000E+03     -0.1612284966113725E+03
  0.36200000E+03     -0.1602743977200486E+03
  0.36300000E+03     -0.1593298932466821E+03
  0.36400000E+03     -0.1583943934503123E+03
  0.36500000E+03     -0.1574679207944955E+03
  0.36600000E+03     -0.1565527490876606E+03
  0.36700000E+03     -0.1556486014275212E+03
  0.36800000E+03     -0.1547584700100516E+03
  0.36900000E+03     -0.1538784526094958E+03
  0.37000000E+03     -0.1530103673601499E+03
  0.37100000E+03     -0.1521550192808099E+03
  0.37200000E+03     -0.1513149731979722E+03
  0.37300000E+03     -0.1504860921307925E+03
  0.37400000E+03     -0.1496734053345730E+03
  0.37500000E+03     -0.1488754801660935E+03
  0.37600000E+03     -0.1480959671528300E+03
  0.37700000E+03     -0.1473257132675243E+03
  0.37800000E+03     -0.1465756445611666E+03
  0.37900000E+03     -0.1458435781337645E+03
  0.38000000E+03     -0.1451263654781647E+03
  0.38100000E+03     -0.1444306604798522E+03
  0.38200000E+03     -0.1437487131075614E+03
  0.38300000E+03     -0.1430857427464000E+03
  0.38400000E+03     -0.1424417907998972E+03
  0.38500000E+03     -0.1418180082816145E+03
  0.38600000E+03     -0.1412176571323031E+03
  0.38700000E+03     -0.1406347450330714E+03
  0.38800000E+03     -0.1400786525404842E+03
  0.38900000E+03     -0.1395408203129977E+03
  0.39000000E+03     -0.1390255772796503E+03
  0.39100000E+03     -0.1385307629763632E+03
  0.39200000E+03     -0.1380600816968573E+03
  0.39300000E+03     -0.1376157959145901E+03
  0.39400000E+03     -0.1371991116939956E+03
  0.39500000E+03     -0.1368054534346121E+03
  0.39600000E+03     -0.1364357498914574E+03
  0.39700000E+03     -0.1360947702854602E+03
  0.39800000E+03     -0.1357806945237820E+03
  0.39900000E+03     -0.1354888025639683E+03
  0.40000000E+03     -0.1352346210989439E+03
  0.40100000E+03     -0.1350066634493329E+03
  0.40200000E+03     -0.1348069280083693E+03
  0.40300000E+03     -0.1346340405647200E+03
  0.40400000E+03     -0.1344932215403473E+03
  0.40500000E+03     -0.1343858763194442E+03
  0.40600000E+03     -0.1343079320354769E+03
  0.40700000E+03     -0.1342664738071593E+03
  0.40800000E+03     -0.1342564764864175E+03
  0.40900000E+03     -0.1342852508174993E+03
  0.41000000E+03     -0.1343452149956460E+03
  0.41100000E+03     -0.1344356519555762E+03
  0.41200000E+03     -0.1345686875333210E+03
  0.41300000E+03     -0.1347373728355691E+03
  0.41400000E+03     -0.1349402153989010E+03
  0.41500000E+03     -0.1351791418131486E+03
  0.41600000E+03     -0.1354652953880957E+03
  0.41700000E+03     -0.1357847018632154E+03
  0.41800000E+03     -0.1361445880829374E+03
  0.41900000E+03     -0.1365478145229541E+03
  0.42000000E+03     -0.1369895413623293E+03
  0.42100000E+03     -0.1374658946795774E+03
  0.42200000E+03     -0.1379861783884620E+03
  0.42300000E+03     -0.1385539887536941E+03
  0.42400000E+03     -0.1391637249227057E+03
  0.42500000E+03     -0.1398191483384523E+03
  0.42600000E+03     -0.1405237536074868E+03
  0.42700000E+03     -0.1412737973137223E+03
  0.42800000E+03     -0.1420699684146203E+03
  0.42900000E+03     -0.1429141836764500E+03
  0.43000000E+03     -0.1438034506318088E+03
  0.43100000E+03     -0.1447394698836909E+03
  0.43200000E+03     -0.1457183273508719E+03
  0.43300000E+03     -0.1467502144149940E+03
  0.43400000E+03     -0.1478408126510514E+03
  0.43500000E+03     -0.1489732755042234E+03
  0.43600000E+03     -0.1501636216506288E+03
  0.43700000E+03     -0.1513914117647828E+03
  0.43800000E+03     -0.1526873333575283E+03
  0.43900000E+03     -0.1540337496121980E+03
  0.44000000E+03     -0.1554370955434203E+03
  0.44100000E+03     -0.1568975344057328E+03
  0.44200000E+03     -0.1584159403601190E+03
  0.44300000E+03     -0.1599917151954542E+03
  0.44400000E+03     -0.1616241978331223E+03
  0.44500000E+03     -0.1633207478960997E+03
  0.44600000E+03     -0.1650730467325646E+03
  0.44700000E+03     -0.1668966763277476E+03
  0.44800000E+03     -0.1687676403263854E+03
  0.44900000E+03     -0.1707023901450480E+03
  0.45000000E+03     -0.1727043701876154E+03
  0.45100000E+03     -0.1747600876468048E+03
  0.45200000E+03     -0.1768847586542355E+03
  0.45300000E+03     -0.1790976713791682E+03
  0.45400000E+03     -0.1813616917215990E+03
  0.45500000E+03     -0.1836990860314579E+03
  0.45600000E+03     -0.1861161104587699E+03
  0.45700000E+03     -0.1885884585601546E+03
  0.45800000E+03     -0.1911292791483345E+03
  0.45900000E+03     -0.1937448286749310E+03
  0.46000000E+03     -0.1964210496784835E+03
  0.46100000E+03     -0.1991829156177750E+03
  0.46200000E+03     -0.2020118312140287E+03
  0.46300000E+03     -0.2049027935629483E+03
  0.46400000E+03     -0.2078839469515936E+03
  0.46500000E+03     -0.2109432094900249E+03
  0.46600000E+03     -0.2140748513114505E+03
  0.46700000E+03     -0.2172773699695543E+03
  0.46800000E+03     -0.2205649741801426E+03
  0.46900000E+03     -0.2239425321990867E+03
  0.47000000E+03     -0.2273792789211817E+03
  0.47100000E+03     -0.2308864392056414E+03
  0.47200000E+03     -0.2344861559901772E+03
  0.47300000E+03     -0.2381868765717894E+03
  0.47400000E+03     -0.2419682174156591E+03
  0.47500000E+03     -0.2458334449352839E+03
  0.47600000E+03     -0.2497648910597459E+03
  0.47700000E+03     -0.2538012162971338E+03
  0.47800000E+03     -0.2579331584622352E+03
  0.47900000E+03     -0.2621430964266976E+03
  0.48000000E+03     -0.2664495771944057E+03
  0.48100000E+03     -0.2708430342087331E+03
  0.48200000E+03     -0.2753342190099872E+03
  0.48300000E+03     -0.2799223713333922E+03
  0.48400000E+03     -0.2846156701588604E+03
  0.48500000E+03     -0.2893730151690722E+03
  0.48600000E+03     -0.2942287028558612E+03
  0.48700000E+03     -0.2991732583714210E+03
  0.48800000E+03     -0.3042409957409064E+03
  0.48900000E+03     -0.3093933785789089E+03
  0.49000000E+03     -0.3146547301065684E+03
  0.49100000E+03     -0.3200134943072846E+03
  0.49200000E+03     -0.3254961961394311E+03
  0.49300000E+03     -0.3310319043600886E+03
  0.49400000E+03     -0.3366793777483706E+03
  0.49500000E+03     -0.3421680158013542E+03
  0.49600000E+03     -0.3473263182959152E+03
  0.49700000E+03     -0.3516600145501366E+03
  0.49800000E+03     -0.3577399048156264E+03
  0.49900000E+03     -0.3592209200552718E+03
  0.50000000E+03     -0.3584312427444672E+03
  0.50100000E+03     -0.3712595966943335E+03
  0.50200000E+03     -0.3735665256262049E+03
  0.50300000E+03     -0.3749682196589511E+03
  0.50400000E+03     -0.3758433809558101E+03
  0.50500000E+03     -0.3777274125161039E+03
  0.50600000E+03     -0.3805184694103926E+03
  0.50700000E+03     -0.3836902951707335E+03
  0.50800000E+03     -0.3865871603942907E+03
  0.50900000E+03     -0.3893416463800853E+03
  0.51000000E+03     -0.3918805040556540E+03
