  0.00000000E+00     -0.2305022851807786E+02
  0.10000000E+01     -0.2019148141407930E+02
  0.20000000E+01     -0.1800829513313427E+02
  0.30000000E+01     -0.1621307446212099E+02
  0.40000000E+01     -0.1468821954747725E+02
  0.50000000E+01     -0.1336927984262655E+02
  0.60000000E+01     -0.1221529998032606E+02
  0.70000000E+01     -0.1119810772495202E+02
  0.80000000E+01     -0.1029724115278811E+02
  0.90000000E+01     -0.9497047581173410E+01
  0.10000000E+02     -0.8785071363075000E+01
  0.11000000E+02     -0.8151225654817205E+01
  0.12000000E+02     -0.7587349317172658E+01
  0.13000000E+02     -0.7086388722128452E+01
  0.14000000E+02     -0.6642459440435585E+01
  0.15000000E+02     -0.6250626090858161E+01
  0.16000000E+02     -0.5906367187211218E+01
  0.17000000E+02     -0.5605518332953965E+01
  0.18000000E+02     -0.5345115469277928E+01
  0.19000000E+02     -0.5121953803808604E+01
  0.20000000E+02     -0.4933060299397480E+01
  0.21000000E+02     -0.4776368359841686E+01
  0.22000000E+02     -0.4649650460974388E+01
  0.23000000E+02     -0.4550461762319793E+01
  0.24000000E+02     -0.4477331772897514E+01
  0.25000000E+02     -0.4428473544716471E+01
  0.26000000E+02     -0.4401899782910982E+01
  0.27000000E+02     -0.4396838671088959E+01
  0.28000000E+02     -0.4411549907030349E+01
  0.29000000E+02     -0.4444858438802529E+01
  0.30000000E+02     -0.4495708228793475E+01
  0.31000000E+02     -0.4563008825556003E+01
  0.32000000E+02     -0.4645581274325441E+01
  0.33000000E+02     -0.4742517634128729E+01
  0.34000000E+02     -0.4853060196147040E+01
  0.35000000E+02     -0.4976177239999621E+01
  0.36000000E+02     -0.5111494123014349E+01
  0.37000000E+02     -0.5258132930715262E+01
  0.38000000E+02     -0.5415112824295231E+01
  0.39000000E+02     -0.5582398776601218E+01
  0.40000000E+02     -0.5758976047628151E+01
  0.41000000E+02     -0.5944155320469671E+01
  0.42000000E+02     -0.6137349884158107E+01
  0.43000000E+02     -0.6338086375086517E+01
  0.44000000E+02     -0.6546186239407730E+01
  0.45000000E+02     -0.6761083220092059E+01
  0.46000000E+02     -0.6981941942303832E+01
  0.47000000E+02     -0.7208681791457925E+01
  0.48000000E+02     -0.7440824067848718E+01
  0.49000000E+02     -0.7678194733785949E+01
  0.50000000E+02     -0.7920362952964153E+01
  0.51000000E+02     -0.8166727692380716E+01
  0.52000000E+02     -0.8417008978935977E+01
  0.53000000E+02     -0.8671133217306865E+01
  0.54000000E+02     -0.8928730687227880E+01
  0.55000000E+02     -0.9189479014457445E+01
  0.56000000E+02     -0.9452958311766652E+01
  0.57000000E+02     -0.9718748188328282E+01
  0.58000000E+02     -0.9986772370918425E+01
  0.59000000E+02     -0.1025702630488653E+02
  0.60000000E+02     -0.1052897902713375E+02
  0.61000000E+02     -0.1080230492340660E+02
  0.62000000E+02     -0.1107686617004975E+02
  0.63000000E+02     -0.1135272479456880E+02
  0.64000000E+02     -0.1162976292262784E+02
  0.65000000E+02     -0.1190760212834784E+02
  0.66000000E+02     -0.1218578304582621E+02
  0.67000000E+02     -0.1246440729354781E+02
  0.68000000E+02     -0.1274312738560632E+02
  0.69000000E+02     -0.1302201652912068E+02
  0.70000000E+02     -0.1330070398692803E+02
  0.71000000E+02     -0.1357946220116961E+02
  0.72000000E+02     -0.1385778391320129E+02
  0.73000000E+02     -0.1413575295988354E+02
  0.74000000E+02     -0.1441271676434515E+02
  0.75000000E+02     -0.1468948906855519E+02
  0.76000000E+02     -0.1496541303127364E+02
  0.77000000E+02     -0.1524008483527288E+02
  0.78000000E+02     -0.1551362041774023E+02
  0.79000000E+02     -0.1578608953491318E+02
  0.80000000E+02     -0.1605724102060307E+02
  0.81000000E+02     -0.1632739618377585E+02
  0.82000000E+02     -0.1659547258554160E+02
  0.83000000E+02     -0.1686182631187562E+02
  0.84000000E+02     -0.1712664855721746E+02
  0.85000000E+02     -0.1738984129769937E+02
  0.86000000E+02     -0.1765127725656468E+02
  0.87000000E+02     -0.1791073318950883E+02
  0.88000000E+02     -0.1816813214377181E+02
  0.89000000E+02     -0.1842389043242981E+02
  0.90000000E+02     -0.1867733743243679E+02
  0.91000000E+02     -0.1892826065202652E+02
  0.92000000E+02     -0.1917722831644431E+02
  0.93000000E+02     -0.1942339737725530E+02
  0.94000000E+02     -0.1966758472439864E+02
  0.95000000E+02     -0.1990980830419566E+02
  0.96000000E+02     -0.2014893589474433E+02
  0.97000000E+02     -0.2038590254772669E+02
  0.98000000E+02     -0.2062022342787708E+02
  0.99000000E+02     -0.2085176043123970E+02
  0.10000000E+03     -0.2108122922301135E+02
  0.10100000E+03     -0.2130785727236620E+02
  0.10200000E+03     -0.2153151635654443E+02
  0.10300000E+03     -0.2175243066807717E+02
  0.10400000E+03     -0.2197077498415985E+02
  0.10500000E+03     -0.2218673534229010E+02
  0.10600000E+03     -0.2239963298463601E+02
  0.10700000E+03     -0.2260929471438746E+02
  0.10800000E+03     -0.2281609109590373E+02
  0.10900000E+03     -0.2301951892488922E+02
  0.11000000E+03     -0.2322046826992835E+02
  0.11100000E+03     -0.2341866284091274E+02
  0.11200000E+03     -0.2361327996720771E+02
  0.11300000E+03     -0.2380472507652236E+02
  0.11400000E+03     -0.2399352148913479E+02
  0.11500000E+03     -0.2417915510234496E+02
  0.11600000E+03     -0.2436164889968754E+02
  0.11700000E+03     -0.2454118378095310E+02
  0.11800000E+03     -0.2471735111069852E+02
  0.11900000E+03     -0.2489038526025146E+02
  0.12000000E+03     -0.2505992249085968E+02
  0.12100000E+03     -0.2522661063150822E+02
  0.12200000E+03     -0.2539029599768764E+02
  0.12300000E+03     -0.2555060185860441E+02
  0.12400000E+03     -0.2570769315109774E+02
  0.12500000E+03     -0.2586157176640155E+02
  0.12600000E+03     -0.2601218162640824E+02
  0.12700000E+03     -0.2615951015833366E+02
  0.12800000E+03     -0.2630364965748153E+02
  0.12900000E+03     -0.2644432377402860E+02
  0.13000000E+03     -0.2658190230846402E+02
  0.13100000E+03     -0.2671613724548881E+02
  0.13200000E+03     -0.2684718830476940E+02
  0.13300000E+03     -0.2697497668484613E+02
  0.13400000E+03     -0.2709894457848104E+02
  0.13500000E+03     -0.2722001788607446E+02
  0.13600000E+03     -0.2733767556990858E+02
  0.13700000E+03     -0.2745148249916075E+02
  0.13800000E+03     -0.2756200528954911E+02
  0.13900000E+03     -0.2766922203828361E+02
  0.14000000E+03     -0.2777311461095506E+02
  0.14100000E+03     -0.2787376322415085E+02
  0.14200000E+03     -0.2797151101874883E+02
  0.14300000E+03     -0.2806527613604182E+02
  0.14400000E+03     -0.2815563914246241E+02
  0.14500000E+03     -0.2824307075166548E+02
  0.14600000E+03     -0.2832653635623517E+02
  0.14700000E+03     -0.2840683349782267E+02
  0.14800000E+03     -0.2848396942524837E+02
  0.14900000E+03     -0.2855747511601739E+02
  0.15000000E+03     -0.2862771829480899E+02
  0.15100000E+03     -0.2869451179633506E+02
  0.15200000E+03     -0.2875786684318223E+02
  0.15300000E+03     -0.2881720028798001E+02
  0.15400000E+03     -0.2887299029795866E+02
  0.15500000E+03     -0.2892593656346079E+02
  0.15600000E+03     -0.2897536065430655E+02
  0.15700000E+03     -0.2902155817541572E+02
  0.15800000E+03     -0.2906443320908894E+02
  0.15900000E+03     -0.2910390058920399E+02
  0.16000000E+03     -0.2913983780285778E+02
  0.16100000E+03     -0.2917283662507727E+02
  0.16200000E+03     -0.2920215510053712E+02
  0.16300000E+03     -0.2922823089137815E+02
  0.16400000E+03     -0.2925055958571367E+02
  0.16500000E+03     -0.2926958625522806E+02
  0.16600000E+03     -0.2928500122511092E+02
  0.16700000E+03     -0.2929714764685842E+02
  0.16800000E+03     -0.2930557453632400E+02
  0.16900000E+03     -0.2931066299296807E+02
  0.17000000E+03     -0.2931265648837917E+02
  0.17100000E+03     -0.2931114809713144E+02
  0.17200000E+03     -0.2930657374065456E+02
  0.17300000E+03     -0.2929820544269704E+02
  0.17400000E+03     -0.2928649204663495E+02
  0.17500000E+03     -0.2927105738347849E+02
  0.17600000E+03     -0.2925204856346564E+02
  0.17700000E+03     -0.2923036786862128E+02
  0.17800000E+03     -0.2920568413585241E+02
  0.17900000E+03     -0.2917730256856203E+02
  0.18000000E+03     -0.2914506496115258E+02
  0.18100000E+03     -0.2910993574825596E+02
  0.18200000E+03     -0.2907052380151966E+02
  0.18300000E+03     -0.2902858732990565E+02
  0.18400000E+03     -0.2898319398594081E+02
  0.18500000E+03     -0.2893442719672649E+02
  0.18600000E+03     -0.2888231549370331E+02
  0.18700000E+03     -0.2882647510597896E+02
  0.18800000E+03     -0.2876729309336957E+02
  0.18900000E+03     -0.2870479819131462E+02
  0.19000000E+03     -0.2863952465519575E+02
  0.19100000E+03     -0.2857011509587235E+02
  0.19200000E+03     -0.2849778296624162E+02
  0.19300000E+03     -0.2842146090283526E+02
  0.19400000E+03     -0.2834241903343096E+02
  0.19500000E+03     -0.2826030452494467E+02
  0.19600000E+03     -0.2817541848270414E+02
  0.19700000E+03     -0.2808692775143982E+02
  0.19800000E+03     -0.2799489813939589E+02
  0.19900000E+03     -0.2789957649564504E+02
  0.20000000E+03     -0.2780117166846183E+02
  0.20100000E+03     -0.2769847642846118E+02
  0.20200000E+03     -0.2759296202119133E+02
  0.20300000E+03     -0.2748443126827721E+02
  0.20400000E+03     -0.2737236937534914E+02
  0.20500000E+03     -0.2725729077185833E+02
  0.20600000E+03     -0.2713921236302661E+02
  0.20700000E+03     -0.2701775279659022E+02
  0.20800000E+03     -0.2689253806848919E+02
  0.20900000E+03     -0.2676427011517251E+02
  0.21000000E+03     -0.2663379523203829E+02
  0.21100000E+03     -0.2649999913840501E+02
  0.21200000E+03     -0.2636231682410521E+02
  0.21300000E+03     -0.2622123330415840E+02
  0.21400000E+03     -0.2607736757121737E+02
  0.21500000E+03     -0.2593039798276660E+02
  0.21600000E+03     -0.2578040762268782E+02
  0.21700000E+03     -0.2562770539256628E+02
  0.21800000E+03     -0.2547203506230946E+02
  0.21900000E+03     -0.2531360021068755E+02
  0.22000000E+03     -0.2515136749335622E+02
  0.22100000E+03     -0.2498623829444838E+02
  0.22200000E+03     -0.2481822779112638E+02
  0.22300000E+03     -0.2464759645968249E+02
  0.22400000E+03     -0.2447409589871596E+02
  0.22500000E+03     -0.2429816476328167E+02
  0.22600000E+03     -0.2411905028959462E+02
  0.22700000E+03     -0.2393829799056770E+02
  0.22800000E+03     -0.2375423017314549E+02
  0.22900000E+03     -0.2356717607678785E+02
  0.23000000E+03     -0.2337718555756084E+02
  0.23100000E+03     -0.2318466986521959E+02
  0.23200000E+03     -0.2298900457390190E+02
  0.23300000E+03     -0.2279047354620025E+02
  0.23400000E+03     -0.2258969439394613E+02
  0.23500000E+03     -0.2238649889532554E+02
  0.23600000E+03     -0.2218122998746154E+02
  0.23700000E+03     -0.2197342691197638E+02
  0.23800000E+03     -0.2176343716770968E+02
  0.23900000E+03     -0.2155060039125867E+02
  0.24000000E+03     -0.2133571863142419E+02
  0.24100000E+03     -0.2111857899031079E+02
  0.24200000E+03     -0.2089926143269896E+02
  0.24300000E+03     -0.2067809901079882E+02
  0.24400000E+03     -0.2045456634646603E+02
  0.24500000E+03     -0.2022864291324048E+02
  0.24600000E+03     -0.2000097669696444E+02
  0.24700000E+03     -0.1977141819914324E+02
  0.24800000E+03     -0.1954001600061065E+02
  0.24900000E+03     -0.1930632939784129E+02
  0.25000000E+03     -0.1907116247401006E+02
  0.25100000E+03     -0.1883433797566109E+02
  0.25200000E+03     -0.1859577487764224E+02
  0.25300000E+03     -0.1835606390302354E+02
  0.25400000E+03     -0.1811485199659774E+02
  0.25500000E+03     -0.1787195374632003E+02
  0.25600000E+03     -0.1762723939522102E+02
  0.25700000E+03     -0.1738122783874741E+02
  0.25800000E+03     -0.1713457796516920E+02
  0.25900000E+03     -0.1688650080929783E+02
  0.26000000E+03     -0.1663730205908534E+02
  0.26100000E+03     -0.1638744149647151E+02
  0.26200000E+03     -0.1613618641744125E+02
  0.26300000E+03     -0.1588451112355908E+02
  0.26400000E+03     -0.1563214265676097E+02
  0.26500000E+03     -0.1537864883743460E+02
  0.26600000E+03     -0.1512424212836109E+02
  0.26700000E+03     -0.1487017300020161E+02
  0.26800000E+03     -0.1461596207588063E+02
  0.26900000E+03     -0.1436088098202895E+02
  0.27000000E+03     -0.1410603305620174E+02
  0.27100000E+03     -0.1385044880817477E+02
  0.27200000E+03     -0.1359527228418759E+02
  0.27300000E+03     -0.1333962043983928E+02
  0.27400000E+03     -0.1308461267468473E+02
  0.27500000E+03     -0.1283051095443893E+02
  0.27600000E+03     -0.1257630399951640E+02
  0.27700000E+03     -0.1232293288253203E+02
  0.27800000E+03     -0.1206995730738609E+02
  0.27900000E+03     -0.1181758169706876E+02
  0.28000000E+03     -0.1156655188895058E+02
  0.28100000E+03     -0.1131660356394547E+02
  0.28200000E+03     -0.1106724165616159E+02
  0.28300000E+03     -0.1082022207805186E+02
  0.28400000E+03     -0.1057324900099733E+02
  0.28500000E+03     -0.1032848365383043E+02
  0.28600000E+03     -0.1008551436580763E+02
  0.28700000E+03     -0.9844458397357366E+01
  0.28800000E+03     -0.9604334914848460E+01
  0.28900000E+03     -0.9366498031558690E+01
  0.29000000E+03     -0.9131259404368505E+01
  0.29100000E+03     -0.8898809809953066E+01
  0.29200000E+03     -0.8668789785787141E+01
  0.29300000E+03     -0.8441360903602710E+01
  0.29400000E+03     -0.8216702362082899E+01
  0.29500000E+03     -0.7995199857273166E+01
  0.29600000E+03     -0.7776208615333490E+01
  0.29700000E+03     -0.7561197355536116E+01
  0.29800000E+03     -0.7348921206467139E+01
  0.29900000E+03     -0.7140726120490580E+01
  0.30000000E+03     -0.6935820633316553E+01
  0.30100000E+03     -0.6735582164435932E+01
  0.30200000E+03     -0.6538998512291290E+01
  0.30300000E+03     -0.6346475720813963E+01
  0.30400000E+03     -0.6159351881101159E+01
  0.30500000E+03     -0.5977020821445816E+01
  0.30600000E+03     -0.5799177071592986E+01
  0.30700000E+03     -0.5626133420536110E+01
  0.30800000E+03     -0.5458082881056988E+01
  0.30900000E+03     -0.5295701186830503E+01
  0.31000000E+03     -0.5138903355055181E+01
  0.31100000E+03     -0.4987584456840221E+01
  0.31200000E+03     -0.4842079723006575E+01
  0.31300000E+03     -0.4703345992995555E+01
  0.31400000E+03     -0.4571785773298370E+01
  0.31500000E+03     -0.4445588170872119E+01
  0.31600000E+03     -0.4325779417949517E+01
  0.31700000E+03     -0.4213745686087084E+01
  0.31800000E+03     -0.4108509722495466E+01
  0.31900000E+03     -0.4010947698690881E+01
  0.32000000E+03     -0.3920297211792090E+01
  0.32100000E+03     -0.3838503289768977E+01
  0.32200000E+03     -0.3763070159394726E+01
  0.32300000E+03     -0.3697502084522262E+01
  0.32400000E+03     -0.3640202753948436E+01
  0.32500000E+03     -0.3589190768574413E+01
  0.32600000E+03     -0.3549769909407245E+01
  0.32700000E+03     -0.3518677922029791E+01
  0.32800000E+03     -0.3496984625813413E+01
  0.32900000E+03     -0.3484292520570397E+01
  0.33000000E+03     -0.3482441614461132E+01
  0.33100000E+03     -0.3489602044803731E+01
  0.33200000E+03     -0.3507954237861513E+01
  0.33300000E+03     -0.3536677744537807E+01
  0.33400000E+03     -0.3576703928139485E+01
  0.33500000E+03     -0.3624240698076887E+01
  0.33600000E+03     -0.3683876737891253E+01
  0.33700000E+03     -0.3757106404989921E+01
  0.33800000E+03     -0.3842607922893488E+01
  0.33900000E+03     -0.3938483415038799E+01
  0.34000000E+03     -0.4044461469352718E+01
  0.34100000E+03     -0.4165967025173932E+01
  0.34200000E+03     -0.4298846991903920E+01
  0.34300000E+03     -0.4445972953896776E+01
  0.34400000E+03     -0.4605183746568356E+01
  0.34500000E+03     -0.4779441681150027E+01
  0.34600000E+03     -0.4967938846096681E+01
  0.34700000E+03     -0.5168554176511661E+01
  0.34800000E+03     -0.5386478433173393E+01
  0.34900000E+03     -0.5619799578797592E+01
  0.35000000E+03     -0.5867131194873270E+01
  0.35100000E+03     -0.6132639004739538E+01
  0.35200000E+03     -0.6409370437397360E+01
  0.35300000E+03     -0.6702236820130711E+01
  0.35400000E+03     -0.7013601801529074E+01
  0.35500000E+03     -0.7341516726626800E+01
  0.35600000E+03     -0.7683526885196382E+01
  0.35700000E+03     -0.8044994306785167E+01
  0.35800000E+03     -0.8423284382161757E+01
  0.35900000E+03     -0.8819154651276547E+01
  0.36000000E+03     -0.9231009080592591E+01
  0.36100000E+03     -0.9662471685743297E+01
  0.36200000E+03     -0.1011313361777114E+02
  0.36300000E+03     -0.1058208977695951E+02
  0.36400000E+03     -0.1106998919292557E+02
  0.36500000E+03     -0.1157628707269537E+02
  0.36600000E+03     -0.1210620506623861E+02
  0.36700000E+03     -0.1265321328613854E+02
  0.36800000E+03     -0.1322161009555473E+02
  0.36900000E+03     -0.1381339045960662E+02
  0.37000000E+03     -0.1442830809534227E+02
  0.37100000E+03     -0.1506127158237404E+02
  0.37200000E+03     -0.1571656406239939E+02
  0.37300000E+03     -0.1639364992331200E+02
  0.37400000E+03     -0.1709509479771781E+02
  0.37500000E+03     -0.1781430301644270E+02
  0.37600000E+03     -0.1855673863383090E+02
  0.37700000E+03     -0.1932594309524426E+02
  0.37800000E+03     -0.2011695171706073E+02
  0.37900000E+03     -0.2093500007589071E+02
  0.38000000E+03     -0.2177698593935896E+02
  0.38100000E+03     -0.2264602249672701E+02
  0.38200000E+03     -0.2354174481044732E+02
  0.38300000E+03     -0.2446061096304254E+02
  0.38400000E+03     -0.2540478270310080E+02
  0.38500000E+03     -0.2637652183369247E+02
  0.38600000E+03     -0.2737836392386614E+02
  0.38700000E+03     -0.2840401737889776E+02
  0.38800000E+03     -0.2946205648313200E+02
  0.38900000E+03     -0.3054679184893257E+02
  0.39000000E+03     -0.3166447360558314E+02
  0.39100000E+03     -0.3280474668367247E+02
  0.39200000E+03     -0.3397379138009408E+02
  0.39300000E+03     -0.3517014985972904E+02
  0.39400000E+03     -0.3639738294842333E+02
  0.39500000E+03     -0.3765519639016556E+02
  0.39600000E+03     -0.3894637767280979E+02
  0.39700000E+03     -0.4027059963606854E+02
  0.39800000E+03     -0.4162503031859629E+02
  0.39900000E+03     -0.4301559419951575E+02
  0.40000000E+03     -0.4443424791173424E+02
  0.40100000E+03     -0.4589116194404956E+02
  0.40200000E+03     -0.4737591132967512E+02
  0.40300000E+03     -0.4889947549754445E+02
  0.40400000E+03     -0.5045134089085083E+02
  0.40500000E+03     -0.5203723679614519E+02
  0.40600000E+03     -0.5365844429371148E+02
  0.40700000E+03     -0.5531837411946098E+02
  0.40800000E+03     -0.5700902750688444E+02
  0.40900000E+03     -0.5873575506910809E+02
  0.41000000E+03     -0.6050982473538599E+02
  0.41100000E+03     -0.6231054398006827E+02
  0.41200000E+03     -0.6416715063444239E+02
  0.41300000E+03     -0.6605535980139075E+02
  0.41400000E+03     -0.6798252251317751E+02
  0.41500000E+03     -0.6993925827663631E+02
  0.41600000E+03     -0.7193926853655651E+02
  0.41700000E+03     -0.7398054201922336E+02
  0.41800000E+03     -0.7606307383348786E+02
  0.41900000E+03     -0.7818870820288683E+02
  0.42000000E+03     -0.8035946233980920E+02
  0.42100000E+03     -0.8257409355766291E+02
  0.42200000E+03     -0.8482470503235385E+02
  0.42300000E+03     -0.8712326622490971E+02
  0.42400000E+03     -0.8945389114107782E+02
  0.42500000E+03     -0.9184119579736942E+02
  0.42600000E+03     -0.9427114130517901E+02
  0.42700000E+03     -0.9674489406093299E+02
  0.42800000E+03     -0.9926215079463084E+02
  0.42900000E+03     -0.1018281086126733E+03
  0.43000000E+03     -0.1044345792021745E+03
  0.43100000E+03     -0.1071029552435115E+03
  0.43200000E+03     -0.1098052770832765E+03
  0.43300000E+03     -0.1125633677541090E+03
  0.43400000E+03     -0.1153677684615674E+03
  0.43500000E+03     -0.1182309443765999E+03
  0.43600000E+03     -0.1211398158185514E+03
  0.43700000E+03     -0.1241008652093209E+03
  0.43800000E+03     -0.1271125473795902E+03
  0.43900000E+03     -0.1301682498978292E+03
  0.44000000E+03     -0.1332759977835937E+03
  0.44100000E+03     -0.1364376894192333E+03
  0.44200000E+03     -0.1396627957845570E+03
  0.44300000E+03     -0.1429328511050821E+03
  0.44400000E+03     -0.1462454207957850E+03
  0.44500000E+03     -0.1496311039543302E+03
  0.44600000E+03     -0.1530620309182060E+03
  0.44700000E+03     -0.1565458504959023E+03
  0.44800000E+03     -0.1600815710775972E+03
  0.44900000E+03     -0.1636847612190305E+03
  0.45000000E+03     -0.1673523036747677E+03
  0.45100000E+03     -0.1710673043698417E+03
  0.45200000E+03     -0.1748478778318421E+03
  0.45300000E+03     -0.1786756009291497E+03
  0.45400000E+03     -0.1825798949000201E+03
  0.45500000E+03     -0.1865180504658235E+03
  0.45600000E+03     -0.1905405329677613E+03
  0.45700000E+03     -0.1946352916759745E+03
  0.45800000E+03     -0.1987714043256981E+03
  0.45900000E+03     -0.2029785871261846E+03
  0.46000000E+03     -0.2072502934805386E+03
  0.46100000E+03     -0.2115792023125173E+03
  0.46200000E+03     -0.2159863990186604E+03
  0.46300000E+03     -0.2204505115095818E+03
  0.46400000E+03     -0.2249801397946843E+03
  0.46500000E+03     -0.2295730928256380E+03
  0.46600000E+03     -0.2342391851016683E+03
  0.46700000E+03     -0.2389706055847744E+03
  0.46800000E+03     -0.2437751310131229E+03
  0.46900000E+03     -0.2486493338583382E+03
  0.47000000E+03     -0.2536085613007387E+03
  0.47100000E+03     -0.2586237774997032E+03
  0.47200000E+03     -0.2637095048014173E+03
  0.47300000E+03     -0.2688751441945869E+03
  0.47400000E+03     -0.2740984913339231E+03
  0.47500000E+03     -0.2794074203759292E+03
  0.47600000E+03     -0.2847884249358668E+03
  0.47700000E+03     -0.2902347750730502E+03
  0.47800000E+03     -0.2957578162616506E+03
  0.47900000E+03     -0.3013605398020234E+03
  0.48000000E+03     -0.3070265350585194E+03
  0.48100000E+03     -0.3127717823578824E+03
  0.48200000E+03     -0.3186073952326234E+03
  0.48300000E+03     -0.3245330621066117E+03
  0.48400000E+03     -0.3305339583171225E+03
  0.48500000E+03     -0.3365964278564509E+03
  0.48600000E+03     -0.3427354837507531E+03
  0.48700000E+03     -0.3489590928080148E+03
  0.48800000E+03     -0.3552723466403538E+03
  0.48900000E+03     -0.3616645950563707E+03
  0.49000000E+03     -0.3681404278170327E+03
  0.49100000E+03     -0.3747177334514150E+03
  0.49200000E+03     -0.3813654400266997E+03
  0.49300000E+03     -0.3881086189982709E+03
  0.49400000E+03     -0.3949490596439483E+03
  0.49500000E+03     -0.4018679600351365E+03
  0.49600000E+03     -0.4088774839096526E+03
  0.49700000E+03     -0.4159730162228792E+03
  0.49800000E+03     -0.4231584663235049E+03
  0.49900000E+03     -0.4304445688363634E+03
  0.50000000E+03     -0.4378089444001205E+03
  0.50100000E+03     -0.4452723832838113E+03
  0.50200000E+03     -0.4528042240886274E+03
  0.50300000E+03     -0.4604471237034838E+03
  0.50400000E+03     -0.4681935145505669E+03
  0.50500000E+03     -0.4760095382478343E+03
  0.50600000E+03     -0.4839420963253512E+03
  0.50700000E+03     -0.4919645630498401E+03
  0.50800000E+03     -0.5000876318865783E+03
  0.50900000E+03     -0.5083006215732601E+03
  0.51000000E+03     -0.5166282500714412E+03
