  0.00000000E+00     -0.2535697686276075E-09      0.5556483699732859E-18     -0.4702376469686214E-27      0.7578341370651302E-36     -0.8937677135904996E-45
  0.10000000E+01     -0.6057402553093196E-03      0.3669212569023747E-06     -0.2222589758298109E-09      0.1346312087648345E-12     -0.8155154276931963E-16
  0.20000000E+01     -0.4056692201421244E-01      0.2448703535708373E-01     -0.1830713163776247E-01      0.1892283257863872E-01     -0.6324317655134117E-02
  0.30000000E+01     -0.1201285527065894E+00      0.8422235214584463E-01     -0.7773840097754227E-01      0.1014501382464018E+00     -0.1105766835764505E+00
  0.40000000E+01     -0.2393604445251573E+00      0.1993718782652962E+00     -0.2270572599054318E+00      0.3596235481143338E+00     -0.6078824320512062E+00
  0.50000000E+01     -0.3988361776188631E+00      0.4005207274356218E+00     -0.5554786268951240E+00      0.1043112422304244E+01     -0.2272902357475332E+01
  0.60000000E+01     -0.5986925155005753E+00      0.7277269943912900E+00     -0.1210396193241895E+01      0.2653054147879483E+01     -0.6949204017012297E+01
  0.70000000E+01     -0.8390080679950701E+00      0.1231251882663706E+01     -0.2425959379991888E+01      0.6148613294585754E+01     -0.1877311554805978E+02
  0.80000000E+01     -0.1120335759449644E+01      0.1973007583036753E+01     -0.4559048303129516E+01      0.1326111027684956E+02     -0.4638368473783275E+02
  0.90000000E+01     -0.1442740502000881E+01      0.3023626822923301E+01     -0.8118508021270474E+01      0.2691516500628834E+02     -0.1065305118226933E+03
  0.10000000E+02     -0.1806843152970744E+01      0.4467949695506784E+01     -0.1383543791927172E+02      0.5200047469170891E+02     -0.2312717562975093E+03
  0.11000000E+02     -0.2212666928834675E+01      0.6399263482503584E+01     -0.2269664790423652E+02      0.9622347089173590E+02     -0.4782470025445659E+03
  0.12000000E+02     -0.2660910841122581E+01      0.8926169707789644E+01     -0.3603971762603405E+02      0.1715483620522744E+03     -0.9483131729679399E+03
  0.13000000E+02     -0.3151594077683053E+01      0.1216437693695147E+02     -0.5557795784132097E+02      0.2956608891684084E+03     -0.1809836549810328E+04
  0.14000000E+02     -0.3685640266175057E+01      0.1625077187990182E+02     -0.8359220973302517E+02      0.4952093681931929E+03     -0.3348441668269586E+04
  0.15000000E+02     -0.4263111838841151E+01      0.2132795165099263E+02     -0.1228919288533136E+03      0.8073072415194277E+03     -0.6003570144121056E+04
  0.16000000E+02     -0.4884501361409935E+01      0.2755412641591624E+02     -0.1770211131786683E+03      0.1285083129046190E+04     -0.1048464500243574E+05
  0.17000000E+02     -0.5549753967892189E+01      0.3509723310579232E+02     -0.2502960985412097E+03      0.2000923459794309E+04     -0.1785932122988421E+05
  0.18000000E+02     -0.6260501635747265E+01      0.4415723332624576E+02     -0.3481706797292154E+03      0.3055194203737857E+04     -0.2974839389091800E+05
  0.19000000E+02     -0.7017068703197047E+01      0.5493710027016554E+02     -0.4771275400478547E+03      0.4581917534429126E+04     -0.4855093964849447E+05
  0.20000000E+02     -0.7818986907128259E+01      0.6764253334878411E+02     -0.6447396666315702E+03      0.6755222555132777E+04     -0.7769174778264460E+05
  0.21000000E+02     -0.8668731563516911E+01      0.8254723954280540E+02     -0.8608961519963519E+03      0.9818238234432838E+04     -0.1223448961555247E+06
  0.22000000E+02     -0.9565322792038305E+01      0.9987511021870590E+02     -0.1136056587579593E+04      0.1406491128911705E+05     -0.1894556961644285E+06
  0.23000000E+02     -0.1051029643729008E+02      0.1199287137664493E+03     -0.1483813880187990E+04      0.1989826173589723E+05     -0.2892253289050508E+06
  0.24000000E+02     -0.1150386203585377E+02      0.1429842660297165E+03     -0.1918914674192569E+04      0.2780759255358305E+05     -0.4352671256052504E+06
  0.25000000E+02     -0.1254793568424968E+02      0.1693976083977428E+03     -0.2459991514769076E+04      0.3844278806892932E+05     -0.6468601526309163E+06
  0.26000000E+02     -0.1364231584954286E+02      0.1994862678191494E+03     -0.3127324958760058E+04      0.5259619618071145E+05     -0.9497520899667712E+06
  0.27000000E+02     -0.1478870780715976E+02      0.2336362676553696E+03     -0.3945067711156598E+04      0.7125923030179816E+05     -0.1378178260795567E+07
  0.28000000E+02     -0.1598995969479589E+02      0.2723251755137088E+03     -0.4943695812330186E+04      0.9575957081208547E+05     -0.1981237925408590E+07
  0.29000000E+02     -0.1724301880302819E+02      0.3158423502484064E+03     -0.6151613942136019E+04      0.1275470133606532E+06     -0.2818416444690739E+07
  0.30000000E+02     -0.1855173732984216E+02      0.3647274373025606E+03     -0.7607296937167850E+04      0.1685429220316470E+06     -0.3971222305076782E+07
  0.31000000E+02     -0.1991569792561929E+02      0.4194229315044588E+03     -0.9351714412031588E+04      0.2210388478685494E+06     -0.5544861190119419E+07
  0.32000000E+02     -0.2133801239240306E+02      0.4805340260429119E+03     -0.1143592431414803E+05      0.2879882034252337E+06     -0.7683384491482648E+07
  0.33000000E+02     -0.2281883532265631E+02      0.5485816532844319E+03     -0.1391332921992117E+05      0.3727781093119118E+06     -0.1056355774306085E+08
  0.34000000E+02     -0.2436065054940018E+02      0.6242233641220053E+03     -0.1684824346096403E+05      0.4796416016575516E+06     -0.1441854467359204E+08
  0.35000000E+02     -0.2596100614251110E+02      0.7079134400956657E+03     -0.2030410361607341E+05      0.6133453459903469E+06     -0.1953484808401214E+08
  0.36000000E+02     -0.2762539709936819E+02      0.8005217732524601E+03     -0.2436683524527307E+05      0.7800843867036070E+06     -0.2629285214043652E+08
  0.37000000E+02     -0.2935563474705025E+02      0.9028540648103952E+03     -0.2913251656641046E+05      0.9874331936658594E+06     -0.3518933086023644E+08
  0.38000000E+02     -0.3114890341129128E+02      0.1015386188490373E+04     -0.3468575903074628E+05      0.1243114420435193E+07     -0.4678217120470789E+08
  0.39000000E+02     -0.3301152676676117E+02      0.1139254915685304E+04     -0.4115523224898821E+05      0.1557922824853646E+07     -0.6184474530818719E+08
  0.40000000E+02     -0.3494188071102362E+02      0.1275132427513128E+04     -0.4865836882334539E+05      0.1943486798942823E+07     -0.8130206253158666E+08
  0.41000000E+02     -0.3694138010767867E+02      0.1423940387852403E+04     -0.5733702385220888E+05      0.2413950381599222E+07     -0.1063149270419222E+09
  0.42000000E+02     -0.3901243582780294E+02      0.1586650750623914E+04     -0.6734330071272606E+05      0.2985236016322544E+07     -0.1382623503752269E+09
  0.43000000E+02     -0.4115475669025368E+02      0.1764203805829063E+04     -0.7885078993948722E+05      0.3676892344040657E+07     -0.1789338893177202E+09
  0.44000000E+02     -0.4337093319146172E+02      0.1957699631313581E+04     -0.9204858613920516E+05      0.4510754146162364E+07     -0.2304135503283954E+09
  0.45000000E+02     -0.4566247727873015E+02      0.2168278963309312E+04     -0.1071502708748620E+06      0.5512853054406073E+07     -0.2953085422295367E+09
  0.46000000E+02     -0.4802622730273946E+02      0.2396650539507866E+04     -0.1243522152001139E+06      0.6710454692517563E+07     -0.3765797673195726E+09
  0.47000000E+02     -0.5046938989852636E+02      0.2644554808237138E+04     -0.1439450933785370E+06      0.8140202845033209E+07     -0.4781634370880032E+09
  0.48000000E+02     -0.5298386912766552E+02      0.2912303890404647E+04     -0.1661292093624644E+06      0.9835342319254749E+07     -0.6041223751013407E+09
  0.49000000E+02     -0.5557456064142507E+02      0.3201390157527192E+04     -0.1912049098683443E+06      0.1183918692749183E+08     -0.7596596392337674E+09
  0.50000000E+02     -0.5823725283420499E+02      0.3512540354923186E+04     -0.2194415767579843E+06      0.1419738908379372E+08     -0.9507379139367404E+09
  0.51000000E+02     -0.6097330288355533E+02      0.3847043053076852E+04     -0.2511697301168840E+06      0.1696400791163019E+08     -0.1184524924598498E+10
  0.52000000E+02     -0.6378295254179565E+02      0.4206005047065449E+04     -0.2867146611608639E+06      0.2019618894222803E+08     -0.1469025935275163E+10
  0.53000000E+02     -0.6665927876716742E+02      0.4589815727764520E+04     -0.3263739712268267E+06      0.2395582879954022E+08     -0.1813675627823673E+10
  0.54000000E+02     -0.6960572647822875E+02      0.5000032325368888E+04     -0.3705528600773553E+06      0.2831591345469680E+08     -0.2229287749343628E+10
  0.55000000E+02     -0.7261318508560421E+02      0.5436375140606781E+04     -0.4194794928260224E+06      0.3333844326595742E+08     -0.2726774561772845E+10
  0.56000000E+02     -0.7569568577124923E+02      0.5902261208488364E+04     -0.4738460763300207E+06      0.3914086292645860E+08     -0.3323701866092999E+10
  0.57000000E+02     -0.7883237496219239E+02      0.6395463779632951E+04     -0.5336642048348130E+06      0.4576949259174545E+08     -0.4030990889949092E+10
  0.58000000E+02     -0.8202464774178547E+02      0.6917397760232171E+04     -0.5994280126914971E+06      0.5333306728832065E+08     -0.4867801425080122E+10
  0.59000000E+02     -0.8527077127003557E+02      0.7468667948265639E+04     -0.6715092010830506E+06      0.6192796274210542E+08     -0.5852740357551661E+10
  0.60000000E+02     -0.8856918326508375E+02      0.8050135517128177E+04     -0.7503599718715111E+06      0.7166971654442665E+08     -0.7008327686285992E+10
  0.61000000E+02     -0.9192097621413511E+02      0.8662939997060706E+04     -0.8364638849423957E+06      0.8268174707371981E+08     -0.8359288106893557E+10
  0.62000000E+02     -0.9531937401137070E+02      0.9306812309107367E+04     -0.9301373694169811E+06      0.9507564545110485E+08     -0.9930961530738123E+10
  0.63000000E+02     -0.9876553644180726E+02      0.9982961168511340E+04     -0.1031917137833021E+07      0.1089967817086436E+09     -0.1175433169761057E+11
  0.64000000E+02     -0.1022557350327744E+03      0.1069156496878700E+05     -0.1142201656650773E+07      0.1245802733606312E+09     -0.1386126792744040E+11
  0.65000000E+02     -0.1057843178053568E+03      0.1143223720955788E+05     -0.1261285685209097E+07      0.1419490740558316E+09     -0.1628331430028918E+11
  0.66000000E+02     -0.1093424370115165E+03      0.1220400290386590E+05     -0.1389404862785398E+07      0.1612286204687342E+09     -0.1905502931548032E+11
  0.67000000E+02     -0.1129365284421115E+03      0.1300885555930967E+05     -0.1527244960430474E+07      0.1826112540672395E+09     -0.2222164684192053E+11
  0.68000000E+02     -0.1165607719445486E+03      0.1384647332191316E+05     -0.1675183065843996E+07      0.2062608377345871E+09     -0.2582835487499269E+11
  0.69000000E+02     -0.1202218008095410E+03      0.1471888590205084E+05     -0.1833945909178299E+07      0.2323942310801604E+09     -0.2992952381527155E+11
  0.70000000E+02     -0.1239074285708832E+03      0.1562391867665260E+05     -0.2003542200404878E+07      0.2611210588522951E+09     -0.3456542103246516E+11
  0.71000000E+02     -0.1276239155021016E+03      0.1656381880113102E+05     -0.2184825853603863E+07      0.2927069306380188E+09     -0.3980565430958962E+11
  0.72000000E+02     -0.1313629100609669E+03      0.1753691921174246E+05     -0.2377849480577194E+07      0.3272731807774622E+09     -0.4569627249167107E+11
  0.73000000E+02     -0.1351333198143366E+03      0.1854626149379819E+05     -0.2583659428535963E+07      0.3651367502255465E+09     -0.5232138276770027E+11
  0.74000000E+02     -0.1389241652232214E+03      0.1958950200895226E+05     -0.2802212033432246E+07      0.4064233930216606E+09     -0.5973524711259723E+11
  0.75000000E+02     -0.1427377242613223E+03      0.2066775318657233E+05     -0.3034162674046380E+07      0.4513937741647623E+09     -0.6801892885834889E+11
  0.76000000E+02     -0.1465695692940566E+03      0.2178039681700481E+05     -0.3279832751709923E+07      0.5002562721971205E+09     -0.7724777416701050E+11
  0.77000000E+02     -0.1504305245280418E+03      0.2293103427000042E+05     -0.3540458023896734E+07      0.5534079819831662E+09     -0.8753673021782858E+11
  0.78000000E+02     -0.1543095779798198E+03      0.2411692954940665E+05     -0.3815878597872263E+07      0.6109750122128996E+09     -0.9895287121581189E+11
  0.79000000E+02     -0.1582143884992639E+03      0.2534089261872384E+05     -0.4107195715383944E+07      0.6733484745226760E+09     -0.1116182836943494E+12
  0.80000000E+02     -0.1621295985700567E+03      0.2659866721784550E+05     -0.4413876080837615E+07      0.7405875286577636E+09     -0.1255938509844608E+12
  0.81000000E+02     -0.1660744122197675E+03      0.2789699757714321E+05     -0.4738056711327000E+07      0.8133415133219006E+09     -0.1410664040932079E+12
  0.82000000E+02     -0.1700407782490834E+03      0.2923344755279413E+05     -0.5079556111528628E+07      0.8917453900547415E+09     -0.1581182461907213E+12
  0.83000000E+02     -0.1740178487650964E+03      0.3060508155634179E+05     -0.5438171905347527E+07      0.9759578812194201E+09     -0.1768449743784792E+12
  0.84000000E+02     -0.1780087602893644E+03      0.3201314064752973E+05     -0.5814638654194318E+07      0.1066330853276717E+10     -0.1973825062468940E+12
  0.85000000E+02     -0.1820184979234023E+03      0.3345978404541498E+05     -0.6210015149202107E+07      0.1163319312805789E+10     -0.2198983090467001E+12
  0.86000000E+02     -0.1860470765849097E+03      0.3494567370650265E+05     -0.6625036079720465E+07      0.1267327042333284E+10     -0.2445575120723377E+12
  0.87000000E+02     -0.1900883226794935E+03      0.3646875705874525E+05     -0.7059594869274179E+07      0.1378541023355195E+10     -0.2714770544200715E+12
  0.88000000E+02     -0.1941479468895801E+03      0.3803153106422725E+05     -0.7514895024549903E+07      0.1497491596240874E+10     -0.3008616642250684E+12
  0.89000000E+02     -0.1982254354423556E+03      0.3963449106065654E+05     -0.7991669315288620E+07      0.1624620425643010E+10     -0.3329050761172755E+12
  0.90000000E+02     -0.2023114781586535E+03      0.4127388316687403E+05     -0.8489183371402469E+07      0.1759939081440668E+10     -0.3676881837569031E+12
  0.91000000E+02     -0.2064171278368332E+03      0.4295482812326618E+05     -0.9009603791622749E+07      0.1904308733418716E+10     -0.4055281544421350E+12
  0.92000000E+02     -0.2105344397924031E+03      0.4467427956702572E+05     -0.9552454584714165E+07      0.2057835020426051E+10     -0.4465424183774416E+12
  0.93000000E+02     -0.2146687720029043E+03      0.4643471644850502E+05     -0.1011901908483761E+08      0.2221137965837041E+10     -0.4909950055825571E+12
  0.94000000E+02     -0.2188172347469928E+03      0.4823553738399801E+05     -0.1070971875015079E+08      0.2394631044370647E+10     -0.5391081445505135E+12
  0.95000000E+02     -0.2229723494619636E+03      0.5007380341559304E+05     -0.1132410817603385E+08      0.2578453781222393E+10     -0.5910270267202783E+12
  0.96000000E+02     -0.2271374532986506E+03      0.5195104082768002E+05     -0.1196314965302642E+08      0.2773155459003568E+10     -0.6470151149240557E+12
  0.97000000E+02     -0.2313187095012094E+03      0.5387052978212940E+05     -0.1262856734430270E+08      0.2979575136627920E+10     -0.7074397498206251E+12
  0.98000000E+02     -0.2355150784120009E+03      0.5583174414338260E+05     -0.1332058932960709E+08      0.3198039017401670E+10     -0.7725074888063207E+12
  0.99000000E+02     -0.2397097695056754E+03      0.5782731621533479E+05     -0.1403722314727886E+08      0.3428243662768443E+10     -0.8422635567223929E+12
  0.10000000E+03     -0.2439264722608482E+03      0.5986892232433093E+05     -0.1478325114072636E+08      0.3672053044889489E+10     -0.9174129143613384E+12
  0.10100000E+03     -0.2481434959452388E+03      0.6194602068322915E+05     -0.1555524759113794E+08      0.3928626370065217E+10     -0.9978240001298695E+12
  0.10200000E+03     -0.2523856291629371E+03      0.6407163439594170E+05     -0.1635880453563170E+08      0.4200217061216136E+10     -0.1084370996803573E+13
  0.10300000E+03     -0.2566287015432874E+03      0.6623352885181981E+05     -0.1718970363567501E+08      0.4485685251739046E+10     -0.1176827604319215E+13
  0.10400000E+03     -0.2608834638010539E+03      0.6843754259103649E+05     -0.1805079836880732E+08      0.4786378347650083E+10     -0.1275798905196604E+13
  0.10500000E+03     -0.2651509645519889E+03      0.7068435900380339E+05     -0.1894284987222434E+08      0.5102883609601320E+10     -0.1381631636343549E+13
  0.10600000E+03     -0.2694339151423982E+03      0.7297597883284248E+05     -0.1986735097120002E+08      0.5436141167165297E+10     -0.1494830391775039E+13
  0.10700000E+03     -0.2737176140458766E+03      0.7530436638790625E+05     -0.2082145697294154E+08      0.5785431936818381E+10     -0.1615308938639158E+13
  0.10800000E+03     -0.2779993936372539E+03      0.7766855747329041E+05     -0.2180544602575734E+08      0.6151273996653598E+10     -0.1743446883009363E+13
  0.10900000E+03     -0.2823121256152309E+03      0.8008689263820389E+05     -0.2282749032594832E+08      0.6537072410369987E+10     -0.1880622097650173E+13
  0.11000000E+03     -0.2866277596760217E+03      0.8254393093412886E+05     -0.2388167409728536E+08      0.6941003860547942E+10     -0.2026394232372056E+13
  0.11100000E+03     -0.2909584188345054E+03      0.8504696469284767E+05     -0.2497176662387442E+08      0.7364934941981196E+10     -0.2181651635429992E+13
  0.11200000E+03     -0.2953031245560369E+03      0.8759571748038256E+05     -0.2609825782919324E+08      0.7809477423786312E+10     -0.2346838424569433E+13
  0.11300000E+03     -0.2996607907420094E+03      0.9018989054014169E+05     -0.2726165838775194E+08      0.8275276881989202E+10     -0.2522428776388312E+13
  0.11400000E+03     -0.3040208804082147E+03      0.9282369575694417E+05     -0.2846008476268569E+08      0.8762058087246799E+10     -0.2708570933173544E+13
  0.11500000E+03     -0.3083931199442881E+03      0.9550283677047901E+05     -0.2969654596395551E+08      0.9271407067063389E+10     -0.2906083880267691E+13
  0.11600000E+03     -0.3127844018583747E+03      0.9823221305142051E+05     -0.3097411230016983E+08      0.9805122047653917E+10     -0.3115947671656570E+13
  0.11700000E+03     -0.3171884739869938E+03      0.1010082473884931E+06     -0.3229176508124066E+08      0.1036326049762187E+11     -0.3338455403492940E+13
  0.11800000E+03     -0.3216045729353179E+03      0.1038306935650819E+06     -0.3364999455928279E+08      0.1094649241392973E+11     -0.3574138469030035E+13
  0.11900000E+03     -0.3260381164198102E+03      0.1067037042722027E+06     -0.3505167279895385E+08      0.1155665448370913E+11     -0.3824073466111949E+13
  0.12000000E+03     -0.3304923996092763E+03      0.1096296166704934E+06     -0.3649854860778154E+08      0.1219499144369898E+11     -0.4089056505162455E+13
  0.12100000E+03     -0.3349479654282305E+03      0.1125961032887141E+06     -0.3798527615042875E+08      0.1285970290108666E+11     -0.4368664251987309E+13
  0.12200000E+03     -0.3394230155029863E+03      0.1156155488720981E+06     -0.3951872608591745E+08      0.1355438955995067E+11     -0.4664729413735710E+13
  0.12300000E+03     -0.3439196819105259E+03      0.1186898798100671E+06     -0.4110067047952671E+08      0.1428045725698589E+11     -0.4978210299756576E+13
  0.12400000E+03     -0.3484309960434924E+03      0.1218149527018397E+06     -0.4272982733304080E+08      0.1503794703778654E+11     -0.5309497990904739E+13
  0.12500000E+03     -0.3529626440931610E+03      0.1249951897755524E+06     -0.4440931029129453E+08      0.1582893681350704E+11     -0.5659886401351457E+13
  0.12600000E+03     -0.3575127782888298E+03      0.1282296710265892E+06     -0.4613940148083603E+08      0.1665418412716388E+11     -0.6030102145194499E+13
  0.12700000E+03     -0.3620926676111144E+03      0.1315273367858643E+06     -0.4792594010413419E+08      0.1751724254421870E+11     -0.6422201255923748E+13
  0.12800000E+03     -0.3666749654161641E+03      0.1348683448596234E+06     -0.4975867172569307E+08      0.1841367097644671E+11     -0.6834520903265070E+13
  0.12900000E+03     -0.3712786380210003E+03      0.1382673456570267E+06     -0.5164664528481840E+08      0.1934866167309993E+11     -0.7269924786557007E+13
  0.13000000E+03     -0.3759049869625854E+03      0.1417262809405988E+06     -0.5359206516355215E+08      0.2032414687137144E+11     -0.7729833826310769E+13
  0.13100000E+03     -0.3805542830050393E+03      0.1452452275093627E+06     -0.5559553456100319E+08      0.2134102125473875E+11     -0.8215093697371021E+13
  0.13200000E+03     -0.3852246972562492E+03      0.1488241710219155E+06     -0.5765841266069496E+08      0.2240096341650195E+11     -0.8727116338202683E+13
  0.13300000E+03     -0.3899124943768222E+03      0.1524599423839398E+06     -0.5977930578495563E+08      0.2350378785904472E+11     -0.9266214880126076E+13
  0.13400000E+03     -0.3946260192392411E+03      0.1561602616949225E+06     -0.6196407071550683E+08      0.2465356581195802E+11     -0.9835037013736713E+13
  0.13500000E+03     -0.3993625809639165E+03      0.1599237428139189E+06     -0.6421295426377451E+08      0.2585131763485513E+11     -0.1043468888973303E+14
  0.13600000E+03     -0.4041210077814511E+03      0.1637497833946313E+06     -0.6652643791110920E+08      0.2709808758074482E+11     -0.1106625588262250E+14
  0.13700000E+03     -0.4089058295360440E+03      0.1676428425716624E+06     -0.6890835803438452E+08      0.2839690231937339E+11     -0.1173193012977672E+14
  0.13800000E+03     -0.4137284392828061E+03      0.1716130548103129E+06     -0.7136610404181889E+08      0.2975279405785610E+11     -0.1243498411634125E+14
  0.13900000E+03     -0.4185715332383003E+03      0.1756467727896341E+06     -0.7389226997089274E+08      0.3116261971976205E+11     -0.1317446584379096E+14
  0.14000000E+03     -0.4234326016133226E+03      0.1797430116288826E+06     -0.7648760725726816E+08      0.3262793584957425E+11     -0.1395198238037213E+14
  0.14100000E+03     -0.4283076513171151E+03      0.1838988048994484E+06     -0.7915119224567543E+08      0.3414915273857568E+11     -0.1476845137289510E+14
  0.14200000E+03     -0.4332072772989172E+03      0.1881236632437177E+06     -0.8189015090337835E+08      0.3573133857003237E+11     -0.1562734733262076E+14
  0.14300000E+03     -0.4381523874914521E+03      0.1924363375652106E+06     -0.8471779206180088E+08      0.3738323888844057E+11     -0.1653420269686131E+14
  0.14400000E+03     -0.4431090798677757E+03      0.1968084678528557E+06     -0.8761704649910915E+08      0.3909619770234168E+11     -0.1748521879930613E+14
  0.14500000E+03     -0.4481113864533684E+03      0.2012707708810772E+06     -0.9060948845508035E+08      0.4088410869892732E+11     -0.1848898565617293E+14
  0.14600000E+03     -0.4531234716293985E+03      0.2057923207544895E+06     -0.9367582502549002E+08      0.4273675136350824E+11     -0.1954074485134321E+14
  0.14700000E+03     -0.4581587751713144E+03      0.2103850784290880E+06     -0.9682482786139575E+08      0.4466028664835876E+11     -0.2064474345454281E+14
  0.14800000E+03     -0.4632281242420108E+03      0.2150603758233407E+06     -0.1000660217590539E+09      0.4666206410772858E+11     -0.2180634075583571E+14
  0.14900000E+03     -0.4683251958544057E+03      0.2198129708256757E+06     -0.1033969719784385E+09      0.4874180513768019E+11     -0.2302636479303119E+14
  0.15000000E+03     -0.4734393055293747E+03      0.2246342514871770E+06     -0.1068133781324601E+09      0.5089839678498755E+11     -0.2430536919271705E+14
  0.15100000E+03     -0.4785820261816605E+03      0.2295349900856813E+06     -0.1103235902024812E+09      0.5313807316392664E+11     -0.2564792353971823E+14
  0.15200000E+03     -0.4837391960844437E+03      0.2345031296077177E+06     -0.1139208208403649E+09      0.5545820160895248E+11     -0.2705377619425093E+14
  0.15300000E+03     -0.4889232665414795E+03      0.2395505137077998E+06     -0.1176143815677783E+09      0.5786580485060976E+11     -0.2852812566382558E+14
  0.15400000E+03     -0.4941310808545293E+03      0.2446752999548850E+06     -0.1214046356287390E+09      0.6036275944255885E+11     -0.3007344365757014E+14
  0.15500000E+03     -0.4993567298459295E+03      0.2498722060615958E+06     -0.1252889335172276E+09      0.6294871354250783E+11     -0.3169072286280085E+14
  0.15600000E+03     -0.5046022128092876E+03      0.2551436703937246E+06     -0.1292702879801719E+09      0.6562703101931284E+11     -0.3338326868218376E+14
  0.15700000E+03     -0.5098510106816278E+03      0.2604738828665256E+06     -0.1333382195738098E+09      0.6839222232166309E+11     -0.3514895999706202E+14
  0.15800000E+03     -0.5151118676632470E+03      0.2658714626032488E+06     -0.1374999729287899E+09      0.7125024986891957E+11     -0.3699263787180897E+14
  0.15900000E+03     -0.5203994147845202E+03      0.2713521731802302E+06     -0.1417691501779270E+09      0.7421204212136130E+11     -0.3892275708508360E+14
  0.16000000E+03     -0.5256972790517035E+03      0.2768995677013828E+06     -0.1461342451698680E+09      0.7727113891000139E+11     -0.4093649854561467E+14
  0.16100000E+03     -0.5310174352312724E+03      0.2825270566484724E+06     -0.1506073819144855E+09      0.8043775505816641E+11     -0.4304212102699439E+14
  0.16200000E+03     -0.5363280845465957E+03      0.2882001666570036E+06     -0.1551613730841945E+09      0.8369341597821648E+11     -0.4522826317206716E+14
  0.16300000E+03     -0.5416301421333916E+03      0.2939205363840989E+06     -0.1597989732816370E+09      0.8704176598411713E+11     -0.4749892861250383E+14
  0.16400000E+03     -0.5469381788848674E+03      0.2997040108817302E+06     -0.1645340073008399E+09      0.9049412290532465E+11     -0.4986312281002610E+14
  0.16500000E+03     -0.5522619073378281E+03      0.3055612364680241E+06     -0.1693761930874685E+09      0.9405899024259166E+11     -0.5232810814465795E+14
  0.16600000E+03     -0.5575901350461845E+03      0.3114804477783946E+06     -0.1743171300183929E+09      0.9773179810737863E+11     -0.5489228043404667E+14
  0.16700000E+03     -0.5629221290432971E+03      0.3174598683575850E+06     -0.1793554545041080E+09      0.1015123038212432E+12     -0.5755648256739436E+14
  0.16800000E+03     -0.5682557393205351E+03      0.3234985906974211E+06     -0.1844925535094505E+09      0.1054038230114061E+12     -0.6032511741356118E+14
  0.16900000E+03     -0.5735809342390613E+03      0.3295839503044008E+06     -0.1897174640804126E+09      0.1093986020809529E+12     -0.6319355230676420E+14
  0.17000000E+03     -0.5789032167409995E+03      0.3357228473048405E+06     -0.1950375182632276E+09      0.1135039934147114E+12     -0.6616879905514899E+14
  0.17100000E+03     -0.5842184776422072E+03      0.3419103302618057E+06     -0.2004491443008139E+09      0.1177184880634494E+12     -0.6925116684675988E+14
  0.17200000E+03     -0.5895401765826150E+03      0.3481615248579215E+06     -0.2059660272263029E+09      0.1220538178483322E+12     -0.7245054326146452E+14
  0.17300000E+03     -0.5948632762940003E+03      0.3544708561332703E+06     -0.2115844451388190E+09      0.1265087020865180E+12     -0.7576771372501881E+14
  0.17400000E+03     -0.6001629206072859E+03      0.3608090490130702E+06     -0.2172793913929358E+09      0.1310648627997301E+12     -0.7919074648483686E+14
  0.17500000E+03     -0.6054672407606527E+03      0.3672089615139123E+06     -0.2230805669217191E+09      0.1357469080513909E+12     -0.8273929224578855E+14
  0.17600000E+03     -0.6107684436241113E+03      0.3736613640956596E+06     -0.2289806584963017E+09      0.1405505039442757E+12     -0.8641179683827809E+14
  0.17700000E+03     -0.6160330222256331E+03      0.3801249758275588E+06     -0.2349423621506272E+09      0.1454463654378710E+12     -0.9018725110869125E+14
  0.17800000E+03     -0.6212928311661029E+03      0.3866381171881213E+06     -0.2410011936667044E+09      0.1504645347799509E+12     -0.9409006323425966E+14
  0.17900000E+03     -0.6265550750547640E+03      0.3932096621922169E+06     -0.2471662193715615E+09      0.1556138987957798E+12     -0.9812876319078678E+14
  0.18000000E+03     -0.6318098055534613E+03      0.3998269458798337E+06     -0.2534261896529564E+09      0.1608863003402040E+12     -0.1022984788564864E+15
  0.18100000E+03     -0.6370607879370287E+03      0.4064947324421213E+06     -0.2597865241589666E+09      0.1662878199107657E+12     -0.1066058060098474E+15
  0.18200000E+03     -0.6422974500196019E+03      0.4131990568952767E+06     -0.2662342790011041E+09      0.1718085388085408E+12     -0.1110442891271647E+15
  0.18300000E+03     -0.6475084330607775E+03      0.4199243938526831E+06     -0.2727543630502073E+09      0.1774360701876349E+12     -0.1156049381304696E+15
  0.18400000E+03     -0.6527060331663248E+03      0.4266870728176818E+06     -0.2793639518144027E+09      0.1831871677289035E+12     -0.1203035123992562E+15
  0.18500000E+03     -0.6578905561759148E+03      0.4334860776631004E+06     -0.2860615191497805E+09      0.1890607768045479E+12     -0.1251399745559713E+15
  0.18600000E+03     -0.6630815295178252E+03      0.4403481491856282E+06     -0.2928753371523820E+09      0.1950840948011334E+12     -0.1301392806000354E+15
  0.18700000E+03     -0.6682429185814855E+03      0.4472240628538315E+06     -0.2997558033025284E+09      0.2012133856086498E+12     -0.1352658444033445E+15
  0.18800000E+03     -0.6733704629413301E+03      0.4541074555827329E+06     -0.3066967032718261E+09      0.2074439956726082E+12     -0.1405171333659510E+15
  0.18900000E+03     -0.6784970882698234E+03      0.4610421487718860E+06     -0.3137425790321267E+09      0.2138168852694172E+12     -0.1459290448845712E+15
  0.19000000E+03     -0.6837522255602197E+03      0.4682031714092447E+06     -0.3210720479009436E+09      0.2204950653503150E+12     -0.1516418730859629E+15
  0.19100000E+03     -0.6888517990330085E+03      0.4752070911185095E+06     -0.3282972320092313E+09      0.2271300360797440E+12     -0.1573623320968132E+15
  0.19200000E+03     -0.6939429969091669E+03      0.4822512864805601E+06     -0.3356176647226329E+09      0.2339020538330937E+12     -0.1632439252636884E+15
  0.19300000E+03     -0.6990563798936618E+03      0.4893778080804389E+06     -0.3430776177031444E+09      0.2408533522261771E+12     -0.1693250910226169E+15
  0.19400000E+03     -0.7041088590251758E+03      0.4964713145598547E+06     -0.3505576124177802E+09      0.2478744960310244E+12     -0.1755123831971313E+15
  0.19500000E+03     -0.7091507337009682E+03      0.5036008150906166E+06     -0.3581295062894939E+09      0.2550328106149001E+12     -0.1818656622521994E+15
  0.19600000E+03     -0.7141693610803012E+03      0.5107470655795139E+06     -0.3657721744186947E+09      0.2623083973606913E+12     -0.1883679713689812E+15
  0.19700000E+03     -0.7191722464415523E+03      0.5179211132508966E+06     -0.3734985591791517E+09      0.2697153512530474E+12     -0.1950341138812916E+15
  0.19800000E+03     -0.7241662754498766E+03      0.5251322444482176E+06     -0.3813187712324100E+09      0.2772641788348401E+12     -0.2018749142158426E+15
  0.19900000E+03     -0.7291314729230912E+03      0.5323510036036659E+06     -0.3892009462842014E+09      0.2849249122857086E+12     -0.2088645762141162E+15
  0.20000000E+03     -0.7340831255322844E+03      0.5395985746231569E+06     -0.3971677781170958E+09      0.2927198576209152E+12     -0.2160242902775460E+15
  0.20100000E+03     -0.7390219885407536E+03      0.5468760178850179E+06     -0.4052211018947652E+09      0.3006521661676054E+12     -0.2233588373823967E+15
  0.20200000E+03     -0.7439634029367121E+03      0.5542055687253567E+06     -0.4133858574965532E+09      0.3087474586886189E+12     -0.2308935510930488E+15
  0.20300000E+03     -0.7488958222637440E+03      0.5615701341003133E+06     -0.4216437009233752E+09      0.3169888877780333E+12     -0.2386145993931863E+15
  0.20400000E+03     -0.7538059615168688E+03      0.5689493064473739E+06     -0.4299718269620627E+09      0.3253544831439354E+12     -0.2465028013837133E+15
  0.20500000E+03     -0.7587162325570130E+03      0.5763765786007127E+06     -0.4384085231207526E+09      0.3338838933609557E+12     -0.2545973191647845E+15
  0.20600000E+03     -0.7636193108208823E+03      0.5838405888287761E+06     -0.4469412490733990E+09      0.3425654993559349E+12     -0.2628887812732158E+15
  0.20700000E+03     -0.7685183666758327E+03      0.5913456837048046E+06     -0.4555750990410723E+09      0.3514052895793878E+12     -0.2713843165658701E+15
  0.20800000E+03     -0.7734010027767162E+03      0.5988730533955350E+06     -0.4642893320356234E+09      0.3603836482699448E+12     -0.2800673000180492E+15
  0.20900000E+03     -0.7782829322649080E+03      0.6064463608813366E+06     -0.4731113506862388E+09      0.3695294892715913E+12     -0.2889669959272768E+15
  0.21000000E+03     -0.7831785100113134E+03      0.6140884096702464E+06     -0.4820690255487251E+09      0.3788737620050408E+12     -0.2981161950643554E+15
  0.21100000E+03     -0.7880736653036067E+03      0.6217773175526762E+06     -0.4911375139931681E+09      0.3883921285464026E+12     -0.3074933262195349E+15
  0.21200000E+03     -0.7929708569305658E+03      0.6295167939665046E+06     -0.5003216758325337E+09      0.3980908903047618E+12     -0.3171064555700146E+15
  0.21300000E+03     -0.7978711920960283E+03      0.6373093204554612E+06     -0.5096260067976611E+09      0.4079771457605479E+12     -0.3269656480583043E+15
  0.21400000E+03     -0.8027896614388295E+03      0.6451789136364247E+06     -0.5190801163016143E+09      0.4180841053820619E+12     -0.3371065150122849E+15
  0.21500000E+03     -0.8077194153184489E+03      0.6531144093565082E+06     -0.5286710141605472E+09      0.4283990392472179E+12     -0.3475181463689561E+15
  0.21600000E+03     -0.8126729395698773E+03      0.6611370030436793E+06     -0.5384263551452837E+09      0.4389546387434663E+12     -0.3582372721503132E+15
  0.21700000E+03     -0.8176410717067434E+03      0.6692324315479964E+06     -0.5483302438294504E+09      0.4497360724344937E+12     -0.3692520407415151E+15
  0.21800000E+03     -0.8226225197839478E+03      0.6773981254554731E+06     -0.5583796583219217E+09      0.4607409268887481E+12     -0.3805616349282663E+15
  0.21900000E+03     -0.8276085881145202E+03      0.6856211818782922E+06     -0.5685610805912461E+09      0.4719577394266627E+12     -0.3921584729990906E+15
  0.22000000E+03     -0.8326243062989854E+03      0.6939433211453034E+06     -0.5789274769123424E+09      0.4834471383668611E+12     -0.4041084417774401E+15
  0.22100000E+03     -0.8376707784302092E+03      0.7023671838244644E+06     -0.5894839165359180E+09      0.4952175632041275E+12     -0.4164241268318668E+15
  0.22200000E+03     -0.8427353184987027E+03      0.7108726512742107E+06     -0.6002072716598985E+09      0.5072463872611917E+12     -0.4290860271265665E+15
  0.22300000E+03     -0.8478268388418452E+03      0.7194755239577254E+06     -0.6111193049508630E+09      0.5195609700796317E+12     -0.4421269647555490E+15
  0.22400000E+03     -0.8529315460681033E+03      0.7281529045860288E+06     -0.6221922866140145E+09      0.5321323882814120E+12     -0.4555197517328740E+15
  0.22500000E+03     -0.8580836473741764E+03      0.7369636268637623E+06     -0.6335029821798890E+09      0.5450506300070618E+12     -0.4693642429380315E+15
  0.22600000E+03     -0.8632424466704615E+03      0.7458393642698269E+06     -0.6449661158422980E+09      0.5582220002567290E+12     -0.4835649653050891E+15
  0.22700000E+03     -0.8684347587347362E+03      0.7548268250879861E+06     -0.6566436121748512E+09      0.5717204707852083E+12     -0.4982057605345085E+15
  0.22800000E+03     -0.8736543823568836E+03      0.7639171362023813E+06     -0.6685272350190008E+09      0.5855413289812223E+12     -0.5132878072805649E+15
  0.22900000E+03     -0.8789004315686761E+03      0.7731077840689988E+06     -0.6806132660379360E+09      0.5996807175196185E+12     -0.5288084617081068E+15
  0.23000000E+03     -0.8841693935595740E+03      0.7823940407086773E+06     -0.6928982332428675E+09      0.6141387939831544E+12     -0.5447736232880125E+15
  0.23100000E+03     -0.8894553971682138E+03      0.7917673790375160E+06     -0.7053741724308245E+09      0.6289111502745203E+12     -0.5611850716757797E+15
  0.23200000E+03     -0.8947773869032272E+03      0.8012604431894349E+06     -0.7180841780143079E+09      0.6440494624140422E+12     -0.5781021203762214E+15
  0.23300000E+03     -0.9001222213884849E+03      0.8108512642774662E+06     -0.7310016917232677E+09      0.6595265457060723E+12     -0.5955005232871214E+15
  0.23400000E+03     -0.9054902590617000E+03      0.8205418404343217E+06     -0.7441321609509585E+09      0.6753533385850092E+12     -0.6133987758559594E+15
  0.23500000E+03     -0.9108863390980079E+03      0.8303412453353760E+06     -0.7574892745972737E+09      0.6915491439853528E+12     -0.6318231393236278E+15
  0.23600000E+03     -0.9163034813847047E+03      0.8402378586279916E+06     -0.7710595853325731E+09      0.7081017056130072E+12     -0.6507655763167575E+15
  0.23700000E+03     -0.9217451213579694E+03      0.8502388354314014E+06     -0.7848550825676578E+09      0.7250294868422771E+12     -0.6702529568502304E+15
  0.23800000E+03     -0.9272061734061491E+03      0.8603350609309807E+06     -0.7988644976670225E+09      0.7423214618300348E+12     -0.6902771864356539E+15
  0.23900000E+03     -0.9326926791723275E+03      0.8705384255491120E+06     -0.8131062872803422E+09      0.7600040041213116E+12     -0.7108743208665542E+15
  0.24000000E+03     -0.9381972865771237E+03      0.8808367630522201E+06     -0.8275666100946246E+09      0.7780651094800439E+12     -0.7320378990628695E+15
  0.24100000E+03     -0.9437217959541055E+03      0.8912330014679699E+06     -0.8422499715923520E+09      0.7965121568230564E+12     -0.7537800896923318E+15
  0.24200000E+03     -0.9492652916742400E+03      0.9017265005447710E+06     -0.8571579866821486E+09      0.8153515788313257E+12     -0.7761151198263642E+15
  0.24300000E+03     -0.9548240361215301E+03      0.9123108690578517E+06     -0.8722835984148332E+09      0.8345783373971544E+12     -0.7990431788501999E+15
  0.24400000E+03     -0.9604035905500210E+03      0.9229970818407449E+06     -0.8876440462086328E+09      0.8542175949980304E+12     -0.8225996562674736E+15
  0.24500000E+03     -0.9660026703872853E+03      0.9337838264073009E+06     -0.9032401961527759E+09      0.8742753845647393E+12     -0.8467993782325890E+15
  0.24600000E+03     -0.9716121666571994E+03      0.9446534037188739E+06     -0.9190472636737494E+09      0.8947221789820262E+12     -0.8716111293926534E+15
  0.24700000E+03     -0.9772356535546872E+03      0.9556134978267942E+06     -0.9350786150190403E+09      0.9155795050956266E+12     -0.8970678681520709E+15
  0.24800000E+03     -0.9828635176339729E+03      0.9666457612698243E+06     -0.9513090420781137E+09      0.9368180610467318E+12     -0.9231397715572458E+15
  0.24900000E+03     -0.9885120753627599E+03      0.9777822628467936E+06     -0.9677869382077773E+09      0.9585041841203643E+12     -0.9499137095667759E+15
  0.25000000E+03     -0.9941678847590122E+03      0.9889971199149140E+06     -0.9844759879665605E+09      0.9805940861193740E+12     -0.9773422875226800E+15
  0.25100000E+03     -0.9998400525296801E+03      0.1000308431706190E+07     -0.1001404299603461E+10      0.1003127994126541E+13     -0.1005481024995675E+16
  0.25200000E+03     -0.1005533661807046E+04      0.1011727388178999E+07     -0.1018591253221452E+10      0.1026136614884349E+13     -0.1034376145404928E+16
  0.25300000E+03     -0.1011227350595323E+04      0.1023211847984983E+07     -0.1035975628627637E+10      0.1049542482869764E+13     -0.1063937926846849E+16
  0.25400000E+03     -0.1016927732880518E+04      0.1034774695306589E+07     -0.1053577344479503E+10      0.1073374461977917E+13     -0.1094207282096226E+16
  0.25500000E+03     -0.1022661548644777E+04      0.1046470438644649E+07     -0.1071480859973810E+10      0.1097750363928924E+13     -0.1125340072211120E+16
  0.25600000E+03     -0.1028378324622669E+04      0.1058197229436977E+07     -0.1089533138713632E+10      0.1122467334664199E+13     -0.1157086283921924E+16
  0.25700000E+03     -0.1034097140171204E+04      0.1069993657081606E+07     -0.1107793819035254E+10      0.1147608820463164E+13     -0.1189557276530228E+16
  0.25800000E+03     -0.1039828487734794E+04      0.1081881432664118E+07     -0.1126297798917415E+10      0.1173226273998805E+13     -0.1222826002605830E+16
  0.25900000E+03     -0.1045574271832797E+04      0.1093864919232664E+07     -0.1145053564870178E+10      0.1199335241896361E+13     -0.1256919459831604E+16
  0.26000000E+03     -0.1051325666238924E+04      0.1105926522756146E+07     -0.1164036024581805E+10      0.1225905822907034E+13     -0.1291807285969123E+16
  0.26100000E+03     -0.1057071570790509E+04      0.1118042590465933E+07     -0.1183208519665734E+10      0.1252889109888714E+13     -0.1327430536079923E+16
  0.26200000E+03     -0.1062819653749476E+04      0.1130229361411409E+07     -0.1202597998807191E+10      0.1280326394873294E+13     -0.1363850274980729E+16
  0.26300000E+03     -0.1068572663672340E+04      0.1142492734980872E+07     -0.1222215078544717E+10      0.1308236017649392E+13     -0.1401097336184291E+16
  0.26400000E+03     -0.1074337081560640E+04      0.1154846708250043E+07     -0.1242083587523563E+10      0.1336655554465871E+13     -0.1439228940062975E+16
  0.26500000E+03     -0.1080112014307158E+04      0.1167289878474562E+07     -0.1262203252340544E+10      0.1365589106138700E+13     -0.1478258833176750E+16
  0.26600000E+03     -0.1085886607355503E+04      0.1179798812355140E+07     -0.1282537245391017E+10      0.1394986865628371E+13     -0.1518126267694343E+16
  0.26700000E+03     -0.1091665434277899E+04      0.1192383498565349E+07     -0.1303103083082682E+10      0.1424877661968569E+13     -0.1558877333870344E+16
  0.26800000E+03     -0.1097448974869591E+04      0.1205044921329316E+07     -0.1323903419091424E+10      0.1455268529289746E+13     -0.1600528206612314E+16
  0.26900000E+03     -0.1103252237469176E+04      0.1217816657827134E+07     -0.1344995730770679E+10      0.1486248479799841E+13     -0.1643210028788641E+16
  0.27000000E+03     -0.1109065713151141E+04      0.1230677921066699E+07     -0.1366347115309358E+10      0.1517773032645916E+13     -0.1686869222870827E+16
  0.27100000E+03     -0.1114875490807774E+04      0.1243598802667960E+07     -0.1387910512232737E+10      0.1549778226443837E+13     -0.1731427196920461E+16
  0.27200000E+03     -0.1120698464290661E+04      0.1256616879905082E+07     -0.1409749811874145E+10      0.1582362367786829E+13     -0.1777028055842255E+16
  0.27300000E+03     -0.1126531904142083E+04      0.1269726054631514E+07     -0.1431855995545941E+10      0.1615515601755428E+13     -0.1823665550361927E+16
  0.27400000E+03     -0.1132360014368102E+04      0.1282890882472571E+07     -0.1454170549981066E+10      0.1649153805802538E+13     -0.1871228901113433E+16
  0.27500000E+03     -0.1138178995332886E+04      0.1296104147024503E+07     -0.1476684691498908E+10      0.1683270637070840E+13     -0.1919721288154896E+16
  0.27600000E+03     -0.1144015946760587E+04      0.1309424430079945E+07     -0.1499494551915241E+10      0.1718008217706740E+13     -0.1969342551486604E+16
  0.27700000E+03     -0.1149867741240322E+04      0.1322846644084658E+07     -0.1522595943765112E+10      0.1753368607241045E+13     -0.2020109893811880E+16
  0.27800000E+03     -0.1155739768707241E+04      0.1336383538179536E+07     -0.1546012714534317E+10      0.1789393114196728E+13     -0.2072092228008086E+16
  0.27900000E+03     -0.1161630115307767E+04      0.1350031751194674E+07     -0.1569741979472302E+10      0.1826083511155689E+13     -0.2125303522395844E+16
  0.28000000E+03     -0.1167528290822081E+04      0.1363767316565839E+07     -0.1593743940789626E+10      0.1863383129210361E+13     -0.2179671501902059E+16
  0.28100000E+03     -0.1173427694672322E+04      0.1377575356132299E+07     -0.1617994649971168E+10      0.1901259777768239E+13     -0.2235159244063135E+16
  0.28200000E+03     -0.1179337396499873E+04      0.1391476229741134E+07     -0.1642529545803402E+10      0.1939770187248106E+13     -0.2291854617183168E+16
  0.28300000E+03     -0.1185268819484525E+04      0.1405498485108557E+07     -0.1667403203991674E+10      0.1979008516576135E+13     -0.2349911568287061E+16
  0.28400000E+03     -0.1191239440976902E+04      0.1419684130980909E+07     -0.1692692578368486E+10      0.2019101899897302E+13     -0.2409529485408309E+16
  0.28500000E+03     -0.1197196760878997E+04      0.1433909146260910E+07     -0.1718179154016796E+10      0.2059710074583477E+13     -0.2470214654026418E+16
  0.28600000E+03     -0.1203223028859478E+04      0.1448371178701654E+07     -0.1744220585167135E+10      0.2101410583703393E+13     -0.2532844709741147E+16
  0.28700000E+03     -0.1209247501786371E+04      0.1462899397391585E+07     -0.1770508515845083E+10      0.2143710311035923E+13     -0.2596682795318619E+16
  0.28800000E+03     -0.1215298338036078E+04      0.1477563761190263E+07     -0.1797174513876310E+10      0.2186831002382096E+13     -0.2662081761119373E+16
  0.28900000E+03     -0.1221381592888223E+04      0.1492380808417714E+07     -0.1824253439662538E+10      0.2230839022520056E+13     -0.2729160818560888E+16
  0.29000000E+03     -0.1227502434454122E+04      0.1507362982779257E+07     -0.1851768996871620E+10      0.2275776437992178E+13     -0.2797992489608644E+16
  0.29100000E+03     -0.1233640260567155E+04      0.1522461406854434E+07     -0.1879635665368823E+10      0.2321512786946567E+13     -0.2868394511560926E+16
  0.29200000E+03     -0.1239807984749478E+04      0.1537708435789428E+07     -0.1907915542074799E+10      0.2368156000282413E+13     -0.2940545503306916E+16
  0.29300000E+03     -0.1246043654191661E+04      0.1553200088417690E+07     -0.1936791719423309E+10      0.2416018528808264E+13     -0.3014948399304746E+16
  0.29400000E+03     -0.1252297792153506E+04      0.1568814749914176E+07     -0.1966041379416627E+10      0.2464739838574573E+13     -0.3091060077898016E+16
  0.29500000E+03     -0.1258600402870657E+04      0.1584628584011102E+07     -0.1995810911331405E+10      0.2514572232142018E+13     -0.3169291416409631E+16
  0.29600000E+03     -0.1264956865585182E+04      0.1600658123987477E+07     -0.2026138650282852E+10      0.2565594438150821E+13     -0.3249792743168118E+16
  0.29700000E+03     -0.1271354477630037E+04      0.1616872578186284E+07     -0.2056970200888716E+10      0.2617723970998841E+13     -0.3332452123324400E+16
  0.29800000E+03     -0.1277786528895542E+04      0.1633255571987327E+07     -0.2088277079355394E+10      0.2670919587769304E+13     -0.3417218953179414E+16
  0.29900000E+03     -0.1284300438179989E+04      0.1649931509692549E+07     -0.2120305597059273E+10      0.2725617190622666E+13     -0.3504819953978210E+16
  0.30000000E+03     -0.1290853650912693E+04      0.1666792593466735E+07     -0.2152852433834234E+10      0.2781478488678073E+13     -0.3594731742980452E+16
  0.30100000E+03     -0.1297534955930446E+04      0.1684072293246540E+07     -0.2186379732403596E+10      0.2839319418264940E+13     -0.3688309092624736E+16
  0.30200000E+03     -0.1304271323781446E+04      0.1701584810901317E+07     -0.2220534658187118E+10      0.2898547398696573E+13     -0.3784624054302203E+16
  0.30300000E+03     -0.1311076413186330E+04      0.1719367555197868E+07     -0.2255395707444501E+10      0.2959311305433664E+13     -0.3883944558016610E+16
  0.30400000E+03     -0.1317960161970593E+04      0.1737450401093333E+07     -0.2291030963406654E+10      0.3021749612982343E+13     -0.3986534525859481E+16
  0.30500000E+03     -0.1324929260294989E+04      0.1755854537757411E+07     -0.2327491311510180E+10      0.3085970966639995E+13     -0.4092610187928252E+16
  0.30600000E+03     -0.1331958110003011E+04      0.1774514939943232E+07     -0.2364655061184414E+10      0.3151777133483865E+13     -0.4201876566814748E+16
  0.30700000E+03     -0.1339069676810520E+04      0.1793496221824414E+07     -0.2402660257078567E+10      0.3219432824505090E+13     -0.4314812965206994E+16
  0.30800000E+03     -0.1346261031633617E+04      0.1812793129464701E+07     -0.2441503647186217E+10      0.3288948962260863E+13     -0.4431471770798333E+16
  0.30900000E+03     -0.1353556362917280E+04      0.1832475806916777E+07     -0.2481339268545348E+10      0.3360628292699240E+13     -0.4552413300758618E+16
  0.31000000E+03     -0.1360922187269340E+04      0.1852457007342638E+07     -0.2521999111062579E+10      0.3434188057112110E+13     -0.4677200403171679E+16
  0.31100000E+03     -0.1368361264580040E+04      0.1872747703964853E+07     -0.2563515073701881E+10      0.3509707735583634E+13     -0.4806012366974699E+16
  0.31200000E+03     -0.1375909314646153E+04      0.1893450170676200E+07     -0.2606108846051448E+10      0.3587617764549295E+13     -0.4939637462069009E+16
  0.31300000E+03     -0.1383516041536224E+04      0.1914429044455168E+07     -0.2649509854964441E+10      0.3667442469093173E+13     -0.5077300950880712E+16
  0.31400000E+03     -0.1391199254933624E+04      0.1935737036692857E+07     -0.2693837259157627E+10      0.3749424506555250E+13     -0.5219470256788031E+16
  0.31500000E+03     -0.1398981087173190E+04      0.1957440016986847E+07     -0.2739240208071579E+10      0.3833867262322925E+13     -0.5366728106127892E+16
  0.31600000E+03     -0.1406815137202125E+04      0.1979410931254128E+07     -0.2785460667261637E+10      0.3920310528464203E+13     -0.5518315435386465E+16
  0.31700000E+03     -0.1414727762270612E+04      0.2001727704313906E+07     -0.2832673885683337E+10      0.4009108619706708E+13     -0.5674909563165523E+16
  0.31800000E+03     -0.1422708837182937E+04      0.2024364918374459E+07     -0.2880835787126147E+10      0.4100202608576978E+13     -0.5836458922804467E+16
  0.31900000E+03     -0.1430769586322926E+04      0.2047358656193421E+07     -0.2930035287018130E+10      0.4193789521516964E+13     -0.6003374488960194E+16
  0.32000000E+03     -0.1438894403159450E+04      0.2070666430729772E+07     -0.2980188964807088E+10      0.4289730879825528E+13     -0.6175455908141706E+16
  0.32100000E+03     -0.1447094594208379E+04      0.2094325661675990E+07     -0.3031391341107198E+10      0.4388240532889353E+13     -0.6353157192238064E+16
  0.32200000E+03     -0.1455355016522134E+04      0.2118294362544047E+07     -0.3083558545750440E+10      0.4489176926342258E+13     -0.6536270139736903E+16
  0.32300000E+03     -0.1463683743955213E+04      0.2142600626146741E+07     -0.3136765324109344E+10      0.4592717659306787E+13     -0.6725188823063918E+16
  0.32400000E+03     -0.1472083743565152E+04      0.2167256043947552E+07     -0.3191046993049427E+10      0.4698957652935144E+13     -0.6920146695694691E+16
  0.32500000E+03     -0.1480545256195288E+04      0.2192234991417546E+07     -0.3246357357233674E+10      0.4807833472756341E+13     -0.7121089640258200E+16
  0.32600000E+03     -0.1489050725645367E+04      0.2217488579189127E+07     -0.3302598329385159E+10      0.4919179251565876E+13     -0.7327775021110469E+16
  0.32700000E+03     -0.1497633435234815E+04      0.2243118693002265E+07     -0.3360007378684961E+10      0.5033493440744970E+13     -0.7541194344090962E+16
  0.32800000E+03     -0.1506253441006793E+04      0.2269008574730037E+07     -0.3418332439101302E+10      0.5150300530596352E+13     -0.7760523277424279E+16
  0.32900000E+03     -0.1514928667173803E+04      0.2295214632723175E+07     -0.3477710238312795E+10      0.5269901375767494E+13     -0.7986391942052519E+16
  0.33000000E+03     -0.1523662545809704E+04      0.2321750492329557E+07     -0.3538182992823237E+10      0.5392411833903411E+13     -0.8219092393293288E+16
  0.33100000E+03     -0.1532443880167836E+04      0.2348584434199763E+07     -0.3599687652901751E+10      0.5517730969852850E+13     -0.8458499149238649E+16
  0.33200000E+03     -0.1541270315447485E+04      0.2375712129383745E+07     -0.3662224966905897E+10      0.5645890395632788E+13     -0.8704746007225129E+16
  0.33300000E+03     -0.1550140750959307E+04      0.2403132173901954E+07     -0.3725800404205600E+10      0.5776927645325343E+13     -0.8957971954511671E+16
  0.33400000E+03     -0.1559062857316227E+04      0.2430871061480014E+07     -0.3790486052611155E+10      0.5911021941094472E+13     -0.9218599282130422E+16
  0.33500000E+03     -0.1568021102568571E+04      0.2458882699045752E+07     -0.3856183834490089E+10      0.6047998355020756E+13     -0.9486360427822372E+16
  0.33600000E+03     -0.1577031487501852E+04      0.2487219446823735E+07     -0.3923026330121435E+10      0.6188162688836919E+13     -0.9761928177155526E+16
  0.33700000E+03     -0.1586108152867488E+04      0.2515928951414248E+07     -0.3991137824136279E+10      0.6331809722478009E+13     -0.1004596736563236E+17
  0.33800000E+03     -0.1595212195124459E+04      0.2544890600679317E+07     -0.4060242443980426E+10      0.6478388755815340E+13     -0.1033746927191820E+17
  0.33900000E+03     -0.1604352778698577E+04      0.2574135613093154E+07     -0.4130424146385844E+10      0.6628107576383762E+13     -0.1063692532613350E+17
  0.34000000E+03     -0.1613542925843343E+04      0.2603707596143911E+07     -0.4201796849438573E+10      0.6781238802171830E+13     -0.1094495962813734E+17
  0.34100000E+03     -0.1622770804887795E+04      0.2633570979101997E+07     -0.4274285394131354E+10      0.6937654101210991E+13     -0.1126140032934159E+17
  0.34200000E+03     -0.1632036845811047E+04      0.2663729617052983E+07     -0.4347909836002728E+10      0.7097430008431171E+13     -0.1158649012777338E+17
  0.34300000E+03     -0.1641334768196740E+04      0.2694164988759252E+07     -0.4422634453773825E+10      0.7260520031734183E+13     -0.1192021876462407E+17
  0.34400000E+03     -0.1650665643308054E+04      0.2724882115894256E+07     -0.4498480126870859E+10      0.7426998940975314E+13     -0.1226282054600385E+17
  0.34500000E+03     -0.1660058339368742E+04      0.2755978211121390E+07     -0.4575697152273726E+10      0.7597449369892980E+13     -0.1261558493287867E+17
  0.34600000E+03     -0.1669474869258652E+04      0.2787330877320739E+07     -0.4653994918116632E+10      0.7771270176752287E+13     -0.1297737399799407E+17
  0.34700000E+03     -0.1678914756907192E+04      0.2818939365629745E+07     -0.4733378652760253E+10      0.7948499845097124E+13     -0.1334834691301667E+17
  0.34800000E+03     -0.1688408180515085E+04      0.2850907058561868E+07     -0.4814118959766747E+10      0.8129778371185937E+13     -0.1372994217303136E+17
  0.34900000E+03     -0.1697939154687614E+04      0.2883182485168660E+07     -0.4896096916426838E+10      0.8314875116563417E+13     -0.1412177503178995E+17
  0.35000000E+03     -0.1707489000914510E+04      0.2915703888752258E+07     -0.4979164640278839E+10      0.8503488134455224E+13     -0.1452329867491976E+17
  0.35100000E+03     -0.1717089152560471E+04      0.2948580632851982E+07     -0.5063612622816156E+10      0.8696314191946183E+13     -0.1493610078754391E+17
  0.35200000E+03     -0.1726703624751031E+04      0.2981691429105359E+07     -0.5149139647973626E+10      0.8892701251496260E+13     -0.1535888806341124E+17
  0.35300000E+03     -0.1736377756101836E+04      0.3015194185774629E+07     -0.5236163535676257E+10      0.9093643838635781E+13     -0.1579390368103361E+17
  0.35400000E+03     -0.1746038559346433E+04      0.3048837884666054E+07     -0.5324042172291596E+10      0.9297694568140646E+13     -0.1623811747609218E+17
  0.35500000E+03     -0.1755766757121434E+04      0.3082904858580124E+07     -0.5413521687511722E+10      0.9506618783621467E+13     -0.1669547182221899E+17
  0.35600000E+03     -0.1765486021125644E+04      0.3117129400555542E+07     -0.5503913811877442E+10      0.9718844700008770E+13     -0.1716263101102443E+17
  0.35700000E+03     -0.1775286778218970E+04      0.3151832374644466E+07     -0.5596078019764859E+10      0.9936431535677957E+13     -0.1764424760221897E+17
  0.35800000E+03     -0.1785100184832314E+04      0.3186772801974756E+07     -0.5689387333907151E+10      0.1015794306891836E+14     -0.1813726929539173E+17
  0.35900000E+03     -0.1794935402273976E+04      0.3221983991361658E+07     -0.5783938207680620E+10      0.1038363951184284E+14     -0.1864237465592039E+17
  0.36000000E+03     -0.1804801470086036E+04      0.3257500063802131E+07     -0.5879832716128656E+10      0.1061380314404863E+14     -0.1916031245524709E+17
  0.36100000E+03     -0.1814695726039682E+04      0.3293312599878944E+07     -0.5977057009172986E+10      0.1084843581595774E+14     -0.1969119681712026E+17
  0.36200000E+03     -0.1824587488792478E+04      0.3329312436195755E+07     -0.6075325631896399E+10      0.1108688888400439E+14     -0.2023368269943715E+17
  0.36300000E+03     -0.1834534892095505E+04      0.3365712439554337E+07     -0.6175229093370905E+10      0.1133063250347412E+14     -0.2079123211004585E+17
  0.36400000E+03     -0.1844569829175276E+04      0.3402633885225602E+07     -0.6277118758206476E+10      0.1158058366290471E+14     -0.2136611256313440E+17
  0.36500000E+03     -0.1854592918480445E+04      0.3439711697141414E+07     -0.6379994697575615E+10      0.1183432249888068E+14     -0.2195286818991670E+17
  0.36600000E+03     -0.1864653441214925E+04      0.3477130222919906E+07     -0.6484380124448995E+10      0.1209318332676520E+14     -0.2255472037857073E+17
  0.36700000E+03     -0.1874682481810293E+04      0.3514633604999823E+07     -0.6589568682673062E+10      0.1235544799485502E+14     -0.2316778755775207E+17
  0.36800000E+03     -0.1884794216870095E+04      0.3552649566630498E+07     -0.6696768263920785E+10      0.1262416379431175E+14     -0.2379931190706327E+17
  0.36900000E+03     -0.1894890217209535E+04      0.3590811400214275E+07     -0.6804960433535730E+10      0.1289683252691921E+14     -0.2444358729335816E+17
  0.37000000E+03     -0.1905051678494599E+04      0.3629424399082266E+07     -0.6915012347897185E+10      0.1317565936112281E+14     -0.2510590781099465E+17
  0.37100000E+03     -0.1915186931132829E+04      0.3668145321061686E+07     -0.7025966406129115E+10      0.1345828612022162E+14     -0.2578087044264820E+17
  0.37200000E+03     -0.1925396006200577E+04      0.3707355108640931E+07     -0.7138917116896039E+10      0.1374752457092489E+14     -0.2647528600150498E+17
  0.37300000E+03     -0.1935578474173967E+04      0.3746670909030447E+07     -0.7252776172190987E+10      0.1404064130331777E+14     -0.2718275921885028E+17
  0.37400000E+03     -0.1945744936519047E+04      0.3786131848341108E+07     -0.7367657932786053E+10      0.1433794960941591E+14     -0.2790413088099410E+17
  0.37500000E+03     -0.1956056984000688E+04      0.3826368969161308E+07     -0.7485417181076538E+10      0.1464431202134415E+14     -0.2865139140595430E+17
  0.37600000E+03     -0.1966352383648682E+04      0.3866753107856762E+07     -0.7604230321993966E+10      0.1495504715521422E+14     -0.2941331645886367E+17
  0.37700000E+03     -0.1976629510510479E+04      0.3907277546772266E+07     -0.7724083160082519E+10      0.1527014965443816E+14     -0.3019001298975790E+17
  0.37800000E+03     -0.1986952145795856E+04      0.3948193187808132E+07     -0.7845722476387685E+10      0.1559161237097495E+14     -0.3098650799994658E+17
  0.37900000E+03     -0.1997242488219492E+04      0.3989192963632674E+07     -0.7968245839214540E+10      0.1591709536257098E+14     -0.3179715808760546E+17
  0.38000000E+03     -0.2007643671040540E+04      0.4030851085293394E+07     -0.8093387612301596E+10      0.1625127253876340E+14     -0.3263381404146750E+17
  0.38100000E+03     -0.2018009621700080E+04      0.4072583082500884E+07     -0.8219400487741466E+10      0.1658951847558150E+14     -0.3348504213658452E+17
  0.38200000E+03     -0.2028412671590529E+04      0.4114678797906363E+07     -0.8347162212469136E+10      0.1693421387788315E+14     -0.3435694047254912E+17
  0.38300000E+03     -0.2038828800687826E+04      0.4157045702850110E+07     -0.8476412801628011E+10      0.1728473155787287E+14     -0.3524815592906429E+17
  0.38400000E+03     -0.2049275542533462E+04      0.4199754738215506E+07     -0.8607374440334545E+10      0.1764170842357995E+14     -0.3616044286533405E+17
  0.38500000E+03     -0.2059786330650416E+04      0.4242946031538736E+07     -0.8740494189589626E+10      0.1800642904803686E+14     -0.3709730024939027E+17
  0.38600000E+03     -0.2070239138025517E+04      0.4286117974575344E+07     -0.8874232419468164E+10      0.1837471153540918E+14     -0.3804812803720246E+17
  0.38700000E+03     -0.2080773344968152E+04      0.4329848210861497E+07     -0.9010391635264565E+10      0.1875157470144718E+14     -0.3902607557002470E+17
  0.38800000E+03     -0.2091237991921305E+04      0.4373507202412204E+07     -0.9147009681857359E+10      0.1913160120870307E+14     -0.4001716977374035E+17
  0.38900000E+03     -0.2101817473275160E+04      0.4417870110882593E+07     -0.9286537479897181E+10      0.1952169834338907E+14     -0.4103970870182418E+17
  0.39000000E+03     -0.2112311064362128E+04      0.4462093101092889E+07     -0.9426321372442137E+10      0.1991446752901854E+14     -0.4207440458174688E+17
  0.39100000E+03     -0.2122941543561229E+04      0.4507117709867994E+07     -0.9569353007249372E+10      0.2031837836244754E+14     -0.4314378918215159E+17
  0.39200000E+03     -0.2133529530781817E+04      0.4552187054243859E+07     -0.9713244121232048E+10      0.2072675210213044E+14     -0.4423040623812593E+17
  0.39300000E+03     -0.2144119119395644E+04      0.4597486261574700E+07     -0.9858584752084732E+10      0.2114128079698537E+14     -0.4533885866004460E+17
  0.39400000E+03     -0.2154730737936492E+04      0.4643106315745129E+07     -0.1000568545258553E+11      0.2156292356844324E+14     -0.4647196151386986E+17
  0.39500000E+03     -0.2165421237349100E+04      0.4689293340541589E+07     -0.1015535265214475E+11      0.2199404948036614E+14     -0.4763629194628063E+17
  0.39600000E+03     -0.2176041744224444E+04      0.4735404431713726E+07     -0.1030551129341658E+11      0.2242872605006580E+14     -0.4881600635409083E+17
  0.39700000E+03     -0.2186629241848290E+04      0.4781596111857899E+07     -0.1045666504958068E+11      0.2286841451941802E+14     -0.5001513544502894E+17
  0.39800000E+03     -0.2197383638217784E+04      0.4828746028215559E+07     -0.1061171103691384E+11      0.2332163658808380E+14     -0.5125723458610048E+17
  0.39900000E+03     -0.2207904386582165E+04      0.4875095336180124E+07     -0.1076486364970264E+11      0.2377149546875145E+14     -0.5249609592322444E+17
  0.40000000E+03     -0.2218745399181202E+04      0.4923086464110563E+07     -0.1092420801131380E+11      0.2424180445213275E+14     -0.5379753684413484E+17
  0.40100000E+03     -0.2229439750015988E+04      0.4970658472396334E+07     -0.1108292860050705E+11      0.2471254972333278E+14     -0.5510651790598472E+17
  0.40200000E+03     -0.2240075586801528E+04      0.5018198174884879E+07     -0.1124230564583804E+11      0.2518751930467591E+14     -0.5643360772821649E+17
  0.40300000E+03     -0.2250805378301278E+04      0.5066385604438441E+07     -0.1140462142551129E+11      0.2567354409861222E+14     -0.5779803562342342E+17
  0.40400000E+03     -0.2261520613924170E+04      0.5114738756753953E+07     -0.1156827754724040E+11      0.2616593533024234E+14     -0.5918697324155624E+17
  0.40500000E+03     -0.2272392740818318E+04      0.5164036540730478E+07     -0.1173593577262151E+11      0.2667280127538645E+14     -0.6062363960845972E+17
  0.40600000E+03     -0.2283097859350391E+04      0.5212803581193543E+07     -0.1190256290584751E+11      0.2717890046728879E+14     -0.6206482531437552E+17
  0.40700000E+03     -0.2293929336921235E+04      0.5262382045180204E+07     -0.1207277198993345E+11      0.2769834945316305E+14     -0.6355109408568690E+17
  0.40800000E+03     -0.2304627998946623E+04      0.5311583236849052E+07     -0.1224248150206471E+11      0.2821871358786756E+14     -0.6504699530637228E+17
  0.40900000E+03     -0.2315469947954446E+04      0.5361675340705813E+07     -0.1241606783135087E+11      0.2875344081571837E+14     -0.6659133697992660E+17
  0.41000000E+03     -0.2326315747853316E+04      0.5412021134135180E+07     -0.1259135456796673E+11      0.2929594786208414E+14     -0.6816552265088426E+17
  0.41100000E+03     -0.2337143960148483E+04      0.5462521936229497E+07     -0.1276800878026850E+11      0.2984526117557905E+14     -0.6976696179965034E+17
  0.41200000E+03     -0.2347912686107715E+04      0.5512975384874266E+07     -0.1294530585303543E+11      0.3039909904520156E+14     -0.7138898808399884E+17
  0.41300000E+03     -0.2358756602070153E+04      0.5564015832485268E+07     -0.1312549429098440E+11      0.3096456918730964E+14     -0.7305273218912752E+17
  0.41400000E+03     -0.2369552103633275E+04      0.5615063184395161E+07     -0.1330653983738296E+11      0.3153535465212154E+14     -0.7473987628637621E+17
  0.41500000E+03     -0.2380468140232642E+04      0.5666918093820606E+07     -0.1349129598963488E+11      0.3212051955210130E+14     -0.7647748401331896E+17
  0.41600000E+03     -0.2391270722575473E+04      0.5718466904127445E+07     -0.1367579493889787E+11      0.3270752149028461E+14     -0.7822845658827437E+17
  0.41700000E+03     -0.2402069118353618E+04      0.5770231059302343E+07     -0.1386191066975901E+11      0.3330237125465791E+14     -0.8001094021167134E+17
  0.41800000E+03     -0.2412990613785879E+04      0.5822819292637738E+07     -0.1405183440178556E+11      0.3391210505189099E+14     -0.8184619117631096E+17
  0.41900000E+03     -0.2423854736510262E+04      0.5875368857743561E+07     -0.1424248032909456E+11      0.3452693650800324E+14     -0.8370518758049312E+17
  0.42000000E+03     -0.2434659493750734E+04      0.5927868682504074E+07     -0.1443381103478237E+11      0.3514677946499928E+14     -0.8558785076327091E+17
  0.42100000E+03     -0.2445480310235531E+04      0.5980677162185804E+07     -0.1462711080737784E+11      0.3577574849924527E+14     -0.8750661321480891E+17
  0.42200000E+03     -0.2456390149811306E+04      0.6034160191007283E+07     -0.1482376254034881E+11      0.3641851008593042E+14     -0.8947629552835651E+17
  0.42300000E+03     -0.2467226879732591E+04      0.6087516454379536E+07     -0.1502080354159678E+11      0.3706535183495362E+14     -0.9146712243764730E+17
  0.42400000E+03     -0.2478114892539295E+04      0.6141364781109100E+07     -0.1522055024741967E+11      0.3772400542144925E+14     -0.9350335933047931E+17
  0.42500000E+03     -0.2488945053137331E+04      0.6195161703842021E+07     -0.1542098080730769E+11      0.3838781056276404E+14     -0.9556451708942232E+17
  0.42600000E+03     -0.2499865757301682E+04      0.6249646696248023E+07     -0.1562486668796821E+11      0.3906602590597295E+14     -0.9767967139078662E+17
  0.42700000E+03     -0.2510698689174842E+04      0.6303927730170630E+07     -0.1582886861494890E+11      0.3974756486406966E+14     -0.9981439249490882E+17
  0.42800000E+03     -0.2521569060581268E+04      0.6358632862632390E+07     -0.1603535704659311E+11      0.4044040579453512E+14     -0.1019939347284759E+18
  0.42900000E+03     -0.2532468533220772E+04      0.6413720606217568E+07     -0.1624418482018422E+11      0.4114411220469388E+14     -0.1042171858153425E+18
  0.43000000E+03     -0.2543214877917278E+04      0.6468267910517336E+07     -0.1645185291503459E+11      0.4184691976286463E+14     -0.1064471454948940E+18
  0.43100000E+03     -0.2554157307149061E+04      0.6524048820647855E+07     -0.1666512856054826E+11      0.4257180115838645E+14     -0.1087570096827115E+18
  0.43200000E+03     -0.2565003484970083E+04      0.6579575790812477E+07     -0.1687834220908414E+11      0.4329957425125930E+14     -0.1110860163908151E+18
  0.43300000E+03     -0.2575805225404813E+04      0.6635106697081446E+07     -0.1709246333675702E+11      0.4403350353758973E+14     -0.1134445530594085E+18
  0.43400000E+03     -0.2586759839861847E+04      0.6691663384901476E+07     -0.1731146865616909E+11      0.4478737166713654E+14     -0.1158774847221409E+18
  0.43500000E+03     -0.2597583342111726E+04      0.6747779398159475E+07     -0.1752968616215530E+11      0.4554170334515923E+14     -0.1183222032674940E+18
  0.43600000E+03     -0.2608368182415919E+04      0.6803925748114231E+07     -0.1774892271623744E+11      0.4630268508174913E+14     -0.1207986506844643E+18
  0.43700000E+03     -0.2619189266134076E+04      0.6860494932334471E+07     -0.1797072840499936E+11      0.4707578432826946E+14     -0.1233249884131969E+18
  0.43800000E+03     -0.2630047119820624E+04      0.6917495714532166E+07     -0.1819516898400031E+11      0.4786136696965739E+14     -0.1259029479271972E+18
  0.43900000E+03     -0.2640821234269267E+04      0.6974287198068535E+07     -0.1841969592805954E+11      0.4865045151654412E+14     -0.1285029411516522E+18
  0.44000000E+03     -0.2651729652163681E+04      0.7032024412690727E+07     -0.1864890598976774E+11      0.4945932670522339E+14     -0.1311791692139462E+18
  0.44100000E+03     -0.2662446162339767E+04      0.7088975913074947E+07     -0.1887591376227747E+11      0.5026367890260705E+14     -0.1338512250627376E+18
  0.44200000E+03     -0.2673362629403888E+04      0.7147227673321774E+07     -0.1910905531610333E+11      0.5109314799543212E+14     -0.1366180036297900E+18
  0.44300000E+03     -0.2684101861938038E+04      0.7204764335424487E+07     -0.1934026166590736E+11      0.5191904278981953E+14     -0.1393839475046702E+18
  0.44400000E+03     -0.2694909575903910E+04      0.7262905596379377E+07     -0.1957485662719975E+11      0.5276048199613851E+14     -0.1422135173833232E+18
  0.44500000E+03     -0.2705739757945006E+04      0.7321394507307142E+07     -0.1981177299583521E+11      0.5361355569615651E+14     -0.1450933800343480E+18
  0.44600000E+03     -0.2716490249886996E+04      0.7379689812318227E+07     -0.2004886800333929E+11      0.5447075345519905E+14     -0.1479989625638183E+18
  0.44700000E+03     -0.2727289042591080E+04      0.7438477646155561E+07     -0.2028890779051317E+11      0.5534201536748152E+14     -0.1509638467247874E+18
  0.44800000E+03     -0.2737955050757971E+04      0.7496774135521256E+07     -0.2052789056715839E+11      0.5621290017335655E+14     -0.1539392683808237E+18
  0.44900000E+03     -0.2748680909283226E+04      0.7555625317774538E+07     -0.2077008371303528E+11      0.5709890937770975E+14     -0.1569781104616460E+18
  0.45000000E+03     -0.2759338761420402E+04      0.7614335415835127E+07     -0.2101265505059905E+11      0.5798982366116569E+14     -0.1600459024315559E+18
  0.45100000E+03     -0.2770003955304457E+04      0.7673306933825837E+07     -0.2125722302713402E+11      0.5889145044421041E+14     -0.1631622632273596E+18
  0.45200000E+03     -0.2780747902784979E+04      0.7732948608784616E+07     -0.2150554737994370E+11      0.5981054145460398E+14     -0.1663515328310789E+18
  0.45300000E+03     -0.2791398128133890E+04      0.7792299327322868E+07     -0.2175361899822821E+11      0.6073225992713648E+14     -0.1695623339043706E+18
  0.45400000E+03     -0.2802056152031735E+04      0.7851914685209107E+07     -0.2200372458198429E+11      0.6166499560023425E+14     -0.1728236097839735E+18
  0.45500000E+03     -0.2812808190376983E+04      0.7912288194174695E+07     -0.2225798900685371E+11      0.6261690267109447E+14     -0.1761647681470374E+18
  0.45600000E+03     -0.2823410037029797E+04      0.7972044581487153E+07     -0.2251061082563377E+11      0.6356625471720531E+14     -0.1795096240889570E+18
  0.45700000E+03     -0.2834249110084053E+04      0.8033375889051423E+07     -0.2277089991097336E+11      0.6454822771044452E+14     -0.1829828798741314E+18
  0.45800000E+03     -0.2844642491914593E+04      0.8092397962685579E+07     -0.2302229442247477E+11      0.6550007453720680E+14     -0.1863617544498971E+18
  0.45900000E+03     -0.2855344853489578E+04      0.8153403567212270E+07     -0.2328311593483814E+11      0.6649133284698218E+14     -0.1898937798402047E+18
  0.46000000E+03     -0.2865855659315285E+04      0.8213541476007868E+07     -0.2354118986081803E+11      0.6747581904616387E+14     -0.1934148008627807E+18
  0.46100000E+03     -0.2876381157982986E+04      0.8273985228173579E+07     -0.2380153146662969E+11      0.6847261294710780E+14     -0.1969929676575296E+18
  0.46200000E+03     -0.2886933736803781E+04      0.8334806532129713E+07     -0.2406445936260960E+11      0.6948299963980963E+14     -0.2006332273052265E+18
  0.46300000E+03     -0.2897283994566380E+04      0.8394678623275740E+07     -0.2432422476172155E+11      0.7048486184583720E+14     -0.2042558932437586E+18
  0.46400000E+03     -0.2907900262653986E+04      0.8456308151201496E+07     -0.2459256725023460E+11      0.7152348950163305E+14     -0.2080248742109793E+18
  0.46500000E+03     -0.2918390454813095E+04      0.8517431035712063E+07     -0.2485968814173984E+11      0.7256121308691573E+14     -0.2118045027797388E+18
  0.46600000E+03     -0.2928770654830096E+04      0.8578131896466849E+07     -0.2512592455738188E+11      0.7359924271316844E+14     -0.2155989237321585E+18
  0.46700000E+03     -0.2939029171230005E+04      0.8638330907720439E+07     -0.2539088304869979E+11      0.7463590239449558E+14     -0.2194015902305312E+18
  0.46800000E+03     -0.2949294035307581E+04      0.8698772187020002E+07     -0.2565781330514663E+11      0.7568383142133547E+14     -0.2232586789843461E+18
  0.46900000E+03     -0.2959737336079323E+04      0.8760483194683749E+07     -0.2593132188320315E+11      0.7676140994762761E+14     -0.2272390206578902E+18
  0.47000000E+03     -0.2970278152331751E+04      0.8822996971684694E+07     -0.2620939615106195E+11      0.7786096159259088E+14     -0.2313153007182108E+18
  0.47100000E+03     -0.2980718617448390E+04      0.8885129693454992E+07     -0.2648673095576373E+11      0.7896138048605020E+14     -0.2354088983412508E+18
  0.47200000E+03     -0.2990889971773665E+04      0.8945873351938102E+07     -0.2675881723942247E+11      0.8004476368402611E+14     -0.2394532701326690E+18
  0.47300000E+03     -0.3000924709411330E+04      0.9005999267212424E+07     -0.2702902681451203E+11      0.8112423057172861E+14     -0.2434963401050902E+18
  0.47400000E+03     -0.3011075294691696E+04      0.9067031841988018E+07     -0.2730426957083279E+11      0.8222764816312736E+14     -0.2476435640964004E+18
  0.47500000E+03     -0.3021258191394749E+04      0.9128459433192376E+07     -0.2758220187906085E+11      0.8334549984654923E+14     -0.2518588081390246E+18
  0.47600000E+03     -0.3031623574000948E+04      0.9191202640766673E+07     -0.2786706196468447E+11      0.8449515128677247E+14     -0.2562088582852253E+18
  0.47700000E+03     -0.3041684280581655E+04      0.9252311952636043E+07     -0.2814546245373954E+11      0.8562261477371680E+14     -0.2604896949356949E+18
  0.47800000E+03     -0.3051717101014902E+04      0.9313448629696412E+07     -0.2842488679130183E+11      0.8675787766271373E+14     -0.2648140590059049E+18
  0.47900000E+03     -0.3061760550479771E+04      0.9374851946011500E+07     -0.2870645543817424E+11      0.8790562553854559E+14     -0.2692003983169157E+18
  0.48000000E+03     -0.3071661453844218E+04      0.9435578915435055E+07     -0.2898582044717975E+11      0.8904806244897514E+14     -0.2735805186940023E+18
  0.48100000E+03     -0.3081525518915345E+04      0.9496279912771799E+07     -0.2926598892231402E+11      0.9019757164166306E+14     -0.2780023193461004E+18
  0.48200000E+03     -0.3091677216253591E+04      0.9558948936327206E+07     -0.2955615768145401E+11      0.9139188430086288E+14     -0.2826110238452402E+18
  0.48300000E+03     -0.3101723397104563E+04      0.9621175139247419E+07     -0.2984524508996026E+11      0.9258574819545450E+14     -0.2872334929117970E+18
  0.48400000E+03     -0.3111503185469880E+04      0.9681940679187601E+07     -0.3012842925549763E+11      0.9375888989810856E+14     -0.2917899330749932E+18
  0.48500000E+03     -0.3121380693862567E+04      0.9743511327250974E+07     -0.3041629068196672E+11      0.9495525256768620E+14     -0.2964515399993873E+18
  0.48600000E+03     -0.3131246786045720E+04      0.9805205723596975E+07     -0.3070564499749977E+11      0.9616163249833000E+14     -0.3011670853218660E+18
  0.48700000E+03     -0.3141144805079994E+04      0.9867292558989931E+07     -0.3099774694922805E+11      0.9738326137022133E+14     -0.3059571105070878E+18
  0.48800000E+03     -0.3150814450276138E+04      0.9928134930898886E+07     -0.3128488143955143E+11      0.9858783796199625E+14     -0.3106949145370938E+18
  0.48900000E+03     -0.3160316962891955E+04      0.9988110466838716E+07     -0.3156879978263896E+11      0.9978260325616678E+14     -0.3154086517055030E+18
  0.49000000E+03     -0.3170011455512642E+04      0.1004948494362147E+08     -0.3186022976593007E+11      0.1010127320095981E+15     -0.3202767641702739E+18
  0.49100000E+03     -0.3179427186091483E+04      0.1010926744070434E+08     -0.3214492342579704E+11      0.1022179107401533E+15     -0.3250599673341906E+18
  0.49200000E+03     -0.3189096255011084E+04      0.1017085136080328E+08     -0.3243911711502144E+11      0.1034672170225921E+15     -0.3300338762883231E+18
  0.49300000E+03     -0.3198054796445284E+04      0.1022807311203360E+08     -0.3271325473645642E+11      0.1046346877287365E+15     -0.3346952828671495E+18
  0.49400000E+03     -0.3207942153484431E+04      0.1029141930025907E+08     -0.3301765477569860E+11      0.1059349742772023E+15     -0.3399027599784230E+18
  0.49500000E+03     -0.3217471174001186E+04      0.1035265306418976E+08     -0.3331278763635408E+11      0.1071994610935858E+15     -0.3449820728357508E+18
  0.49600000E+03     -0.3227036997643889E+04      0.1041431165259354E+08     -0.3361088014196817E+11      0.1084805554607342E+15     -0.3501439500902218E+18
  0.49700000E+03     -0.3239530096831968E+04      0.1049575752972774E+08     -0.3400924337979688E+11      0.1102131256099310E+15     -0.3572108944271068E+18
  0.49800000E+03     -0.3328551981805011E+04      0.1109042230421634E+08     -0.3698984010672710E+11      0.1234985653232414E+15     -0.4127519305134332E+18
  0.49900000E+03     -0.3310810860626672E+04      0.1097128963954070E+08     -0.3638988938045173E+11      0.1208130870319579E+15     -0.4014832551200755E+18
  0.50000000E+03     -0.3351913481456744E+04      0.1124818993757759E+08     -0.3778983433747985E+11      0.1271084098371219E+15     -0.4280395699704159E+18
  0.50100000E+03     -0.3502785954435320E+04      0.1227119863572944E+08     -0.4299494331170387E+11      0.1506614615483961E+15     -0.5280060852212353E+18
  0.50200000E+03     -0.3369688969898761E+04      0.1136767743056348E+08     -0.3839296715902311E+11      0.1298178886600712E+15     -0.4394649310832254E+18
  0.50300000E+03     -0.3414973579067234E+04      0.1167571833750012E+08     -0.3996543187452293E+11      0.1369571606299880E+15     -0.4698703239448354E+18
  0.50400000E+03     -0.3438315107837959E+04      0.1183571287783144E+08     -0.4078857721686185E+11      0.1407244306509014E+15     -0.4860465221093107E+18
  0.50500000E+03     -0.3314085222338611E+04      0.1098481418230757E+08     -0.3641581303689411E+11      0.1207420727310073E+15     -0.4004071516975434E+18
  0.50600000E+03     -0.3379843035386841E+04      0.1143469718917735E+08     -0.3872548349600801E+11      0.1312880023635231E+15     -0.4455748332226954E+18
  0.50700000E+03     -0.3545813075783579E+04      0.1257817484733586E+08     -0.4463707659507957E+11      0.1584677878704497E+15     -0.5627877330660031E+18
  0.50800000E+03     -0.3568862747185373E+04      0.1274047437419084E+08     -0.4549465811622775E+11      0.1624979166585110E+15     -0.5805527285818044E+18
  0.50900000E+03     -0.3470894220470204E+04      0.1206096846623757E+08     -0.4195828064080098E+11      0.1461309383039492E+15     -0.5095056530167036E+18
  0.51000000E+03     -0.3374918596834319E+04      0.1139466057430691E+08     -0.3848769507154427E+11      0.1300567004287233E+15     -0.4396853961627764E+18
