  0.00000000E+00     -0.4203849312996676E+01
  0.10000000E+01     -0.4214656148448262E+01
  0.20000000E+01     -0.4880774372708216E+01
  0.30000000E+01     -0.5914363376218953E+01
  0.40000000E+01     -0.7197630585108331E+01
  0.50000000E+01     -0.8665796677394063E+01
  0.60000000E+01     -0.1027783246823692E+02
  0.70000000E+01     -0.1200551240013840E+02
  0.80000000E+01     -0.1382801495604608E+02
  0.90000000E+01     -0.1572943415165846E+02
  0.10000000E+02     -0.1769708959069823E+02
  0.11000000E+02     -0.1972080824925130E+02
  0.12000000E+02     -0.2179205058429527E+02
  0.13000000E+02     -0.2390345508383559E+02
  0.14000000E+02     -0.2604881993604041E+02
  0.15000000E+02     -0.2822280940189899E+02
  0.16000000E+02     -0.3042040015463768E+02
  0.17000000E+02     -0.3263714452831828E+02
  0.18000000E+02     -0.3486921444510160E+02
  0.19000000E+02     -0.3711287882113518E+02
  0.20000000E+02     -0.3936452444194040E+02
  0.21000000E+02     -0.4162093026848341E+02
  0.22000000E+02     -0.4387898114162171E+02
  0.23000000E+02     -0.4613558475072534E+02
  0.24000000E+02     -0.4838769158239872E+02
  0.25000000E+02     -0.5063263744694306E+02
  0.26000000E+02     -0.5286695508383685E+02
  0.27000000E+02     -0.5508793736178583E+02
  0.28000000E+02     -0.5729290104140776E+02
  0.29000000E+02     -0.5947872319239022E+02
  0.30000000E+02     -0.6164271702714185E+02
  0.31000000E+02     -0.6378269619586137E+02
  0.32000000E+02     -0.6589660224223967E+02
  0.33000000E+02     -0.6798235414417661E+02
  0.34000000E+02     -0.7003877100545780E+02
  0.35000000E+02     -0.7206521836985101E+02
  0.36000000E+02     -0.7406168698248412E+02
  0.37000000E+02     -0.7602833676728123E+02
  0.38000000E+02     -0.7796545610486194E+02
  0.39000000E+02     -0.7987453442740761E+02
  0.40000000E+02     -0.8175685490304282E+02
  0.41000000E+02     -0.8361327728996986E+02
  0.42000000E+02     -0.8544559996480210E+02
  0.43000000E+02     -0.8725496790611318E+02
  0.44000000E+02     -0.8904169308857452E+02
  0.45000000E+02     -0.9080764804502461E+02
  0.46000000E+02     -0.9255315684070014E+02
  0.47000000E+02     -0.9427908374714313E+02
  0.48000000E+02     -0.9598697031252416E+02
  0.49000000E+02     -0.9767701576652875E+02
  0.50000000E+02     -0.9934969563699015E+02
  0.51000000E+02     -0.1010057220818403E+03
  0.52000000E+02     -0.1026452270313386E+03
  0.53000000E+02     -0.1042691127889863E+03
  0.54000000E+02     -0.1058771743213977E+03
  0.55000000E+02     -0.1074698842399515E+03
  0.56000000E+02     -0.1090475529418001E+03
  0.57000000E+02     -0.1106101029406391E+03
  0.58000000E+02     -0.1121579064020204E+03
  0.59000000E+02     -0.1136906616934206E+03
  0.60000000E+02     -0.1152086832268421E+03
  0.61000000E+02     -0.1167124031216366E+03
  0.62000000E+02     -0.1182009926944431E+03
  0.63000000E+02     -0.1196745222499043E+03
  0.64000000E+02     -0.1211337233598468E+03
  0.65000000E+02     -0.1225776590388506E+03
  0.66000000E+02     -0.1240061784301986E+03
  0.67000000E+02     -0.1254194015875385E+03
  0.68000000E+02     -0.1268175966436133E+03
  0.69000000E+02     -0.1282002838227674E+03
  0.70000000E+02     -0.1295668369225644E+03
  0.71000000E+02     -0.1309174268945054E+03
  0.72000000E+02     -0.1322522923613076E+03
  0.73000000E+02     -0.1335712617293928E+03
  0.74000000E+02     -0.1348745149084599E+03
  0.75000000E+02     -0.1361618497703323E+03
  0.76000000E+02     -0.1374331399915850E+03
  0.77000000E+02     -0.1386891052700818E+03
  0.78000000E+02     -0.1399297048698987E+03
  0.79000000E+02     -0.1411553917785937E+03
  0.80000000E+02     -0.1423662076284912E+03
  0.81000000E+02     -0.1435621603980078E+03
  0.82000000E+02     -0.1447440205969070E+03
  0.83000000E+02     -0.1459121871525377E+03
  0.84000000E+02     -0.1470671792946531E+03
  0.85000000E+02     -0.1482093536256127E+03
  0.86000000E+02     -0.1493390407807105E+03
  0.87000000E+02     -0.1504565128163903E+03
  0.88000000E+02     -0.1515620968115648E+03
  0.89000000E+02     -0.1526564267908530E+03
  0.90000000E+02     -0.1537395390000657E+03
  0.91000000E+02     -0.1548118960236808E+03
  0.92000000E+02     -0.1558739897298366E+03
  0.93000000E+02     -0.1569253369630493E+03
  0.94000000E+02     -0.1579664865573553E+03
  0.95000000E+02     -0.1589982719475639E+03
  0.96000000E+02     -0.1600203577724689E+03
  0.97000000E+02     -0.1610328053674698E+03
  0.98000000E+02     -0.1620360247061751E+03
  0.99000000E+02     -0.1630301356839709E+03
  0.10000000E+03     -0.1640148639128956E+03
  0.10100000E+03     -0.1649908045510971E+03
  0.10200000E+03     -0.1659578349886361E+03
  0.10300000E+03     -0.1669161793574737E+03
  0.10400000E+03     -0.1678658321895832E+03
  0.10500000E+03     -0.1688068815675285E+03
  0.10600000E+03     -0.1697394899451372E+03
  0.10700000E+03     -0.1706634811640370E+03
  0.10800000E+03     -0.1715782793973792E+03
  0.10900000E+03     -0.1724846079450092E+03
  0.11000000E+03     -0.1733817442610793E+03
  0.11100000E+03     -0.1742702190919450E+03
  0.11200000E+03     -0.1751492258950793E+03
  0.11300000E+03     -0.1760198069694522E+03
  0.11400000E+03     -0.1768807593052368E+03
  0.11500000E+03     -0.1777319797809560E+03
  0.11600000E+03     -0.1785740938571580E+03
  0.11700000E+03     -0.1794060270479624E+03
  0.11800000E+03     -0.1802275666634661E+03
  0.11900000E+03     -0.1810388706322113E+03
  0.12000000E+03     -0.1818388168820082E+03
  0.12100000E+03     -0.1826277686548609E+03
  0.12200000E+03     -0.1834058648948048E+03
  0.12300000E+03     -0.1841719324091200E+03
  0.12400000E+03     -0.1849256482493346E+03
  0.12500000E+03     -0.1856667838687084E+03
  0.12600000E+03     -0.1863954399145514E+03
  0.12700000E+03     -0.1871102299607122E+03
  0.12800000E+03     -0.1878105170085104E+03
  0.12900000E+03     -0.1884967111332992E+03
  0.13000000E+03     -0.1891686471078582E+03
  0.13100000E+03     -0.1898250981769873E+03
  0.13200000E+03     -0.1904665171120631E+03
  0.13300000E+03     -0.1910919283584473E+03
  0.13400000E+03     -0.1917012271911311E+03
  0.13500000E+03     -0.1922932097669443E+03
  0.13600000E+03     -0.1928681364249738E+03
  0.13700000E+03     -0.1934254696327231E+03
  0.13800000E+03     -0.1939644835339758E+03
  0.13900000E+03     -0.1944849812269833E+03
  0.14000000E+03     -0.1949867901971629E+03
  0.14100000E+03     -0.1954693976873823E+03
  0.14200000E+03     -0.1959327150414790E+03
  0.14300000E+03     -0.1963760293519517E+03
  0.14400000E+03     -0.1968002262715613E+03
  0.14500000E+03     -0.1972056603371489E+03
  0.14600000E+03     -0.1975920491431099E+03
  0.14700000E+03     -0.1979595895175726E+03
  0.14800000E+03     -0.1983104278703715E+03
  0.14900000E+03     -0.1986441020432110E+03
  0.15000000E+03     -0.1989618951397721E+03
  0.15100000E+03     -0.1992647923849610E+03
  0.15200000E+03     -0.1995540868087822E+03
  0.15300000E+03     -0.1998298803579035E+03
  0.15400000E+03     -0.2000933634832960E+03
  0.15500000E+03     -0.2003451377240748E+03
  0.15600000E+03     -0.2005868761847252E+03
  0.15700000E+03     -0.2008182513048426E+03
  0.15800000E+03     -0.2010402493509355E+03
  0.15900000E+03     -0.2012539804809746E+03
  0.16000000E+03     -0.2014593019660168E+03
  0.16100000E+03     -0.2016574017390379E+03
  0.16200000E+03     -0.2018483520262590E+03
  0.16300000E+03     -0.2020324363971786E+03
  0.16400000E+03     -0.2022103026960287E+03
  0.16500000E+03     -0.2023820050305532E+03
  0.16600000E+03     -0.2025483639130961E+03
  0.16700000E+03     -0.2027086511174149E+03
  0.16800000E+03     -0.2028641203944739E+03
  0.16900000E+03     -0.2030144307815796E+03
  0.17000000E+03     -0.2031597114065009E+03
  0.17100000E+03     -0.2032999102999752E+03
  0.17200000E+03     -0.2034354558196042E+03
  0.17300000E+03     -0.2035668596612025E+03
  0.17400000E+03     -0.2036938820308819E+03
  0.17500000E+03     -0.2038164691898835E+03
  0.17600000E+03     -0.2039348201523465E+03
  0.17700000E+03     -0.2040494602938516E+03
  0.17800000E+03     -0.2041602675529898E+03
  0.17900000E+03     -0.2042669865508548E+03
  0.18000000E+03     -0.2043701583436211E+03
  0.18100000E+03     -0.2044698475532684E+03
  0.18200000E+03     -0.2045658311487002E+03
  0.18300000E+03     -0.2046582512133635E+03
  0.18400000E+03     -0.2047475504965382E+03
  0.18500000E+03     -0.2048332389313676E+03
  0.18600000E+03     -0.2049153170112260E+03
  0.18700000E+03     -0.2049944512654681E+03
  0.18800000E+03     -0.2050698092692014E+03
  0.18900000E+03     -0.2051423402281925E+03
  0.19000000E+03     -0.2052113629286647E+03
  0.19100000E+03     -0.2052776591615286E+03
  0.19200000E+03     -0.2053405329075327E+03
  0.19300000E+03     -0.2054002905467365E+03
  0.19400000E+03     -0.2054567320526111E+03
  0.19500000E+03     -0.2055106010652227E+03
  0.19600000E+03     -0.2055609654469110E+03
  0.19700000E+03     -0.2056086456873732E+03
  0.19800000E+03     -0.2056531435086182E+03
  0.19900000E+03     -0.2056944271887044E+03
  0.20000000E+03     -0.2057333440700908E+03
  0.20100000E+03     -0.2057692221686593E+03
  0.20200000E+03     -0.2058018498927997E+03
  0.20300000E+03     -0.2058315648393177E+03
  0.20400000E+03     -0.2058588830689933E+03
  0.20500000E+03     -0.2058828444800899E+03
  0.20600000E+03     -0.2059044071673619E+03
  0.20700000E+03     -0.2059226432837158E+03
  0.20800000E+03     -0.2059379056069489E+03
  0.20900000E+03     -0.2059505876389473E+03
  0.21000000E+03     -0.2059599178861834E+03
  0.21100000E+03     -0.2059661283334777E+03
  0.21200000E+03     -0.2059700635983710E+03
  0.21300000E+03     -0.2059707309784933E+03
  0.21400000E+03     -0.2059684693653925E+03
  0.21500000E+03     -0.2059631904518131E+03
  0.21600000E+03     -0.2059548900058526E+03
  0.21700000E+03     -0.2059429930247333E+03
  0.21800000E+03     -0.2059282978754327E+03
  0.21900000E+03     -0.2059106759698837E+03
  0.22000000E+03     -0.2058895486740706E+03
  0.22100000E+03     -0.2058647397248344E+03
  0.22200000E+03     -0.2058356515482376E+03
  0.22300000E+03     -0.2058033112354880E+03
  0.22400000E+03     -0.2057680299353604E+03
  0.22500000E+03     -0.2057289403916183E+03
  0.22600000E+03     -0.2056866969475902E+03
  0.22700000E+03     -0.2056409418020478E+03
  0.22800000E+03     -0.2055896275790604E+03
  0.22900000E+03     -0.2055341177462730E+03
  0.23000000E+03     -0.2054743718904418E+03
  0.23100000E+03     -0.2054096623184418E+03
  0.23200000E+03     -0.2053393378727310E+03
  0.23300000E+03     -0.2052646217230489E+03
  0.23400000E+03     -0.2051837158304619E+03
  0.23500000E+03     -0.2050961936760321E+03
  0.23600000E+03     -0.2050026861555961E+03
  0.23700000E+03     -0.2049022574632553E+03
  0.23800000E+03     -0.2047945658622237E+03
  0.23900000E+03     -0.2046785160225972E+03
  0.24000000E+03     -0.2045527371347688E+03
  0.24100000E+03     -0.2044175471669322E+03
  0.24200000E+03     -0.2042710305967733E+03
  0.24300000E+03     -0.2041131320335336E+03
  0.24400000E+03     -0.2039410620984487E+03
  0.24500000E+03     -0.2037550844777546E+03
  0.24600000E+03     -0.2035531500598222E+03
  0.24700000E+03     -0.2033359781562553E+03
  0.24800000E+03     -0.2030992630657565E+03
  0.24900000E+03     -0.2028448306024706E+03
  0.25000000E+03     -0.2025709556894003E+03
  0.25100000E+03     -0.2022779822156669E+03
  0.25200000E+03     -0.2019623089205396E+03
  0.25300000E+03     -0.2016267779238854E+03
  0.25400000E+03     -0.2012711043438174E+03
  0.25500000E+03     -0.2008935425354654E+03
  0.25600000E+03     -0.2004966341053205E+03
  0.25700000E+03     -0.2000805569700655E+03
  0.25800000E+03     -0.1996451724939256E+03
  0.25900000E+03     -0.1991900966822656E+03
  0.26000000E+03     -0.1987185968154939E+03
  0.26100000E+03     -0.1982297485958226E+03
  0.26200000E+03     -0.1977241339115697E+03
  0.26300000E+03     -0.1972014706333226E+03
  0.26400000E+03     -0.1966641917134122E+03
  0.26500000E+03     -0.1961123664871945E+03
  0.26600000E+03     -0.1955453371513855E+03
  0.26700000E+03     -0.1949653125689454E+03
  0.26800000E+03     -0.1943722197053012E+03
  0.26900000E+03     -0.1937672061562579E+03
  0.27000000E+03     -0.1931484222823919E+03
  0.27100000E+03     -0.1925184150201121E+03
  0.27200000E+03     -0.1918776145126775E+03
  0.27300000E+03     -0.1912249070145154E+03
  0.27400000E+03     -0.1905617412293603E+03
  0.27500000E+03     -0.1898891367057939E+03
  0.27600000E+03     -0.1892063284330530E+03
  0.27700000E+03     -0.1885122160720642E+03
  0.27800000E+03     -0.1878091440130086E+03
  0.27900000E+03     -0.1870967148941684E+03
  0.28000000E+03     -0.1863763312026590E+03
  0.28100000E+03     -0.1856470866531497E+03
  0.28200000E+03     -0.1849075932325560E+03
  0.28300000E+03     -0.1841599754343968E+03
  0.28400000E+03     -0.1834029403377497E+03
  0.28500000E+03     -0.1826373567205538E+03
  0.28600000E+03     -0.1818649939343350E+03
  0.28700000E+03     -0.1810819061051763E+03
  0.28800000E+03     -0.1802917588479324E+03
  0.28900000E+03     -0.1794926789875226E+03
  0.29000000E+03     -0.1786857807413841E+03
  0.29100000E+03     -0.1778693778645123E+03
  0.29200000E+03     -0.1770441405000054E+03
  0.29300000E+03     -0.1762092188492488E+03
  0.29400000E+03     -0.1753649478627027E+03
  0.29500000E+03     -0.1745138482146101E+03
  0.29600000E+03     -0.1736511672510625E+03
  0.29700000E+03     -0.1727797803178111E+03
  0.29800000E+03     -0.1718991878462920E+03
  0.29900000E+03     -0.1710078299780262E+03
  0.30000000E+03     -0.1701065332705208E+03
  0.30100000E+03     -0.1691951656857808E+03
  0.30200000E+03     -0.1682687493504209E+03
  0.30300000E+03     -0.1673319668133319E+03
  0.30400000E+03     -0.1663843372502787E+03
  0.30500000E+03     -0.1654253262433772E+03
  0.30600000E+03     -0.1644535410460626E+03
  0.30700000E+03     -0.1634692109694101E+03
  0.30800000E+03     -0.1624728187080348E+03
  0.30900000E+03     -0.1614613672821523E+03
  0.31000000E+03     -0.1604375051595323E+03
  0.31100000E+03     -0.1593983580942698E+03
  0.31200000E+03     -0.1583440158596737E+03
  0.31300000E+03     -0.1572739073409196E+03
  0.31400000E+03     -0.1561901138809467E+03
  0.31500000E+03     -0.1550920886542634E+03
  0.31600000E+03     -0.1539790230245158E+03
  0.31700000E+03     -0.1528535732580025E+03
  0.31800000E+03     -0.1517085245531367E+03
  0.31900000E+03     -0.1505512203544154E+03
  0.32000000E+03     -0.1493776422299320E+03
  0.32100000E+03     -0.1481892111714892E+03
  0.32200000E+03     -0.1469876913974992E+03
  0.32300000E+03     -0.1457693265383022E+03
  0.32400000E+03     -0.1445364103320132E+03
  0.32500000E+03     -0.1432889288840796E+03
  0.32600000E+03     -0.1420263649620594E+03
  0.32700000E+03     -0.1407485382527107E+03
  0.32800000E+03     -0.1394561274619969E+03
  0.32900000E+03     -0.1381484742463892E+03
  0.33000000E+03     -0.1368243949344995E+03
  0.33100000E+03     -0.1354855069921604E+03
  0.33200000E+03     -0.1341305924319078E+03
  0.33300000E+03     -0.1327556394695156E+03
  0.33400000E+03     -0.1313643276129766E+03
  0.33500000E+03     -0.1299532237926827E+03
  0.33600000E+03     -0.1285223601820466E+03
  0.33700000E+03     -0.1270697443266592E+03
  0.33800000E+03     -0.1255943298645734E+03
  0.33900000E+03     -0.1240941167816183E+03
  0.34000000E+03     -0.1225691629995438E+03
  0.34100000E+03     -0.1210198712198951E+03
  0.34200000E+03     -0.1194462558148440E+03
  0.34300000E+03     -0.1178425671106201E+03
  0.34400000E+03     -0.1162145183123789E+03
  0.34500000E+03     -0.1145619574769253E+03
  0.34600000E+03     -0.1128855879529088E+03
  0.34700000E+03     -0.1111883422895986E+03
  0.34800000E+03     -0.1094689020418220E+03
  0.34900000E+03     -0.1077366916482404E+03
  0.35000000E+03     -0.1059947056319260E+03
  0.35100000E+03     -0.1042369061075632E+03
  0.35200000E+03     -0.1024677679253297E+03
  0.35300000E+03     -0.1006916523037175E+03
  0.35400000E+03     -0.9890759985069272E+02
  0.35500000E+03     -0.9711763608295752E+02
  0.35600000E+03     -0.9532411724403468E+02
  0.35700000E+03     -0.9352148326481371E+02
  0.35800000E+03     -0.9172036980837902E+02
  0.35900000E+03     -0.8992124912474213E+02
  0.36000000E+03     -0.8812121791312735E+02
  0.36100000E+03     -0.8632119814542290E+02
  0.36200000E+03     -0.8452188229319782E+02
  0.36300000E+03     -0.8273035691952529E+02
  0.36400000E+03     -0.8094209602505326E+02
  0.36500000E+03     -0.7915572584085177E+02
  0.36600000E+03     -0.7737294808785298E+02
  0.36700000E+03     -0.7559649299770913E+02
  0.36800000E+03     -0.7382496936169190E+02
  0.36900000E+03     -0.7206307933018491E+02
  0.37000000E+03     -0.7031087559832477E+02
  0.37100000E+03     -0.6856485377058858E+02
  0.37200000E+03     -0.6682837889048419E+02
  0.37300000E+03     -0.6510017783831665E+02
  0.37400000E+03     -0.6338555490323370E+02
  0.37500000E+03     -0.6167732898317975E+02
  0.37600000E+03     -0.5998046150689026E+02
  0.37700000E+03     -0.5829617024605909E+02
  0.37800000E+03     -0.5662744920481216E+02
  0.37900000E+03     -0.5496758712535954E+02
  0.38000000E+03     -0.5331793285283311E+02
  0.38100000E+03     -0.5168646837878767E+02
  0.38200000E+03     -0.5007451382715443E+02
  0.38300000E+03     -0.4847620919921845E+02
  0.38400000E+03     -0.4689568822962951E+02
  0.38500000E+03     -0.4532876561331673E+02
  0.38600000E+03     -0.4377923860917819E+02
  0.38700000E+03     -0.4224885401718291E+02
  0.38800000E+03     -0.4073408765609051E+02
  0.38900000E+03     -0.3924272102138115E+02
  0.39000000E+03     -0.3776310524486873E+02
  0.39100000E+03     -0.3630601005483211E+02
  0.39200000E+03     -0.3487529430995993E+02
  0.39300000E+03     -0.3346298163784943E+02
  0.39400000E+03     -0.3207368279506872E+02
  0.39500000E+03     -0.3070580888721861E+02
  0.39600000E+03     -0.2936282600986999E+02
  0.39700000E+03     -0.2805014389302902E+02
  0.39800000E+03     -0.2675627277869643E+02
  0.39900000E+03     -0.2549539685548915E+02
  0.40000000E+03     -0.2425451664960851E+02
  0.40100000E+03     -0.2304664868340955E+02
  0.40200000E+03     -0.2185747851725804E+02
  0.40300000E+03     -0.2069276864267511E+02
  0.40400000E+03     -0.1956043463886225E+02
  0.40500000E+03     -0.1844908274780273E+02
  0.40600000E+03     -0.1737354871259847E+02
  0.40700000E+03     -0.1633549147672157E+02
  0.40800000E+03     -0.1533337816177910E+02
  0.40900000E+03     -0.1435701893623707E+02
  0.41000000E+03     -0.1341047168708739E+02
  0.41100000E+03     -0.1250214208345679E+02
  0.41200000E+03     -0.1162412292010083E+02
  0.41300000E+03     -0.1079307680995315E+02
  0.41400000E+03     -0.9994586416501740E+01
  0.41500000E+03     -0.9223382694321923E+01
  0.41600000E+03     -0.8498681197535916E+01
  0.41700000E+03     -0.7803094856471375E+01
  0.41800000E+03     -0.7152084872541995E+01
  0.41900000E+03     -0.6530220886911390E+01
  0.42000000E+03     -0.5949585432398899E+01
  0.42100000E+03     -0.5404711298408974E+01
  0.42200000E+03     -0.4913086479703492E+01
  0.42300000E+03     -0.4461152526320214E+01
  0.42400000E+03     -0.4048899237694149E+01
  0.42500000E+03     -0.3695461952863335E+01
  0.42600000E+03     -0.3376035774473960E+01
  0.42700000E+03     -0.3105552657649733E+01
  0.42800000E+03     -0.2882421548873522E+01
  0.42900000E+03     -0.2710728829405630E+01
  0.43000000E+03     -0.2563843510772143E+01
  0.43100000E+03     -0.2488303196208454E+01
  0.43200000E+03     -0.2462154761589632E+01
  0.43300000E+03     -0.2474844909029945E+01
  0.43400000E+03     -0.2538777939583733E+01
  0.43500000E+03     -0.2655176810914595E+01
  0.43600000E+03     -0.2831305409942148E+01
  0.43700000E+03     -0.3064191523126729E+01
  0.43800000E+03     -0.3349934719465028E+01
  0.43900000E+03     -0.3697494155541106E+01
  0.44000000E+03     -0.4081268269488932E+01
  0.44100000E+03     -0.4520061318135950E+01
  0.44200000E+03     -0.5023916845045546E+01
  0.44300000E+03     -0.5578839455114363E+01
  0.44400000E+03     -0.6202739203808055E+01
  0.44500000E+03     -0.6887281346781863E+01
  0.44600000E+03     -0.7638956715356301E+01
  0.44700000E+03     -0.8452945691258865E+01
  0.44800000E+03     -0.9324603586788420E+01
  0.44900000E+03     -0.1025829130103647E+02
  0.45000000E+03     -0.1123667750936194E+02
  0.45100000E+03     -0.1230365966928136E+02
  0.45200000E+03     -0.1343006140766739E+02
  0.45300000E+03     -0.1463702455332207E+02
  0.45400000E+03     -0.1590513494712445E+02
  0.45500000E+03     -0.1725327405629844E+02
  0.45600000E+03     -0.1865913817064899E+02
  0.45700000E+03     -0.2014815212071055E+02
  0.45800000E+03     -0.2170054528651475E+02
  0.45900000E+03     -0.2332462063647244E+02
  0.46000000E+03     -0.2499481032089632E+02
  0.46100000E+03     -0.2676244710216414E+02
  0.46200000E+03     -0.2859780953377744E+02
  0.46300000E+03     -0.3052562582386422E+02
  0.46400000E+03     -0.3252910695043325E+02
  0.46500000E+03     -0.3460639641306666E+02
  0.46600000E+03     -0.3675915843288604E+02
  0.46700000E+03     -0.3898997899757963E+02
  0.46800000E+03     -0.4131400639891255E+02
  0.46900000E+03     -0.4376284400124274E+02
  0.47000000E+03     -0.4623409286688558E+02
  0.47100000E+03     -0.4880067552157243E+02
  0.47200000E+03     -0.5146478995675247E+02
  0.47300000E+03     -0.5422205570247897E+02
  0.47400000E+03     -0.5705407758468691E+02
  0.47500000E+03     -0.5997628871737744E+02
  0.47600000E+03     -0.6299752006697776E+02
  0.47700000E+03     -0.6611252212679585E+02
  0.47800000E+03     -0.6930132811337469E+02
  0.47900000E+03     -0.7261947190645759E+02
  0.48000000E+03     -0.7604697405152177E+02
  0.48100000E+03     -0.7955692872000657E+02
  0.48200000E+03     -0.8311649589634632E+02
  0.48300000E+03     -0.8677556818242411E+02
  0.48400000E+03     -0.9052069014135151E+02
  0.48500000E+03     -0.9439846709035807E+02
  0.48600000E+03     -0.9819287516088485E+02
  0.48700000E+03     -0.9949466852632604E+02
  0.48800000E+03     -0.9895015925712406E+02
  0.48900000E+03     -0.1039669360745248E+03
  0.49000000E+03     -0.1057614105090714E+03
  0.49100000E+03     -0.1070600940232906E+03
  0.49200000E+03     -0.1086462616520677E+03
  0.49300000E+03     -0.1084930506440560E+03
  0.49400000E+03     -0.1064693281583970E+03
  0.49500000E+03     -0.1043107139346150E+03
  0.49600000E+03     -0.1019928743980502E+03
  0.49700000E+03     -0.9945044008264188E+02
  0.49800000E+03     -0.9672317820733666E+02
  0.49900000E+03     -0.9630975047153049E+02
  0.50000000E+03     -0.9858362197402485E+02
  0.50100000E+03     -0.1010363675478691E+03
  0.50200000E+03     -0.1036135717202092E+03
  0.50300000E+03     -0.1035362045852482E+03
  0.50400000E+03     -0.1013788492886930E+03
  0.50500000E+03     -0.1188442155760939E+03
  0.50600000E+03     -0.1317875591417343E+03
  0.50700000E+03     -0.1428599454532537E+03
  0.50800000E+03     -0.1524200045598714E+03
  0.50900000E+03     -0.1621252018296657E+03
  0.51000000E+03     -0.1691317830612201E+03
