  0.00000000E+00     -0.1215674081461491E+02
  0.10000000E+01     -0.1001783519094489E+02
  0.20000000E+01     -0.8549660872557286E+01
  0.30000000E+01     -0.7464585720188686E+01
  0.40000000E+01     -0.6644634151161632E+01
  0.50000000E+01     -0.6025289353283891E+01
  0.60000000E+01     -0.5565847806094893E+01
  0.70000000E+01     -0.5238223094599748E+01
  0.80000000E+01     -0.5021899656224944E+01
  0.90000000E+01     -0.4900971072180059E+01
  0.10000000E+02     -0.4862757396974551E+01
  0.11000000E+02     -0.4897704547055724E+01
  0.12000000E+02     -0.4997824877550353E+01
  0.13000000E+02     -0.5155789294346137E+01
  0.14000000E+02     -0.5365641157534421E+01
  0.15000000E+02     -0.5622190112820984E+01
  0.16000000E+02     -0.5921482183017394E+01
  0.17000000E+02     -0.6259237580757094E+01
  0.18000000E+02     -0.6631807498974896E+01
  0.19000000E+02     -0.7036399185423881E+01
  0.20000000E+02     -0.7470469289140250E+01
  0.21000000E+02     -0.7931232374133354E+01
  0.22000000E+02     -0.8416345230825428E+01
  0.23000000E+02     -0.8923891373356305E+01
  0.24000000E+02     -0.9451963996962228E+01
  0.25000000E+02     -0.9999137776405504E+01
  0.26000000E+02     -0.1056405069998957E+02
  0.27000000E+02     -0.1114494438119816E+02
  0.28000000E+02     -0.1174007268256668E+02
  0.29000000E+02     -0.1234832821973870E+02
  0.30000000E+02     -0.1296902230039686E+02
  0.31000000E+02     -0.1360066914221045E+02
  0.32000000E+02     -0.1424243593255361E+02
  0.33000000E+02     -0.1489332876208268E+02
  0.34000000E+02     -0.1555227571621440E+02
  0.35000000E+02     -0.1621832897260444E+02
  0.36000000E+02     -0.1689110181924464E+02
  0.37000000E+02     -0.1757008870533395E+02
  0.38000000E+02     -0.1825403723414935E+02
  0.39000000E+02     -0.1894262165395345E+02
  0.40000000E+02     -0.1963557785060816E+02
  0.41000000E+02     -0.2033136816844407E+02
  0.42000000E+02     -0.2102990057499743E+02
  0.43000000E+02     -0.2173071897420589E+02
  0.44000000E+02     -0.2243285203640036E+02
  0.45000000E+02     -0.2313640788242733E+02
  0.46000000E+02     -0.2384067713623647E+02
  0.47000000E+02     -0.2454551383132453E+02
  0.48000000E+02     -0.2525035112493789E+02
  0.49000000E+02     -0.2595472285959261E+02
  0.50000000E+02     -0.2665821076137455E+02
  0.51000000E+02     -0.2736061308419785E+02
  0.52000000E+02     -0.2806131354847800E+02
  0.53000000E+02     -0.2876029180398726E+02
  0.54000000E+02     -0.2945736978649668E+02
  0.55000000E+02     -0.3015191077412226E+02
  0.56000000E+02     -0.3084366443796287E+02
  0.57000000E+02     -0.3153253572931283E+02
  0.58000000E+02     -0.3221819682938511E+02
  0.59000000E+02     -0.3290042157753680E+02
  0.60000000E+02     -0.3357888222723466E+02
  0.61000000E+02     -0.3425382348445216E+02
  0.62000000E+02     -0.3492463904352215E+02
  0.63000000E+02     -0.3559139755728088E+02
  0.64000000E+02     -0.3625362121511159E+02
  0.65000000E+02     -0.3691147230853610E+02
  0.66000000E+02     -0.3756472426771401E+02
  0.67000000E+02     -0.3821291736103234E+02
  0.68000000E+02     -0.3885665551993153E+02
  0.69000000E+02     -0.3949522889747789E+02
  0.70000000E+02     -0.4012858472151703E+02
  0.71000000E+02     -0.4075676523839184E+02
  0.72000000E+02     -0.4137945214136479E+02
  0.73000000E+02     -0.4199675642535303E+02
  0.74000000E+02     -0.4260848676355501E+02
  0.75000000E+02     -0.4321476483832618E+02
  0.76000000E+02     -0.4381520647823449E+02
  0.77000000E+02     -0.4440964526416749E+02
  0.78000000E+02     -0.4499876632805032E+02
  0.79000000E+02     -0.4558162937045736E+02
  0.80000000E+02     -0.4615912622034484E+02
  0.81000000E+02     -0.4673061942298304E+02
  0.82000000E+02     -0.4729560655222720E+02
  0.83000000E+02     -0.4785482653249919E+02
  0.84000000E+02     -0.4840799812825480E+02
  0.85000000E+02     -0.4895477603591801E+02
  0.86000000E+02     -0.4949567823389307E+02
  0.87000000E+02     -0.5003067784544529E+02
  0.88000000E+02     -0.5055942459055245E+02
  0.89000000E+02     -0.5108217261566006E+02
  0.90000000E+02     -0.5159898716747511E+02
  0.91000000E+02     -0.5210954926064914E+02
  0.92000000E+02     -0.5261383976975004E+02
  0.93000000E+02     -0.5311199662166175E+02
  0.94000000E+02     -0.5360412181597273E+02
  0.95000000E+02     -0.5409030559341893E+02
  0.96000000E+02     -0.5457009763311778E+02
  0.97000000E+02     -0.5504367281854186E+02
  0.98000000E+02     -0.5551144869998927E+02
  0.99000000E+02     -0.5597276921076094E+02
  0.10000000E+03     -0.5642779792340067E+02
  0.10100000E+03     -0.5687626673240687E+02
  0.10200000E+03     -0.5731878216278869E+02
  0.10300000E+03     -0.5775528522251494E+02
  0.10400000E+03     -0.5818534696828360E+02
  0.10500000E+03     -0.5860979065815786E+02
  0.10600000E+03     -0.5902812309614241E+02
  0.10700000E+03     -0.5944067447393098E+02
  0.10800000E+03     -0.5984671607478241E+02
  0.10900000E+03     -0.6024710910863675E+02
  0.11000000E+03     -0.6064036558039270E+02
  0.11100000E+03     -0.6102780622558262E+02
  0.11200000E+03     -0.6140983247746568E+02
  0.11300000E+03     -0.6178587228095272E+02
  0.11400000E+03     -0.6215603820213472E+02
  0.11500000E+03     -0.6252036275477454E+02
  0.11600000E+03     -0.6287841173214922E+02
  0.11700000E+03     -0.6323066934994240E+02
  0.11800000E+03     -0.6357707683080497E+02
  0.11900000E+03     -0.6391728645959461E+02
  0.12000000E+03     -0.6425195285780366E+02
  0.12100000E+03     -0.6458048134992730E+02
  0.12200000E+03     -0.6490317822561626E+02
  0.12300000E+03     -0.6521984373313003E+02
  0.12400000E+03     -0.6553065893902139E+02
  0.12500000E+03     -0.6583565144639785E+02
  0.12600000E+03     -0.6613563583741518E+02
  0.12700000E+03     -0.6642954283776946E+02
  0.12800000E+03     -0.6671710418609281E+02
  0.12900000E+03     -0.6699934319661109E+02
  0.13000000E+03     -0.6727521077694098E+02
  0.13100000E+03     -0.6754520970402407E+02
  0.13200000E+03     -0.6780978051406704E+02
  0.13300000E+03     -0.6806847935780520E+02
  0.13400000E+03     -0.6832121074772527E+02
  0.13500000E+03     -0.6856868463125343E+02
  0.13600000E+03     -0.6881026504235643E+02
  0.13700000E+03     -0.6904665544258427E+02
  0.13800000E+03     -0.6927742330889831E+02
  0.13900000E+03     -0.6950225649501385E+02
  0.14000000E+03     -0.6972130775113521E+02
  0.14100000E+03     -0.6993486267664608E+02
  0.14200000E+03     -0.7014352842168488E+02
  0.14300000E+03     -0.7034617046919830E+02
  0.14400000E+03     -0.7054256419275060E+02
  0.14500000E+03     -0.7073331168569065E+02
  0.14600000E+03     -0.7091915968969823E+02
  0.14700000E+03     -0.7109925419859421E+02
  0.14800000E+03     -0.7127348040368780E+02
  0.14900000E+03     -0.7144275309628992E+02
  0.15000000E+03     -0.7160660244109221E+02
  0.15100000E+03     -0.7176486721889468E+02
  0.15200000E+03     -0.7191742506655500E+02
  0.15300000E+03     -0.7206490045249565E+02
  0.15400000E+03     -0.7220657542198916E+02
  0.15500000E+03     -0.7234230636007844E+02
  0.15600000E+03     -0.7247268399474386E+02
  0.15700000E+03     -0.7259754686471813E+02
  0.15800000E+03     -0.7271740297156497E+02
  0.15900000E+03     -0.7283244168720017E+02
  0.16000000E+03     -0.7294130794552470E+02
  0.16100000E+03     -0.7304486400650431E+02
  0.16200000E+03     -0.7314402368912890E+02
  0.16300000E+03     -0.7323792579599117E+02
  0.16400000E+03     -0.7332635757858435E+02
  0.16500000E+03     -0.7340936853333039E+02
  0.16600000E+03     -0.7348732834848460E+02
  0.16700000E+03     -0.7355984405850364E+02
  0.16800000E+03     -0.7362678687112665E+02
  0.16900000E+03     -0.7368876603237837E+02
  0.17000000E+03     -0.7374547772615631E+02
  0.17100000E+03     -0.7379622869233027E+02
  0.17200000E+03     -0.7384189233127820E+02
  0.17300000E+03     -0.7388227081833658E+02
  0.17400000E+03     -0.7391787712794758E+02
  0.17500000E+03     -0.7394850656803236E+02
  0.17600000E+03     -0.7397424590313526E+02
  0.17700000E+03     -0.7399423849877319E+02
  0.17800000E+03     -0.7400910352605331E+02
  0.17900000E+03     -0.7401904849575341E+02
  0.18000000E+03     -0.7402360861162047E+02
  0.18100000E+03     -0.7402265097547300E+02
  0.18200000E+03     -0.7401657938115962E+02
  0.18300000E+03     -0.7400507166208430E+02
  0.18400000E+03     -0.7398862213819174E+02
  0.18500000E+03     -0.7396710474814267E+02
  0.18600000E+03     -0.7393932528330512E+02
  0.18700000E+03     -0.7390682968496108E+02
  0.18800000E+03     -0.7386938584233999E+02
  0.18900000E+03     -0.7382670864229095E+02
  0.19000000E+03     -0.7377908009930189E+02
  0.19100000E+03     -0.7372546028729937E+02
  0.19200000E+03     -0.7366718800697744E+02
  0.19300000E+03     -0.7360298259099110E+02
  0.19400000E+03     -0.7353326984590505E+02
  0.19500000E+03     -0.7345801330954204E+02
  0.19600000E+03     -0.7337776830384456E+02
  0.19700000E+03     -0.7329263078542787E+02
  0.19800000E+03     -0.7320152843994165E+02
  0.19900000E+03     -0.7310472147823414E+02
  0.20000000E+03     -0.7300302608941485E+02
  0.20100000E+03     -0.7289548208220788E+02
  0.20200000E+03     -0.7278221732600295E+02
  0.20300000E+03     -0.7266347765401200E+02
  0.20400000E+03     -0.7253960395078242E+02
  0.20500000E+03     -0.7241042397574093E+02
  0.20600000E+03     -0.7227501520131139E+02
  0.20700000E+03     -0.7213431202529057E+02
  0.20800000E+03     -0.7198796633712232E+02
  0.20900000E+03     -0.7183646630216671E+02
  0.21000000E+03     -0.7167939978853266E+02
  0.21100000E+03     -0.7151661833143116E+02
  0.21200000E+03     -0.7134837951374536E+02
  0.21300000E+03     -0.7117437139953455E+02
  0.21400000E+03     -0.7099485012581984E+02
  0.21500000E+03     -0.7081032307161431E+02
  0.21600000E+03     -0.7061984281573905E+02
  0.21700000E+03     -0.7042386565927586E+02
  0.21800000E+03     -0.7022223787154550E+02
  0.21900000E+03     -0.7001544230123201E+02
  0.22000000E+03     -0.6980265712197999E+02
  0.22100000E+03     -0.6958405402519165E+02
  0.22200000E+03     -0.6935967479829031E+02
  0.22300000E+03     -0.6913033385971160E+02
  0.22400000E+03     -0.6889515622921441E+02
  0.22500000E+03     -0.6865405284550026E+02
  0.22600000E+03     -0.6840731188290616E+02
  0.22700000E+03     -0.6815449094704022E+02
  0.22800000E+03     -0.6789662072375863E+02
  0.22900000E+03     -0.6763316675445937E+02
  0.23000000E+03     -0.6736335623566170E+02
  0.23100000E+03     -0.6708791801926415E+02
  0.23200000E+03     -0.6680699881679379E+02
  0.23300000E+03     -0.6652055488934975E+02
  0.23400000E+03     -0.6622771565333296E+02
  0.23500000E+03     -0.6592913471591294E+02
  0.23600000E+03     -0.6562430602210306E+02
  0.23700000E+03     -0.6531402911034053E+02
  0.23800000E+03     -0.6499849161101294E+02
  0.23900000E+03     -0.6467718800912014E+02
  0.24000000E+03     -0.6434998057431618E+02
  0.24100000E+03     -0.6401693586849552E+02
  0.24200000E+03     -0.6367792619070178E+02
  0.24300000E+03     -0.6333269593387719E+02
  0.24400000E+03     -0.6298254370492801E+02
  0.24500000E+03     -0.6262642460684465E+02
  0.24600000E+03     -0.6226409430675501E+02
  0.24700000E+03     -0.6189648535808132E+02
  0.24800000E+03     -0.6152243297078668E+02
  0.24900000E+03     -0.6114258865464604E+02
  0.25000000E+03     -0.6075715736483546E+02
  0.25100000E+03     -0.6036604887195342E+02
  0.25200000E+03     -0.5996901651225156E+02
  0.25300000E+03     -0.5956533138185507E+02
  0.25400000E+03     -0.5915686298502274E+02
  0.25500000E+03     -0.5874236013609652E+02
  0.25600000E+03     -0.5832228716924485E+02
  0.25700000E+03     -0.5789619094548624E+02
  0.25800000E+03     -0.5746446451520568E+02
  0.25900000E+03     -0.5702723262283755E+02
  0.26000000E+03     -0.5658465380208320E+02
  0.26100000E+03     -0.5613575212639199E+02
  0.26200000E+03     -0.5568127248373049E+02
  0.26300000E+03     -0.5522164120254753E+02
  0.26400000E+03     -0.5475636642795977E+02
  0.26500000E+03     -0.5428519090906894E+02
  0.26600000E+03     -0.5380838170587494E+02
  0.26700000E+03     -0.5332624127888720E+02
  0.26800000E+03     -0.5283899226135338E+02
  0.26900000E+03     -0.5234592821429255E+02
  0.27000000E+03     -0.5184816172946476E+02
  0.27100000E+03     -0.5134542758563450E+02
  0.27200000E+03     -0.5083699418168739E+02
  0.27300000E+03     -0.5032374059813526E+02
  0.27400000E+03     -0.4980521148070397E+02
  0.27500000E+03     -0.4928195151778372E+02
  0.27600000E+03     -0.4875382830306047E+02
  0.27700000E+03     -0.4822047050191702E+02
  0.27800000E+03     -0.4768214399355165E+02
  0.27900000E+03     -0.4713976894633321E+02
  0.28000000E+03     -0.4659306543247991E+02
  0.28100000E+03     -0.4604234355391559E+02
  0.28200000E+03     -0.4548706688547125E+02
  0.28300000E+03     -0.4492765933630311E+02
  0.28400000E+03     -0.4436367329445422E+02
  0.28500000E+03     -0.4379693216491624E+02
  0.28600000E+03     -0.4322538104052621E+02
  0.28700000E+03     -0.4265064246461979E+02
  0.28800000E+03     -0.4207219472633569E+02
  0.28900000E+03     -0.4149083759931671E+02
  0.29000000E+03     -0.4090626001777267E+02
  0.29100000E+03     -0.4031927846824762E+02
  0.29200000E+03     -0.3972901800446664E+02
  0.29300000E+03     -0.3913629758444812E+02
  0.29400000E+03     -0.3854073236203216E+02
  0.29500000E+03     -0.3794231481423875E+02
  0.29600000E+03     -0.3734208327135958E+02
  0.29700000E+03     -0.3674008396465963E+02
  0.29800000E+03     -0.3613764676082471E+02
  0.29900000E+03     -0.3553268548328869E+02
  0.30000000E+03     -0.3492477050415272E+02
  0.30100000E+03     -0.3431693386951039E+02
  0.30200000E+03     -0.3370764632391819E+02
  0.30300000E+03     -0.3309612973499874E+02
  0.30400000E+03     -0.3248511446229558E+02
  0.30500000E+03     -0.3187289225528536E+02
  0.30600000E+03     -0.3126063011586407E+02
  0.30700000E+03     -0.3064825099184294E+02
  0.30800000E+03     -0.3003588768211356E+02
  0.30900000E+03     -0.2942539753483152E+02
  0.31000000E+03     -0.2881465697340339E+02
  0.31100000E+03     -0.2820433115575828E+02
  0.31200000E+03     -0.2759619535881903E+02
  0.31300000E+03     -0.2698793150500447E+02
  0.31400000E+03     -0.2638258584547238E+02
  0.31500000E+03     -0.2577997901864072E+02
  0.31600000E+03     -0.2517822210392602E+02
  0.31700000E+03     -0.2457830011272486E+02
  0.31800000E+03     -0.2398107159399892E+02
  0.31900000E+03     -0.2338742582501256E+02
  0.32000000E+03     -0.2279490784679129E+02
  0.32100000E+03     -0.2220506611595286E+02
  0.32200000E+03     -0.2162204994028699E+02
  0.32300000E+03     -0.2104035598361581E+02
  0.32400000E+03     -0.2046183522087742E+02
  0.32500000E+03     -0.1988878593940694E+02
  0.32600000E+03     -0.1931915901337234E+02
  0.32700000E+03     -0.1875436586869288E+02
  0.32800000E+03     -0.1819474918278057E+02
  0.32900000E+03     -0.1764186405899531E+02
  0.33000000E+03     -0.1709161356330717E+02
  0.33100000E+03     -0.1654929758785830E+02
  0.33200000E+03     -0.1601161599281188E+02
  0.33300000E+03     -0.1548006317819201E+02
  0.33400000E+03     -0.1495655870880894E+02
  0.33500000E+03     -0.1444118692715796E+02
  0.33600000E+03     -0.1393082404604850E+02
  0.33700000E+03     -0.1342765280906772E+02
  0.33800000E+03     -0.1293232354676007E+02
  0.33900000E+03     -0.1244536757581961E+02
  0.34000000E+03     -0.1196876040598443E+02
  0.34100000E+03     -0.1149790253951685E+02
  0.34200000E+03     -0.1103627386833290E+02
  0.34300000E+03     -0.1058597368411712E+02
  0.34400000E+03     -0.1014515392911438E+02
  0.34500000E+03     -0.9711980203580213E+01
  0.34600000E+03     -0.9290513978494580E+01
  0.34700000E+03     -0.8878474840260914E+01
  0.34800000E+03     -0.8479411841234288E+01
  0.34900000E+03     -0.8090395781135591E+01
  0.35000000E+03     -0.7712985254879150E+01
  0.35100000E+03     -0.7347163853850915E+01
  0.35200000E+03     -0.6993366202447017E+01
  0.35300000E+03     -0.6651402488938125E+01
  0.35400000E+03     -0.6321473129687952E+01
  0.35500000E+03     -0.6006934467532709E+01
  0.35600000E+03     -0.5706719565426589E+01
  0.35700000E+03     -0.5418033118884626E+01
  0.35800000E+03     -0.5145512434513901E+01
  0.35900000E+03     -0.4885275489875305E+01
  0.36000000E+03     -0.4639027554639335E+01
  0.36100000E+03     -0.4407819670245846E+01
  0.36200000E+03     -0.4192241103527331E+01
  0.36300000E+03     -0.3993788250547841E+01
  0.36400000E+03     -0.3806656351753791E+01
  0.36500000E+03     -0.3639573401576681E+01
  0.36600000E+03     -0.3485098335286332E+01
  0.36700000E+03     -0.3351628305101543E+01
  0.36800000E+03     -0.3235684685067878E+01
  0.36900000E+03     -0.3139405834245987E+01
  0.37000000E+03     -0.3063509369446995E+01
  0.37100000E+03     -0.3004024999514391E+01
  0.37200000E+03     -0.2962219151368358E+01
  0.37300000E+03     -0.2945269200723028E+01
  0.37400000E+03     -0.2944149269338451E+01
  0.37500000E+03     -0.2965993549927044E+01
  0.37600000E+03     -0.3010699286931952E+01
  0.37700000E+03     -0.3074937631770331E+01
  0.37800000E+03     -0.3162787364905948E+01
  0.37900000E+03     -0.3267873890263842E+01
  0.38000000E+03     -0.3396971214620232E+01
  0.38100000E+03     -0.3549571863005769E+01
  0.38200000E+03     -0.3726730568239996E+01
  0.38300000E+03     -0.3926270741774931E+01
  0.38400000E+03     -0.4152571389563305E+01
  0.38500000E+03     -0.4398731805947066E+01
  0.38600000E+03     -0.4668372610595470E+01
  0.38700000E+03     -0.4967639648718762E+01
  0.38800000E+03     -0.5290377460646678E+01
  0.38900000E+03     -0.5645230398000461E+01
  0.39000000E+03     -0.6021481834556489E+01
  0.39100000E+03     -0.6427820777831197E+01
  0.39200000E+03     -0.6864720047475288E+01
  0.39300000E+03     -0.7325120431567589E+01
  0.39400000E+03     -0.7816628966197522E+01
  0.39500000E+03     -0.8340614793345425E+01
  0.39600000E+03     -0.8891793617941643E+01
  0.39700000E+03     -0.9474677542983565E+01
  0.39800000E+03     -0.1008389086600607E+02
  0.39900000E+03     -0.1072597232890019E+02
  0.40000000E+03     -0.1140001030498803E+02
  0.40100000E+03     -0.1210502151717007E+02
  0.40200000E+03     -0.1284217741204289E+02
  0.40300000E+03     -0.1360663420304515E+02
  0.40400000E+03     -0.1441194535633427E+02
  0.40500000E+03     -0.1524831984968506E+02
  0.40600000E+03     -0.1612099282206437E+02
  0.40700000E+03     -0.1702513090516532E+02
  0.40800000E+03     -0.1796792651905067E+02
  0.40900000E+03     -0.1894327648650647E+02
  0.41000000E+03     -0.1995169413679247E+02
  0.41100000E+03     -0.2100841654354164E+02
  0.41200000E+03     -0.2209788849669714E+02
  0.41300000E+03     -0.2322160904165005E+02
  0.41400000E+03     -0.2438817436997042E+02
  0.41500000E+03     -0.2559356067567958E+02
  0.41600000E+03     -0.2683709790838326E+02
  0.41700000E+03     -0.2812192493949333E+02
  0.41800000E+03     -0.2945173697797283E+02
  0.41900000E+03     -0.3082535456545641E+02
  0.42000000E+03     -0.3223597016939997E+02
  0.42100000E+03     -0.3368538121805879E+02
  0.42200000E+03     -0.3517838038392792E+02
  0.42300000E+03     -0.3671816854592377E+02
  0.42400000E+03     -0.3829949239177354E+02
  0.42500000E+03     -0.3992202448808524E+02
  0.42600000E+03     -0.4159356175659020E+02
  0.42700000E+03     -0.4330391447814935E+02
  0.42800000E+03     -0.4506647599113013E+02
  0.42900000E+03     -0.4688144053485513E+02
  0.43000000E+03     -0.4874632511017327E+02
  0.43100000E+03     -0.5065492477867064E+02
  0.43200000E+03     -0.5260905650021248E+02
  0.43300000E+03     -0.5461193351381796E+02
  0.43400000E+03     -0.5666846147513770E+02
  0.43500000E+03     -0.5877479002653731E+02
  0.43600000E+03     -0.6094278793588541E+02
  0.43700000E+03     -0.6314787208440208E+02
  0.43800000E+03     -0.6540482399069872E+02
  0.43900000E+03     -0.6771870892515375E+02
  0.44000000E+03     -0.7009033523747014E+02
  0.44100000E+03     -0.7250873545108591E+02
  0.44200000E+03     -0.7498288231470846E+02
  0.44300000E+03     -0.7751294979115170E+02
  0.44400000E+03     -0.8010696884992406E+02
  0.44500000E+03     -0.8275316675964652E+02
  0.44600000E+03     -0.8546647184883859E+02
  0.44700000E+03     -0.8821801749270604E+02
  0.44800000E+03     -0.9103028613982998E+02
  0.44900000E+03     -0.9391094911947118E+02
  0.45000000E+03     -0.9685819603662361E+02
  0.45100000E+03     -0.9985332260115187E+02
  0.45200000E+03     -0.1029092049270459E+03
  0.45300000E+03     -0.1060279499593800E+03
  0.45400000E+03     -0.1092177671079689E+03
  0.45500000E+03     -0.1124669147328487E+03
  0.45600000E+03     -0.1157787408419726E+03
  0.45700000E+03     -0.1191530903008386E+03
  0.45800000E+03     -0.1226078672445622E+03
  0.45900000E+03     -0.1261146695742599E+03
  0.46000000E+03     -0.1296817654962352E+03
  0.46100000E+03     -0.1333203000167936E+03
  0.46200000E+03     -0.1370406962268934E+03
  0.46300000E+03     -0.1408254675973528E+03
  0.46400000E+03     -0.1446971057461239E+03
  0.46500000E+03     -0.1486253012798172E+03
  0.46600000E+03     -0.1526271908910762E+03
  0.46700000E+03     -0.1566831548524664E+03
  0.46800000E+03     -0.1608175405224243E+03
  0.46900000E+03     -0.1650417179501784E+03
  0.47000000E+03     -0.1693245775313515E+03
  0.47100000E+03     -0.1736737244946466E+03
  0.47200000E+03     -0.1781035580409756E+03
  0.47300000E+03     -0.1826064233444169E+03
  0.47400000E+03     -0.1871814594702103E+03
  0.47500000E+03     -0.1918555822670244E+03
  0.47600000E+03     -0.1965883984739842E+03
  0.47700000E+03     -0.2013996916508505E+03
  0.47800000E+03     -0.2063155638839289E+03
  0.47900000E+03     -0.2112745472282444E+03
  0.48000000E+03     -0.2163613558547808E+03
  0.48100000E+03     -0.2215102589145248E+03
  0.48200000E+03     -0.2267543456589034E+03
  0.48300000E+03     -0.2320874077252346E+03
  0.48400000E+03     -0.2374808478431722E+03
  0.48500000E+03     -0.2429643174731955E+03
  0.48600000E+03     -0.2485413036396524E+03
  0.48700000E+03     -0.2542123654712993E+03
  0.48800000E+03     -0.2599800490708914E+03
  0.48900000E+03     -0.2658150282130913E+03
  0.49000000E+03     -0.2717647651888270E+03
  0.49100000E+03     -0.2777739087601709E+03
  0.49200000E+03     -0.2839099054609751E+03
  0.49300000E+03     -0.2901017525869501E+03
  0.49400000E+03     -0.2963986260616905E+03
  0.49500000E+03     -0.3027911951576609E+03
  0.49600000E+03     -0.3092629374362928E+03
  0.49700000E+03     -0.3158452070362598E+03
  0.49800000E+03     -0.3225149346794782E+03
  0.49900000E+03     -0.3292787776971359E+03
  0.50000000E+03     -0.3361248702712313E+03
  0.50100000E+03     -0.3431153942851789E+03
  0.50200000E+03     -0.3502192942272535E+03
  0.50300000E+03     -0.3573948402857771E+03
  0.50400000E+03     -0.3646704692347815E+03
  0.50500000E+03     -0.3720791342876311E+03
  0.50600000E+03     -0.3795639941835696E+03
  0.50700000E+03     -0.3871297199780543E+03
  0.50800000E+03     -0.3948382321867950E+03
  0.50900000E+03     -0.4026563746604078E+03
  0.51000000E+03     -0.4105821588681178E+03
