  0.00000000E+00     -0.1195951345762856E-08      0.1915808155678812E-17     -0.3546217265904057E-26      0.7301016698999432E-35     -0.1619424502292811E-43
  0.10000000E+01     -0.6057411973928609E-03      0.3669223982244785E-06     -0.2222600128545804E-09      0.1346320463200512E-12     -0.8155217694650202E-16
  0.20000000E+01     -0.3784272514553672E-01      0.2247747730097410E-01     -0.1603149352432034E-01      0.1884689010007290E-01      0.2546335960325897E-02
  0.30000000E+01     -0.1118034678951484E+00      0.7640073158901203E-01     -0.6671872898359395E-01      0.9204475855218179E-01     -0.6488506430993810E-01
  0.40000000E+01     -0.2227071060547925E+00      0.1790014765534972E+00     -0.1923358467869732E+00      0.3045252761429176E+00     -0.4318018190839155E+00
  0.50000000E+01     -0.3703720215891633E+00      0.3554064532689364E+00     -0.4627807986613440E+00      0.8451193865767292E+00     -0.1637092231244995E+01
  0.60000000E+01     -0.5552396517791151E+00      0.6401368465261336E+00     -0.9973437139352618E+00      0.2088511144435703E+01     -0.4992303537798453E+01
  0.70000000E+01     -0.7770759071288059E+00      0.1074569892856879E+01     -0.1977158698991302E+01      0.4729892317606736E+01     -0.1328754061265341E+02
  0.80000000E+01     -0.1036349622842270E+01      0.1709465956715238E+01     -0.3673432418693825E+01      0.9976946554964158E+01     -0.3205318252738837E+02
  0.90000000E+01     -0.1333114799485819E+01      0.2605477432923665E+01     -0.6486720267571342E+01      0.1995839264146820E+02     -0.7252809918972257E+02
  0.10000000E+02     -0.1667099681131508E+01      0.3828626031820921E+01     -0.1095708248984536E+02      0.3799298266278802E+02     -0.1545010092864215E+03
  0.11000000E+02     -0.2039177352378143E+01      0.5458943631997877E+01     -0.1783991644269835E+02      0.6944627103942143E+02     -0.3144156792245073E+03
  0.12000000E+02     -0.2448954689556529E+01      0.7580502891584058E+01     -0.2811776902373748E+02      0.1224129519615386E+03     -0.6143502076819685E+03
  0.13000000E+02     -0.2896488914454670E+01      0.1028807204466069E+02     -0.4307058844123554E+02      0.2089376852067941E+03     -0.1158600581695594E+04
  0.14000000E+02     -0.3382526298084003E+01      0.1368975623536502E+02     -0.6435041224786792E+02      0.3464634792712413E+03     -0.2114035165929019E+04
  0.15000000E+02     -0.3906198121542303E+01      0.1789092684122155E+02     -0.9394021794895239E+02      0.5591136763976583E+03     -0.3740807150892079E+04
  0.16000000E+02     -0.4468802864372573E+01      0.2302418003083170E+02     -0.1344287701517232E+03      0.8813426770096804E+03     -0.6445685153792952E+04
  0.17000000E+02     -0.5069776849371467E+01      0.2921553706151900E+02     -0.1888555151740905E+03      0.1359455330475261E+04     -0.1084118744136791E+05
  0.18000000E+02     -0.5709963153854641E+01      0.3662068679296704E+02     -0.2611211331726444E+03      0.2058106590816558E+04     -0.1786027132862001E+05
  0.19000000E+02     -0.6387823966062173E+01      0.4536342144453504E+02     -0.3553019213205287E+03      0.3054897321209583E+04     -0.2874070892437748E+05
  0.20000000E+02     -0.7104804078319653E+01      0.5562457334871837E+02     -0.4769466368865657E+03      0.4462579807539658E+04     -0.4545379378995384E+05
  0.21000000E+02     -0.7861412883066566E+01      0.6758148371393219E+02     -0.6322893706029569E+03      0.6420201322372003E+04     -0.7062318042296103E+05
  0.22000000E+02     -0.8657482711859895E+01      0.8141258265601479E+02     -0.8285216541728873E+03      0.9105281394568747E+04     -0.1079149869732344E+06
  0.23000000E+02     -0.9492914804853546E+01      0.9730837145920377E+02     -0.1074047467380278E+04      0.1274411827289400E+05     -0.1624042781003302E+06
  0.24000000E+02     -0.1036692622331609E+02      0.1154496320735069E+03     -0.1378148860377998E+04      0.1761362637064185E+05     -0.2408761664511295E+06
  0.25000000E+02     -0.1128235311872626E+02      0.1361110132625585E+03     -0.1753051024025926E+04      0.2408549623604765E+05     -0.3528919919385315E+06
  0.26000000E+02     -0.1223839317554969E+02      0.1594988721993315E+03     -0.2211077671205080E+04      0.3258697489902838E+05     -0.5105500111964119E+06
  0.27000000E+02     -0.1323446456963600E+02      0.1858317814144722E+03     -0.2766290779916175E+04      0.4364411093284569E+05     -0.7298629217055512E+06
  0.28000000E+02     -0.1427166724744781E+02      0.2153916921616547E+03     -0.3435910428346318E+04      0.5792706053434703E+05     -0.1032388617631068E+07
  0.29000000E+02     -0.1534961301362029E+02      0.2484207095979945E+03     -0.4237896987262136E+04      0.7621187598858240E+05     -0.1445279133748963E+07
  0.30000000E+02     -0.1646873038785724E+02      0.2852000845607405E+03     -0.5193263013270580E+04      0.9945856677485359E+05     -0.2004303679320540E+07
  0.31000000E+02     -0.1762747770543541E+02      0.3259501614555737E+03     -0.6322919877333430E+04      0.1287179711773758E+06     -0.2751350673979692E+07
  0.32000000E+02     -0.1882927839464027E+02      0.3710719459643935E+03     -0.7655370627634512E+04      0.1654051771728637E+06     -0.3745135142805872E+07
  0.33000000E+02     -0.2007083754195070E+02      0.4207682989378645E+03     -0.9216509874441383E+04      0.2110351354655513E+06     -0.5054604139333795E+07
  0.34000000E+02     -0.2135661469020953E+02      0.4755197334461238E+03     -0.1104278586371314E+05      0.2676110342800233E+06     -0.6772273505664010E+07
  0.35000000E+02     -0.2268333720949403E+02      0.5355294209342968E+03     -0.1316529528950601E+05      0.3372195392502857E+06     -0.9006093225473028E+07
  0.36000000E+02     -0.2405129715340449E+02      0.6011263725238447E+03     -0.1562086008682070E+05      0.4223115004593020E+06     -0.1188673766305298E+08
  0.37000000E+02     -0.2546554780919145E+02      0.6729301746279814E+03     -0.1846264958693154E+05      0.5262774461543802E+06     -0.1559738039662194E+08
  0.38000000E+02     -0.2692008649347003E+02      0.7509987933007573E+03     -0.2172424111325147E+05      0.6520625332940894E+06     -0.2032333959014562E+08
  0.39000000E+02     -0.2841947316904800E+02      0.8359169225255797E+03     -0.2546287376335999E+05      0.8038025734307055E+06     -0.2631535086513893E+08
  0.40000000E+02     -0.2995968403305297E+02      0.9279154866107747E+03     -0.2972956435911609E+05      0.9860122379876558E+06     -0.3387740488727915E+08
  0.41000000E+02     -0.3154730550050526E+02      0.1027760999923980E+04     -0.3459948234223555E+05      0.1204483504444985E+07     -0.4339160919346969E+08
  0.42000000E+02     -0.3317784426637983E+02      0.1135628906657923E+04     -0.4012827265481190E+05      0.1464867514870446E+07     -0.5528389228872170E+08
  0.43000000E+02     -0.3484855681047264E+02      0.1251692447567376E+04     -0.4636878292274429E+05      0.1772858864250509E+07     -0.7000906920013730E+08
  0.44000000E+02     -0.3656861778853487E+02      0.1377099335725042E+04     -0.5343882418042926E+05      0.2138377548297188E+07     -0.8829815534494153E+08
  0.45000000E+02     -0.3833033203932235E+02      0.1511749696604163E+04     -0.6139005581721777E+05      0.2568587492677220E+07     -0.1108068179170378E+09
  0.46000000E+02     -0.4013705278432728E+02      0.1656340213079402E+04     -0.7032284763645139E+05      0.3073827004132183E+07     -0.1384173351987121E+09
  0.47000000E+02     -0.4199001703907150E+02      0.1811494232309013E+04     -0.8034393157837361E+05      0.3665901405896949E+07     -0.1721879114907326E+09
  0.48000000E+02     -0.4388729466909371E+02      0.1977542296533798E+04     -0.9154480246215579E+05      0.4356499913780015E+07     -0.2132581053233326E+09
  0.49000000E+02     -0.4582972401084756E+02      0.2155081697678337E+04     -0.1040438400810216E+06      0.5160263413876689E+07     -0.2630797774408499E+09
  0.50000000E+02     -0.4781572937880428E+02      0.2344432918444394E+04     -0.1179402562527246E+06      0.6091195532437303E+07     -0.3231522095802192E+09
  0.51000000E+02     -0.4984929082070008E+02      0.2546592720526533E+04     -0.1333993460527861E+06      0.7169504453040391E+07     -0.3955486058781659E+09
  0.52000000E+02     -0.5192715415564135E+02      0.2761722675077602E+04     -0.1505223775332059E+06      0.8411922411183989E+07     -0.4822642961788841E+09
  0.53000000E+02     -0.5405184009420997E+02      0.2990767908449780E+04     -0.1694936024513550E+06      0.9843525024388514E+07     -0.5861203927452846E+09
  0.54000000E+02     -0.5622185823014858E+02      0.3234035767478736E+04     -0.1904348042118175E+06      0.1148490045256085E+08     -0.7097209123709269E+09
  0.55000000E+02     -0.5844033086585985E+02      0.3492644029840816E+04     -0.2135726838573450E+06      0.1336891601998638E+08     -0.8570308980821028E+09
  0.56000000E+02     -0.6070198694973438E+02      0.3766396445143263E+04     -0.2389908162655694E+06      0.1551557042417565E+08     -0.1031015675596532E+10
  0.57000000E+02     -0.6301149329391750E+02      0.4056581614567764E+04     -0.2669459595264255E+06      0.1796377200372291E+08     -0.1236661904254545E+10
  0.58000000E+02     -0.6536180379973730E+02      0.4362858589939167E+04     -0.2975306170315350E+06      0.2073864990169252E+08     -0.1477987295201408E+10
  0.59000000E+02     -0.6776078131772479E+02      0.4686952167009553E+04     -0.3310681976495237E+06      0.2389042316197956E+08     -0.1761780690189403E+10
  0.60000000E+02     -0.7020176327808672E+02      0.5028641594456425E+04     -0.3676873421448308E+06      0.2745271795570296E+08     -0.2093636415295428E+10
  0.61000000E+02     -0.7269104929807574E+02      0.5389436266943099E+04     -0.4077066977708506E+06      0.3148017072088498E+08     -0.2481593719479785E+10
  0.62000000E+02     -0.7522303056200619E+02      0.5769077316854211E+04     -0.4512486992248561E+06      0.3600894461609341E+08     -0.2932224419421988E+10
  0.63000000E+02     -0.7780268905847880E+02      0.6169096331187474E+04     -0.4986787889831243E+06      0.4110684979952480E+08     -0.3456212337300899E+10
  0.64000000E+02     -0.8042281313132324E+02      0.6589087436952756E+04     -0.5501331496461242E+06      0.4681851064345621E+08     -0.4062210549610878E+10
  0.65000000E+02     -0.8308975837967763E+02      0.7030726542184860E+04     -0.6060073631645023E+06      0.5322076334012051E+08     -0.4763077201605582E+10
  0.66000000E+02     -0.8579717470072312E+02      0.7493570976927703E+04     -0.6664349908716412E+06      0.6036297830333517E+08     -0.5569233927690987E+10
  0.67000000E+02     -0.8854545727708418E+02      0.7978334363569005E+04     -0.7317079215668568E+06      0.6831610494494317E+08     -0.6494204031454828E+10
  0.68000000E+02     -0.9133202599852163E+02      0.8485327066813443E+04     -0.8020978473439707E+06      0.7715616071109390E+08     -0.7553484133316267E+10
  0.69000000E+02     -0.9416392602332027E+02      0.9016445739409188E+04     -0.8780781674091250E+06      0.8698397783272956E+08     -0.8765834193561882E+10
  0.70000000E+02     -0.9703739861215381E+02      0.9571874831683348E+04     -0.9599443358024391E+06      0.9789026167725724E+08     -0.1015101322600858E+11
  0.71000000E+02     -0.9995401707423569E+02      0.1015254962722717E+05     -0.1048066559370643E+07      0.1099731607323292E+09     -0.1172987157104904E+11
  0.72000000E+02     -0.1029067958222087E+03      0.1075762332698738E+05     -0.1142545389365719E+07      0.1232972829908533E+09     -0.1351993474216828E+11
  0.73000000E+02     -0.1058942856199308E+03      0.1138744357467193E+05     -0.1243680685075774E+07      0.1379590551841519E+09     -0.1554393031767823E+11
  0.74000000E+02     -0.1089216147925672E+03      0.1204378206663817E+05     -0.1352031659284939E+07      0.1541022164397615E+09     -0.1783337142069445E+11
  0.75000000E+02     -0.1119903767808824E+03      0.1272788728877148E+05     -0.1468118189045897E+07      0.1718747693746843E+09     -0.2042252667561736E+11
  0.76000000E+02     -0.1150949444392237E+03      0.1343912215552968E+05     -0.1592104498213316E+07      0.1913681350398398E+09     -0.2333778935479263E+11
  0.77000000E+02     -0.1182386232907487E+03      0.1417878424981232E+05     -0.1724488350406313E+07      0.2127301153789316E+09     -0.2661552401994322E+11
  0.78000000E+02     -0.1214141707290109E+03      0.1494590050648699E+05     -0.1865407258188684E+07      0.2360612700118369E+09     -0.3028732036189599E+11
  0.79000000E+02     -0.1246226185177646E+03      0.1574142756551648E+05     -0.2015363755310454E+07      0.2615305197706846E+09     -0.3439807314628300E+11
  0.80000000E+02     -0.1278726568161475E+03      0.1656830769531859E+05     -0.2175247758482570E+07      0.2893765293537217E+09     -0.3900517929573911E+11
  0.81000000E+02     -0.1311432006560563E+03      0.1742141173689343E+05     -0.2344316758411661E+07      0.3195475798750806E+09     -0.4411836291027477E+11
  0.82000000E+02     -0.1344470642631585E+03      0.1830498370653400E+05     -0.2523789836088086E+07      0.3523626870486942E+09     -0.4981437677870343E+11
  0.83000000E+02     -0.1377889492880543E+03      0.1922087273344715E+05     -0.2714386454494228E+07      0.3880558892866259E+09     -0.5615829307805895E+11
  0.84000000E+02     -0.1411643520593240E+03      0.2016864756718023E+05     -0.2916399858902355E+07      0.4267926303714422E+09     -0.6320576959126739E+11
  0.85000000E+02     -0.1445674252340214E+03      0.2114698668673403E+05     -0.3129847625579902E+07      0.4686767816964006E+09     -0.7100162025544096E+11
  0.86000000E+02     -0.1480021710866561E+03      0.2215787412166992E+05     -0.3355570937096012E+07      0.5139962133863983E+09     -0.7962990628867859E+11
  0.87000000E+02     -0.1514636193800195E+03      0.2320020853492480E+05     -0.3593636923170270E+07      0.5628722296017606E+09     -0.8914249221526108E+11
  0.88000000E+02     -0.1549565950968998E+03      0.2427646056330563E+05     -0.3845097233019042E+07      0.6156713852331141E+09     -0.9964955374001457E+11
  0.89000000E+02     -0.1584769667602027E+03      0.2538559715399432E+05     -0.4110015305997873E+07      0.6725214915151986E+09     -0.1112090037200723E+12
  0.90000000E+02     -0.1620260174743948E+03      0.2652881316416872E+05     -0.4389119974515971E+07      0.7337270112319679E+09     -0.1239232666751122E+12
  0.91000000E+02     -0.1656007416669626E+03      0.2770568599535158E+05     -0.4682707796954191E+07      0.7994972400084091E+09     -0.1378771766869525E+12
  0.92000000E+02     -0.1692058443721994E+03      0.2891826269687562E+05     -0.4991676887597049E+07      0.8701769805076252E+09     -0.1531859383724726E+12
  0.93000000E+02     -0.1728218125358241E+03      0.3016051147801783E+05     -0.5314897507142093E+07      0.9456610299986322E+09     -0.1698725433178261E+12
  0.94000000E+02     -0.1764721257477346E+03      0.3144083447683066E+05     -0.5654931059773420E+07      0.1026700210995152E+10     -0.1881505908517668E+12
  0.95000000E+02     -0.1801414010143360E+03      0.3275466284312215E+05     -0.6011066235817841E+07      0.1113310000194137E+10     -0.2080795897837277E+12
  0.96000000E+02     -0.1838323101761883E+03      0.3410316968351279E+05     -0.6383968625801105E+07      0.1205804608280161E+10     -0.2297819398174689E+12
  0.97000000E+02     -0.1875523068863212E+03      0.3548983396769228E+05     -0.6775109090496873E+07      0.1304747415141170E+10     -0.2534529267438077E+12
  0.98000000E+02     -0.1912871217557498E+03      0.3690964026739668E+05     -0.7183449888914010E+07      0.1410042075195247E+10     -0.2791255054019240E+12
  0.99000000E+02     -0.1950514213997924E+03      0.3836911521397900E+05     -0.7611469219890121E+07      0.1522564745495105E+10     -0.3070905741840091E+12
  0.10000000E+03     -0.1988369064866389E+03      0.3986497469891140E+05     -0.8058492248146784E+07      0.1642292438789350E+10     -0.3373997985066135E+12
  0.10100000E+03     -0.2026415429371622E+03      0.4139723786932715E+05     -0.8525082728533428E+07      0.1769606567081756E+10     -0.3702278986267819E+12
  0.10200000E+03     -0.2064627623032790E+03      0.4296522016252224E+05     -0.9011480550321540E+07      0.1904785713214818E+10     -0.4057244528854329E+12
  0.10300000E+03     -0.2103158775422527E+03      0.4457546658024502E+05     -0.9520109009329766E+07      0.2048696526217006E+10     -0.4441891070841507E+12
  0.10400000E+03     -0.2141835109704612E+03      0.4622190021439208E+05     -0.1004977005867044E+08      0.2201299749932937E+10     -0.4857163634674536E+12
  0.10500000E+03     -0.2180740664458352E+03      0.4790800030775892E+05     -0.1060188516786068E+08      0.2363184896759118E+10     -0.5305400165109660E+12
  0.10600000E+03     -0.2219803274042870E+03      0.4963140321815461E+05     -0.1117628417156081E+08      0.2534580446135332E+10     -0.5788278241058096E+12
  0.10700000E+03     -0.2259047045127651E+03      0.5139347247029041E+05     -0.1177388547756990E+08      0.2716004295400181E+10     -0.6308232263552330E+12
  0.10800000E+03     -0.2298472480345714E+03      0.5319456452084968E+05     -0.1239526507108814E+08      0.2907870328829737E+10     -0.6867414397942693E+12
  0.10900000E+03     -0.2338188655358186E+03      0.5504013543449862E+05     -0.1304284910809461E+08      0.3111210225968118E+10     -0.7469980806150605E+12
  0.11000000E+03     -0.2378021253207402E+03      0.5692294810157655E+05     -0.1371475368004696E+08      0.3325745724101743E+10     -0.8116344384295365E+12
  0.11100000E+03     -0.2417994868392393E+03      0.5884415974090389E+05     -0.1441176819947283E+08      0.3551966782174728E+10     -0.8809043689295551E+12
  0.11200000E+03     -0.2458134482907151E+03      0.6080542321752728E+05     -0.1513505249847855E+08      0.3790556862954332E+10     -0.9551485100121899E+12
  0.11300000E+03     -0.2498434695536599E+03      0.6280672986969654E+05     -0.1588506673534136E+08      0.4041939719124179E+10     -0.1034619590369244E+13
  0.11400000E+03     -0.2538918726245988E+03      0.6484998926463458E+05     -0.1666320417941112E+08      0.4306938251199913E+10     -0.1119729996677416E+13
  0.11500000E+03     -0.2579583295888284E+03      0.6693528062938247E+05     -0.1746997795181493E+08      0.4586020866558221E+10     -0.1210764863788823E+13
  0.11600000E+03     -0.2620393193664240E+03      0.6906110389884381E+05     -0.1830532553873868E+08      0.4879480162272075E+10     -0.1307965213219907E+13
  0.11700000E+03     -0.2661354108639282E+03      0.7122831578308290E+05     -0.1917020266965115E+08      0.5188005916237988E+10     -0.1411720851484433E+13
  0.11800000E+03     -0.2702496624235154E+03      0.7343877739467990E+05     -0.2006587433547545E+08      0.5512384052150032E+10     -0.1522457414627109E+13
  0.11900000E+03     -0.2743734280916811E+03      0.7568804908218361E+05     -0.2099101869218787E+08      0.5852447888117564E+10     -0.1640270962593915E+13
  0.12000000E+03     -0.2785282747273576E+03      0.7798863636142685E+05     -0.2195150499740822E+08      0.6210772407597322E+10     -0.1766249244070495E+13
  0.12100000E+03     -0.2826768866254457E+03      0.8032032388016372E+05     -0.2293951710854061E+08      0.6584834287184359E+10     -0.1899698344247644E+13
  0.12200000E+03     -0.2868519131367710E+03      0.8270162385309406E+05     -0.2396339054844836E+08      0.6978131746822620E+10     -0.2042042948575095E+13
  0.12300000E+03     -0.2910398480287610E+03      0.8512514394540945E+05     -0.2502051022462693E+08      0.7390038087885550E+10     -0.2193250154596929E+13
  0.12400000E+03     -0.2952467501518553E+03      0.8759505989491369E+05     -0.2611343476154121E+08      0.7822007490702538E+10     -0.2354082792849021E+13
  0.12500000E+03     -0.2994809761725151E+03      0.9011659127117254E+05     -0.2724505638643977E+08      0.8275585417637414E+10     -0.2525328879926548E+13
  0.12600000E+03     -0.3037220543232403E+03      0.9267845439221796E+05     -0.2841115746717876E+08      0.8749592505401154E+10     -0.2706799635287733E+13
  0.12700000E+03     -0.3079796375047220E+03      0.9528619358900219E+05     -0.2961462051750710E+08      0.9245540964437910E+10     -0.2899277230436958E+13
  0.12800000E+03     -0.3122470967512388E+03      0.9793586812799258E+05     -0.3085409504387720E+08      0.9763235408637346E+10     -0.3102890567796157E+13
  0.12900000E+03     -0.3165272654907848E+03      0.1006303685090021E+06     -0.3213194114880202E+08      0.1030427742341501E+11     -0.3318586491571796E+13
  0.13000000E+03     -0.3208231082609393E+03      0.1033715772661716E+06     -0.3344953269420523E+08      0.1086964893128171E+11     -0.3546992812789357E+13
  0.13100000E+03     -0.3251434691589494E+03      0.1061656355201526E+06     -0.3481054137873351E+08      0.1146143726316627E+11     -0.3789240264460369E+13
  0.13200000E+03     -0.3294635822016053E+03      0.1089968994987723E+06     -0.3620800998125347E+08      0.1207711064603520E+11     -0.4044576657161356E+13
  0.13300000E+03     -0.3337988734208606E+03      0.1118758107727372E+06     -0.3764773414172015E+08      0.1271971246738033E+11     -0.4314552024505492E+13
  0.13400000E+03     -0.3381533709974919E+03      0.1148049201290409E+06     -0.3913142071492453E+08      0.1339041377177516E+11     -0.4599919935777795E+13
  0.13500000E+03     -0.3425358672829300E+03      0.1177915556455683E+06     -0.4066398631579406E+08      0.1409219834290703E+11     -0.4902364251296259E+13
  0.13600000E+03     -0.3469219455478554E+03      0.1208189527255091E+06     -0.4223729844838765E+08      0.1482179858833793E+11     -0.5220775902942389E+13
  0.13700000E+03     -0.3513137306773152E+03      0.1238885343332294E+06     -0.4385252935729761E+08      0.1558016704291942E+11     -0.5555838768449634E+13
  0.13800000E+03     -0.3557221470114498E+03      0.1270086781445570E+06     -0.4551499255690005E+08      0.1637046006728355E+11     -0.5909342104233070E+13
  0.13900000E+03     -0.3601415971588651E+03      0.1301755312270817E+06     -0.4722321087198083E+08      0.1719249081005183E+11     -0.6281539015693166E+13
  0.14000000E+03     -0.3645832474436957E+03      0.1333975482705751E+06     -0.4898253120819157E+08      0.1804946889521523E+11     -0.6674286722120514E+13
  0.14100000E+03     -0.3690375219683285E+03      0.1366686822910611E+06     -0.5079064708334346E+08      0.1894099689914322E+11     -0.7087844432984075E+13
  0.14200000E+03     -0.3735081291469048E+03      0.1399916685214746E+06     -0.5264960897795252E+08      0.1986861037892089E+11     -0.7523286457173953E+13
  0.14300000E+03     -0.3779940805814549E+03      0.1433666085024975E+06     -0.5456049430295875E+08      0.2083362861019454E+11     -0.7981725217599784E+13
  0.14400000E+03     -0.3824813771855434E+03      0.1467822485209352E+06     -0.5651703805296326E+08      0.2183319797368752E+11     -0.8462072530060907E+13
  0.14500000E+03     -0.3869965933565279E+03      0.1502600460843883E+06     -0.5853277963864326E+08      0.2287514648251871E+11     -0.8968657089138789E+13
  0.14600000E+03     -0.3915210886176089E+03      0.1537856874990875E+06     -0.6060000816316727E+08      0.2395607691037928E+11     -0.9500250851656000E+13
  0.14700000E+03     -0.3960669137304257E+03      0.1573694220016147E+06     -0.6272579676439369E+08      0.2508053225216013E+11     -0.1005964307097355E+14
  0.14800000E+03     -0.4006183180500743E+03      0.1609988839024574E+06     -0.6490338362870610E+08      0.2624552319374809E+11     -0.1064577889116852E+14
  0.14900000E+03     -0.4051853007953173E+03      0.1646825176545518E+06     -0.6713870982464927E+08      0.2745500732448057E+11     -0.1126119535035610E+14
  0.15000000E+03     -0.4097587210531742E+03      0.1684130178957359E+06     -0.6942792411073627E+08      0.2870750575622119E+11     -0.1190559411020596E+14
  0.15100000E+03     -0.4143546371084613E+03      0.1722041808184611E+06     -0.7178052480496658E+08      0.3000910569440187E+11     -0.1258273011040287E+14
  0.15200000E+03     -0.4189439325063581E+03      0.1760319365246564E+06     -0.7418212539713484E+08      0.3135247201574428E+11     -0.1328927773094404E+14
  0.15300000E+03     -0.4235608833282696E+03      0.1799248790883525E+06     -0.7665121279001306E+08      0.3274854937242313E+11     -0.1403146475477960E+14
  0.15400000E+03     -0.4282024508288038E+03      0.1838820995965783E+06     -0.7918887054602166E+08      0.3419923129184062E+11     -0.1481115891631089E+14
  0.15500000E+03     -0.4328460616106510E+03      0.1878841120789519E+06     -0.8178305168551581E+08      0.3569822917923855E+11     -0.1562548379260439E+14
  0.15600000E+03     -0.4374984877571530E+03      0.1919369713038831E+06     -0.8443840673594363E+08      0.3724898245396326E+11     -0.1647689484477003E+14
  0.15700000E+03     -0.4421688037409306E+03      0.1960486787248889E+06     -0.8716086579864936E+08      0.3885571629485373E+11     -0.1736832569817837E+14
  0.15800000E+03     -0.4468392216405203E+03      0.2002038444808496E+06     -0.8994101781878898E+08      0.4051368619317296E+11     -0.1829778514326393E+14
  0.15900000E+03     -0.4515263292426336E+03      0.2044176410636708E+06     -0.9278986467467874E+08      0.4223029862914062E+11     -0.1927008725532196E+14
  0.16000000E+03     -0.4562187940501171E+03      0.2086804863604384E+06     -0.9570198800932686E+08      0.4400331433233688E+11     -0.2028476116639345E+14
  0.16100000E+03     -0.4609263506429878E+03      0.2130016285378844E+06     -0.9868459281306979E+08      0.4583802754701981E+11     -0.2134556392230773E+14
  0.16200000E+03     -0.4656454304514356E+03      0.2173776231588462E+06     -0.1017358205640169E+09      0.4773400114301790E+11     -0.2245287255955842E+14
  0.16300000E+03     -0.4703617097721890E+03      0.2217951008149019E+06     -0.1048469077220654E+09      0.4968651803608752E+11     -0.2360457837198379E+14
  0.16400000E+03     -0.4750721670937784E+03      0.2262514794427567E+06     -0.1080168105339604E+09      0.5169578042357877E+11     -0.2480152195338180E+14
  0.16500000E+03     -0.4798004102980374E+03      0.2307696384576986E+06     -0.1112628527532037E+09      0.5377384940659599E+11     -0.2605177691656031E+14
  0.16600000E+03     -0.4845481629924112E+03      0.2353509191385451E+06     -0.1145864108990694E+09      0.5592227130818154E+11     -0.2735691247430907E+14
  0.16700000E+03     -0.4892981325881755E+03      0.2399799484216328E+06     -0.1179779140678669E+09      0.5813628520429939E+11     -0.2871514583891535E+14
  0.16800000E+03     -0.4940620473646977E+03      0.2446673729615259E+06     -0.1214452107471708E+09      0.6042144660187980E+11     -0.3013039262158519E+14
  0.16900000E+03     -0.4988320030491190E+03      0.2494068014271605E+06     -0.1249852682952940E+09      0.6277731138930012E+11     -0.3160360907893331E+14
  0.17000000E+03     -0.5036083155086427E+03      0.2541974018860905E+06     -0.1285972569853063E+09      0.6520361559205040E+11     -0.3313507488905039E+14
  0.17100000E+03     -0.5083850178103302E+03      0.2590339583240620E+06     -0.1322784420349872E+09      0.6769973651644352E+11     -0.3472541848371552E+14
  0.17200000E+03     -0.5131843041198371E+03      0.2639390159667824E+06     -0.1360466969469042E+09      0.7027871994692946E+11     -0.3638382081200151E+14
  0.17300000E+03     -0.5179692808795103E+03      0.2688755326490008E+06     -0.1398747400405572E+09      0.7292314877937329E+11     -0.3810017435241527E+14
  0.17400000E+03     -0.5227752438844650E+03      0.2738793396285346E+06     -0.1437905395941842E+09      0.7565290468184036E+11     -0.3988802742662623E+14
  0.17500000E+03     -0.5275701081412558E+03      0.2789179537145891E+06     -0.1477700776379310E+09      0.7845269051719455E+11     -0.4173861177508479E+14
  0.17600000E+03     -0.5323829534036994E+03      0.2840214389768568E+06     -0.1518373778812352E+09      0.8134006959202481E+11     -0.4366427750493060E+14
  0.17700000E+03     -0.5372015829448347E+03      0.2891771697360707E+06     -0.1559832838990267E+09      0.8430965223784732E+11     -0.4566248168489003E+14
  0.17800000E+03     -0.5420269876784388E+03      0.2943867631576865E+06     -0.1602101652608656E+09      0.8736433891469824E+11     -0.4773627482868314E+14
  0.17900000E+03     -0.5468679196213160E+03      0.2996595845210130E+06     -0.1645262661569720E+09      0.9051106421330602E+11     -0.4989137067186398E+14
  0.18000000E+03     -0.5517152435854940E+03      0.3049862951509951E+06     -0.1689251235547745E+09      0.9374647047792159E+11     -0.5212673289981470E+14
  0.18100000E+03     -0.5565634272799116E+03      0.3103613459539898E+06     -0.1734032196865796E+09      0.9706920723272534E+11     -0.5444259149526137E+14
  0.18200000E+03     -0.5614274736222700E+03      0.3158011970546248E+06     -0.1779748746994824E+09      0.1004909043510090E+12     -0.5684813629740369E+14
  0.18300000E+03     -0.5662933507243755E+03      0.3212898861482826E+06     -0.1826271054367829E+09      0.1040026549390447E+12     -0.5933801449868241E+14
  0.18400000E+03     -0.5711694635017913E+03      0.3268373274225441E+06     -0.1873693599669149E+09      0.1076128849609825E+12     -0.6191947203148824E+14
  0.18500000E+03     -0.5760539973138402E+03      0.3324419174177829E+06     -0.1922013474690533E+09      0.1113227139926892E+12     -0.6459463715817125E+14
  0.18600000E+03     -0.5809389292162822E+03      0.3380948300062105E+06     -0.1971164539221275E+09      0.1151283330837526E+12     -0.6736203636263560E+14
  0.18700000E+03     -0.5858191268383009E+03      0.3437891530844864E+06     -0.2021085113107276E+09      0.1190253713957198E+12     -0.7021916538247267E+14
  0.18800000E+03     -0.5907172977896712E+03      0.3495525436820788E+06     -0.2072035156402726E+09      0.1230360550471025E+12     -0.7318414772142886E+14
  0.18900000E+03     -0.5956350662286234E+03      0.3553871959367562E+06     -0.2124043350755727E+09      0.1271639000322357E+12     -0.7626089802129033E+14
  0.19000000E+03     -0.6005512624413477E+03      0.3612684677343426E+06     -0.2176901508539169E+09      0.1313938628087737E+12     -0.7943972862899862E+14
  0.19100000E+03     -0.6054889337600738E+03      0.3672235274315475E+06     -0.2230857035578697E+09      0.1357465416284707E+12     -0.8273712155566869E+14
  0.19200000E+03     -0.6104203467655022E+03      0.3732197523817635E+06     -0.2285629169435449E+09      0.1402010690326879E+12     -0.8613905975700494E+14
  0.19300000E+03     -0.6153781507099806E+03      0.3792971338937251E+06     -0.2341593040859451E+09      0.1447893321402080E+12     -0.8967138722547511E+14
  0.19400000E+03     -0.6203218258858926E+03      0.3854067390175576E+06     -0.2398312272577485E+09      0.1494773228228841E+12     -0.9330974259071242E+14
  0.19500000E+03     -0.6252760518116945E+03      0.3915779421972748E+06     -0.2456056451331475E+09      0.1542876659444159E+12     -0.9707241224673422E+14
  0.19600000E+03     -0.6302515539425464E+03      0.3978254403748777E+06     -0.2514982448665109E+09      0.1592356071034400E+12     -0.1009734634038166E+15
  0.19700000E+03     -0.6352215669411470E+03      0.4041142799112265E+06     -0.2574755394816709E+09      0.1642932161575314E+12     -0.1049915114630128E+15
  0.19800000E+03     -0.6402233983150844E+03      0.4104935818002757E+06     -0.2635867548452877E+09      0.1695048938680760E+12     -0.1091644865893250E+15
  0.19900000E+03     -0.6452338276243653E+03      0.4169340398648392E+06     -0.2698048750904209E+09      0.1748491508183413E+12     -0.1134769385338540E+15
  0.20000000E+03     -0.6502414848594441E+03      0.4234208822024539E+06     -0.2761162532968305E+09      0.1803154394239324E+12     -0.1179218316731391E+15
  0.20100000E+03     -0.6552696891462060E+03      0.4299848111166080E+06     -0.2825519645102176E+09      0.1859323357197770E+12     -0.1225242538315060E+15
  0.20200000E+03     -0.6603090542274763E+03      0.4366143994080852E+06     -0.2891023696989138E+09      0.1916934427765432E+12     -0.1272811400787135E+15
  0.20300000E+03     -0.6653651710563094E+03      0.4433168800081042E+06     -0.2957752719948252E+09      0.1976068811634529E+12     -0.1322007925267237E+15
  0.20400000E+03     -0.6704108764524792E+03      0.4500554659270343E+06     -0.3025340180679018E+09      0.2036407983012213E+12     -0.1372577736044507E+15
  0.20500000E+03     -0.6754856023638179E+03      0.4568851956560429E+06     -0.3094370079090691E+09      0.2098509076456979E+12     -0.1425023766256906E+15
  0.20600000E+03     -0.6806753615190205E+03      0.4639244765621554E+06     -0.3166074625018671E+09      0.2163520245204542E+12     -0.1480355628320698E+15
  0.20700000E+03     -0.6857654606412842E+03      0.4708793531003576E+06     -0.3237438374657481E+09      0.2228694553462776E+12     -0.1536229500702638E+15
  0.20800000E+03     -0.6908894564036485E+03      0.4779324126311624E+06     -0.3310344387257539E+09      0.2295768164952353E+12     -0.1594154451837067E+15
  0.20900000E+03     -0.6960498775607712E+03      0.4850897313452514E+06     -0.3384890572319620E+09      0.2364871024004990E+12     -0.1654283642041934E+15
  0.21000000E+03     -0.7011820971391568E+03      0.4922599932451819E+06     -0.3460116034644883E+09      0.2435110368641997E+12     -0.1715844549436385E+15
  0.21100000E+03     -0.7063306796677886E+03      0.4995062469853224E+06     -0.3536698820016969E+09      0.2507142488863349E+12     -0.1779439388278947E+15
  0.21200000E+03     -0.7114846076214653E+03      0.5068128141309646E+06     -0.3614479531913286E+09      0.2580830971614239E+12     -0.1844966300412866E+15
  0.21300000E+03     -0.7166404443954699E+03      0.5141752756893233E+06     -0.3693424263773401E+09      0.2656163957995839E+12     -0.1912439664796120E+15
  0.21400000E+03     -0.7218313633734286E+03      0.5216415805573520E+06     -0.3774061654707263E+09      0.2733667623585755E+12     -0.1982357237868964E+15
  0.21500000E+03     -0.7270237028042221E+03      0.5291639587074079E+06     -0.3855890854618029E+09      0.2812882782336270E+12     -0.2054331708515271E+15
  0.21600000E+03     -0.7322412035615706E+03      0.5367768896275689E+06     -0.3939296268394823E+09      0.2894198679338450E+12     -0.2128739594668884E+15
  0.21700000E+03     -0.7374624367682161E+03      0.5444495013636212E+06     -0.4023952393222269E+09      0.2977318474966350E+12     -0.2205335386036821E+15
  0.21800000E+03     -0.7426862512419341E+03      0.5521808630113130E+06     -0.4109866115854871E+09      0.3062274333394960E+12     -0.2284179969950057E+15
  0.21900000E+03     -0.7479355768774385E+03      0.5600048976270877E+06     -0.4197422748576321E+09      0.3149463861250711E+12     -0.2365665423276246E+15
  0.22000000E+03     -0.7531877239752590E+03      0.5678881438138279E+06     -0.4286260385282484E+09      0.3238547628160071E+12     -0.2449501961696176E+15
  0.22100000E+03     -0.7584558432875900E+03      0.5758506394239363E+06     -0.4376616925113297E+09      0.3329785003522376E+12     -0.2535961389113043E+15
  0.22200000E+03     -0.7637447005518829E+03      0.5839008447865663E+06     -0.4468611373906071E+09      0.3423328124915118E+12     -0.2625226395871496E+15
  0.22300000E+03     -0.7690506649976031E+03      0.5920330356717574E+06     -0.4562185132984681E+09      0.3519133528069557E+12     -0.2717279623996678E+15
  0.22400000E+03     -0.7743698832337690E+03      0.6002415221217036E+06     -0.4657283963809733E+09      0.3617166057240246E+12     -0.2812115322350540E+15
  0.22500000E+03     -0.7796897372634220E+03      0.6085079207954106E+06     -0.4753716437237146E+09      0.3717259768817460E+12     -0.2909612166654062E+15
  0.22600000E+03     -0.7850403248707426E+03      0.6168793272633213E+06     -0.4852044877603115E+09      0.3820021132805706E+12     -0.3010392159597771E+15
  0.22700000E+03     -0.7903848128736535E+03      0.6252980518331128E+06     -0.4951600182794254E+09      0.3924769365721060E+12     -0.3113815133224593E+15
  0.22800000E+03     -0.7957576747311206E+03      0.6338190872899967E+06     -0.5053049688569708E+09      0.4032233781864249E+12     -0.3220637079503560E+15
  0.22900000E+03     -0.8011382077617410E+03      0.6424100688260151E+06     -0.5156023117459043E+09      0.4142048054356465E+12     -0.3330529439022463E+15
  0.23000000E+03     -0.8065378240983058E+03      0.6510896054565487E+06     -0.5260757409187133E+09      0.4254489483869647E+12     -0.3443804118610449E+15
  0.23100000E+03     -0.8119566809382022E+03      0.6598585843412539E+06     -0.5367280233140363E+09      0.4369615910958463E+12     -0.3560557656973182E+15
  0.23200000E+03     -0.8173899308477696E+03      0.6687096761990804E+06     -0.5475518291971416E+09      0.4487375307221567E+12     -0.3680775124375605E+15
  0.23300000E+03     -0.8228381235905307E+03      0.6776444379525451E+06     -0.5585508462074474E+09      0.4607837737855741E+12     -0.3804569307926444E+15
  0.23400000E+03     -0.8282898649951095E+03      0.6866442129587104E+06     -0.5697030877381842E+09      0.4730783425564600E+12     -0.3931746466431216E+15
  0.23500000E+03     -0.8337632100540820E+03      0.6957391094068764E+06     -0.5810472229796982E+09      0.4856664452709748E+12     -0.4062811999430430E+15
  0.23600000E+03     -0.8392595949309025E+03      0.7049329139737382E+06     -0.5925906908481803E+09      0.4985604209751348E+12     -0.4197948008564324E+15
  0.23700000E+03     -0.8447773148416679E+03      0.7142231576722850E+06     -0.6043318727965239E+09      0.5117612255782083E+12     -0.4337205006707277E+15
  0.23800000E+03     -0.8502998182163261E+03      0.7235818526934452E+06     -0.6162362113898095E+09      0.5252320005120309E+12     -0.4480226543150746E+15
  0.23900000E+03     -0.8558536003793846E+03      0.7330552620602591E+06     -0.6283653181878743E+09      0.5390467522461094E+12     -0.4627856111599480E+15
  0.24000000E+03     -0.8614120293211166E+03      0.7425981688272110E+06     -0.6406625928553648E+09      0.5531436438610052E+12     -0.4779473294538159E+15
  0.24100000E+03     -0.8669899394464535E+03      0.7522363289833150E+06     -0.6531626078983587E+09      0.5675650462138156E+12     -0.4935575615593392E+15
  0.24200000E+03     -0.8725819597989181E+03      0.7619612927116966E+06     -0.6658565168324707E+09      0.5823043754692373E+12     -0.5096143759821434E+15
  0.24300000E+03     -0.8781929039398896E+03      0.7717819721756799E+06     -0.6787576830720429E+09      0.5973803388948950E+12     -0.5261429060261957E+15
  0.24400000E+03     -0.8838488767981389E+03      0.7817451830597974E+06     -0.6919301696234282E+09      0.6128720558066626E+12     -0.5432359402340582E+15
  0.24500000E+03     -0.8894904940897122E+03      0.7917461396546036E+06     -0.7052362461619692E+09      0.6286197130792279E+12     -0.5607208672484793E+15
  0.24600000E+03     -0.8951575512842103E+03      0.8018564522294158E+06     -0.7187736870988270E+09      0.6447432573499319E+12     -0.5787369723342318E+15
  0.24700000E+03     -0.9008646655471404E+03      0.8121031671413813E+06     -0.7325811028377857E+09      0.6612928303480013E+12     -0.5973463723062202E+15
  0.24800000E+03     -0.9065819207113918E+03      0.8224329716719942E+06     -0.7465882641633300E+09      0.6781874596163790E+12     -0.6164630441378010E+15
  0.24900000E+03     -0.9123092856768595E+03      0.8328464218930226E+06     -0.7607978678805889E+09      0.6954340735280472E+12     -0.6361004834589925E+15
  0.25000000E+03     -0.9180666391546418E+03      0.8433803334781446E+06     -0.7752622054973413E+09      0.7131000067073534E+12     -0.6563413164083378E+15
  0.25100000E+03     -0.9238399375528061E+03      0.8540100424727609E+06     -0.7899499530272295E+09      0.7311514755384280E+12     -0.6771535194600516E+15
  0.25200000E+03     -0.9296469158486965E+03      0.8647685232197652E+06     -0.8049082493821945E+09      0.7496497330971633E+12     -0.6986131204588295E+15
  0.25300000E+03     -0.9354756735079227E+03      0.8756353157711339E+06     -0.8201120222988095E+09      0.7685693823608972E+12     -0.7206988197396644E+15
  0.25400000E+03     -0.9413218193217123E+03      0.8866021917866903E+06     -0.8355508949281421E+09      0.7879003998795382E+12     -0.7434040032003440E+15
  0.25500000E+03     -0.9471923965893443E+03      0.8976835359616845E+06     -0.8512479208494313E+09      0.8076765953009237E+12     -0.7667758627586289E+15
  0.25600000E+03     -0.9530828179561630E+03      0.9088718452783156E+06     -0.8671953220660381E+09      0.8278932764807751E+12     -0.7908166671179834E+15
  0.25700000E+03     -0.9590135492618881E+03      0.9202066343937584E+06     -0.8834515834559596E+09      0.8486288987994583E+12     -0.8156267009535212E+15
  0.25800000E+03     -0.9649708916526299E+03      0.9316622891737408E+06     -0.8999819920555745E+09      0.8698432970936195E+12     -0.8411646506361544E+15
  0.25900000E+03     -0.9709432749991508E+03      0.9432185367946238E+06     -0.9167613956321871E+09      0.8915110495867117E+12     -0.8674100752563695E+15
  0.26000000E+03     -0.9769528629413046E+03      0.9549185748876921E+06     -0.9338542570587845E+09      0.9137192993280060E+12     -0.8944752406920394E+15
  0.26100000E+03     -0.9830044303124098E+03      0.9667733731048767E+06     -0.9512803480562682E+09      0.9365002819531411E+12     -0.9224094458118784E+15
  0.26200000E+03     -0.9890771884345068E+03      0.9787433768351501E+06     -0.9689845632825963E+09      0.9597876452656705E+12     -0.9511403921606734E+15
  0.26300000E+03     -0.9951758578574575E+03      0.9908382481274062E+06     -0.9869830471734275E+09      0.9836067950838224E+12     -0.9807066919075742E+15
  0.26400000E+03     -0.1001317649986474E+04      0.1003093947819471E+07     -0.1005333399757522E+10      0.1008041166024012E+13     -0.1011223076747164E+16
  0.26500000E+03     -0.1007490842389498E+04      0.1015487964324033E+07     -0.1024004581182319E+10      0.1033054761191029E+13     -0.1042653463439207E+16
  0.26600000E+03     -0.1013700695230060E+04      0.1028032280566067E+07     -0.1043018197015454E+10      0.1058683165923294E+13     -0.1075053258181459E+16
  0.26700000E+03     -0.1019944360997979E+04      0.1040723140615060E+07     -0.1062373039460961E+10      0.1084932754006010E+13     -0.1108443094242858E+16
  0.26800000E+03     -0.1026223588005853E+04      0.1053564713407992E+07     -0.1082077839043877E+10      0.1111820516837983E+13     -0.1142853581010616E+16
  0.26900000E+03     -0.1032527115649264E+04      0.1066534926018541E+07     -0.1102101672312380E+10      0.1139310285827984E+13     -0.1178248697324724E+16
  0.27000000E+03     -0.1038882672594731E+04      0.1079692763447558E+07     -0.1122540082271004E+10      0.1167541426084714E+13     -0.1214821065228106E+16
  0.27100000E+03     -0.1045270492959895E+04      0.1092998598049626E+07     -0.1143335045499652E+10      0.1196440758398071E+13     -0.1252487600246970E+16
  0.27200000E+03     -0.1051745419144654E+04      0.1106570115596288E+07     -0.1164677488273218E+10      0.1226285577483520E+13     -0.1291628199069734E+16
  0.27300000E+03     -0.1058214820347107E+04      0.1120213156011334E+07     -0.1186263651942757E+10      0.1256655519152155E+13     -0.1331700216143254E+16
  0.27400000E+03     -0.1064725155851073E+04      0.1134027166964134E+07     -0.1208254833351294E+10      0.1287785339087916E+13     -0.1373026701371744E+16
  0.27500000E+03     -0.1071304196237039E+04      0.1148073453348613E+07     -0.1230754100347796E+10      0.1319831057966460E+13     -0.1415831353264912E+16
  0.27600000E+03     -0.1077896565262019E+04      0.1162234573422545E+07     -0.1253576276066537E+10      0.1352535497579038E+13     -0.1459782587805654E+16
  0.27700000E+03     -0.1084538840373060E+04      0.1176590872837324E+07     -0.1276855426016715E+10      0.1386099794464171E+13     -0.1505166117404422E+16
  0.27800000E+03     -0.1091221147973897E+04      0.1191122841424096E+07     -0.1300564643062643E+10      0.1420494499128754E+13     -0.1551958158752040E+16
  0.27900000E+03     -0.1097938113669735E+04      0.1205820191827577E+07     -0.1324691190739852E+10      0.1455709550919545E+13     -0.1600159917615399E+16
  0.28000000E+03     -0.1104714019774457E+04      0.1220738141247435E+07     -0.1349330984289787E+10      0.1491895332188637E+13     -0.1649995112215076E+16
  0.28100000E+03     -0.1111536253463714E+04      0.1235851205948309E+07     -0.1374447581908711E+10      0.1529009363630991E+13     -0.1701424202446598E+16
  0.28200000E+03     -0.1118397997741505E+04      0.1251145780528681E+07     -0.1400022770579737E+10      0.1567034044755465E+13     -0.1754439586588345E+16
  0.28300000E+03     -0.1125308940416463E+04      0.1266645404691229E+07     -0.1426101096453111E+10      0.1606046169128193E+13     -0.1809167025037338E+16
  0.28400000E+03     -0.1132264047419926E+04      0.1282340683711500E+07     -0.1452671954968052E+10      0.1646040654866652E+13     -0.1865618706603336E+16
  0.28500000E+03     -0.1139260924119893E+04      0.1298228278343908E+07     -0.1479735209695994E+10      0.1687028631656385E+13     -0.1923830602653620E+16
  0.28600000E+03     -0.1146306408103459E+04      0.1314325082203752E+07     -0.1507324025340901E+10      0.1729070079082570E+13     -0.1983906139729384E+16
  0.28700000E+03     -0.1153394777146865E+04      0.1330620026655340E+07     -0.1535424953677410E+10      0.1772156086721981E+13     -0.2045853644565008E+16
  0.28800000E+03     -0.1160538527736564E+04      0.1347144465370886E+07     -0.1564098758440547E+10      0.1816393392159361E+13     -0.2109850832504195E+16
  0.28900000E+03     -0.1167722180387816E+04      0.1363864408803501E+07     -0.1593291807039873E+10      0.1861710877399941E+13     -0.2175816503584068E+16
  0.29000000E+03     -0.1174946473098189E+04      0.1380783193104659E+07     -0.1623014986837571E+10      0.1908136762690559E+13     -0.2243813234472400E+16
  0.29100000E+03     -0.1182229227938308E+04      0.1397944679752134E+07     -0.1653351368656528E+10      0.1955813750781201E+13     -0.2314074194808330E+16
  0.29200000E+03     -0.1189558305095632E+04      0.1415322594459275E+07     -0.1684260940760699E+10      0.2004692688740074E+13     -0.2386552499386664E+16
  0.29300000E+03     -0.1196926919922073E+04      0.1432902658514261E+07     -0.1715723884475522E+10      0.2054754782127843E+13     -0.2461244389356518E+16
  0.29400000E+03     -0.1204341200011610E+04      0.1450701514061540E+07     -0.1747776030943755E+10      0.2106070515265229E+13     -0.2538280855579524E+16
  0.29500000E+03     -0.1211822027111909E+04      0.1468771796681100E+07     -0.1780519136901909E+10      0.2158817886272231E+13     -0.2617957637373240E+16
  0.29600000E+03     -0.1219313512783290E+04      0.1486980293582888E+07     -0.1813717571959056E+10      0.2212630599918511E+13     -0.2699747583235556E+16
  0.29700000E+03     -0.1226869349978226E+04      0.1505459211914772E+07     -0.1847618045104025E+10      0.2267921875599515E+13     -0.2784305263918128E+16
  0.29800000E+03     -0.1234469750010127E+04      0.1524162622891746E+07     -0.1882143430474186E+10      0.2324581797119066E+13     -0.2871493334843050E+16
  0.29900000E+03     -0.1242110483789878E+04      0.1543081849547755E+07     -0.1917283540172563E+10      0.2382607527661347E+13     -0.2961335421341339E+16
  0.30000000E+03     -0.1249791956647463E+04      0.1562219632214475E+07     -0.1953049370492597E+10      0.2442031395632859E+13     -0.3053910343804048E+16
  0.30100000E+03     -0.1257509628108744E+04      0.1581566609187065E+07     -0.1989429790649194E+10      0.2502849992544601E+13     -0.3149243304966276E+16
  0.30200000E+03     -0.1265285513536150E+04      0.1601180398392108E+07     -0.2026540502119052E+10      0.2565273691597498E+13     -0.3247697916952465E+16
  0.30300000E+03     -0.1273108589764017E+04      0.1621035286888470E+07     -0.2064339626029162E+10      0.2629248162820328E+13     -0.3349221339223326E+16
  0.30400000E+03     -0.1280982088147927E+04      0.1641142141635812E+07     -0.2102855838602325E+10      0.2694840384256379E+13     -0.3453956936645518E+16
  0.30500000E+03     -0.1288878131205707E+04      0.1661430838272620E+07     -0.2141959754078986E+10      0.2761843358574696E+13     -0.3561603340595734E+16
  0.30600000E+03     -0.1296827505753262E+04      0.1681982969935281E+07     -0.2181816402759316E+10      0.2830558263167444E+13     -0.3672682156094356E+16
  0.30700000E+03     -0.1304800769345958E+04      0.1702724066515185E+07     -0.2222287594576165E+10      0.2900762807487964E+13     -0.3786868259921302E+16
  0.30800000E+03     -0.1312850301516525E+04      0.1723792717142559E+07     -0.2263651398494390E+10      0.2972957978226875E+13     -0.3905015504644052E+16
  0.30900000E+03     -0.1320917693038991E+04      0.1745038262857211E+07     -0.2305619458775551E+10      0.3046658812666915E+13     -0.4026368989485168E+16
  0.31000000E+03     -0.1329032359877372E+04      0.1766539855265305E+07     -0.2348354654691700E+10      0.3122168411301972E+13     -0.4151465110413414E+16
  0.31100000E+03     -0.1337186019101267E+04      0.1788277843240180E+07     -0.2391825723389522E+10      0.3199451009914085E+13     -0.4280286319220990E+16
  0.31200000E+03     -0.1345386691202709E+04      0.1810275122383259E+07     -0.2436084729285151E+10      0.3278616107214406E+13     -0.4413052992047965E+16
  0.31300000E+03     -0.1353630493241484E+04      0.1832523634191001E+07     -0.2481123496067442E+10      0.3359669342532288E+13     -0.4549818434059229E+16
  0.31400000E+03     -0.1361906432549674E+04      0.1854995852965664E+07     -0.2526894021122113E+10      0.3442544304746816E+13     -0.4690514551150011E+16
  0.31500000E+03     -0.1370211320530557E+04      0.1877684455548480E+07     -0.2573387494226722E+10      0.3527242220469021E+13     -0.4835182976222007E+16
  0.31600000E+03     -0.1378571569647557E+04      0.1900663909697555E+07     -0.2620764723226817E+10      0.3614077314558379E+13     -0.4984407561244305E+16
  0.31700000E+03     -0.1386959848065799E+04      0.1923860979377273E+07     -0.2668882122701870E+10      0.3702806421898130E+13     -0.5137815847912252E+16
  0.31800000E+03     -0.1395390255308684E+04      0.1947316134124970E+07     -0.2717830242583573E+10      0.3793615214796513E+13     -0.5295772442443991E+16
  0.31900000E+03     -0.1403869818422314E+04      0.1971051949751775E+07     -0.2767666105728452E+10      0.3886634534353338E+13     -0.5458560099856688E+16
  0.32000000E+03     -0.1412366273830752E+04      0.1994979256910915E+07     -0.2818208558905144E+10      0.3981544423486060E+13     -0.5625662643678122E+16
  0.32100000E+03     -0.1420910305055398E+04      0.2019185926330572E+07     -0.2869649989464566E+10      0.4078725795094390E+13     -0.5797797486398068E+16
  0.32200000E+03     -0.1429478376990658E+04      0.2043607700780517E+07     -0.2921862715668679E+10      0.4177961227374719E+13     -0.5974634099902506E+16
  0.32300000E+03     -0.1438098059147307E+04      0.2068324839162473E+07     -0.2975025732597085E+10      0.4279612246734938E+13     -0.6156867647632556E+16
  0.32400000E+03     -0.1446728883092771E+04      0.2093222829122521E+07     -0.3028899850868882E+10      0.4383242394458219E+13     -0.6343766181186013E+16
  0.32500000E+03     -0.1455422063072229E+04      0.2118451281125822E+07     -0.3083816730919689E+10      0.4489512380240234E+13     -0.6536575793327138E+16
  0.32600000E+03     -0.1464134582301203E+04      0.2143887846819060E+07     -0.3139519397613958E+10      0.4597950624922983E+13     -0.6734501283270285E+16
  0.32700000E+03     -0.1472883887335357E+04      0.2169584828355989E+07     -0.3196129375173298E+10      0.4708815088695924E+13     -0.6938066711618895E+16
  0.32800000E+03     -0.1481684874480432E+04      0.2195588057628552E+07     -0.3253756241768292E+10      0.4822345115135581E+13     -0.7147771457760757E+16
  0.32900000E+03     -0.1490504569068492E+04      0.2221802076993967E+07     -0.3312196898242898E+10      0.4938165271345723E+13     -0.7362982510926367E+16
  0.33000000E+03     -0.1499334465948748E+04      0.2248201684244398E+07     -0.3371399416765378E+10      0.5056189173497818E+13     -0.7583585097359459E+16
  0.33100000E+03     -0.1508239117958968E+04      0.2274983335438506E+07     -0.3431816285384535E+10      0.5177350976553658E+13     -0.7811400806448679E+16
  0.33200000E+03     -0.1517171755260366E+04      0.2302008323026170E+07     -0.3493143228365696E+10      0.5301066252034091E+13     -0.8045395120190046E+16
  0.33300000E+03     -0.1526123785217117E+04      0.2329252475921547E+07     -0.3555333841429253E+10      0.5427267107778903E+13     -0.8285504687171122E+16
  0.33400000E+03     -0.1535112977870678E+04      0.2356770638961292E+07     -0.3618519351964402E+10      0.5556240776052997E+13     -0.8532332372078258E+16
  0.33500000E+03     -0.1544124758591600E+04      0.2384520360956307E+07     -0.3682611608044532E+10      0.5687835224718341E+13     -0.8785657596196171E+16
  0.33600000E+03     -0.1553191513458097E+04      0.2412603604198528E+07     -0.3747855686152694E+10      0.5822582369347328E+13     -0.9046577041960686E+16
  0.33700000E+03     -0.1562274946025879E+04      0.2440902929208176E+07     -0.3813985967875342E+10      0.5959957800183265E+13     -0.9314139963084348E+16
  0.33800000E+03     -0.1571388973109736E+04      0.2469463901593135E+07     -0.3881118578873505E+10      0.6100232111673063E+13     -0.9588948726983856E+16
  0.33900000E+03     -0.1580527744909399E+04      0.2498269270216400E+07     -0.3949220076059671E+10      0.6243359808710717E+13     -0.9870980654674158E+16
  0.34000000E+03     -0.1589723263628221E+04      0.2527422182040900E+07     -0.4018544280765426E+10      0.6389904903766854E+13     -0.1016142630697444E+17
  0.34100000E+03     -0.1598926472910415E+04      0.2556768641128321E+07     -0.4088733293161626E+10      0.6539138207525695E+13     -0.1045891423041122E+17
  0.34200000E+03     -0.1608149606509618E+04      0.2586348618781019E+07     -0.4159889687032119E+10      0.6691302569049962E+13     -0.1076399768917209E+17
  0.34300000E+03     -0.1617432299174669E+04      0.2616291402177315E+07     -0.4232334413290370E+10      0.6847115671787085E+13     -0.1107819867019515E+17
  0.34400000E+03     -0.1626724099128895E+04      0.2646436535078546E+07     -0.4305689594335898E+10      0.7005797356991131E+13     -0.1140003050518229E+17
  0.34500000E+03     -0.1636049737842560E+04      0.2676864508242228E+07     -0.4380156505327493E+10      0.7167805077538622E+13     -0.1173048670850126E+17
  0.34600000E+03     -0.1645411791502400E+04      0.2707587136051046E+07     -0.4455777315258171E+10      0.7333270099893122E+13     -0.1206993744805088E+17
  0.34700000E+03     -0.1654780481875311E+04      0.2738506647948901E+07     -0.4532316161236028E+10      0.7501697563543428E+13     -0.1241743311382818E+17
  0.34800000E+03     -0.1664195007940226E+04      0.2769753711840890E+07     -0.4610104639078337E+10      0.7673845895236747E+13     -0.1277462009182251E+17
  0.34900000E+03     -0.1673613998123627E+04      0.2801193871374301E+07     -0.4688820111946236E+10      0.7849038846736983E+13     -0.1314019642252448E+17
  0.35000000E+03     -0.1683074773148014E+04      0.2832952054631202E+07     -0.4768781337005620E+10      0.8028010505629117E+13     -0.1351576901388601E+17
  0.35100000E+03     -0.1692572045151284E+04      0.2865012490260022E+07     -0.4849958642003744E+10      0.8210728233829982E+13     -0.1390136398185508E+17
  0.35200000E+03     -0.1702098514511350E+04      0.2897352990536409E+07     -0.4932307201477990E+10      0.8397128262507727E+13     -0.1429694951925070E+17
  0.35300000E+03     -0.1711637002982565E+04      0.2929916456269649E+07     -0.5015689905212019E+10      0.8586930705704127E+13     -0.1470202118210285E+17
  0.35400000E+03     -0.1721196404693921E+04      0.2962733334242038E+07     -0.5100190143165587E+10      0.8780349603243858E+13     -0.1511711278097116E+17
  0.35500000E+03     -0.1730812531148254E+04      0.2995929606654054E+07     -0.5186145418282321E+10      0.8978199574631895E+13     -0.1554408877392816E+17
  0.35600000E+03     -0.1740434576950701E+04      0.3029331922360388E+07     -0.5273117440849373E+10      0.9179508291886250E+13     -0.1598095591225294E+17
  0.35700000E+03     -0.1750079356658636E+04      0.3062998331594790E+07     -0.5361261886499382E+10      0.9384658967599934E+13     -0.1642862238237651E+17
  0.35800000E+03     -0.1759754820627433E+04      0.3096959064569248E+07     -0.5450669783053114E+10      0.9593903659367941E+13     -0.1688775329792158E+17
  0.35900000E+03     -0.1769453000726850E+04      0.3131187112784170E+07     -0.5541277956205411E+10      0.9807125723989598E+13     -0.1735818893330814E+17
  0.36000000E+03     -0.1779173313906757E+04      0.3165682215194542E+07     -0.5633095962925975E+10      0.1002438468841723E+14     -0.1784017084449136E+17
  0.36100000E+03     -0.1788901259030168E+04      0.3200394650085454E+07     -0.5726001610333050E+10      0.1024542852067513E+14     -0.1833325120726286E+17
  0.36200000E+03     -0.1798689150920328E+04      0.3235510430013841E+07     -0.5820496541696632E+10      0.1047147301434271E+14     -0.1884022130119828E+17
  0.36300000E+03     -0.1808456810506927E+04      0.3270745227897012E+07     -0.5915830121995211E+10      0.1070077037453820E+14     -0.1935729804632542E+17
  0.36400000E+03     -0.1818293486802993E+04      0.3306421846199968E+07     -0.6012883711669021E+10      0.1093547320468934E+14     -0.1988944014802469E+17
  0.36500000E+03     -0.1828137842295398E+04      0.3342320775066831E+07     -0.6111073944701348E+10      0.1117421797742570E+14     -0.2043369461298357E+17
  0.36600000E+03     -0.1837991960771076E+04      0.3378448715451362E+07     -0.6210422404300638E+10      0.1141707896952055E+14     -0.2099031210789031E+17
  0.36700000E+03     -0.1847880723143118E+04      0.3414899145289958E+07     -0.6311198061697761E+10      0.1166475677018769E+14     -0.2156102903149292E+17
  0.36800000E+03     -0.1857786297121465E+04      0.3451607465140297E+07     -0.6413231294336374E+10      0.1191687093460314E+14     -0.2214508581780709E+17
  0.36900000E+03     -0.1867707655187619E+04      0.3488571291738464E+07     -0.6516525233144166E+10      0.1217346762511115E+14     -0.2274271160835684E+17
  0.37000000E+03     -0.1877670244894530E+04      0.3525886539752204E+07     -0.6621356883596979E+10      0.1243527188038297E+14     -0.2335571508042058E+17
  0.37100000E+03     -0.1887628951228552E+04      0.3563386168647578E+07     -0.6727268331314056E+10      0.1270118325413381E+14     -0.2398165516742028E+17
  0.37200000E+03     -0.1897573965585846E+04      0.3601032080058070E+07     -0.6834154628936701E+10      0.1297095983935355E+14     -0.2462004835254962E+17
  0.37300000E+03     -0.1907602448243240E+04      0.3639193803495841E+07     -0.6943075841545175E+10      0.1324731964248330E+14     -0.2527746238370399E+17
  0.37400000E+03     -0.1917643010802729E+04      0.3677603134855205E+07     -0.7053282320063035E+10      0.1352841609592846E+14     -0.2594967280102514E+17
  0.37500000E+03     -0.1927663822086049E+04      0.3716138131695548E+07     -0.7164429708448170E+10      0.1381340035499899E+14     -0.2663475696276650E+17
  0.37600000E+03     -0.1937708051357266E+04      0.3754965326324784E+07     -0.7277005971520756E+10      0.1410355882233361E+14     -0.2733592973369868E+17
  0.37700000E+03     -0.1947797780860769E+04      0.3794170908253152E+07     -0.7391269535924734E+10      0.1439959534650335E+14     -0.2805502140645250E+17
  0.37800000E+03     -0.1957919326199493E+04      0.3833704836564050E+07     -0.7507089781869569E+10      0.1470122674443003E+14     -0.2879151662552464E+17
  0.37900000E+03     -0.1968001839272776E+04      0.3873289447806929E+07     -0.7623656672206137E+10      0.1500636837354346E+14     -0.2954042537438429E+17
  0.38000000E+03     -0.1978136866017410E+04      0.3913285604872506E+07     -0.7742043313548369E+10      0.1531787291841288E+14     -0.3030889569305226E+17
  0.38100000E+03     -0.1988286040397244E+04      0.3953543900635596E+07     -0.7861819671192166E+10      0.1563465750929466E+14     -0.3109441704610711E+17
  0.38200000E+03     -0.1998473926324154E+04      0.3994162634622591E+07     -0.7983287052880043E+10      0.1595755905249398E+14     -0.3189920507075425E+17
  0.38300000E+03     -0.2008712004284868E+04      0.4035189999408850E+07     -0.8106603139121527E+10      0.1628704959041459E+14     -0.3272460995888578E+17
  0.38400000E+03     -0.2018894926340785E+04      0.4076205825579167E+07     -0.8230517421299807E+10      0.1661983808997731E+14     -0.3356255602540697E+17
  0.38500000E+03     -0.2029091963573432E+04      0.4117485760903629E+07     -0.8355858899783107E+10      0.1695815803853720E+14     -0.3441872829564770E+17
  0.38600000E+03     -0.2039320295675495E+04      0.4159101254774169E+07     -0.8482856658641704E+10      0.1730267770621730E+14     -0.3529498774148663E+17
  0.38700000E+03     -0.2049609191750197E+04      0.4201173686899162E+07     -0.8611894530972368E+10      0.1765449217148731E+14     -0.3619430077008182E+17
  0.38800000E+03     -0.2059878110790792E+04      0.4243375299520721E+07     -0.8741978568905600E+10      0.1801093986155616E+14     -0.3711003237609936E+17
  0.38900000E+03     -0.2070210382174586E+04      0.4286050978728306E+07     -0.8874185905594995E+10      0.1837502867527711E+14     -0.3805010098797912E+17
  0.39000000E+03     -0.2080438356434261E+04      0.4328506407408740E+07     -0.9006366419577255E+10      0.1874085792862400E+14     -0.3899937148813743E+17
  0.39100000E+03     -0.2090767698233403E+04      0.4371594981233146E+07     -0.9141182611171146E+10      0.1911582975808710E+14     -0.3997718414393966E+17
  0.39200000E+03     -0.2101132793046297E+04      0.4415046849418722E+07     -0.9277808827727505E+10      0.1949771795259164E+14     -0.4097796456207007E+17
  0.39300000E+03     -0.2111426678437378E+04      0.4458412492338227E+07     -0.9414834698253422E+10      0.1988260727070540E+14     -0.4199157115733999E+17
  0.39400000E+03     -0.2121742611693313E+04      0.4502083935655203E+07     -0.9553502925722107E+10      0.2027401821657351E+14     -0.4302740315774982E+17
  0.39500000E+03     -0.2132089908883089E+04      0.4546101993774929E+07     -0.9693954032020823E+10      0.2067239678387159E+14     -0.4408682044480650E+17
  0.39600000E+03     -0.2142490633000959E+04      0.4590562866401878E+07     -0.9836509078607363E+10      0.2107871248800030E+14     -0.4517260782959786E+17
  0.39700000E+03     -0.2152864463067534E+04      0.4635123940344743E+07     -0.9980078592545292E+10      0.2148990487056370E+14     -0.4627675741432778E+17
  0.39800000E+03     -0.2163221322103141E+04      0.4679827821586862E+07     -0.1012480657355102E+11      0.2190642507557873E+14     -0.4740063682381060E+17
  0.39900000E+03     -0.2173650352046372E+04      0.4725061125765329E+07     -0.1027195742041263E+11      0.2233196808600466E+14     -0.4855441992513498E+17
  0.40000000E+03     -0.2184094700486929E+04      0.4770577234684848E+07     -0.1042073550482275E+11      0.2276427187753075E+14     -0.4973213205108054E+17
  0.40100000E+03     -0.2194497369840868E+04      0.4816128397089158E+07     -0.1057033983445782E+11      0.2320105422524210E+14     -0.5092773226703871E+17
  0.40200000E+03     -0.2204943807293961E+04      0.4862089161506348E+07     -0.1072200863071976E+11      0.2364597366990797E+14     -0.5215140830454022E+17
  0.40300000E+03     -0.2215355205033416E+04      0.4908113081484787E+07     -0.1087460636349868E+11      0.2409574177284326E+14     -0.5339428800161277E+17
  0.40400000E+03     -0.2225786814283099E+04      0.4954444100967797E+07     -0.1102894768269890E+11      0.2455279686564252E+14     -0.5466326766679676E+17
  0.40500000E+03     -0.2236264958463178E+04      0.5001200598339433E+07     -0.1118543872665657E+11      0.2501839701731188E+14     -0.5596205073929876E+17
  0.40600000E+03     -0.2246696828012221E+04      0.5047968896572347E+07     -0.1134270323792764E+11      0.2548849222467376E+14     -0.5727952040153043E+17
  0.40700000E+03     -0.2257185612012512E+04      0.5095211695459609E+07     -0.1150230433847878E+11      0.2596779740056791E+14     -0.5862906768462366E+17
  0.40800000E+03     -0.2267618607239382E+04      0.5142421383118704E+07     -0.1166253398298034E+11      0.2645122386929056E+14     -0.5999653694080060E+17
  0.40900000E+03     -0.2278188708839715E+04      0.5190474401030971E+07     -0.1182638602775414E+11      0.2694788359374687E+14     -0.6140798751876042E+17
  0.41000000E+03     -0.2288622287489550E+04      0.5238125243217059E+07     -0.1198961506951284E+11      0.2744493354308234E+14     -0.6282705210708010E+17
  0.41100000E+03     -0.2299134696567711E+04      0.5286356842587898E+07     -0.1215559317466319E+11      0.2795267878034735E+14     -0.6428331775747058E+17
  0.41200000E+03     -0.2309579860935596E+04      0.5334497319761697E+07     -0.1232200916410948E+11      0.2846407257074979E+14     -0.6575669976272260E+17
  0.41300000E+03     -0.2320060149401794E+04      0.5383020386015786E+07     -0.1249051415212970E+11      0.2898425179075714E+14     -0.6726224124014141E+17
  0.41400000E+03     -0.2330618432724048E+04      0.5432126861233871E+07     -0.1266182063765825E+11      0.2951548428374614E+14     -0.6880676649486502E+17
  0.41500000E+03     -0.2341144659070599E+04      0.5481305147887292E+07     -0.1283415168735956E+11      0.3005230505637337E+14     -0.7037458038347016E+17
  0.41600000E+03     -0.2351695617887973E+04      0.5530821789460633E+07     -0.1300845268580087E+11      0.3059771644057818E+14     -0.7197468333876246E+17
  0.41700000E+03     -0.2362199233026873E+04      0.5580338747927068E+07     -0.1318354154744900E+11      0.3114806605436444E+14     -0.7359656131426368E+17
  0.41800000E+03     -0.2372657075235538E+04      0.5629857539667528E+07     -0.1335940980967322E+11      0.3170330583386072E+14     -0.7524007420963027E+17
  0.41900000E+03     -0.2383276195867709E+04      0.5680364460306067E+07     -0.1353958817839848E+11      0.3227469239891339E+14     -0.7693893106940157E+17
  0.42000000E+03     -0.2393749098308125E+04      0.5730396266737396E+07     -0.1371886109005880E+11      0.3284572212142097E+14     -0.7864423614772139E+17
  0.42100000E+03     -0.2404271058274511E+04      0.5780883988904409E+07     -0.1390056502605233E+11      0.3342704646335588E+14     -0.8038793737749658E+17
  0.42200000E+03     -0.2414754425725866E+04      0.5831406628779782E+07     -0.1408319014996680E+11      0.3401387397360797E+14     -0.8215584527211149E+17
  0.42300000E+03     -0.2425321088736929E+04      0.5882553872412107E+07     -0.1426888332905096E+11      0.3461317524683112E+14     -0.8396924588011600E+17
  0.42400000E+03     -0.2435886669555734E+04      0.5933919845167566E+07     -0.1445618733523031E+11      0.3522032275193095E+14     -0.8581443437018594E+17
  0.42500000E+03     -0.2446425857242554E+04      0.5985377076486343E+07     -0.1464462818260598E+11      0.3583377283671982E+14     -0.8768676584758195E+17
  0.42600000E+03     -0.2456910929299711E+04      0.6036792277535830E+07     -0.1483373232190985E+11      0.3645205412227505E+14     -0.8958203333469706E+17
  0.42700000E+03     -0.2467408931705841E+04      0.6088489579454506E+07     -0.1502468170913338E+11      0.3707902018413641E+14     -0.9151208504619744E+17
  0.42800000E+03     -0.2477936799797825E+04      0.6140557140957171E+07     -0.1521782662100593E+11      0.3771592528276233E+14     -0.9348117418379309E+17
  0.42900000E+03     -0.2488433484124555E+04      0.6192691428984842E+07     -0.1541204217117039E+11      0.3835908670059188E+14     -0.9547806893398581E+17
  0.43000000E+03     -0.2498936482760641E+04      0.6245075405788053E+07     -0.1560800463145288E+11      0.3901074923655834E+14     -0.9750982635135208E+17
  0.43100000E+03     -0.2509422411378057E+04      0.6297597352772792E+07     -0.1580532134721295E+11      0.3966971412224560E+14     -0.9957311399824664E+17
  0.43200000E+03     -0.2519971147432507E+04      0.6350652611934445E+07     -0.1600546675653428E+11      0.4034089287014280E+14     -0.1016833445525210E+18
  0.43300000E+03     -0.2530470920774192E+04      0.6403686111896629E+07     -0.1620638056662263E+11      0.4101751253693119E+14     -0.1038197247739441E+18
  0.43400000E+03     -0.2540995819667538E+04      0.6457066686903478E+07     -0.1640944688025802E+11      0.4170421410007062E+14     -0.1059969205203288E+18
  0.43500000E+03     -0.2551355089465431E+04      0.6509822396550623E+07     -0.1661095794682949E+11      0.4238844649809030E+14     -0.1081751691207827E+18
  0.43600000E+03     -0.2561825678262144E+04      0.6563364135694908E+07     -0.1681631187930524E+11      0.4308859303907543E+14     -0.1104132409600959E+18
  0.43700000E+03     -0.2572370012986201E+04      0.6617503918249201E+07     -0.1702481046738527E+11      0.4380237441018358E+14     -0.1127042486977417E+18
  0.43800000E+03     -0.2582713930344602E+04      0.6670827928184444E+07     -0.1723099194505909E+11      0.4451105702162087E+14     -0.1149880218634563E+18
  0.43900000E+03     -0.2593198237390694E+04      0.6725098576127098E+07     -0.1744169906893929E+11      0.4523828162176363E+14     -0.1173412108750978E+18
  0.44000000E+03     -0.2603710263984114E+04      0.6779730718951187E+07     -0.1765465960165675E+11      0.4597622886115109E+14     -0.1197386664961653E+18
  0.44100000E+03     -0.2614029291435562E+04      0.6833577801747597E+07     -0.1786541297779963E+11      0.4670949569704589E+14     -0.1221305965028795E+18
  0.44200000E+03     -0.2624516671178953E+04      0.6888519490920049E+07     -0.1808129971869352E+11      0.4746358898350213E+14     -0.1246001764956959E+18
  0.44300000E+03     -0.2634984759303568E+04      0.6943580751826909E+07     -0.1829852687797887E+11      0.4822541793624185E+14     -0.1271051318056265E+18
  0.44400000E+03     -0.2645428583095432E+04      0.6998732113130598E+07     -0.1851697180815258E+11      0.4899455356017352E+14     -0.1296441328809804E+18
  0.44500000E+03     -0.2655856863004119E+04      0.7054020155114644E+07     -0.1873682810056873E+11      0.4977173414906755E+14     -0.1322198853486678E+18
  0.44600000E+03     -0.2666244078232296E+04      0.7109302083818320E+07     -0.1895750475850438E+11      0.5055481203068755E+14     -0.1348251547626557E+18
  0.44700000E+03     -0.2676373370105549E+04      0.7163423362568511E+07     -0.1917439787358715E+11      0.5132748982425180E+14     -0.1374059278602511E+18
  0.44800000E+03     -0.2686760713117995E+04      0.7219135072112157E+07     -0.1939851633053559E+11      0.5212895393837201E+14     -0.1400930637899485E+18
  0.44900000E+03     -0.2697169704370678E+04      0.7275180126197762E+07     -0.1962485299056295E+11      0.5294149939678042E+14     -0.1428279506413905E+18
  0.45000000E+03     -0.2707541110419485E+04      0.7331238242187086E+07     -0.1985211578852728E+11      0.5376051728358607E+14     -0.1455952579456487E+18
  0.45100000E+03     -0.2717814372665299E+04      0.7386976574621547E+07     -0.2007893946240705E+11      0.5458105357304778E+14     -0.1483782116766696E+18
  0.45200000E+03     -0.2728076286932588E+04      0.7442865850872844E+07     -0.2030724561862163E+11      0.5541010598033306E+14     -0.1512007857651149E+18
  0.45300000E+03     -0.2738428821001985E+04      0.7499462573051659E+07     -0.2053931872826662E+11      0.5625603415001378E+14     -0.1540917389209774E+18
  0.45400000E+03     -0.2748566332334631E+04      0.7555092590421652E+07     -0.2076828736522606E+11      0.5709379094033451E+14     -0.1569655541893510E+18
  0.45500000E+03     -0.2758753877674284E+04      0.7611201893255330E+07     -0.2100007448487629E+11      0.5794496626662998E+14     -0.1598960953932640E+18
  0.45600000E+03     -0.2769102295785077E+04      0.7668410639452774E+07     -0.2123728831590317E+11      0.5881933152316007E+14     -0.1629177502810814E+18
  0.45700000E+03     -0.2779234250134459E+04      0.7724628737733779E+07     -0.2147125185003176E+11      0.5968488815052322E+14     -0.1659199658182901E+18
  0.45800000E+03     -0.2789446074842660E+04      0.7781500183176931E+07     -0.2170881243792632E+11      0.6056701272279470E+14     -0.1689909998591732E+18
  0.45900000E+03     -0.2799668031477582E+04      0.7838635830364056E+07     -0.2194834768197913E+11      0.6145971582180971E+14     -0.1721102039371314E+18
  0.46000000E+03     -0.2809866970489230E+04      0.7895849288866254E+07     -0.2218907779267055E+11      0.6236012068571334E+14     -0.1752677102771708E+18
  0.46100000E+03     -0.2819794147046455E+04      0.7951733640350606E+07     -0.2242504052515328E+11      0.6324578988757048E+14     -0.1783844344668636E+18
  0.46200000E+03     -0.2829946940775389E+04      0.8009103331577228E+07     -0.2266818726222776E+11      0.6416186177828075E+14     -0.1816202937325323E+18
  0.46300000E+03     -0.2839895765591314E+04      0.8065515811421542E+07     -0.2290810787463202E+11      0.6506891983851506E+14     -0.1848354460047589E+18
  0.46400000E+03     -0.2850041924327171E+04      0.8123250697064161E+07     -0.2315452115009180E+11      0.6600381997155473E+14     -0.1881610110626079E+18
  0.46500000E+03     -0.2860036021513715E+04      0.8180319186867513E+07     -0.2339894190046841E+11      0.6693440238905817E+14     -0.1914827880253410E+18
  0.46600000E+03     -0.2870075802718640E+04      0.8237853658811672E+07     -0.2364624001432847E+11      0.6787930806709507E+14     -0.1948677584061876E+18
  0.46700000E+03     -0.2880037359318789E+04      0.8295138999854564E+07     -0.2389332653142792E+11      0.6882670076701465E+14     -0.1982734885991942E+18
  0.46800000E+03     -0.2890069314013820E+04      0.8353028893743942E+07     -0.2414388498321410E+11      0.6979073102228888E+14     -0.2017510223349077E+18
  0.46900000E+03     -0.2899833637896408E+04      0.8409566033745483E+07     -0.2438942067360290E+11      0.7073864897786639E+14     -0.2051820638713560E+18
  0.47000000E+03     -0.2909696448663000E+04      0.8466869485130729E+07     -0.2463913878135017E+11      0.7170602353353108E+14     -0.2086955515412878E+18
  0.47100000E+03     -0.2919687065041053E+04      0.8525109446585350E+07     -0.2489378605727023E+11      0.7269578910923288E+14     -0.2123023741921742E+18
  0.47200000E+03     -0.2929626507316788E+04      0.8583253861543009E+07     -0.2514890523533753E+11      0.7369085884425433E+14     -0.2159412146646984E+18
  0.47300000E+03     -0.2939455703867084E+04      0.8640945551402133E+07     -0.2540288409493568E+11      0.7468479191243938E+14     -0.2195880466245253E+18
  0.47400000E+03     -0.2949110027458693E+04      0.8697798827311987E+07     -0.2565400225356724E+11      0.7567078964936353E+14     -0.2232177628504589E+18
  0.47500000E+03     -0.2958819962787559E+04      0.8755166249085981E+07     -0.2590821855116049E+11      0.7667221067302495E+14     -0.2269162921059017E+18
  0.47600000E+03     -0.2968433778397308E+04      0.8812156654293241E+07     -0.2616161276652886E+11      0.7767374730257850E+14     -0.2306276765920230E+18
  0.47700000E+03     -0.2978167611526944E+04      0.8870041107539319E+07     -0.2641979657675116E+11      0.7869744400325423E+14     -0.2344331843325691E+18
  0.47800000E+03     -0.2987884986905378E+04      0.8928020756128225E+07     -0.2667926903532825E+11      0.7972968769426405E+14     -0.2382832866181548E+18
  0.47900000E+03     -0.2997496899605597E+04      0.8985553922907315E+07     -0.2693756374964900E+11      0.8076051930932394E+14     -0.2421403669982826E+18
  0.48000000E+03     -0.3007052868686076E+04      0.9042938011335226E+07     -0.2719602615942034E+11      0.8179537224869730E+14     -0.2460250806558648E+18
  0.48100000E+03     -0.3016509380077216E+04      0.9099907834647583E+07     -0.2745344945244103E+11      0.8282938536781833E+14     -0.2499191463233190E+18
  0.48200000E+03     -0.3026161855309844E+04      0.9158241782228976E+07     -0.2771786894297337E+11      0.8389485526324573E+14     -0.2539443541229823E+18
  0.48300000E+03     -0.3035579236976107E+04      0.9215325046727883E+07     -0.2797739253061744E+11      0.8494372237372980E+14     -0.2579186799777373E+18
  0.48400000E+03     -0.3045255090528365E+04      0.9274167022460161E+07     -0.2824578735917433E+11      0.8603199116588978E+14     -0.2620557905088785E+18
  0.48500000E+03     -0.3054397691116930E+04      0.9329936916587457E+07     -0.2850095117671496E+11      0.8706979137267247E+14     -0.2660131689430709E+18
  0.48600000E+03     -0.3063749263184407E+04      0.9387152431534680E+07     -0.2876351329076461E+11      0.8814088040057638E+14     -0.2701097176473296E+18
  0.48700000E+03     -0.3072814294800343E+04      0.9442782691027706E+07     -0.2901957329710609E+11      0.8918860590648298E+14     -0.2741290337144645E+18
  0.48800000E+03     -0.3082325636856455E+04      0.9501334181870684E+07     -0.2928992135507410E+11      0.9029825045453436E+14     -0.2783991885651484E+18
  0.48900000E+03     -0.3091358222238277E+04      0.9557103371949790E+07     -0.2954818657081049E+11      0.9136144566324581E+14     -0.2825027354252421E+18
  0.49000000E+03     -0.3100461146961326E+04      0.9613471411692945E+07     -0.2980998915845999E+11      0.9244235720454366E+14     -0.2866868673448557E+18
  0.49100000E+03     -0.3109642265844165E+04      0.9670487051019792E+07     -0.3007556055441868E+11      0.9354197990696094E+14     -0.2909556592017678E+18
  0.49200000E+03     -0.3118736933671041E+04      0.9727140702499909E+07     -0.3034026333076115E+11      0.9464140287875819E+14     -0.2952369094982700E+18
  0.49300000E+03     -0.3127823957823022E+04      0.9783907572498174E+07     -0.3060624839871843E+11      0.9574928818604656E+14     -0.2995633563134124E+18
  0.49400000E+03     -0.3137039392038850E+04      0.9841648229781756E+07     -0.3087760290466244E+11      0.9688290934061345E+14     -0.3040035121823332E+18
  0.49500000E+03     -0.3146238118095494E+04      0.9899451184671544E+07     -0.3115003708435984E+11      0.9802433737974805E+14     -0.3084871925629626E+18
  0.49600000E+03     -0.3154933984081988E+04      0.9954248790123506E+07     -0.3140903728611566E+11      0.9911255209888611E+14     -0.3127739493087816E+18
  0.49700000E+03     -0.3163928058552493E+04      0.1001108330124104E+08     -0.3167841218816709E+11      0.1002475045790727E+15     -0.3172572467772564E+18
  0.49800000E+03     -0.3172429945034577E+04      0.1006495654439258E+08     -0.3193445959656763E+11      0.1013292953911683E+15     -0.3215423926759739E+18
  0.49900000E+03     -0.3181565878227475E+04      0.1012301306328021E+08     -0.3221117827420078E+11      0.1025017648892295E+15     -0.3262000121906954E+18
  0.50000000E+03     -0.3189815301064805E+04      0.1017557889081399E+08     -0.3246240900344355E+11      0.1035691411002765E+15     -0.3304517019473725E+18
  0.50100000E+03     -0.3198426265204100E+04      0.1023059116239510E+08     -0.3272601606394453E+11      0.1046920133601922E+15     -0.3349360911593232E+18
  0.50200000E+03     -0.3206981696741426E+04      0.1028539956759294E+08     -0.3298937143976141E+11      0.1058169114641102E+15     -0.3394409785243851E+18
  0.50300000E+03     -0.3215455774734850E+04      0.1033982136879262E+08     -0.3325151734410284E+11      0.1069394186974679E+15     -0.3439474321451549E+18
  0.50400000E+03     -0.3224152371671451E+04      0.1039583049045503E+08     -0.3352207354048384E+11      0.1081012195969807E+15     -0.3486248397338067E+18
  0.50500000E+03     -0.3232734578147436E+04      0.1045125049328122E+08     -0.3379049913287293E+11      0.1092569519744249E+15     -0.3532902559984355E+18
  0.50600000E+03     -0.3241271392210643E+04      0.1050664670551782E+08     -0.3406014852990612E+11      0.1104238754463374E+15     -0.3580254189586327E+18
  0.50700000E+03     -0.3334563096108989E+04      0.1113228487292078E+08     -0.3720853100828424E+11      0.1245142249322464E+15     -0.4171747081393916E+18
  0.50800000E+03     -0.3448947080407837E+04      0.1190384621612854E+08     -0.4111392324325584E+11      0.1420948168100034E+15     -0.4914082375988636E+18
  0.50900000E+03     -0.3485328865096469E+04      0.1215227216447241E+08     -0.4238697108473089E+11      0.1478972495596521E+15     -0.5162174725824639E+18
  0.51000000E+03     -0.3506603219477110E+04      0.1229959989543735E+08     -0.4315258963524019E+11      0.1514357526122022E+15     -0.5315573852597979E+18
