  0.00000000E+00     -0.6508486337793833E-09      0.8176148970656780E-18     -0.9653783515620352E-27      0.1336581933415385E-35     -0.1904869972769862E-44
  0.10000000E+01     -0.6057406527710772E-03      0.3669217384168077E-06     -0.2222594133442546E-09      0.1346315621229302E-12     -0.8155181032385397E-16
  0.20000000E+01     -0.3786289883675677E-01      0.2250631135212737E-01     -0.1598750103458925E-01      0.1919923808447007E-01      0.4308843226138378E-02
  0.30000000E+01     -0.1118364184346975E+00      0.7642943313201621E-01     -0.6685915545765578E-01      0.9174583148813781E-01     -0.6660612079884028E-01
  0.40000000E+01     -0.2226270607032983E+00      0.1790128981972428E+00     -0.1922047948572716E+00      0.3070905671839603E+00     -0.4211581498307276E+00
  0.50000000E+01     -0.3705623464875926E+00      0.3559776976714121E+00     -0.4642314321981790E+00      0.8509962394251993E+00     -0.1644202400796944E+01
  0.60000000E+01     -0.5553553208123714E+00      0.6405283119899147E+00     -0.9991296735651353E+00      0.2092286974670395E+01     -0.5025470978214917E+01
  0.70000000E+01     -0.7773505665053394E+00      0.1074912130852401E+01     -0.1978303732542542E+01      0.4730336326334990E+01     -0.1330601376090503E+02
  0.80000000E+01     -0.1036590516468232E+01      0.1710947212369983E+01     -0.3680934066000227E+01      0.1001600880818896E+02     -0.3225751940203736E+02
  0.90000000E+01     -0.1333569573473397E+01      0.2607766294204239E+01     -0.6497533426158343E+01      0.2000681842874928E+02     -0.7275156767743147E+02
  0.10000000E+02     -0.1667576912513159E+01      0.3831249415259238E+01     -0.1096935437792015E+02      0.3805290204389092E+02     -0.1548867726675981E+03
  0.11000000E+02     -0.2039487706360382E+01      0.5460437865462199E+01     -0.1784900700978154E+02      0.6951357550413026E+02     -0.3150014243384289E+03
  0.12000000E+02     -0.2449860759660369E+01      0.7586566236133914E+01     -0.2815566548110941E+02      0.1226675660839273E+03     -0.6162704889115768E+03
  0.13000000E+02     -0.2897185016329149E+01      0.1029251172228779E+02     -0.4309420329526264E+02      0.2090210707111515E+03     -0.1158094600745448E+04
  0.14000000E+02     -0.3382183048818658E+01      0.1368480484163958E+02     -0.6429549537004854E+02      0.3458961376746255E+03     -0.2108234938604553E+04
  0.15000000E+02     -0.3906734207366367E+01      0.1789393175362131E+02     -0.9394318183847726E+02      0.5589361781551191E+03     -0.3737015586237533E+04
  0.16000000E+02     -0.4468917579842149E+01      0.2302350548214691E+02     -0.1344081835877240E+03      0.8810618568558821E+03     -0.6442489190516734E+04
  0.17000000E+02     -0.5070170845442532E+01      0.2922035204750732E+02     -0.1889155636583931E+03      0.1360286905216720E+04     -0.1085348979347987E+05
  0.18000000E+02     -0.5709537479620371E+01      0.3661409378712652E+02     -0.2610475123509027E+03      0.2057322641340495E+04     -0.1785061164416187E+05
  0.19000000E+02     -0.6388120245015419E+01      0.4536591432584811E+02     -0.3553408655164755E+03      0.3055871376533079E+04     -0.2876359827151292E+05
  0.20000000E+02     -0.7105756425981229E+01      0.5564141741271298E+02     -0.4771924692512132E+03      0.4465897733597228E+04     -0.4549402732965940E+05
  0.21000000E+02     -0.7861263534388745E+01      0.6757514700082365E+02     -0.6321388270029238E+03      0.6417074083566078E+04     -0.7055835612071479E+05
  0.22000000E+02     -0.8656146345163910E+01      0.8138219442310981E+02     -0.8279733603385274E+03      0.9096050455398898E+04     -0.1077650179301585E+06
  0.23000000E+02     -0.9492002825709369E+01      0.9728748137950440E+02     -0.1073667745062086E+04      0.1273762853619568E+05     -0.1622945715405107E+06
  0.24000000E+02     -0.1036811452988476E+02      0.1154691292752261E+03     -0.1378405839421948E+04      0.1761702873826986E+05     -0.2409293356487967E+06
  0.25000000E+02     -0.1128370108995601E+02      0.1361353160581204E+03     -0.1753345711228193E+04      0.2408752432650418E+05     -0.3528671448888351E+06
  0.26000000E+02     -0.1223890504005498E+02      0.1595056188648947E+03     -0.2211058193056135E+04      0.3258301693319394E+05     -0.5103925271363188E+06
  0.27000000E+02     -0.1323472044288317E+02      0.1858359714191763E+03     -0.2766291552262047E+04      0.4364146395655028E+05     -0.7297333137013944E+06
  0.28000000E+02     -0.1426917574121688E+02      0.2153018178173499E+03     -0.3433355067481779E+04      0.5785899707059375E+05     -0.1030598043526644E+07
  0.29000000E+02     -0.1534909345047394E+02      0.2483885667573871E+03     -0.4236664474052615E+04      0.7617238438860764E+05     -0.1444109200029034E+07
  0.30000000E+02     -0.1646741698254400E+02      0.2851423956152016E+03     -0.5191307287286485E+04      0.9939812363598541E+05     -0.2002514965176401E+07
  0.31000000E+02     -0.1762670802157029E+02      0.3259047170294406E+03     -0.6321092956808324E+04      0.1286555842546713E+06     -0.2749399435814170E+07
  0.32000000E+02     -0.1882899254428599E+02      0.3710692058493203E+03     -0.7655480141304985E+04      0.1654126359968011E+06     -0.3745444720522180E+07
  0.33000000E+02     -0.2007098699353599E+02      0.4207770137246376E+03     -0.9216915771857462E+04      0.2110525523691256E+06     -0.5055307500246733E+07
  0.34000000E+02     -0.2135620539095271E+02      0.4754913163997592E+03     -0.1104146236634902E+05      0.2675609196922340E+06     -0.6770661478478338E+07
  0.35000000E+02     -0.2268237704368530E+02      0.5354592459444613E+03     -0.1316181627462315E+05      0.3370730061278043E+06     -0.9000433376843680E+07
  0.36000000E+02     -0.2405269073428749E+02      0.6011716206931444E+03     -0.1562181571706251E+05      0.4223243344972637E+06     -0.1188677281406422E+08
  0.37000000E+02     -0.2546377806239298E+02      0.6728006943661662E+03     -0.1845597721757776E+05      0.5259800813996567E+06     -0.1558509155227822E+08
  0.38000000E+02     -0.2691900431940508E+02      0.7508950862456193E+03     -0.2171795325660391E+05      0.6517431263506879E+06     -0.2030834909249270E+08
  0.39000000E+02     -0.2841928133715843E+02      0.8359075579935533E+03     -0.2546280174909085E+05      0.8038242191074535E+06     -0.2631752071695040E+08
  0.40000000E+02     -0.2995984686354744E+02      0.9279117458504466E+03     -0.2972889567050221E+05      0.9859684831389292E+06     -0.3387519937415341E+08
  0.41000000E+02     -0.3154627235816616E+02      0.1027705429401384E+04     -0.3459779248073838E+05      0.1204479606820233E+07     -0.4339563377573699E+08
  0.42000000E+02     -0.3317299918766405E+02      0.1135254243258034E+04     -0.4010614723376433E+05      0.1463673476849428E+07     -0.5522118119546654E+08
  0.43000000E+02     -0.3484826596263817E+02      0.1251657484880789E+04     -0.4636633963232019E+05      0.1772726163064741E+07     -0.7000305844244541E+08
  0.44000000E+02     -0.3656405628073424E+02      0.1376731877982503E+04     -0.5341651637772677E+05      0.2137165093589998E+07     -0.8823573374729702E+08
  0.45000000E+02     -0.3832849508961858E+02      0.1511585092141040E+04     -0.6137887409654043E+05      0.2567899100266014E+07     -0.1107659400127476E+09
  0.46000000E+02     -0.4013335617423227E+02      0.1656026538726670E+04     -0.7030268656137477E+05      0.3072658427835302E+07     -0.1383524911361256E+09
  0.47000000E+02     -0.4198643376075714E+02      0.1811143586870590E+04     -0.8031790119888551E+05      0.3664155497434020E+07     -0.1720758415920897E+09
  0.48000000E+02     -0.4388308031116817E+02      0.1977136417824754E+04     -0.9151566994131210E+05      0.4354656998796831E+07     -0.2131505504330323E+09
  0.49000000E+02     -0.4582641828514667E+02      0.2154755473793347E+04     -0.1040198486702812E+06      0.5158705096523928E+07     -0.2629857547474649E+09
  0.50000000E+02     -0.4781120828474899E+02      0.2343970436170137E+04     -0.1179044602723363E+06      0.6088699779093660E+07     -0.3229860849574320E+09
  0.51000000E+02     -0.4984649364375129E+02      0.2546308663209404E+04     -0.1333783327445908E+06      0.7168183723596767E+07     -0.3954772490845363E+09
  0.52000000E+02     -0.5192529586298345E+02      0.2761632490148413E+04     -0.1505257161920220E+06      0.8413133109761426E+07     -0.4824334758213399E+09
  0.53000000E+02     -0.5405042986059173E+02      0.2990653165576452E+04     -0.1694885159500096E+06      0.9843598687337974E+07     -0.5861699274590924E+09
  0.54000000E+02     -0.5622374598087647E+02      0.3234277333619938E+04     -0.1904597732423138E+06      0.1148733945640070E+08     -0.7099549645357411E+09
  0.55000000E+02     -0.5844003692792141E+02      0.3492606036164655E+04     -0.2135697489630346E+06      0.1336879628415941E+08     -0.8570383563797185E+09
  0.56000000E+02     -0.6070181888818185E+02      0.3766399505530622E+04     -0.2389944416111022E+06      0.1551626528643133E+08     -0.1031112312106130E+10
  0.57000000E+02     -0.6300321986581299E+02      0.4055575273474912E+04     -0.2668529275554660E+06      0.1795600924441998E+08     -0.1236042317887676E+10
  0.58000000E+02     -0.6535495885697988E+02      0.4362045000512158E+04     -0.2974593978950087E+06      0.2073331527908313E+08     -0.1477641394626051E+10
  0.59000000E+02     -0.6775543056851177E+02      0.4686300031745148E+04     -0.3310086491535745E+06      0.2388565136478241E+08     -0.1761434545732192E+10
  0.60000000E+02     -0.7019634850432256E+02      0.5027886609485728E+04     -0.3676062748612789E+06      0.2744477189125217E+08     -0.2092886198887926E+10
  0.61000000E+02     -0.7268631068838313E+02      0.5388653148385126E+04     -0.4076078701683991E+06      0.3146889974252934E+08     -0.2480368605140842E+10
  0.62000000E+02     -0.7521772559091735E+02      0.5768196454369275E+04     -0.4511374780761037E+06      0.3599626430531973E+08     -0.2930844064327384E+10
  0.63000000E+02     -0.7779354476655395E+02      0.6167576935427162E+04     -0.4984847309747525E+06      0.4108420080965497E+08     -0.3453656723613063E+10
  0.64000000E+02     -0.8041277379189428E+02      0.6587345322331130E+04     -0.5499025577339343E+06      0.4679085930361097E+08     -0.4059034517972160E+10
  0.65000000E+02     -0.8307361307532852E+02      0.7027878964243204E+04     -0.6056233770515391E+06      0.5317375457014890E+08     -0.4757555697045378E+10
  0.66000000E+02     -0.8577970237800773E+02      0.7490274653793114E+04     -0.6659604099181480E+06      0.6030114393781023E+08     -0.5561541756523789E+10
  0.67000000E+02     -0.8852433243509299E+02      0.7974364600991920E+04     -0.7311364933497440E+06      0.6824138432056284E+08     -0.6484840436041877E+10
  0.68000000E+02     -0.9131715152323409E+02      0.8482386409277413E+04     -0.8016518069227233E+06      0.7709465661348847E+08     -0.7545359418242342E+10
  0.69000000E+02     -0.9415293447069067E+02      0.9014343755172851E+04     -0.8777692962785058E+06      0.8694258754425530E+08     -0.8760494706267408E+10
  0.70000000E+02     -0.9702514541362368E+02      0.9569380868680431E+04     -0.9595517978289792E+06      0.9783366579490380E+08     -0.1014314094057930E+11
  0.71000000E+02     -0.9994013760856231E+02      0.1014947249725992E+05     -0.1047542891982943E+07      0.1098922565365418E+09     -0.1171792709276428E+11
  0.72000000E+02     -0.1028883907221129E+03      0.1075344563616004E+05     -0.1141819383901683E+07      0.1231830161187147E+09     -0.1350278560967055E+11
  0.73000000E+02     -0.1058782203745745E+03      0.1138374902489794E+05     -0.1243029196397983E+07      0.1378548463553841E+09     -0.1552801253726402E+11
  0.74000000E+02     -0.1089069142398247E+03      0.1204031676055931E+05     -0.1351406611524460E+07      0.1540001694527908E+09     -0.1781749551353812E+11
  0.75000000E+02     -0.1119770912847611E+03      0.1272453878640221E+05     -0.1467473779610603E+07      0.1717627996792654E+09     -0.2040403501612174E+11
  0.76000000E+02     -0.1150783666549873E+03      0.1343488055813173E+05     -0.1591276909836389E+07      0.1912224232383313E+09     -0.2331340413569812E+11
  0.77000000E+02     -0.1182171121216147E+03      0.1417322415586172E+05     -0.1723395155490776E+07      0.2125365900275043E+09     -0.2658302628073392E+11
  0.78000000E+02     -0.1213943689471847E+03      0.1494066775502802E+05     -0.1864356426455412E+07      0.2358715572848701E+09     -0.3025489462593878E+11
  0.79000000E+02     -0.1246056852689352E+03      0.1573691820864568E+05     -0.2014446447878295E+07      0.2613620669018199E+09     -0.3436869580427536E+11
  0.80000000E+02     -0.1278480654143647E+03      0.1656159416678081E+05     -0.2173856155292400E+07      0.2891172837856042E+09     -0.3895945121683382E+11
  0.81000000E+02     -0.1311265421273365E+03      0.1741685062624289E+05     -0.2343368680596124E+07      0.3193705406098110E+09     -0.4408708019916296E+11
  0.82000000E+02     -0.1344368513395652E+03      0.1830215476210908E+05     -0.2523198632687846E+07      0.3522523413639880E+09     -0.4979499613846861E+11
  0.83000000E+02     -0.1377764772146753E+03      0.1921735287978009E+05     -0.2713639240011967E+07      0.3879145338849977E+09     -0.5613317438382589E+11
  0.84000000E+02     -0.1411535449671606E+03      0.2016544026379486E+05     -0.2915688590332342E+07      0.4266530241704551E+09     -0.6318021739703080E+11
  0.85000000E+02     -0.1445560855529859E+03      0.2114344297892165E+05     -0.3129020141997027E+07      0.4685054384260869E+09     -0.7096840510972115E+11
  0.86000000E+02     -0.1479859274664451E+03      0.2215266083128002E+05     -0.3354317756514216E+07      0.5137284046704991E+09     -0.7957618050214902E+11
  0.87000000E+02     -0.1514543360525807E+03      0.2319712909438555E+05     -0.3592883678045979E+07      0.5627104173179462E+09     -0.8911018744031804E+11
  0.88000000E+02     -0.1549450775425014E+03      0.2427288285351489E+05     -0.3844278361913107E+07      0.6155080080592145E+09     -0.9961971980535109E+11
  0.89000000E+02     -0.1584589102023332E+03      0.2537993956812317E+05     -0.4108683493730796E+07      0.6722422978861775E+09     -0.1111540275680661E+12
  0.90000000E+02     -0.1620077372184515E+03      0.2652281398020661E+05     -0.4387631371378520E+07      0.7333957972048262E+09     -0.1238535296147612E+12
  0.91000000E+02     -0.1655783368157374E+03      0.2769791553594578E+05     -0.4680663027242075E+07      0.7990131907171091E+09     -0.1377684302378845E+12
  0.92000000E+02     -0.1691835080278643E+03      0.2891030738499613E+05     -0.4989525030619678E+07      0.8696532786516926E+09     -0.1530650587023541E+12
  0.93000000E+02     -0.1728159069079610E+03      0.3015830495036101E+05     -0.5314267367992609E+07      0.9454983230827340E+09     -0.1698325726813657E+12
  0.94000000E+02     -0.1764517105706605E+03      0.3143339027525675E+05     -0.5652875602816902E+07      0.1026191176321731E+10     -0.1880314236292653E+12
  0.95000000E+02     -0.1801312409765265E+03      0.3275089692598523E+05     -0.6010004394862296E+07      0.1113040259239604E+10     -0.2080145319030387E+12
  0.96000000E+02     -0.1838228339806767E+03      0.3409975848555699E+05     -0.6383043505941547E+07      0.1205581154130183E+10     -0.2297314062056023E+12
  0.97000000E+02     -0.1875379741745470E+03      0.3548448817614056E+05     -0.6773607671431532E+07      0.1304371768968202E+10     -0.2533648164169871E+12
  0.98000000E+02     -0.1912737108142265E+03      0.3690449055407113E+05     -0.7181967149152400E+07      0.1409663441405894E+10     -0.2790352832290366E+12
  0.99000000E+02     -0.1950460386791954E+03      0.3836692914639065E+05     -0.7610812804202838E+07      0.1522392799628432E+10     -0.3070494099104254E+12
  0.10000000E+03     -0.1988279668949710E+03      0.3986143655087878E+05     -0.8057449414843366E+07      0.1642022260669219E+10     -0.3373352598404469E+12
  0.10100000E+03     -0.2026370132311471E+03      0.4139547648154752E+05     -0.8524586561323216E+07      0.1769488779926229E+10     -0.3702039966470497E+12
  0.10200000E+03     -0.2064560832711155E+03      0.4296253303719796E+05     -0.9010679235629501E+07      0.1904577200567049E+10     -0.4056750251152084E+12
  0.10300000E+03     -0.2103030643380969E+03      0.4457034205466323E+05     -0.9518576061580380E+07      0.2048291562605174E+10     -0.4440899791781433E+12
  0.10400000E+03     -0.2141618694787463E+03      0.4621248569297700E+05     -0.1004668144753638E+08      0.2200394800081017E+10     -0.4854667896982137E+12
  0.10500000E+03     -0.2180598149946157E+03      0.4790189317186477E+05     -0.1059991896330618E+08      0.2362622253462499E+10     -0.5303893811341419E+12
  0.10600000E+03     -0.2219596398408795E+03      0.4962233113157075E+05     -0.1117329182323897E+08      0.2533701300372686E+10     -0.5785853679406333E+12
  0.10700000E+03     -0.2258873954661226E+03      0.5138553207166749E+05     -0.1177114790852099E+08      0.2715163824848194E+10     -0.6305809197135548E+12
  0.10800000E+03     -0.2298356237331428E+03      0.5318925108693178E+05     -0.1239344015526159E+08      0.2907312160521788E+10     -0.6865810755696421E+12
  0.10900000E+03     -0.2337963095311083E+03      0.5502945947163306E+05     -0.1303904222535530E+08      0.3109998160470223E+10     -0.7466346482192007E+12
  0.11000000E+03     -0.2377591246698691E+03      0.5690227559124428E+05     -0.1370726934245785E+08      0.3323327394198631E+10     -0.8108989165688505E+12
  0.11100000E+03     -0.2417662340495274E+03      0.5882801672149548E+05     -0.1440587843965632E+08      0.3550052620242802E+10     -0.8803198636212106E+12
  0.11200000E+03     -0.2457859294089331E+03      0.6079205883906745E+05     -0.1513017728507089E+08      0.3788974209714644E+10     -0.9546664682136151E+12
  0.11300000E+03     -0.2498229611387407E+03      0.6279655733053688E+05     -0.1588127473305954E+08      0.4040680830760695E+10     -0.1034227040097878E+13
  0.11400000E+03     -0.2538640462052520E+03      0.6483560587025036E+05     -0.1665760336654782E+08      0.4304990657907429E+10     -0.1119091978994348E+13
  0.11500000E+03     -0.2579265172434844E+03      0.6691841112580086E+05     -0.1746323167129043E+08      0.4583609145199130E+10     -0.1209951870595884E+13
  0.11600000E+03     -0.2620058980845620E+03      0.6904313209106265E+05     -0.1829803445455666E+08      0.4876835056762071E+10     -0.1307060091112305E+13
  0.11700000E+03     -0.2661206435238188E+03      0.7121979866190774E+05     -0.1916652446606032E+08      0.5186594292229041E+10     -0.1411212506130889E+13
  0.11800000E+03     -0.2702534701295363E+03      0.7344047649749520E+05     -0.2006641645230638E+08      0.5512524897892842E+10     -0.1522485572308865E+13
  0.11900000E+03     -0.2743616464302176E+03      0.7568081773381222E+05     -0.2098770132405730E+08      0.5851097568276615E+10     -0.1639755940559381E+13
  0.12000000E+03     -0.2785200182450362E+03      0.7798358658694525E+05     -0.2194919238293776E+08      0.6209831479649350E+10     -0.1765890187626865E+13
  0.12100000E+03     -0.2826749904022905E+03      0.8031855566737978E+05     -0.2293846320249903E+08      0.6584316987849730E+10     -0.1899470406077176E+13
  0.12200000E+03     -0.2868575266348682E+03      0.8270440162165141E+05     -0.2396439500287801E+08      0.6978441259918488E+10     -0.2042125932215634E+13
  0.12300000E+03     -0.2910393649968933E+03      0.8512434207351939E+05     -0.2501992037647117E+08      0.7389709486284460E+10     -0.2193091176890969E+13
  0.12400000E+03     -0.2952377638954400E+03      0.8758901191540183E+05     -0.2611041237739070E+08      0.7820674182468578E+10     -0.2353533942722705E+13
  0.12500000E+03     -0.2994518792297321E+03      0.9009853850188335E+05     -0.2723662197217251E+08      0.8272068076978449E+10     -0.2523947910568570E+13
  0.12600000E+03     -0.3036961186560036E+03      0.9266168618456526E+05     -0.2840301170115455E+08      0.8746067303716394E+10     -0.2705365819644832E+13
  0.12700000E+03     -0.3079520617505301E+03      0.9526848368172724E+05     -0.2960604064294680E+08      0.9241825637193407E+10     -0.2897760961985205E+13
  0.12800000E+03     -0.3121999000462815E+03      0.9790580895387342E+05     -0.3083965100554612E+08      0.9757030193045160E+10     -0.3100377397648619E+13
  0.12900000E+03     -0.3164896602797913E+03      0.1006056169849517E+06     -0.3211966573289694E+08      0.1029884154959128E+11     -0.3316319982610155E+13
  0.13000000E+03     -0.3207854594333795E+03      0.1033465649392081E+06     -0.3343701836005578E+08      0.1086406130062242E+11     -0.3544644990480213E+13
  0.13100000E+03     -0.3251052343896429E+03      0.1061401554979954E+06     -0.3479775821818201E+08      0.1145571554193531E+11     -0.3786830624100125E+13
  0.13200000E+03     -0.3294301155105854E+03      0.1089742730757827E+06     -0.3619650167927961E+08      0.1207189252220634E+11     -0.4042352418315697E+13
  0.13300000E+03     -0.3337866219899222E+03      0.1118667356254781E+06     -0.3764272576031675E+08      0.1271726900506275E+11     -0.4313439526640691E+13
  0.13400000E+03     -0.3381439370801511E+03      0.1147979452885486E+06     -0.3912758387463799E+08      0.1338855017675464E+11     -0.4599076229352625E+13
  0.13500000E+03     -0.3425178156990929E+03      0.1177783320333278E+06     -0.4065675804720665E+08      0.1408870062207113E+11     -0.4900782825068639E+13
  0.13600000E+03     -0.3469072781711916E+03      0.1208080415947506E+06     -0.4223125534059799E+08      0.1481884193108018E+11     -0.5219427082063732E+13
  0.13700000E+03     -0.3513076530858750E+03      0.1238836180432534E+06     -0.4384960810064474E+08      0.1557864794697499E+11     -0.5555107111612744E+13
  0.13800000E+03     -0.3557246902364161E+03      0.1270100301841319E+06     -0.4551551199384768E+08      0.1637063047825738E+11     -0.5909393090315580E+13
  0.13900000E+03     -0.3601543552540211E+03      0.1301847347261339E+06     -0.4722827241784520E+08      0.1719500576288367E+11     -0.6282729043323470E+13
  0.14000000E+03     -0.3645843499933238E+03      0.1333987291221560E+06     -0.4898341786951866E+08      0.1805003501389551E+11     -0.6674615113627286E+13
  0.14100000E+03     -0.3690576681500821E+03      0.1366839965715999E+06     -0.5079943691806999E+08      0.1894551019245588E+11     -0.7090030264433929E+13
  0.14200000E+03     -0.3735463872955340E+03      0.1400211736894995E+06     -0.5266676627086601E+08      0.1987752416237729E+11     -0.7527649231045542E+13
  0.14300000E+03     -0.3780391289698007E+03      0.1434010383423989E+06     -0.5458031473667736E+08      0.2084381411340934E+11     -0.7986652989088707E+13
  0.14400000E+03     -0.3825326881594847E+03      0.1468223395371806E+06     -0.5654061534193154E+08      0.2184556573686348E+11     -0.8468175203310126E+13
  0.14500000E+03     -0.3870661923857605E+03      0.1503151527336085E+06     -0.5856560379618084E+08      0.2289257799599228E+11     -0.8977361338434404E+13
  0.14600000E+03     -0.3915958960239474E+03      0.1538453356848528E+06     -0.6063579009958474E+08      0.2397521479673145E+11     -0.9509875312599285E+13
  0.14700000E+03     -0.3961439591481923E+03      0.1574316607664556E+06     -0.6276358514350317E+08      0.2510096888893331E+11     -0.1007002606117247E+14
  0.14800000E+03     -0.4006890164691956E+03      0.1610566619019933E+06     -0.6493888591495839E+08      0.2626496086568548E+11     -0.1065577930083924E+14
  0.14900000E+03     -0.4052478432707928E+03      0.1647339841168105E+06     -0.6717052818758088E+08      0.2747252215879611E+11     -0.1127024881279250E+14
  0.15000000E+03     -0.4098370521738198E+03      0.1684780862002114E+06     -0.6946853499158020E+08      0.2873007527334777E+11     -0.1191737323911639E+14
  0.15100000E+03     -0.4144277218124629E+03      0.1722652170316703E+06     -0.7181882669122660E+08      0.3003050874709424E+11     -0.1259396169575054E+14
  0.15200000E+03     -0.4190236069596635E+03      0.1760989667158501E+06     -0.7422450040895064E+08      0.3137632721923168E+11     -0.1330188937829557E+14
  0.15300000E+03     -0.4236327186188631E+03      0.1799863428274632E+06     -0.7669070821583591E+08      0.3277113793874001E+11     -0.1404359158406088E+14
  0.15400000E+03     -0.4282627540605588E+03      0.1839338039640695E+06     -0.7922214718049502E+08      0.3421828249237323E+11     -0.1482139078565138E+14
  0.15500000E+03     -0.4329075036639894E+03      0.1879368450798854E+06     -0.8181703636468095E+08      0.3571771947548593E+11     -0.1563597376630436E+14
  0.15600000E+03     -0.4375455978465377E+03      0.1919771754109205E+06     -0.8446414488848692E+08      0.3726362863125912E+11     -0.1648470621607784E+14
  0.15700000E+03     -0.4421924799945957E+03      0.1960688494460267E+06     -0.8717373801140189E+08      0.3886300500419212E+11     -0.1737218532738949E+14
  0.15800000E+03     -0.4468763531317744E+03      0.2002368010632662E+06     -0.8996297493442035E+08      0.4052670056012997E+11     -0.1830502289043030E+14
  0.15900000E+03     -0.4515611344499525E+03      0.2044487489900515E+06     -0.9281073066908285E+08      0.4224274688850182E+11     -0.1927705310548321E+14
  0.16000000E+03     -0.4562536533244825E+03      0.2087119236026496E+06     -0.9572326600493729E+08      0.4401612402277387E+11     -0.2029199488287601E+14
  0.16100000E+03     -0.4609623985355665E+03      0.2130338266550154E+06     -0.9870617157520673E+08      0.4585088670595190E+11     -0.2135274957561968E+14
  0.16200000E+03     -0.4656530138079025E+03      0.2173839091133559E+06     -0.1017396937017246E+09      0.4773609938350919E+11     -0.2245392383041964E+14
  0.16300000E+03     -0.4703832232639787E+03      0.2218150198907260E+06     -0.1048607728529795E+09      0.4969511951938773E+11     -0.2360959553176361E+14
  0.16400000E+03     -0.4751008226064954E+03      0.2262783021689633E+06     -0.1080356955776318E+09      0.5170763558992754E+11     -0.2480852150494660E+14
  0.16500000E+03     -0.4798261551040387E+03      0.2307937924224091E+06     -0.1112798959581586E+09      0.5378457037363798E+11     -0.2605811913028716E+14
  0.16600000E+03     -0.4845523992383946E+03      0.2353545765798041E+06     -0.1145887702848960E+09      0.5592362067017109E+11     -0.2735763563918247E+14
  0.16700000E+03     -0.4892811397477797E+03      0.2399625175527563E+06     -0.1179645024849779E+09      0.5812711127619869E+11     -0.2870926169912079E+14
  0.16800000E+03     -0.4940408086270983E+03      0.2446455121720971E+06     -0.1214283213268691E+09      0.6040983886616537E+11     -0.3012290792938671E+14
  0.16900000E+03     -0.4987946863909796E+03      0.2493685888364348E+06     -0.1249558682776424E+09      0.6275716913842075E+11     -0.3159064905682923E+14
  0.17000000E+03     -0.5035645574172758E+03      0.2541529752149051E+06     -0.1285633354703288E+09      0.6518052941608488E+11     -0.3312030390951847E+14
  0.17100000E+03     -0.5083650867940347E+03      0.2590136497612069E+06     -0.1322628537517548E+09      0.6768905458163160E+11     -0.3471852676427355E+14
  0.17200000E+03     -0.5131539191631367E+03      0.2639082529934570E+06     -0.1360232741036396E+09      0.7026282502609877E+11     -0.3637368202145402E+14
  0.17300000E+03     -0.5179537571670585E+03      0.2688601650186427E+06     -0.1398633382404228E+09      0.7291564093549020E+11     -0.3809555148772338E+14
  0.17400000E+03     -0.5227525886920255E+03      0.2738567171551772E+06     -0.1437736149710070E+09      0.7564167026475925E+11     -0.3988105557217613E+14
  0.17500000E+03     -0.5275804537274082E+03      0.2789292252316181E+06     -0.1477793125579362E+09      0.7845943624548338E+11     -0.4174324622793276E+14
  0.17600000E+03     -0.5323951703094879E+03      0.2840354578105154E+06     -0.1518494494123942E+09      0.8134931776441562E+11     -0.4367092762294788E+14
  0.17700000E+03     -0.5372220547225369E+03      0.2892003108358382E+06     -0.1560029158044249E+09      0.8432446964423639E+11     -0.4567297739789815E+14
  0.17800000E+03     -0.5420620772911672E+03      0.2944256238049598E+06     -0.1602425034429219E+09      0.8738830369526474E+11     -0.4775295484908292E+14
  0.17900000E+03     -0.5469027013571001E+03      0.2996982907867531E+06     -0.1645586149183907E+09      0.9053512771699809E+11     -0.4990817413558624E+14
  0.18000000E+03     -0.5517451801209460E+03      0.3050199675343195E+06     -0.1689535591173408E+09      0.9376783772925822E+11     -0.5214180064612694E+14
  0.18100000E+03     -0.5566150391176626E+03      0.3104191665012184E+06     -0.1734518984008134E+09      0.9710570777334273E+11     -0.5446829988832617E+14
  0.18200000E+03     -0.5614597608774257E+03      0.3158370399902535E+06     -0.1780047609637899E+09      0.1005130867269929E+12     -0.5686359291541490E+14
  0.18300000E+03     -0.5663335952645028E+03      0.3213354360821605E+06     -0.1826658264039894E+09      0.1040319539096107E+12     -0.5935882624844624E+14
  0.18400000E+03     -0.5711819304135586E+03      0.3268509840086133E+06     -0.1873805467887102E+09      0.1076209994147279E+12     -0.6192496285971512E+14
  0.18500000E+03     -0.5760808414925880E+03      0.3324716371707221E+06     -0.1922259639775083E+09      0.1113407795885932E+12     -0.6460701477530178E+14
  0.18600000E+03     -0.5809334021940178E+03      0.3380861471206315E+06     -0.1971068519703740E+09      0.1151192573976555E+12     -0.6735420326715037E+14
  0.18700000E+03     -0.5858458324405100E+03      0.3438190409623207E+06     -0.2021335844605882E+09      0.1190440522951607E+12     -0.7023219784909007E+14
  0.18800000E+03     -0.5907215374008654E+03      0.3495561684147012E+06     -0.2072055074924158E+09      0.1230366625234974E+12     -0.7318388177609788E+14
  0.18900000E+03     -0.5956235763819229E+03      0.3553723332625018E+06     -0.2123900286816437E+09      0.1271517371392839E+12     -0.7625125453826894E+14
  0.19000000E+03     -0.6005450782384436E+03      0.3612600372234436E+06     -0.2176816714942711E+09      0.1313863753112723E+12     -0.7943358928587483E+14
  0.19100000E+03     -0.6054721876362689E+03      0.3672028652378409E+06     -0.2230666165948877E+09      0.1357308948126152E+12     -0.8272511552301925E+14
  0.19200000E+03     -0.6104015125761422E+03      0.3731966750795104E+06     -0.2285417336428941E+09      0.1401838071072344E+12     -0.8612589184573438E+14
  0.19300000E+03     -0.6153634954235616E+03      0.3792793432989255E+06     -0.2341431292151152E+09      0.1447762801999286E+12     -0.8966153012701169E+14
  0.19400000E+03     -0.6203234912447626E+03      0.3854084906957225E+06     -0.2398326019573371E+09      0.1494782775538511E+12     -0.9331036236514031E+14
  0.19500000E+03     -0.6252824142607176E+03      0.3915857336171394E+06     -0.2456128227678616E+09      0.1542935615239122E+12     -0.9707696623240259E+14
  0.19600000E+03     -0.6302484141302033E+03      0.3978200270761240E+06     -0.2514917447373779E+09      0.1592289722378765E+12     -0.1009672998402375E+15
  0.19700000E+03     -0.6352107546329366E+03      0.4040990348007882E+06     -0.2574595655394554E+09      0.1642784446863784E+12     -0.1049787780843683E+15
  0.19800000E+03     -0.6402060548226216E+03      0.4104710339131583E+06     -0.2635647836896515E+09      0.1694858744384246E+12     -0.1091490592982338E+15
  0.19900000E+03     -0.6452074328020393E+03      0.4168991255295900E+06     -0.2697702472542778E+09      0.1748186278251970E+12     -0.1134517162941605E+15
  0.20000000E+03     -0.6502144349558057E+03      0.4233845914750436E+06     -0.2760797307734967E+09      0.1802827583214626E+12     -0.1178944051748284E+15
  0.20100000E+03     -0.6552561903402637E+03      0.4299663534207895E+06     -0.2825330417859710E+09      0.1859150925296726E+12     -0.1225095204269109E+15
  0.20200000E+03     -0.6602845644481959E+03      0.4365815457961488E+06     -0.2890692904421702E+09      0.1916638119868829E+12     -0.1272562331529453E+15
  0.20300000E+03     -0.6653590981952881E+03      0.4433083814611053E+06     -0.2957664044236892E+09      0.1975986959304396E+12     -0.1321937370819584E+15
  0.20400000E+03     -0.6704083321534738E+03      0.4500528269079318E+06     -0.3025322191371701E+09      0.2036400275940457E+12     -0.1372578940271677E+15
  0.20500000E+03     -0.6754660116956912E+03      0.4568595715630123E+06     -0.3094119524245619E+09      0.2098292107745347E+12     -0.1424848375870077E+15
  0.20600000E+03     -0.6806812967890836E+03      0.4639315876871434E+06     -0.3166137638458787E+09      0.2163568943137851E+12     -0.1480389972276374E+15
  0.20700000E+03     -0.6857748535157033E+03      0.4708910909161931E+06     -0.3237547765494077E+09      0.2228784533269452E+12     -0.1536298266600854E+15
  0.20800000E+03     -0.6908841279699755E+03      0.4779242740520046E+06     -0.3310252175339441E+09      0.2295676096712371E+12     -0.1594068868071851E+15
  0.20900000E+03     -0.6960507089484956E+03      0.4850886725583648E+06     -0.3384856202537595E+09      0.2364817225435011E+12     -0.1654217462119655E+15
  0.21000000E+03     -0.7011750695818739E+03      0.4922480154660512E+06     -0.3459967627443184E+09      0.2434950453646071E+12     -0.1715685568406059E+15
  0.21100000E+03     -0.7063341662171972E+03      0.4995090346188556E+06     -0.3536705862342995E+09      0.2507127996458075E+12     -0.1779407914460079E+15
  0.21200000E+03     -0.7114759656626680E+03      0.5067987238340935E+06     -0.3614310240831174E+09      0.2580652565338487E+12     -0.1844791851195532E+15
  0.21300000E+03     -0.7166474862715997E+03      0.5141835956462498E+06     -0.3693495116902945E+09      0.2656214301125039E+12     -0.1912469520220104E+15
  0.21400000E+03     -0.7218198310676862E+03      0.5216231400133951E+06     -0.3773842337716431E+09      0.2733437329597605E+12     -0.1982131786743905E+15
  0.21500000E+03     -0.7270145669715174E+03      0.5291487993150362E+06     -0.3855704795937536E+09      0.2812681982093281E+12     -0.2054130288950501E+15
  0.21600000E+03     -0.7322083242862118E+03      0.5367273161285889E+06     -0.3938735699213003E+09      0.2893635214221179E+12     -0.2128208582504464E+15
  0.21700000E+03     -0.7374403853484498E+03      0.5444153756762175E+06     -0.4023556843000847E+09      0.2976911411720833E+12     -0.2204943053604887E+15
  0.21800000E+03     -0.7426678986333061E+03      0.5521519852607371E+06     -0.4109526117004912E+09      0.3061919216597645E+12     -0.2283832840921274E+15
  0.21900000E+03     -0.7479182220829249E+03      0.5599777416380789E+06     -0.4197104488973430E+09      0.3149132693267382E+12     -0.2365342669185158E+15
  0.22000000E+03     -0.7531915421751813E+03      0.5678930051948763E+06     -0.4286305479353766E+09      0.3238583249102567E+12     -0.2449526571714337E+15
  0.22100000E+03     -0.7584587035182067E+03      0.5758542648456580E+06     -0.4376650226847622E+09      0.3329810806478994E+12     -0.2535978526969588E+15
  0.22200000E+03     -0.7637544356232314E+03      0.5839147259762730E+06     -0.4468759351136199E+09      0.3423467831190120E+12     -0.2625349523651922E+15
  0.22300000E+03     -0.7690604373305489E+03      0.5920471492073378E+06     -0.4562337715594872E+09      0.3519279829617242E+12     -0.2717410790714053E+15
  0.22400000E+03     -0.7743743162058693E+03      0.6002481124548538E+06     -0.4657357576703290E+09      0.3617239301086231E+12     -0.2812183816288686E+15
  0.22500000E+03     -0.7797038520089528E+03      0.6085294098817228E+06     -0.4753962078596660E+09      0.3717509654005688E+12     -0.2909850778079357E+15
  0.22600000E+03     -0.7850405542043009E+03      0.6168790835871497E+06     -0.4852034809136025E+09      0.3820002949146173E+12     -0.3010366689998140E+15
  0.22700000E+03     -0.7903898742539938E+03      0.6253056317256045E+06     -0.4951684988178950E+09      0.3924853319505350E+12     -0.3113892626971654E+15
  0.22800000E+03     -0.7957670540330203E+03      0.6338335155382184E+06     -0.5053215730488045E+09      0.4032403132173591E+12     -0.3220798449402306E+15
  0.22900000E+03     -0.8011452768059012E+03      0.6424208409387612E+06     -0.5156145646515543E+09      0.4142171246608273E+12     -0.3330644779284022E+15
  0.23000000E+03     -0.8065595181318588E+03      0.6511241701184363E+06     -0.5261170312157201E+09      0.4254927763729424E+12     -0.3444240074704895E+15
  0.23100000E+03     -0.8119667379233197E+03      0.6598744417026447E+06     -0.5367467463941595E+09      0.4369812078918895E+12     -0.3560749980601951E+15
  0.23200000E+03     -0.8173880442863725E+03      0.6687060120088577E+06     -0.5475466086665375E+09      0.4487310280040999E+12     -0.3680700157329195E+15
  0.23300000E+03     -0.8228301225363415E+03      0.6776307474118016E+06     -0.5585332731938717E+09      0.4607637189982825E+12     -0.3804354690075074E+15
  0.23400000E+03     -0.8282722548518234E+03      0.6866149210131195E+06     -0.5696665152515540E+09      0.4730377208972215E+12     -0.3931323144277191E+15
  0.23500000E+03     -0.8337526933079098E+03      0.6957213667665652E+06     -0.5810247556445622E+09      0.4856411381275863E+12     -0.4062544580552671E+15
  0.23600000E+03     -0.8392375123017962E+03      0.7048950675501917E+06     -0.5925420051311579E+09      0.4985047078057576E+12     -0.4197349860739108E+15
  0.23700000E+03     -0.8447551581123753E+03      0.7141849737186662E+06     -0.6042824774640907E+09      0.5117043803276956E+12     -0.4336591220966628E+15
  0.23800000E+03     -0.8502629667967839E+03      0.7235182629066696E+06     -0.6161538559113863E+09      0.5251371268158799E+12     -0.4479201219062128E+15
  0.23900000E+03     -0.8558037136308061E+03      0.7329690339058402E+06     -0.6282534409601460E+09      0.5389176168998583E+12     -0.4626457558451235E+15
  0.24000000E+03     -0.8613622332320596E+03      0.7425114846385111E+06     -0.6405493284754221E+09      0.5530119899961111E+12     -0.4778037553119347E+15
  0.24100000E+03     -0.8669473202046207E+03      0.7521617534243033E+06     -0.6530646527389154E+09      0.5674505800969883E+12     -0.4934320563848760E+15
  0.24200000E+03     -0.8725451961011468E+03      0.7618966946212824E+06     -0.6657713072641608E+09      0.5822043744809060E+12     -0.5095042514985016E+15
  0.24300000E+03     -0.8781404287714170E+03      0.7716889368895818E+06     -0.6786338964778430E+09      0.5972338468604166E+12     -0.5259802804413129E+15
  0.24400000E+03     -0.8837935821114726E+03      0.7816459754190575E+06     -0.6917966061429000E+09      0.6127121361224385E+12     -0.5430563363446203E+15
  0.24500000E+03     -0.8894495957663607E+03      0.7916725390916412E+06     -0.7051368637798929E+09      0.6285003743499679E+12     -0.5605864590871408E+15
  0.24600000E+03     -0.8951168968934711E+03      0.8017830260031282E+06     -0.7186741772275527E+09      0.6446233232426785E+12     -0.5786013882711389E+15
  0.24700000E+03     -0.9008100729229498E+03      0.8120037060520010E+06     -0.7324450875379436E+09      0.6611273565652877E+12     -0.5971574834244748E+15
  0.24800000E+03     -0.9065336121104335E+03      0.8223445484509756E+06     -0.7464667560801313E+09      0.6780388881743158E+12     -0.6162925582838546E+15
  0.24900000E+03     -0.9122518925288302E+03      0.8327411082520883E+06     -0.7606527975577246E+09      0.6952562709085961E+12     -0.6358959816937058E+15
  0.25000000E+03     -0.9180016070560729E+03      0.8432607917770632E+06     -0.7750972373834611E+09      0.7128974406539043E+12     -0.6561078877858775E+15
  0.25100000E+03     -0.9237759446056984E+03      0.8538913248472223E+06     -0.7897845995638853E+09      0.7309465378874739E+12     -0.6769151376126969E+15
  0.25200000E+03     -0.9295849324746216E+03      0.8646529080968957E+06     -0.8047463502208184E+09      0.7494480089010054E+12     -0.6983772437403508E+15
  0.25300000E+03     -0.9354251490232497E+03      0.8755403200355716E+06     -0.8199779355886697E+09      0.7684009837678627E+12     -0.7205003514051269E+15
  0.25400000E+03     -0.9412768877294304E+03      0.8865173777482475E+06     -0.8354307231149778E+09      0.7877489220261400E+12     -0.7432248446278542E+15
  0.25500000E+03     -0.9471570770123110E+03      0.8976169058542599E+06     -0.8511535628419632E+09      0.8075577065037191E+12     -0.7666352917656242E+15
  0.25600000E+03     -0.9530625632983246E+03      0.9088334560390463E+06     -0.8671406947316033E+09      0.8278241036650481E+12     -0.7907344555018492E+15
  0.25700000E+03     -0.9589961195547965E+03      0.9201738739226449E+06     -0.8834053723093617E+09      0.8485709165748646E+12     -0.8155584435511992E+15
  0.25800000E+03     -0.9649433003612886E+03      0.9316096564267585E+06     -0.8999066391060841E+09      0.8697473340475571E+12     -0.8410499924841676E+15
  0.25900000E+03     -0.9709298587728256E+03      0.9431923946619119E+06     -0.9167231349947522E+09      0.8914611997887743E+12     -0.8673490920204946E+15
  0.26000000E+03     -0.9769490761730370E+03      0.9549110674372264E+06     -0.9338430640570055E+09      0.9137044258035229E+12     -0.8944566623161706E+15
  0.26100000E+03     -0.9829879664123872E+03      0.9667407018727763E+06     -0.9512316642002772E+09      0.9364357198244935E+12     -0.9223290806686341E+15
  0.26200000E+03     -0.9890491223538037E+03      0.9786870440868165E+06     -0.9688996801118646E+09      0.9596738443697656E+12     -0.9509972220477416E+15
  0.26300000E+03     -0.9951633861807489E+03      0.9908129360668282E+06     -0.9869444528209058E+09      0.9835544006801003E+12     -0.9806399008950648E+15
  0.26400000E+03     -0.1001302223924074E+04      0.1003062443215882E+07     -0.1005285079535730E+10      0.1007975203959270E+13     -0.1011138552526522E+16
  0.26500000E+03     -0.1007470549957921E+04      0.1015446231134365E+07     -0.1023940148377656E+10      0.1032966251385898E+13     -0.1042539372066938E+16
  0.26600000E+03     -0.1013677758394541E+04      0.1027985418596212E+07     -0.1042946335218611E+10      0.1058585136723107E+13     -0.1074927794074910E+16
  0.26700000E+03     -0.1019922427043588E+04      0.1040677978456968E+07     -0.1062303239163927E+10      0.1084836781019252E+13     -0.1108319279674050E+16
  0.26800000E+03     -0.1026200475663615E+04      0.1053516650052375E+07     -0.1082002842451031E+10      0.1111716450528489E+13     -0.1142718142712808E+16
  0.26900000E+03     -0.1032508570530495E+04      0.1066495976903391E+07     -0.1102040310838628E+10      0.1139224342213824E+13     -0.1178135827488887E+16
  0.27000000E+03     -0.1038844254660897E+04      0.1079612010496964E+07     -0.1122412727787920E+10      0.1167362822421086E+13     -0.1214586148918677E+16
  0.27100000E+03     -0.1045216900934126E+04      0.1092885790593189E+07     -0.1143156889554880E+10      0.1196190564832601E+13     -0.1252158073066507E+16
  0.27200000E+03     -0.1051712062953862E+04      0.1106499918144133E+07     -0.1164566658140904E+10      0.1226129990009472E+13     -0.1291423366931139E+16
  0.27300000E+03     -0.1058186521943486E+04      0.1120153170575981E+07     -0.1186168242088492E+10      0.1256520562472939E+13     -0.1331521164970709E+16
  0.27400000E+03     -0.1064702041044490E+04      0.1133977726130994E+07     -0.1208175485671067E+10      0.1287672092253710E+13     -0.1372875104786008E+16
  0.27500000E+03     -0.1071304151017490E+04      0.1148073209767192E+07     -0.1230753470326119E+10      0.1319829812152171E+13     -0.1415829213605912E+16
  0.27600000E+03     -0.1077890517060898E+04      0.1162221604057444E+07     -0.1253555408591917E+10      0.1352505638798118E+13     -0.1459742514487948E+16
  0.27700000E+03     -0.1084544627740251E+04      0.1176603759335024E+07     -0.1276876938201967E+10      0.1386131704230167E+13     -0.1505210476482374E+16
  0.27800000E+03     -0.1091243293632544E+04      0.1191171464876660E+07     -0.1300644721487787E+10      0.1420611740971702E+13     -0.1552119100784334E+16
  0.27900000E+03     -0.1097952508620190E+04      0.1205852295766782E+07     -0.1324744904150904E+10      0.1455789454986827E+13     -0.1600271382999327E+16
  0.28000000E+03     -0.1104720822068065E+04      0.1220753612617485E+07     -0.1349357387638495E+10      0.1491935402480829E+13     -0.1650052146284353E+16
  0.28100000E+03     -0.1111526531153872E+04      0.1235829826979706E+07     -0.1374412346113781E+10      0.1528957778480918E+13     -0.1701353455610583E+16
  0.28200000E+03     -0.1118386862512686E+04      0.1251120940936186E+07     -0.1399981216841249E+10      0.1566972260840818E+13     -0.1754353475928906E+16
  0.28300000E+03     -0.1125285079472202E+04      0.1266591410794765E+07     -0.1426009451352208E+10      0.1605907886459663E+13     -0.1808971391202458E+16
  0.28400000E+03     -0.1132230309158997E+04      0.1282264058295206E+07     -0.1452541403051357E+10      0.1645842894136494E+13     -0.1865337796768948E+16
  0.28500000E+03     -0.1139223455104920E+04      0.1298142468132937E+07     -0.1479587775387955E+10      0.1686803396334984E+13     -0.1923507919815321E+16
  0.28600000E+03     -0.1146278189110870E+04      0.1314260342803109E+07     -0.1507212594865478E+10      0.1728899536124432E+13     -0.1983661356299708E+16
  0.28700000E+03     -0.1153361214174835E+04      0.1330542508562227E+07     -0.1535290631871835E+10      0.1771949131168339E+13     -0.2045554611811758E+16
  0.28800000E+03     -0.1160499359190826E+04      0.1347053336397250E+07     -0.1563939687656783E+10      0.1816146489564977E+13     -0.2109491425821173E+16
  0.28900000E+03     -0.1167681338082008E+04      0.1363768583963691E+07     -0.1593123135126987E+10      0.1861446885800282E+13     -0.2175429028723404E+16
  0.29000000E+03     -0.1174908487064044E+04      0.1380693237013424E+07     -0.1622855173935575E+10      0.1907884325419271E+13     -0.2243439314389878E+16
  0.29100000E+03     -0.1182193043308424E+04      0.1397858278066647E+07     -0.1653196608258922E+10      0.1955567304035561E+13     -0.2313706205123060E+16
  0.29200000E+03     -0.1189529708876860E+04      0.1415253982600784E+07     -0.1684137442423946E+10      0.2004495046201926E+13     -0.2386255892814572E+16
  0.29300000E+03     -0.1196893280601089E+04      0.1432821538819030E+07     -0.1715577135309271E+10      0.2054518744442476E+13     -0.2460888375304768E+16
  0.29400000E+03     -0.1204313173920094E+04      0.1450633551470661E+07     -0.1747652401577409E+10      0.2105870573471841E+13     -0.2537977648568842E+16
  0.29500000E+03     -0.1211863728732781E+04      0.1468872911653894E+07     -0.1780703036118515E+10      0.2159115211158592E+13     -0.2618408342202728E+16
  0.29600000E+03     -0.1219347574666670E+04      0.1487063252060901E+07     -0.1813869118981432E+10      0.2212876700789993E+13     -0.2700122280142502E+16
  0.29700000E+03     -0.1226887586715499E+04      0.1505503522495419E+07     -0.1847698790327076E+10      0.2268052660723901E+13     -0.2784503851646132E+16
  0.29800000E+03     -0.1234490237605480E+04      0.1524212381555659E+07     -0.1882234043274388E+10      0.2324728430094789E+13     -0.2871715722236932E+16
  0.29900000E+03     -0.1242120659352557E+04      0.1543106203701205E+07     -0.1917327188672110E+10      0.2382676944931381E+13     -0.2961438725144156E+16
  0.30000000E+03     -0.1249808504804860E+04      0.1562260667661052E+07     -0.1953125681773847E+10      0.2442157526922337E+13     -0.3054105770301046E+16
  0.30100000E+03     -0.1257547210635798E+04      0.1581660847467356E+07     -0.1989607025204746E+10      0.2503146294865992E+13     -0.3149707724874616E+16
  0.30200000E+03     -0.1265310621259520E+04      0.1601243088222067E+07     -0.2026657863891842E+10      0.2565468933915271E+13     -0.3248002323430108E+16
  0.30300000E+03     -0.1273123526930949E+04      0.1621072941356231E+07     -0.2064410819217603E+10      0.2629367814751288E+13     -0.3349409870581854E+16
  0.30400000E+03     -0.1280979394254692E+04      0.1641135263373627E+07     -0.2102842657770487E+10      0.2694817915983501E+13     -0.3453921003611855E+16
  0.30500000E+03     -0.1288893703771375E+04      0.1661471072967455E+07     -0.2142037727129876E+10      0.2761977689726229E+13     -0.3561820320756348E+16
  0.30600000E+03     -0.1296841767222562E+04      0.1682020026874967E+07     -0.2181888629662338E+10      0.2830683415377658E+13     -0.3672885490852576E+16
  0.30700000E+03     -0.1304827664559778E+04      0.1702794107369719E+07     -0.2222424416646554E+10      0.2901000423707106E+13     -0.3787255192860409E+16
  0.30800000E+03     -0.1312828568528083E+04      0.1723735770969650E+07     -0.2263539461568614E+10      0.2972762349182800E+13     -0.3904694900299062E+16
  0.30900000E+03     -0.1320899342376472E+04      0.1744990188236946E+07     -0.2305524982807180E+10      0.3046493747056041E+13     -0.4026098563961718E+16
  0.31000000E+03     -0.1329017633607433E+04      0.1766500827960477E+07     -0.2348277061051816E+10      0.3122031243322095E+13     -0.4151237719429788E+16
  0.31100000E+03     -0.1337189826127784E+04      0.1788288258130964E+07     -0.2391847074495376E+10      0.3199489886545593E+13     -0.4280352632614676E+16
  0.31200000E+03     -0.1345389254205631E+04      0.1810281697064744E+07     -0.2436097336484070E+10      0.3278637515135940E+13     -0.4413086925954994E+16
  0.31300000E+03     -0.1353627160157593E+04      0.1832513995918677E+07     -0.2481102669919208E+10      0.3359629472002549E+13     -0.4549747081108555E+16
  0.31400000E+03     -0.1361900572047411E+04      0.1854979274429236E+07     -0.2526858885129874E+10      0.3442478178642350E+13     -0.4690397987616083E+16
  0.31500000E+03     -0.1370222434324077E+04      0.1877714731174593E+07     -0.2573449363325809E+10      0.3527354627137991E+13     -0.4835374478202091E+16
  0.31600000E+03     -0.1378551011866409E+04      0.1900606864852749E+07     -0.2620645999560363E+10      0.3613857667334846E+13     -0.4984026577913827E+16
  0.31700000E+03     -0.1386955286448427E+04      0.1923848121081355E+07     -0.2668854940029860E+10      0.3702755343746789E+13     -0.5137725869131765E+16
  0.31800000E+03     -0.1395404033052805E+04      0.1947354494505976E+07     -0.2717910337956375E+10      0.3793763854922039E+13     -0.5296031019951103E+16
  0.31900000E+03     -0.1403867085060145E+04      0.1971043880599994E+07     -0.2767648274051133E+10      0.3886599568199966E+13     -0.5458495922503819E+16
  0.32000000E+03     -0.1412374434675734E+04      0.1995002098621003E+07     -0.2818256503704702E+10      0.3981633868847914E+13     -0.5625819066130209E+16
  0.32100000E+03     -0.1420899312811015E+04      0.2019154569541731E+07     -0.2869582890780434E+10      0.4078598145496196E+13     -0.5797569782028147E+16
  0.32200000E+03     -0.1429480176201226E+04      0.2043612643373667E+07     -0.2921872886862525E+10      0.4177979808603688E+13     -0.5974665878560892E+16
  0.32300000E+03     -0.1438073456268353E+04      0.2068253791459915E+07     -0.2974871846189727E+10      0.4279315952546976E+13     -0.6156332784409991E+16
  0.32400000E+03     -0.1446705582021944E+04      0.2093154859780159E+07     -0.3028751149123147E+10      0.4382953212100446E+13     -0.6343238945601172E+16
  0.32500000E+03     -0.1455412142154630E+04      0.2118422526188787E+07     -0.3083754212024537E+10      0.4489391533809962E+13     -0.6536356763655209E+16
  0.32600000E+03     -0.1464125734078632E+04      0.2143861843827482E+07     -0.3139462076677663E+10      0.4597838291096875E+13     -0.6734294870104671E+16
  0.32700000E+03     -0.1472871027787722E+04      0.2169546773139082E+07     -0.3196044900559510E+10      0.4708648384122346E+13     -0.6937758249760476E+16
  0.32800000E+03     -0.1481689661063714E+04      0.2195602208004757E+07     -0.3253787617543148E+10      0.4822406958773058E+13     -0.7147885744894057E+16
  0.32900000E+03     -0.1490515139876651E+04      0.2221833324475148E+07     -0.3312266181022944E+10      0.4938301832553754E+13     -0.7363234886305081E+16
  0.33000000E+03     -0.1499354961344172E+04      0.2248263176643037E+07     -0.3371537805944006E+10      0.5056466049340539E+13     -0.7584104488377835E+16
  0.33100000E+03     -0.1508224950107543E+04      0.2274940647118806E+07     -0.3431719811556920E+10      0.5177157159738142E+13     -0.7811035734384866E+16
  0.33200000E+03     -0.1517139131811823E+04      0.2301909551484957E+07     -0.3492918929738043E+10      0.5300613458554953E+13     -0.8044538129701346E+16
  0.33300000E+03     -0.1526107342471543E+04      0.2329202197787314E+07     -0.3555218523718544E+10      0.5427031976326926E+13     -0.8285055169576907E+16
  0.33400000E+03     -0.1535101362982020E+04      0.2356735258962050E+07     -0.3618438529460755E+10      0.5556076670433766E+13     -0.8532020013239999E+16
  0.33500000E+03     -0.1544157360740391E+04      0.2384620725010220E+07     -0.3682843339824170E+10      0.5688310838594761E+13     -0.8786572780615929E+16
  0.33600000E+03     -0.1553210722424571E+04      0.2412663176555240E+07     -0.3747994263189373E+10      0.5822868938481750E+13     -0.9047132668146696E+16
  0.33700000E+03     -0.1562274717192873E+04      0.2440902401830651E+07     -0.3813985175870035E+10      0.5959957083720924E+13     -0.9314140403740696E+16
  0.33800000E+03     -0.1571378286874010E+04      0.2469430416891496E+07     -0.3881039878854175E+10      0.6100067675746549E+13     -0.9588626593130366E+16
  0.33900000E+03     -0.1580566936052955E+04      0.2498392926647625E+07     -0.3949512731431644E+10      0.6243975543450155E+13     -0.9872195307325384E+16
  0.34000000E+03     -0.1589701968945553E+04      0.2527354284437863E+07     -0.4018381911169045E+10      0.6389559753333176E+13     -0.1016073846359094E+17
  0.34100000E+03     -0.1598908462869917E+04      0.2556711351964774E+07     -0.4088596607423326E+10      0.6538848304128268E+13     -0.1045833774702533E+17
  0.34200000E+03     -0.1608156917766416E+04      0.2586372167538975E+07     -0.4159946573669281E+10      0.6691424722618062E+13     -0.1076424360168843E+17
  0.34300000E+03     -0.1617409905584457E+04      0.2616219242452685E+07     -0.4232160018427354E+10      0.6846741021436162E+13     -0.1107744410660409E+17
  0.34400000E+03     -0.1626732861174032E+04      0.2646465509406550E+07     -0.4305761433428423E+10      0.7005955641969227E+13     -0.1140035737814657E+17
  0.34500000E+03     -0.1636039407305528E+04      0.2676831076502834E+07     -0.4380075392597468E+10      0.7167630216627899E+13     -0.1173013345459278E+17
  0.34600000E+03     -0.1645385558040691E+04      0.2707501249739385E+07     -0.4455566428962913E+10      0.7332809827918406E+13     -0.1206899567616500E+17
  0.34700000E+03     -0.1654737186568346E+04      0.2738364019001835E+07     -0.4531963746786633E+10      0.7500923521038298E+13     -0.1241583920139260E+17
  0.34800000E+03     -0.1664147201464943E+04      0.2769595354483304E+07     -0.4609711198312232E+10      0.7672976942544822E+13     -0.1277282075602536E+17
  0.34900000E+03     -0.1673598968782339E+04      0.2801144034832366E+07     -0.4688696173529814E+10      0.7848764879040459E+13     -0.1313962868066579E+17
  0.35000000E+03     -0.1683075730615499E+04      0.2832955537737260E+07     -0.4768790793611813E+10      0.8028033229645676E+13     -0.1351582001283968E+17
  0.35100000E+03     -0.1692578057193478E+04      0.2865032580255923E+07     -0.4850008993734107E+10      0.8210840413018774E+13     -0.1390159829558708E+17
  0.35200000E+03     -0.1702099220211833E+04      0.2897355140023394E+07     -0.4932312048714061E+10      0.8397137819720729E+13     -0.1429696680434125E+17
  0.35300000E+03     -0.1711657963295572E+04      0.2929987573236506E+07     -0.5015870894229292E+10      0.8587340175129152E+13     -0.1470288975304133E+17
  0.35400000E+03     -0.1721219426787311E+04      0.2962812050221295E+07     -0.5100392015893677E+10      0.8780809833357152E+13     -0.1511809651709386E+17
  0.35500000E+03     -0.1730826976733992E+04      0.2995979246743971E+07     -0.5186273365261156E+10      0.8978492740725598E+13     -0.1554471858088892E+17
  0.35600000E+03     -0.1740420985231363E+04      0.3029283916206033E+07     -0.5272990295353333E+10      0.9179209012761879E+13     -0.1598029559827138E+17
  0.35700000E+03     -0.1750072784976690E+04      0.3062974573386792E+07     -0.5361197539952686E+10      0.9384504217514373E+13     -0.1642827381666920E+17
  0.35800000E+03     -0.1759759770579854E+04      0.3096976861166354E+07     -0.5450717754396492E+10      0.9594018561807322E+13     -0.1688801123255080E+17
  0.35900000E+03     -0.1769478004392551E+04      0.3131275813817041E+07     -0.5541513978795136E+10      0.9807684019733820E+13     -0.1735942711514686E+17
  0.36000000E+03     -0.1779179335120129E+04      0.3165704177508730E+07     -0.5633156012331188E+10      0.1002453056102394E+14     -0.1784050289791814E+17
  0.36100000E+03     -0.1788902551396391E+04      0.3200398338176554E+07     -0.5726009023598370E+10      0.1024544034467948E+14     -0.1833326468937418E+17
  0.36200000E+03     -0.1798628341517192E+04      0.3235291463186058E+07     -0.5819905149040428E+10      0.1047005314075554E+14     -0.1883702517950730E+17
  0.36300000E+03     -0.1808432451168828E+04      0.3270657470506016E+07     -0.5915592979304587E+10      0.1070020069595781E+14     -0.1935601492419884E+17
  0.36400000E+03     -0.1818291523368810E+04      0.3306415386247715E+07     -0.6012867935666241E+10      0.1093543939700382E+14     -0.1988937333376956E+17
  0.36500000E+03     -0.1828115340374498E+04      0.3342239144487603E+07     -0.6110851829254957E+10      0.1117368071878338E+14     -0.2043247621109484E+17
  0.36600000E+03     -0.1837977060699483E+04      0.3378394522681671E+07     -0.6210274567217367E+10      0.1141672045957241E+14     -0.2098949699236021E+17
  0.36700000E+03     -0.1847867374453397E+04      0.3414849855564075E+07     -0.6311061576717398E+10      0.1166442086963006E+14     -0.2156025410909286E+17
  0.36800000E+03     -0.1857742727084640E+04      0.3451446076653976E+07     -0.6412782913723295E+10      0.1191576355447325E+14     -0.2214252165378790E+17
  0.36900000E+03     -0.1867666849334752E+04      0.3488419317620340E+07     -0.6516100699847828E+10      0.1217241339587281E+14     -0.2274025710658283E+17
  0.37000000E+03     -0.1877612948661801E+04      0.3525671657783216E+07     -0.6620752416947980E+10      0.1243376030639273E+14     -0.2335217106985481E+17
  0.37100000E+03     -0.1887573849979004E+04      0.3563177660099915E+07     -0.6726676534333952E+10      0.1269969013553990E+14     -0.2397812323541130E+17
  0.37200000E+03     -0.1897587962097354E+04      0.3601084353608682E+07     -0.6834301024979415E+10      0.1297132421100957E+14     -0.2462089840940999E+17
  0.37300000E+03     -0.1907572905990408E+04      0.3639081037230744E+07     -0.6942753016443069E+10      0.1324649816789357E+14     -0.2527550271107959E+17
  0.37400000E+03     -0.1917585144531341E+04      0.3677381691417664E+07     -0.7052646718224501E+10      0.1352679436569955E+14     -0.2594579337998692E+17
  0.37500000E+03     -0.1927663354082739E+04      0.3716136650019504E+07     -0.7164426373526055E+10      0.1381339426679083E+14     -0.2663474838304678E+17
  0.37600000E+03     -0.1937770613841157E+04      0.3755207561784756E+07     -0.7277709478139359E+10      0.1410537513900176E+14     -0.2734032648218430E+17
  0.37700000E+03     -0.1947829532608943E+04      0.3794294305934018E+07     -0.7391629231800197E+10      0.1440052739639767E+14     -0.2805728574746448E+17
  0.37800000E+03     -0.1957907377639388E+04      0.3833657557427481E+07     -0.7506949490892680E+10      0.1470085675894984E+14     -0.2879060196419522E+17
  0.37900000E+03     -0.1968067550829780E+04      0.3873548886480450E+07     -0.7624424944087692E+10      0.1500839078035027E+14     -0.2954541673716050E+17
  0.38000000E+03     -0.1978173553869278E+04      0.3913431352489470E+07     -0.7742477600356474E+10      0.1531902327871333E+14     -0.3031175260509139E+17
  0.38100000E+03     -0.1988297901046313E+04      0.3953591921456647E+07     -0.7861965466464490E+10      0.1563505091295488E+14     -0.3109541208558203E+17
  0.38200000E+03     -0.1998534478897520E+04      0.3994405596101601E+07     -0.7984018231147377E+10      0.1595951508552779E+14     -0.3190411098305324E+17
  0.38300000E+03     -0.2008683334550475E+04      0.4035075960560282E+07     -0.8106262923205674E+10      0.1628614736456688E+14     -0.3272236680782288E+17
  0.38400000E+03     -0.2018926861189249E+04      0.4076334922810862E+07     -0.8230908844761683E+10      0.1662089306228890E+14     -0.3356522180091170E+17
  0.38500000E+03     -0.2029139686016010E+04      0.4117679113830771E+07     -0.8356446479668676E+10      0.1695974533295726E+14     -0.3442274848366494E+17
  0.38600000E+03     -0.2039355029606670E+04      0.4159241870168180E+07     -0.8483283610098731E+10      0.1730383003568047E+14     -0.3529790349480527E+17
  0.38700000E+03     -0.2049589790183590E+04      0.4201094026393673E+07     -0.8611649211588436E+10      0.1765382060461005E+14     -0.3619257716063971E+17
  0.38800000E+03     -0.2059851269526931E+04      0.4243265440145990E+07     -0.8741641313501648E+10      0.1801001950816947E+14     -0.3710767760834934E+17
  0.38900000E+03     -0.2070140875364446E+04      0.4285763708938722E+07     -0.8873295382550941E+10      0.1837257464867597E+14     -0.3804376059532382E+17
  0.39000000E+03     -0.2080466950737294E+04      0.4328625988260573E+07     -0.9006741466902235E+10      0.1874190346684528E+14     -0.3900210391075680E+17
  0.39100000E+03     -0.2090745205404217E+04      0.4371500521475594E+07     -0.9140885055900984E+10      0.1911499647609795E+14     -0.3997499616600838E+17
  0.39200000E+03     -0.2101041592108795E+04      0.4414662591680555E+07     -0.9276594508193016E+10      0.1949430667914357E+14     -0.4096897999785514E+17
  0.39300000E+03     -0.2111371957690377E+04      0.4458181460865329E+07     -0.9414103086920208E+10      0.1988054774995352E+14     -0.4198613549708955E+17
  0.39400000E+03     -0.2121746645414017E+04      0.4502101372401396E+07     -0.9553559434627653E+10      0.2027418094170253E+14     -0.4302784230496500E+17
  0.39500000E+03     -0.2132081911425284E+04      0.4546067590560071E+07     -0.9693842995039539E+10      0.2067207811454898E+14     -0.4408596274200815E+17
  0.39600000E+03     -0.2142471032871963E+04      0.4590478532582539E+07     -0.9836236895316185E+10      0.2107793153663563E+14     -0.4517050689341202E+17
  0.39700000E+03     -0.2152875306471068E+04      0.4635170833709985E+07     -0.9980230684818590E+10      0.2149034334040312E+14     -0.4627794245585878E+17
  0.39800000E+03     -0.2163280983812436E+04      0.4680086617684510E+07     -0.1012564853229224E+11      0.2190885997647895E+14     -0.4740723848262779E+17
  0.39900000E+03     -0.2173678369141077E+04      0.4725183166536060E+07     -0.1027235612561603E+11      0.2233312593157050E+14     -0.4855757220908454E+17
  0.40000000E+03     -0.2184123146988099E+04      0.4770700550787656E+07     -0.1042113646643899E+11      0.2276543082608920E+14     -0.4973527276041382E+17
  0.40100000E+03     -0.2194505438550635E+04      0.4816162948773421E+07     -0.1057045074847361E+11      0.2320137054791636E+14     -0.5092857756980930E+17
  0.40200000E+03     -0.2204920459133809E+04      0.4861986266134971E+07     -0.1072166854501979E+11      0.2364497455294804E+14     -0.5214865659018714E+17
  0.40300000E+03     -0.2215395018974876E+04      0.4908289257787355E+07     -0.1087519109844804E+11      0.2409746703846149E+14     -0.5339906067732796E+17
  0.40400000E+03     -0.2225780664306963E+04      0.4954415539406799E+07     -0.1102884838402886E+11      0.2455249052042353E+14     -0.5466238302425370E+17
  0.40500000E+03     -0.2236304218808435E+04      0.5001375644740220E+07     -0.1118602409099468E+11      0.2502013705869840E+14     -0.5596690001607324E+17
  0.40600000E+03     -0.2246751959560156E+04      0.5048217074137336E+07     -0.1134354115820622E+11      0.2549100704590985E+14     -0.5728659659588294E+17
  0.40700000E+03     -0.2257247629621566E+04      0.5095491802097820E+07     -0.1150325322428905E+11      0.2597065481300671E+14     -0.5863713490979358E+17
  0.40800000E+03     -0.2267736929071283E+04      0.5142958171760997E+07     -0.1166436049936157E+11      0.2645674860890433E+14     -0.6001220415558422E+17
  0.40900000E+03     -0.2278166888247593E+04      0.5190374124832987E+07     -0.1182604040407456E+11      0.2694682465794717E+14     -0.6140494579254000E+17
  0.41000000E+03     -0.2288624226065855E+04      0.5238134159887023E+07     -0.1198964588205860E+11      0.2744502834712385E+14     -0.6282732601459315E+17
  0.41100000E+03     -0.2299137029954286E+04      0.5286366247808760E+07     -0.1215562105306816E+11      0.2795275029883026E+14     -0.6428348329713579E+17
  0.41200000E+03     -0.2309680266949236E+04      0.5334961441551618E+07     -0.1232361830188964E+11      0.2846903197741436E+14     -0.6577103038965459E+17
  0.41300000E+03     -0.2320172899637028E+04      0.5383544013303669E+07     -0.1249233814461197E+11      0.2898989993724239E+14     -0.6727863938623245E+17
  0.41400000E+03     -0.2330634734684503E+04      0.5432202443843480E+07     -0.1266208344599176E+11      0.2951629651036287E+14     -0.6880911969782259E+17
  0.41500000E+03     -0.2341139039220699E+04      0.5481279640485615E+07     -0.1283406498045305E+11      0.3005204346577025E+14     -0.7037384173544690E+17
  0.41600000E+03     -0.2351662338856333E+04      0.5530665993323946E+07     -0.1300790566842040E+11      0.3059600921997861E+14     -0.7196968822417780E+17
  0.41700000E+03     -0.2362250980783013E+04      0.5580582537408149E+07     -0.1318440300379562E+11      0.3115077208519503E+14     -0.7360453092771440E+17
  0.41800000E+03     -0.2372843818233605E+04      0.5630743296770490E+07     -0.1336256101383525E+11      0.3171327172799051E+14     -0.7526962422162542E+17
  0.41900000E+03     -0.2383233172850867E+04      0.5680159457892271E+07     -0.1353885555339138E+11      0.3227236508336451E+14     -0.7693199995187885E+17
  0.42000000E+03     -0.2393789207226627E+04      0.5730589397136341E+07     -0.1371955858520577E+11      0.3284796135204266E+14     -0.7865097595291638E+17
  0.42100000E+03     -0.2404291839829845E+04      0.5780984355110635E+07     -0.1390092858060956E+11      0.3342821706802196E+14     -0.8039147110455286E+17
  0.42200000E+03     -0.2414847109358796E+04      0.5831854819181250E+07     -0.1408481576367488E+11      0.3401911545021174E+14     -0.8217169038084150E+17
  0.42300000E+03     -0.2425284677289041E+04      0.5882375953780517E+07     -0.1426823132539326E+11      0.3461105146044498E+14     -0.8396276060378070E+17
  0.42400000E+03     -0.2435870921129978E+04      0.5933841664390394E+07     -0.1445589636873348E+11      0.3521936056346538E+14     -0.8581145254252374E+17
  0.42500000E+03     -0.2446443941607529E+04      0.5985465464513130E+07     -0.1464495223795988E+11      0.3583482908592338E+14     -0.8768999403263378E+17
  0.42600000E+03     -0.2456888247332686E+04      0.6036680410340379E+07     -0.1483331850918138E+11      0.3645069339572402E+14     -0.8957783837078602E+17
  0.42700000E+03     -0.2467399985915186E+04      0.6088444784361606E+07     -0.1502451352434599E+11      0.3707845903404304E+14     -0.9151033021187974E+17
  0.42800000E+03     -0.2477894390716044E+04      0.6140348268141097E+07     -0.1521705504873126E+11      0.3771339173346315E+14     -0.9347337473033094E+17
  0.42900000E+03     -0.2488343095414053E+04      0.6192240577886705E+07     -0.1541035547739002E+11      0.3835347738766195E+14     -0.9546057944445366E+17
  0.43000000E+03     -0.2498895284948244E+04      0.6244872553613466E+07     -0.1560725560545604E+11      0.3900829107948496E+14     -0.9750226430802000E+17
  0.43100000E+03     -0.2509522489766336E+04      0.6298099226115211E+07     -0.1580720912867907E+11      0.3967602659117005E+14     -0.9959290466838589E+17
  0.43200000E+03     -0.2520065502530018E+04      0.6351129800476370E+07     -0.1600727680420030E+11      0.4034699598820818E+14     -0.1017026375302159E+18
  0.43300000E+03     -0.2530483672577381E+04      0.6403750033250505E+07     -0.1620662090041109E+11      0.4101831581409334E+14     -0.1038222420021182E+18
  0.43400000E+03     -0.2540934009859013E+04      0.6456751653420783E+07     -0.1640824251659267E+11      0.4170012105739040E+14     -0.1059838784578735E+18
  0.43500000E+03     -0.2551425188486302E+04      0.6510179626728679E+07     -0.1661232341019515E+11      0.4239308624154604E+14     -0.1081899504591248E+18
  0.43600000E+03     -0.2561909111438209E+04      0.6563790081964104E+07     -0.1681794291701978E+11      0.4309414507643493E+14     -0.1104309601385880E+18
  0.43700000E+03     -0.2572378621533268E+04      0.6617548341118719E+07     -0.1702498241135077E+11      0.4380296604943849E+14     -0.1127061574103742E+18
  0.43800000E+03     -0.2582836606971995E+04      0.6671465302249303E+07     -0.1723347562012498E+11      0.4451966001386349E+14     -0.1150159590559065E+18
  0.43900000E+03     -0.2593278778926921E+04      0.6725517239546732E+07     -0.1744333139733671E+11      0.4524393923953148E+14     -0.1173595960149249E+18
  0.44000000E+03     -0.2603754162384503E+04      0.6779961973826535E+07     -0.1765557318356067E+11      0.4597943665530338E+14     -0.1197492247829557E+18
  0.44100000E+03     -0.2614208696580954E+04      0.6834516360969799E+07     -0.1786909570501120E+11      0.4672234100871226E+14     -0.1221726024415480E+18
  0.44200000E+03     -0.2624589933737456E+04      0.6888904713606454E+07     -0.1808281894244382E+11      0.4746891494424905E+14     -0.1246176815847007E+18
  0.44300000E+03     -0.2635047582385791E+04      0.6943912356966577E+07     -0.1829983969153751E+11      0.4823003803054309E+14     -0.1271203754355204E+18
  0.44400000E+03     -0.2645453282815124E+04      0.6998861701683750E+07     -0.1851748172913228E+11      0.4899633711773772E+14     -0.1296499813652513E+18
  0.44500000E+03     -0.2655784841795155E+04      0.7053634258033094E+07     -0.1873527738346513E+11      0.4976619515888002E+14     -0.1322013376491606E+18
  0.44600000E+03     -0.2666203671788876E+04      0.7109086303946490E+07     -0.1895664045272633E+11      0.5055173447204848E+14     -0.1348148804790681E+18
  0.44700000E+03     -0.2676574008358460E+04      0.7164496192532872E+07     -0.1917870054279252E+11      0.5134282967228201E+14     -0.1374572026519386E+18
  0.44800000E+03     -0.2686820049603972E+04      0.7219454659488423E+07     -0.1939980733839860E+11      0.5213358975145666E+14     -0.1401086702557862E+18
  0.44900000E+03     -0.2697191988034684E+04      0.7275300106629325E+07     -0.1962533749192796E+11      0.5294323850425884E+14     -0.1428338029650412E+18
  0.45000000E+03     -0.2707580523775388E+04      0.7331452184400042E+07     -0.1985298679472810E+11      0.5376366941271067E+14     -0.1456059526459177E+18
  0.45100000E+03     -0.2717816269200220E+04      0.7386990326055827E+07     -0.2007900959802826E+11      0.5458135888788860E+14     -0.1483794232875979E+18
  0.45200000E+03     -0.2728018452658233E+04      0.7442552291556683E+07     -0.2030597054625478E+11      0.5540549687330895E+14     -0.1511851654680853E+18
  0.45300000E+03     -0.2738266272270876E+04      0.7498572100726235E+07     -0.2053565986971544E+11      0.5624266987767402E+14     -0.1540459728891843E+18
  0.45400000E+03     -0.2748405772908149E+04      0.7554206844614320E+07     -0.2076462250823491E+11      0.5708031168381581E+14     -0.1569190748705868E+18
  0.45500000E+03     -0.2758811652714277E+04      0.7611519782097491E+07     -0.2100138646021411E+11      0.5794977995258457E+14     -0.1599126552067887E+18
  0.45600000E+03     -0.2769067736352447E+04      0.7668217317052878E+07     -0.2123647726556322E+11      0.5881630704760240E+14     -0.1629071769177668E+18
  0.45700000E+03     -0.2779361687852761E+04      0.7725336430810818E+07     -0.2147419958052726E+11      0.5969580287033410E+14     -0.1659578574327552E+18
  0.45800000E+03     -0.2789416442147806E+04      0.7781330802192059E+07     -0.2170808667217045E+11      0.6056424982693747E+14     -0.1689811437959009E+18
  0.45900000E+03     -0.2799565794940846E+04      0.7838059797693667E+07     -0.2194591337289552E+11      0.6145057094263866E+14     -0.1720779949187523E+18
  0.46000000E+03     -0.2809791304766426E+04      0.7895423701252463E+07     -0.2218728236112263E+11      0.6235338743467180E+14     -0.1752440357978665E+18
  0.46100000E+03     -0.2819836957315128E+04      0.7951978905664881E+07     -0.2242609424677267E+11      0.6324981340608151E+14     -0.1783988358010597E+18
  0.46200000E+03     -0.2830067382473616E+04      0.8009786168096844E+07     -0.2267109091676582E+11      0.6417283786970333E+14     -0.1816591936672514E+18
  0.46300000E+03     -0.2839988421281540E+04      0.8066039780168888E+07     -0.2291033027938728E+11      0.6507729921573925E+14     -0.1848650666862177E+18
  0.46400000E+03     -0.2850089561254046E+04      0.8123522520268075E+07     -0.2315568456127210E+11      0.6600824657076977E+14     -0.1881768024888760E+18
  0.46500000E+03     -0.2859977916829266E+04      0.8179987665109533E+07     -0.2339752320188035E+11      0.6692900564710644E+14     -0.1914635411432255E+18
  0.46600000E+03     -0.2869968133691352E+04      0.8237232772010370E+07     -0.2364355468653597E+11      0.6786898444913796E+14     -0.1948305500611765E+18
  0.46700000E+03     -0.2880107004409545E+04      0.8295535898292560E+07     -0.2389502292728353E+11      0.6883314571354149E+14     -0.1982964436720029E+18
  0.46800000E+03     -0.2890003732768248E+04      0.8352647089359744E+07     -0.2414221791472893E+11      0.6978426102593446E+14     -0.2017274817612334E+18
  0.46900000E+03     -0.2899968227384691E+04      0.8410346669729922E+07     -0.2439281681188472E+11      0.7075178330045891E+14     -0.2052296893370552E+18
  0.47000000E+03     -0.2909877735053489E+04      0.8467921932761848E+07     -0.2464372152668582E+11      0.7172376244765533E+14     -0.2087599281576649E+18
  0.47100000E+03     -0.2919507761348934E+04      0.8524066367758499E+07     -0.2488923478800700E+11      0.7267813598263859E+14     -0.2122381781525274E+18
  0.47200000E+03     -0.2929490962415393E+04      0.8582458706778444E+07     -0.2514540642464384E+11      0.7367717287048636E+14     -0.2158910218900604E+18
  0.47300000E+03     -0.2939224210137924E+04      0.8639584913649457E+07     -0.2539688568481559E+11      0.7466128441888956E+14     -0.2195016738663446E+18
  0.47400000E+03     -0.2949092873329509E+04      0.8697697586263534E+07     -0.2565355403749028E+11      0.7566902545305556E+14     -0.2232112516891191E+18
  0.47500000E+03     -0.2958845981128133E+04      0.8755321049998647E+07     -0.2590890935211399E+11      0.7667495101048878E+14     -0.2269264839004599E+18
  0.47600000E+03     -0.2968531402300364E+04      0.8812733270409502E+07     -0.2616416719816096E+11      0.7768380653179717E+14     -0.2306648148589643E+18
  0.47700000E+03     -0.2978251073312536E+04      0.8870539981148187E+07     -0.2642203308515374E+11      0.7870635679138044E+14     -0.2344664842515049E+18
  0.47800000E+03     -0.2987818873661597E+04      0.8927627096577099E+07     -0.2667751097031261E+11      0.7972270830995711E+14     -0.2382573094892248E+18
  0.47900000E+03     -0.2997563775107230E+04      0.8985957614692055E+07     -0.2693939162030335E+11      0.8076787696591709E+14     -0.2421681356930703E+18
  0.48000000E+03     -0.3006999459086478E+04      0.9042620610953942E+07     -0.2719461168940705E+11      0.8178977000597909E+14     -0.2460042821019783E+18
  0.48100000E+03     -0.3016654224538691E+04      0.9100777830172986E+07     -0.2745736879886619E+11      0.8284508096955427E+14     -0.2499780759561327E+18
  0.48200000E+03     -0.3026160571399975E+04      0.9158228598194677E+07     -0.2771778453302034E+11      0.8389441557952481E+14     -0.2539423160538953E+18
  0.48300000E+03     -0.3035495888789179E+04      0.9214823210983369E+07     -0.2797512627335930E+11      0.8493462481759477E+14     -0.2578844401543618E+18
  0.48400000E+03     -0.3045010059674052E+04      0.9272677412062222E+07     -0.2823899511957083E+11      0.8600445979278861E+14     -0.2619511641541962E+18
  0.48500000E+03     -0.3054418242655624E+04      0.9330063381595658E+07     -0.2850153480606882E+11      0.8707218541519247E+14     -0.2660223751217390E+18
  0.48600000E+03     -0.3063715075781594E+04      0.9386949168071965E+07     -0.2876260773940254E+11      0.8813729790336259E+14     -0.2700964445934896E+18
  0.48700000E+03     -0.3073081870959299E+04      0.9444432505510919E+07     -0.2902720300376991E+11      0.8921997137367253E+14     -0.2742499237805140E+18
  0.48800000E+03     -0.3082341561150144E+04      0.9501435932470869E+07     -0.2929040842698844E+11      0.9030032082160638E+14     -0.2784074309559184E+18
  0.48900000E+03     -0.3091657287329846E+04      0.9558952147551002E+07     -0.2955675865113043E+11      0.9139677683516369E+14     -0.2826392639658815E+18
  0.49000000E+03     -0.3100821555153469E+04      0.9615706624777749E+07     -0.2982038678694803E+11      0.9248535310225333E+14     -0.2868535617278625E+18
  0.49100000E+03     -0.3109828227092467E+04      0.9671650224365404E+07     -0.3008101758064585E+11      0.9356473840162691E+14     -0.2910446470646656E+18
  0.49200000E+03     -0.3118853174008557E+04      0.9727867053778680E+07     -0.3034366749364617E+11      0.9465558477242448E+14     -0.2952923009121640E+18
  0.49300000E+03     -0.3127827790090817E+04      0.9783934225253647E+07     -0.3060638620742414E+11      0.9574991692827883E+14     -0.2995660289392748E+18
  0.49400000E+03     -0.3136954775889981E+04      0.9841116323042361E+07     -0.3087509499971144E+11      0.9687239780290345E+14     -0.3039622050656696E+18
  0.49500000E+03     -0.3145944335907155E+04      0.9897600518029511E+07     -0.3114129313065921E+11      0.9798761332072998E+14     -0.3083425884921763E+18
  0.49600000E+03     -0.3154829643929272E+04      0.9953588338544115E+07     -0.3140590175349246E+11      0.9909931939352814E+14     -0.3127215920767814E+18
  0.49700000E+03     -0.3163637290206022E+04      0.1000924214015730E+08     -0.3166966793595636E+11      0.1002105876125689E+15     -0.3171111214220842E+18
  0.49800000E+03     -0.3172527628136764E+04      0.1006557513247359E+08     -0.3193739783578789E+11      0.1013417022594428E+15     -0.3215915117430395E+18
  0.49900000E+03     -0.3181174181126118E+04      0.1012052142533311E+08     -0.3219929024773206E+11      0.1024513439390838E+15     -0.3259995130595211E+18
  0.50000000E+03     -0.3189933769950052E+04      0.1017633441656784E+08     -0.3246602307520684E+11      0.1035845096505615E+15     -0.3305129766690302E+18
  0.50100000E+03     -0.3198726879286659E+04      0.1023251504553805E+08     -0.3273525117922066E+11      0.1047314215431519E+15     -0.3350937559576343E+18
  0.50200000E+03     -0.3207414954939403E+04      0.1028817582199511E+08     -0.3300271455677128E+11      0.1058739183172006E+15     -0.3396693239623553E+18
  0.50300000E+03     -0.3215981851732437E+04      0.1034320331938958E+08     -0.3326782439681854E+11      0.1070093159571538E+15     -0.3442283278220077E+18
  0.50400000E+03     -0.3299807888377358E+04      0.1090191834266907E+08     -0.3606237757135162E+11      0.1194410307599494E+15     -0.3961047231888214E+18
  0.50500000E+03     -0.3277156287934112E+04      0.1074899720340734E+08     -0.3528799237761531E+11      0.1159547932981620E+15     -0.3813885724489396E+18
  0.50600000E+03     -0.3269386812827097E+04      0.1069550144613876E+08     -0.3501202253792366E+11      0.1146905074473832E+15     -0.3759631873048670E+18
  0.50700000E+03     -0.3303692121845777E+04      0.1092481966680340E+08     -0.3616243490891856E+11      0.1198237687745158E+15     -0.3974505215887924E+18
  0.50800000E+03     -0.3315578222148306E+04      0.1100398429148829E+08     -0.3655823790115466E+11      0.1215844310331865E+15     -0.4047999259719647E+18
  0.50900000E+03     -0.3370884020014371E+04      0.1137789291059547E+08     -0.3845537538285107E+11      0.1301460637271630E+15     -0.4410461010673761E+18
  0.51000000E+03     -0.3490582465411128E+04      0.1219450461102651E+08     -0.4263647261139425E+11      0.1491874036467248E+15     -0.5223965021871637E+18
