  0.00000000E+00     -0.4495757250226925E+01
  0.10000000E+01     -0.3056805994783958E+01
  0.20000000E+01     -0.2283842250959315E+01
  0.30000000E+01     -0.1889138239631136E+01
  0.40000000E+01     -0.1754902613722515E+01
  0.50000000E+01     -0.1816670188930390E+01
  0.60000000E+01     -0.2033534621499099E+01
  0.70000000E+01     -0.2377389343952221E+01
  0.80000000E+01     -0.2827578706258327E+01
  0.90000000E+01     -0.3368404309816361E+01
  0.10000000E+02     -0.3987465117102486E+01
  0.11000000E+02     -0.4674637997974697E+01
  0.12000000E+02     -0.5421739139888048E+01
  0.13000000E+02     -0.6221521827124375E+01
  0.14000000E+02     -0.7068222994998306E+01
  0.15000000E+02     -0.7956739363121295E+01
  0.16000000E+02     -0.8882587599603665E+01
  0.17000000E+02     -0.9841852111066901E+01
  0.18000000E+02     -0.1083091782796318E+02
  0.19000000E+02     -0.1184699369066873E+02
  0.20000000E+02     -0.1288700207085514E+02
  0.21000000E+02     -0.1394870223086370E+02
  0.22000000E+02     -0.1502965282229677E+02
  0.23000000E+02     -0.1612770005211627E+02
  0.24000000E+02     -0.1724097291118545E+02
  0.25000000E+02     -0.1836755358969123E+02
  0.26000000E+02     -0.1950593868931041E+02
  0.27000000E+02     -0.2065455708764366E+02
  0.28000000E+02     -0.2181220099951711E+02
  0.29000000E+02     -0.2297741322055893E+02
  0.30000000E+02     -0.2414871826009352E+02
  0.31000000E+02     -0.2532519511028489E+02
  0.32000000E+02     -0.2650595336180317E+02
  0.33000000E+02     -0.2768969676072793E+02
  0.34000000E+02     -0.2887548425825772E+02
  0.35000000E+02     -0.3006254606260229E+02
  0.36000000E+02     -0.3124985486089017E+02
  0.37000000E+02     -0.3243648232852809E+02
  0.38000000E+02     -0.3362187463873574E+02
  0.39000000E+02     -0.3480539372580294E+02
  0.40000000E+02     -0.3598623095305231E+02
  0.41000000E+02     -0.3716340579355762E+02
  0.42000000E+02     -0.3833666494181450E+02
  0.43000000E+02     -0.3950527156969033E+02
  0.44000000E+02     -0.4066861532171367E+02
  0.45000000E+02     -0.4182588734772187E+02
  0.46000000E+02     -0.4297717101677021E+02
  0.47000000E+02     -0.4412137035519692E+02
  0.48000000E+02     -0.4525860843021701E+02
  0.49000000E+02     -0.4638841916089927E+02
  0.50000000E+02     -0.4750991731091879E+02
  0.51000000E+02     -0.4862311172252451E+02
  0.52000000E+02     -0.4972743866551337E+02
  0.53000000E+02     -0.5082292490030333E+02
  0.54000000E+02     -0.5190921831848576E+02
  0.55000000E+02     -0.5298623963943245E+02
  0.56000000E+02     -0.5405355721851770E+02
  0.57000000E+02     -0.5511104561099398E+02
  0.58000000E+02     -0.5615863799618285E+02
  0.59000000E+02     -0.5719624059563298E+02
  0.60000000E+02     -0.5822390848894773E+02
  0.61000000E+02     -0.5924151559787518E+02
  0.62000000E+02     -0.6024867415541630E+02
  0.63000000E+02     -0.6124592575085913E+02
  0.64000000E+02     -0.6223282733504946E+02
  0.65000000E+02     -0.6320943932431565E+02
  0.66000000E+02     -0.6417597373521217E+02
  0.67000000E+02     -0.6513243272192238E+02
  0.68000000E+02     -0.6607875443599454E+02
  0.69000000E+02     -0.6701511205677497E+02
  0.70000000E+02     -0.6794152236419319E+02
  0.71000000E+02     -0.6885801959209755E+02
  0.72000000E+02     -0.6976476738738823E+02
  0.73000000E+02     -0.7066150845569587E+02
  0.74000000E+02     -0.7154829843903711E+02
  0.75000000E+02     -0.7242586795350391E+02
  0.76000000E+02     -0.7329359534485430E+02
  0.77000000E+02     -0.7415190877071318E+02
  0.78000000E+02     -0.7500069910404592E+02
  0.79000000E+02     -0.7583981881406946E+02
  0.80000000E+02     -0.7666939369357887E+02
  0.81000000E+02     -0.7748980030352932E+02
  0.82000000E+02     -0.7830120688808569E+02
  0.83000000E+02     -0.7910336938544819E+02
  0.84000000E+02     -0.7989632171893651E+02
  0.85000000E+02     -0.8068023586886764E+02
  0.86000000E+02     -0.8145487951461483E+02
  0.87000000E+02     -0.8222066647209967E+02
  0.88000000E+02     -0.8297770541370842E+02
  0.89000000E+02     -0.8372595311778501E+02
  0.90000000E+02     -0.8446575782801530E+02
  0.91000000E+02     -0.8519686983181995E+02
  0.92000000E+02     -0.8591957198234832E+02
  0.93000000E+02     -0.8663355483001124E+02
  0.94000000E+02     -0.8733894043057857E+02
  0.95000000E+02     -0.8803600834159998E+02
  0.96000000E+02     -0.8872485807080021E+02
  0.97000000E+02     -0.8940524597223239E+02
  0.98000000E+02     -0.9007765335364574E+02
  0.99000000E+02     -0.9074158378601837E+02
  0.10000000E+03     -0.9139778311335536E+02
  0.10100000E+03     -0.9204586095146371E+02
  0.10200000E+03     -0.9268575776227249E+02
  0.10300000E+03     -0.9331790081502061E+02
  0.10400000E+03     -0.9394222932035883E+02
  0.10500000E+03     -0.9455833390225547E+02
  0.10600000E+03     -0.9516657167844650E+02
  0.10700000E+03     -0.9576748528996832E+02
  0.10800000E+03     -0.9636048665388370E+02
  0.10900000E+03     -0.9694540899847071E+02
  0.11000000E+03     -0.9752257004613777E+02
  0.11100000E+03     -0.9809196316799965E+02
  0.11200000E+03     -0.9865405314517618E+02
  0.11300000E+03     -0.9920828837690843E+02
  0.11400000E+03     -0.9975451203494474E+02
  0.11500000E+03     -0.1002931868796776E+03
  0.11600000E+03     -0.1008238524120436E+03
  0.11700000E+03     -0.1013472812108685E+03
  0.11800000E+03     -0.1018629650099895E+03
  0.11900000E+03     -0.1023709954186112E+03
  0.12000000E+03     -0.1028708541140646E+03
  0.12100000E+03     -0.1033635540620126E+03
  0.12200000E+03     -0.1038482267220415E+03
  0.12300000E+03     -0.1043249817293650E+03
  0.12400000E+03     -0.1047942009172259E+03
  0.12500000E+03     -0.1052555301986712E+03
  0.12600000E+03     -0.1057093634476442E+03
  0.12700000E+03     -0.1061551992332708E+03
  0.12800000E+03     -0.1065933943261335E+03
  0.12900000E+03     -0.1070241102753232E+03
  0.13000000E+03     -0.1074463880380265E+03
  0.13100000E+03     -0.1078609013554783E+03
  0.13200000E+03     -0.1082673522245989E+03
  0.13300000E+03     -0.1086661021298559E+03
  0.13400000E+03     -0.1090574731068142E+03
  0.13500000E+03     -0.1094405242824347E+03
  0.13600000E+03     -0.1098154623346049E+03
  0.13700000E+03     -0.1101822807132927E+03
  0.13800000E+03     -0.1105411325823928E+03
  0.13900000E+03     -0.1108922505661422E+03
  0.14000000E+03     -0.1112355923865004E+03
  0.14100000E+03     -0.1115710914857859E+03
  0.14200000E+03     -0.1118983570783359E+03
  0.14300000E+03     -0.1122177167690107E+03
  0.14400000E+03     -0.1125288829261150E+03
  0.14500000E+03     -0.1128327166197121E+03
  0.14600000E+03     -0.1131288473569500E+03
  0.14700000E+03     -0.1134168719748207E+03
  0.14800000E+03     -0.1136972748870985E+03
  0.14900000E+03     -0.1139698558892163E+03
  0.15000000E+03     -0.1142348312093279E+03
  0.15100000E+03     -0.1144925438347619E+03
  0.15200000E+03     -0.1147427477371077E+03
  0.15300000E+03     -0.1149858204556257E+03
  0.15400000E+03     -0.1152218187236619E+03
  0.15500000E+03     -0.1154505055393017E+03
  0.15600000E+03     -0.1156720993295070E+03
  0.15700000E+03     -0.1158866293630539E+03
  0.15800000E+03     -0.1160943411497046E+03
  0.15900000E+03     -0.1162951578164453E+03
  0.16000000E+03     -0.1164897416838644E+03
  0.16100000E+03     -0.1166777210650666E+03
  0.16200000E+03     -0.1168593492419043E+03
  0.16300000E+03     -0.1170343623496382E+03
  0.16400000E+03     -0.1172039038160308E+03
  0.16500000E+03     -0.1173670310114598E+03
  0.16600000E+03     -0.1175244509432589E+03
  0.16700000E+03     -0.1176760368676208E+03
  0.16800000E+03     -0.1178223778855427E+03
  0.16900000E+03     -0.1179632145356915E+03
  0.17000000E+03     -0.1180985276562132E+03
  0.17100000E+03     -0.1182280817405374E+03
  0.17200000E+03     -0.1183523147669837E+03
  0.17300000E+03     -0.1184712551530545E+03
  0.17400000E+03     -0.1185852250219896E+03
  0.17500000E+03     -0.1186936898113558E+03
  0.17600000E+03     -0.1187972697565819E+03
  0.17700000E+03     -0.1188963972301885E+03
  0.17800000E+03     -0.1189901839438369E+03
  0.17900000E+03     -0.1190789989105970E+03
  0.18000000E+03     -0.1191623713475449E+03
  0.18100000E+03     -0.1192417124061947E+03
  0.18200000E+03     -0.1193160995486497E+03
  0.18300000E+03     -0.1193855269173913E+03
  0.18400000E+03     -0.1194501064152622E+03
  0.18500000E+03     -0.1195097548835013E+03
  0.18600000E+03     -0.1195643812263007E+03
  0.18700000E+03     -0.1196146787013883E+03
  0.18800000E+03     -0.1196595639875119E+03
  0.18900000E+03     -0.1196994779867440E+03
  0.19000000E+03     -0.1197348227444265E+03
  0.19100000E+03     -0.1197649189507535E+03
  0.19200000E+03     -0.1197899695938134E+03
  0.19300000E+03     -0.1198098273814916E+03
  0.19400000E+03     -0.1198247386032828E+03
  0.19500000E+03     -0.1198345286796667E+03
  0.19600000E+03     -0.1198389472824590E+03
  0.19700000E+03     -0.1198377378486450E+03
  0.19800000E+03     -0.1198311857590800E+03
  0.19900000E+03     -0.1198190411110926E+03
  0.20000000E+03     -0.1198014700568916E+03
  0.20100000E+03     -0.1197776849255259E+03
  0.20200000E+03     -0.1197479089911997E+03
  0.20300000E+03     -0.1197118386008448E+03
  0.20400000E+03     -0.1196700205446039E+03
  0.20500000E+03     -0.1196219170609839E+03
  0.20600000E+03     -0.1195673268399918E+03
  0.20700000E+03     -0.1195059974838446E+03
  0.20800000E+03     -0.1194382091106714E+03
  0.20900000E+03     -0.1193638237601461E+03
  0.21000000E+03     -0.1192826355419361E+03
  0.21100000E+03     -0.1191945019500841E+03
  0.21200000E+03     -0.1190991851932551E+03
  0.21300000E+03     -0.1189964411941829E+03
  0.21400000E+03     -0.1188864976341205E+03
  0.21500000E+03     -0.1187694850556617E+03
  0.21600000E+03     -0.1186449690624652E+03
  0.21700000E+03     -0.1185129834247278E+03
  0.21800000E+03     -0.1183736782959234E+03
  0.21900000E+03     -0.1182259897143016E+03
  0.22000000E+03     -0.1180710425625669E+03
  0.22100000E+03     -0.1179086910462777E+03
  0.22200000E+03     -0.1177380889553014E+03
  0.22300000E+03     -0.1175599089677646E+03
  0.22400000E+03     -0.1173740136757804E+03
  0.22500000E+03     -0.1171800387583980E+03
  0.22600000E+03     -0.1169784437923863E+03
  0.22700000E+03     -0.1167691880951459E+03
  0.22800000E+03     -0.1165517909624589E+03
  0.22900000E+03     -0.1163269083392143E+03
  0.23000000E+03     -0.1160940625149826E+03
  0.23100000E+03     -0.1158534571300648E+03
  0.23200000E+03     -0.1156049791836225E+03
  0.23300000E+03     -0.1153487179093637E+03
  0.23400000E+03     -0.1150848142373782E+03
  0.23500000E+03     -0.1148133807596558E+03
  0.23600000E+03     -0.1145339606628092E+03
  0.23700000E+03     -0.1142468440859312E+03
  0.23800000E+03     -0.1139523072672181E+03
  0.23900000E+03     -0.1136498990238441E+03
  0.24000000E+03     -0.1133401122401545E+03
  0.24100000E+03     -0.1130228111832242E+03
  0.24200000E+03     -0.1126975534826534E+03
  0.24300000E+03     -0.1123647720241495E+03
  0.24400000E+03     -0.1120248758764020E+03
  0.24500000E+03     -0.1116777418803885E+03
  0.24600000E+03     -0.1113229310619098E+03
  0.24700000E+03     -0.1109603405077046E+03
  0.24800000E+03     -0.1105907510092887E+03
  0.24900000E+03     -0.1102134929000006E+03
  0.25000000E+03     -0.1098285398667042E+03
  0.25100000E+03     -0.1094361622132656E+03
  0.25200000E+03     -0.1090364766510155E+03
  0.25300000E+03     -0.1086293738948045E+03
  0.25400000E+03     -0.1082150985402528E+03
  0.25500000E+03     -0.1077932031108099E+03
  0.25600000E+03     -0.1073634928298917E+03
  0.25700000E+03     -0.1069263249435278E+03
  0.25800000E+03     -0.1064813466892377E+03
  0.25900000E+03     -0.1060289484156588E+03
  0.26000000E+03     -0.1055686180772522E+03
  0.26100000E+03     -0.1051007193682208E+03
  0.26200000E+03     -0.1046249053937050E+03
  0.26300000E+03     -0.1041416142200500E+03
  0.26400000E+03     -0.1036505504702780E+03
  0.26500000E+03     -0.1031515103204415E+03
  0.26600000E+03     -0.1026447332347229E+03
  0.26700000E+03     -0.1021299713058952E+03
  0.26800000E+03     -0.1016072177512000E+03
  0.26900000E+03     -0.1010762300214488E+03
  0.27000000E+03     -0.1005370243306240E+03
  0.27100000E+03     -0.9998919106175967E+02
  0.27200000E+03     -0.9943315603873623E+02
  0.27300000E+03     -0.9886931742780611E+02
  0.27400000E+03     -0.9829759662400591E+02
  0.27500000E+03     -0.9771591483808071E+02
  0.27600000E+03     -0.9712611604229043E+02
  0.27700000E+03     -0.9652741614980351E+02
  0.27800000E+03     -0.9592138888752623E+02
  0.27900000E+03     -0.9530604465144465E+02
  0.28000000E+03     -0.9468189291023246E+02
  0.28100000E+03     -0.9404846660051619E+02
  0.28200000E+03     -0.9340609852492462E+02
  0.28300000E+03     -0.9275484894952844E+02
  0.28400000E+03     -0.9209488758928009E+02
  0.28500000E+03     -0.9142570671119134E+02
  0.28600000E+03     -0.9074869884327128E+02
  0.28700000E+03     -0.9006086973774784E+02
  0.28800000E+03     -0.8936336046866782E+02
  0.28900000E+03     -0.8865701689292031E+02
  0.29000000E+03     -0.8794205170582555E+02
  0.29100000E+03     -0.8721738862044847E+02
  0.29200000E+03     -0.8648338841879588E+02
  0.29300000E+03     -0.8574097224717971E+02
  0.29400000E+03     -0.8498970042672495E+02
  0.29500000E+03     -0.8422940145887320E+02
  0.29600000E+03     -0.8345815477283877E+02
  0.29700000E+03     -0.8267894227680337E+02
  0.29800000E+03     -0.8188985626230047E+02
  0.29900000E+03     -0.8109297260979623E+02
  0.30000000E+03     -0.8028756303746898E+02
  0.30100000E+03     -0.7947285877070671E+02
  0.30200000E+03     -0.7864956536775492E+02
  0.30300000E+03     -0.7781820338626224E+02
  0.30400000E+03     -0.7697850543515177E+02
  0.30500000E+03     -0.7613078538009387E+02
  0.30600000E+03     -0.7527527939763907E+02
  0.30700000E+03     -0.7441191429162107E+02
  0.30800000E+03     -0.7354299305947119E+02
  0.30900000E+03     -0.7266578528564199E+02
  0.31000000E+03     -0.7178406707486175E+02
  0.31100000E+03     -0.7089433404674338E+02
  0.31200000E+03     -0.6999910357071865E+02
  0.31300000E+03     -0.6909838333025370E+02
  0.31400000E+03     -0.6819278797988612E+02
  0.31500000E+03     -0.6728229295435669E+02
  0.31600000E+03     -0.6636698580934242E+02
  0.31700000E+03     -0.6544681843690383E+02
  0.31800000E+03     -0.6452312872527592E+02
  0.31900000E+03     -0.6359727382738843E+02
  0.32000000E+03     -0.6266779228554474E+02
  0.32100000E+03     -0.6173565219536619E+02
  0.32200000E+03     -0.6080043534196639E+02
  0.32300000E+03     -0.5986401628812043E+02
  0.32400000E+03     -0.5892604772793744E+02
  0.32500000E+03     -0.5798768513669409E+02
  0.32600000E+03     -0.5704618362764655E+02
  0.32700000E+03     -0.5610455908767088E+02
  0.32800000E+03     -0.5516343663238921E+02
  0.32900000E+03     -0.5422220168400445E+02
  0.33000000E+03     -0.5327999810779549E+02
  0.33100000E+03     -0.5233933136898835E+02
  0.33200000E+03     -0.5139936489784861E+02
  0.33300000E+03     -0.5046161480691972E+02
  0.33400000E+03     -0.4952749336333117E+02
  0.33500000E+03     -0.4859295971817701E+02
  0.33600000E+03     -0.4766044830294528E+02
  0.33700000E+03     -0.4673239240175517E+02
  0.33800000E+03     -0.4580771692674224E+02
  0.33900000E+03     -0.4488672311187813E+02
  0.34000000E+03     -0.4396936792360597E+02
  0.34100000E+03     -0.4305757190030273E+02
  0.34200000E+03     -0.4215154064198367E+02
  0.34300000E+03     -0.4124855420530232E+02
  0.34400000E+03     -0.4035072202759024E+02
  0.34500000E+03     -0.3945984425161891E+02
  0.34600000E+03     -0.3857506955058543E+02
  0.34700000E+03     -0.3769633940008161E+02
  0.34800000E+03     -0.3682218471585136E+02
  0.34900000E+03     -0.3595704651289741E+02
  0.35000000E+03     -0.3510084826577101E+02
  0.35100000E+03     -0.3425271755431532E+02
  0.35200000E+03     -0.3341195304415359E+02
  0.35300000E+03     -0.3257868426465827E+02
  0.35400000E+03     -0.3175852377560588E+02
  0.35500000E+03     -0.3094446095910077E+02
  0.35600000E+03     -0.3014146986207568E+02
  0.35700000E+03     -0.2934906002640363E+02
  0.35800000E+03     -0.2856806751856068E+02
  0.35900000E+03     -0.2779680417898686E+02
  0.36000000E+03     -0.2703867598268080E+02
  0.36100000E+03     -0.2628916999641719E+02
  0.36200000E+03     -0.2555652939558139E+02
  0.36300000E+03     -0.2483237301935357E+02
  0.36400000E+03     -0.2412110164266263E+02
  0.36500000E+03     -0.2342567986747001E+02
  0.36600000E+03     -0.2274542094015441E+02
  0.36700000E+03     -0.2207825941130702E+02
  0.36800000E+03     -0.2142604363588831E+02
  0.36900000E+03     -0.2078985819083814E+02
  0.37000000E+03     -0.2016979340681215E+02
  0.37100000E+03     -0.1956608291590679E+02
  0.37200000E+03     -0.1897906635574877E+02
  0.37300000E+03     -0.1840997898537003E+02
  0.37400000E+03     -0.1785538677014024E+02
  0.37500000E+03     -0.1732078873632271E+02
  0.37600000E+03     -0.1680249024649301E+02
  0.37700000E+03     -0.1630183406165710E+02
  0.37800000E+03     -0.1582361358736393E+02
  0.37900000E+03     -0.1536260707855608E+02
  0.38000000E+03     -0.1492241853726028E+02
  0.38100000E+03     -0.1450361725776943E+02
  0.38200000E+03     -0.1410247252565164E+02
  0.38300000E+03     -0.1372523199607748E+02
  0.38400000E+03     -0.1336983145584333E+02
  0.38500000E+03     -0.1303950260555918E+02
  0.38600000E+03     -0.1273035617967526E+02
  0.38700000E+03     -0.1244224949258614E+02
  0.38800000E+03     -0.1218077066332175E+02
  0.38900000E+03     -0.1194489450681445E+02
  0.39000000E+03     -0.1172761543351297E+02
  0.39100000E+03     -0.1154243625479132E+02
  0.39200000E+03     -0.1137919878866969E+02
  0.39300000E+03     -0.1124498585614674E+02
  0.39400000E+03     -0.1113937991523491E+02
  0.39500000E+03     -0.1105612893211548E+02
  0.39600000E+03     -0.1100367494237469E+02
  0.39700000E+03     -0.1097886547449412E+02
  0.39800000E+03     -0.1098839808596180E+02
  0.39900000E+03     -0.1102149846004556E+02
  0.40000000E+03     -0.1108705410213269E+02
  0.40100000E+03     -0.1118050263745615E+02
  0.40200000E+03     -0.1130674913844639E+02
  0.40300000E+03     -0.1146657985567741E+02
  0.40400000E+03     -0.1165137680345564E+02
  0.40500000E+03     -0.1187656151103086E+02
  0.40600000E+03     -0.1213213182451646E+02
  0.40700000E+03     -0.1241814129001563E+02
  0.40800000E+03     -0.1274555473517099E+02
  0.40900000E+03     -0.1310398473199863E+02
  0.41000000E+03     -0.1349942815303431E+02
  0.41100000E+03     -0.1392764574359818E+02
  0.41200000E+03     -0.1438986816856397E+02
  0.41300000E+03     -0.1489745860586525E+02
  0.41400000E+03     -0.1543981459278030E+02
  0.41500000E+03     -0.1602237753743918E+02
  0.41600000E+03     -0.1664014244163474E+02
  0.41700000E+03     -0.1730425861108678E+02
  0.41800000E+03     -0.1800342689454157E+02
  0.41900000E+03     -0.1874579454290982E+02
  0.42000000E+03     -0.1953308730360364E+02
  0.42100000E+03     -0.2034988432747684E+02
  0.42200000E+03     -0.2120794081544032E+02
  0.42300000E+03     -0.2211778968501222E+02
  0.42400000E+03     -0.2306869102089820E+02
  0.42500000E+03     -0.2408217640667266E+02
  0.42600000E+03     -0.2512960829011307E+02
  0.42700000E+03     -0.2621871451516583E+02
  0.42800000E+03     -0.2734915799760183E+02
  0.42900000E+03     -0.2853870249278099E+02
  0.43000000E+03     -0.2977999049013248E+02
  0.43100000E+03     -0.3106647207565828E+02
  0.43200000E+03     -0.3239837185753926E+02
  0.43300000E+03     -0.3377091654837354E+02
  0.43400000E+03     -0.3520001977535591E+02
  0.43500000E+03     -0.3668289080990231E+02
  0.43600000E+03     -0.3822130774725525E+02
  0.43700000E+03     -0.3980618663288848E+02
  0.43800000E+03     -0.4144427989199076E+02
  0.43900000E+03     -0.4313858114520546E+02
  0.44000000E+03     -0.4487366136718443E+02
  0.44100000E+03     -0.4666984156949385E+02
  0.44200000E+03     -0.4852463375223888E+02
  0.44300000E+03     -0.5043573808677311E+02
  0.44400000E+03     -0.5242024625806430E+02
  0.44500000E+03     -0.5444377027399114E+02
  0.44600000E+03     -0.5653334438461567E+02
  0.44700000E+03     -0.5868898219530777E+02
  0.44800000E+03     -0.6091411973171375E+02
  0.44900000E+03     -0.6319159136620249E+02
  0.45000000E+03     -0.6551669232870948E+02
  0.45100000E+03     -0.6791129406944864E+02
  0.45200000E+03     -0.7035846758452253E+02
  0.45300000E+03     -0.7288516928058745E+02
  0.45400000E+03     -0.7547086554234880E+02
  0.45500000E+03     -0.7812923914128862E+02
  0.45600000E+03     -0.8085175248987261E+02
  0.45700000E+03     -0.8364578156399160E+02
  0.45800000E+03     -0.8650551420315904E+02
  0.45900000E+03     -0.8942212201132953E+02
  0.46000000E+03     -0.9241289126707971E+02
  0.46100000E+03     -0.9547682097810240E+02
  0.46200000E+03     -0.9861621766492806E+02
  0.46300000E+03     -0.1018284982731113E+03
  0.46400000E+03     -0.1051276605890162E+03
  0.46500000E+03     -0.1084819223408632E+03
  0.46600000E+03     -0.1119173654345929E+03
  0.46700000E+03     -0.1154332807262764E+03
  0.46800000E+03     -0.1190123230318258E+03
  0.46900000E+03     -0.1226593503382862E+03
  0.47000000E+03     -0.1264002455379019E+03
  0.47100000E+03     -0.1302050587880390E+03
  0.47200000E+03     -0.1340895354539266E+03
  0.47300000E+03     -0.1380659966208169E+03
  0.47400000E+03     -0.1421191211534236E+03
  0.47500000E+03     -0.1462638075314739E+03
  0.47600000E+03     -0.1504732989830271E+03
  0.47700000E+03     -0.1547662253017954E+03
  0.47800000E+03     -0.1591373276988595E+03
  0.47900000E+03     -0.1636033200030272E+03
  0.48000000E+03     -0.1681749931062808E+03
  0.48100000E+03     -0.1728187967121799E+03
  0.48200000E+03     -0.1775640275195941E+03
  0.48300000E+03     -0.1823871601818203E+03
  0.48400000E+03     -0.1872956285785168E+03
  0.48500000E+03     -0.1923093492011778E+03
  0.48600000E+03     -0.1974098804635272E+03
  0.48700000E+03     -0.2026000971785948E+03
  0.48800000E+03     -0.2078835717940066E+03
  0.48900000E+03     -0.2132533484763102E+03
  0.49000000E+03     -0.2187145665862860E+03
  0.49100000E+03     -0.2242780602037130E+03
  0.49200000E+03     -0.2299244926237623E+03
  0.49300000E+03     -0.2356803868631436E+03
  0.49400000E+03     -0.2415437542977070E+03
  0.49500000E+03     -0.2474858040680195E+03
  0.49600000E+03     -0.2535392781327839E+03
  0.49700000E+03     -0.2596916450522664E+03
  0.49800000E+03     -0.2659700454587031E+03
  0.49900000E+03     -0.2723334695340247E+03
  0.50000000E+03     -0.2788025910728242E+03
  0.50100000E+03     -0.2853895531493665E+03
  0.50200000E+03     -0.2920763138472513E+03
  0.50300000E+03     -0.2988767780739103E+03
  0.50400000E+03     -0.3057915238017725E+03
  0.50500000E+03     -0.3104493912029980E+03
  0.50600000E+03     -0.3123817358352513E+03
  0.50700000E+03     -0.3143380229665696E+03
  0.50800000E+03     -0.3164388635877692E+03
  0.50900000E+03     -0.3188684543756631E+03
  0.51000000E+03     -0.3218851056359063E+03
