  0.00000000E+00     -0.2305463982170725E+02
  0.10000000E+01     -0.2019576076658608E+02
  0.20000000E+01     -0.1801254959497214E+02
  0.30000000E+01     -0.1621743537159786E+02
  0.40000000E+01     -0.1469262397816640E+02
  0.50000000E+01     -0.1337363453982167E+02
  0.60000000E+01     -0.1221968507431576E+02
  0.70000000E+01     -0.1120279052399892E+02
  0.80000000E+01     -0.1030224857291647E+02
  0.90000000E+01     -0.9502401690651539E+01
  0.10000000E+02     -0.8790513548559161E+01
  0.11000000E+02     -0.8156919725695417E+01
  0.12000000E+02     -0.7593369193978564E+01
  0.13000000E+02     -0.7092434339351588E+01
  0.14000000E+02     -0.6648586496018124E+01
  0.15000000E+02     -0.6256816241928396E+01
  0.16000000E+02     -0.5912599471791042E+01
  0.17000000E+02     -0.5612074740219729E+01
  0.18000000E+02     -0.5351730558310281E+01
  0.19000000E+02     -0.5128576572425908E+01
  0.20000000E+02     -0.4939891217213299E+01
  0.21000000E+02     -0.4783310727055140E+01
  0.22000000E+02     -0.4656457277319168E+01
  0.23000000E+02     -0.4557398369114866E+01
  0.24000000E+02     -0.4484158528134737E+01
  0.25000000E+02     -0.4434969641195947E+01
  0.26000000E+02     -0.4408791574572279E+01
  0.27000000E+02     -0.4403759778455870E+01
  0.28000000E+02     -0.4418805860829208E+01
  0.29000000E+02     -0.4452210827892410E+01
  0.30000000E+02     -0.4502830062947192E+01
  0.31000000E+02     -0.4569832200411655E+01
  0.32000000E+02     -0.4652371621706157E+01
  0.33000000E+02     -0.4749806724327692E+01
  0.34000000E+02     -0.4860396149022412E+01
  0.35000000E+02     -0.4983810215866979E+01
  0.36000000E+02     -0.5119202301863902E+01
  0.37000000E+02     -0.5265718125641671E+01
  0.38000000E+02     -0.5422837552232084E+01
  0.39000000E+02     -0.5589990821488671E+01
  0.40000000E+02     -0.5766462940304377E+01
  0.41000000E+02     -0.5951613847895823E+01
  0.42000000E+02     -0.6145333713774223E+01
  0.43000000E+02     -0.6346398433569489E+01
  0.44000000E+02     -0.6554743327512066E+01
  0.45000000E+02     -0.6769872374703320E+01
  0.46000000E+02     -0.6991321769885728E+01
  0.47000000E+02     -0.7218660583423704E+01
  0.48000000E+02     -0.7451406185616390E+01
  0.49000000E+02     -0.7688763085094267E+01
  0.50000000E+02     -0.7930922438847423E+01
  0.51000000E+02     -0.8177653045844925E+01
  0.52000000E+02     -0.8428130496068396E+01
  0.53000000E+02     -0.8682178453223697E+01
  0.54000000E+02     -0.8939708055675270E+01
  0.55000000E+02     -0.9200361988681850E+01
  0.56000000E+02     -0.9463999129798269E+01
  0.57000000E+02     -0.9730067299387064E+01
  0.58000000E+02     -0.9998127645122915E+01
  0.59000000E+02     -0.1026842730866769E+02
  0.60000000E+02     -0.1054031107990121E+02
  0.61000000E+02     -0.1081404046697016E+02
  0.62000000E+02     -0.1108894483652019E+02
  0.63000000E+02     -0.1136510012794389E+02
  0.64000000E+02     -0.1164215526450956E+02
  0.65000000E+02     -0.1191962828365480E+02
  0.66000000E+02     -0.1219782811958551E+02
  0.67000000E+02     -0.1247671768549355E+02
  0.68000000E+02     -0.1275580122295870E+02
  0.69000000E+02     -0.1303500841895184E+02
  0.70000000E+02     -0.1331380058413249E+02
  0.71000000E+02     -0.1359216218817740E+02
  0.72000000E+02     -0.1387013909311742E+02
  0.73000000E+02     -0.1414782582037688E+02
  0.74000000E+02     -0.1442482460522428E+02
  0.75000000E+02     -0.1470126532212188E+02
  0.76000000E+02     -0.1497660120902593E+02
  0.77000000E+02     -0.1525128328867872E+02
  0.78000000E+02     -0.1552475741510977E+02
  0.79000000E+02     -0.1579667836704068E+02
  0.80000000E+02     -0.1606731873678732E+02
  0.81000000E+02     -0.1633687281930617E+02
  0.82000000E+02     -0.1660506813590909E+02
  0.83000000E+02     -0.1687170261880528E+02
  0.84000000E+02     -0.1713624018082543E+02
  0.85000000E+02     -0.1739896309839694E+02
  0.86000000E+02     -0.1766018379135873E+02
  0.87000000E+02     -0.1791939004612904E+02
  0.88000000E+02     -0.1817663069253749E+02
  0.89000000E+02     -0.1843229951850397E+02
  0.90000000E+02     -0.1868565741238515E+02
  0.91000000E+02     -0.1893694998095998E+02
  0.92000000E+02     -0.1918604937427573E+02
  0.93000000E+02     -0.1943256565843337E+02
  0.94000000E+02     -0.1967659513345112E+02
  0.95000000E+02     -0.1991839510805488E+02
  0.96000000E+02     -0.2015807843779344E+02
  0.97000000E+02     -0.2039515703849078E+02
  0.98000000E+02     -0.2062967733462182E+02
  0.99000000E+02     -0.2086147584318279E+02
  0.10000000E+03     -0.2109003414248733E+02
  0.10100000E+03     -0.2131645776887725E+02
  0.10200000E+03     -0.2154006988782203E+02
  0.10300000E+03     -0.2176129893750694E+02
  0.10400000E+03     -0.2197955689605634E+02
  0.10500000E+03     -0.2219496406766071E+02
  0.10600000E+03     -0.2240743932215140E+02
  0.10700000E+03     -0.2261715262133244E+02
  0.10800000E+03     -0.2282376914325312E+02
  0.10900000E+03     -0.2302745609093049E+02
  0.11000000E+03     -0.2322771575578638E+02
  0.11100000E+03     -0.2342528383132116E+02
  0.11200000E+03     -0.2361952957109890E+02
  0.11300000E+03     -0.2381098460460981E+02
  0.11400000E+03     -0.2399994512649106E+02
  0.11500000E+03     -0.2418520745959213E+02
  0.11600000E+03     -0.2436754287458885E+02
  0.11700000E+03     -0.2454660933257805E+02
  0.11800000E+03     -0.2472249675489441E+02
  0.11900000E+03     -0.2489563034996399E+02
  0.12000000E+03     -0.2506560986337780E+02
  0.12100000E+03     -0.2523185814395503E+02
  0.12200000E+03     -0.2539491745708487E+02
  0.12300000E+03     -0.2555512719610959E+02
  0.12400000E+03     -0.2571195097292113E+02
  0.12500000E+03     -0.2586568520795588E+02
  0.12600000E+03     -0.2601644972219245E+02
  0.12700000E+03     -0.2616367958810187E+02
  0.12800000E+03     -0.2630769420268087E+02
  0.12900000E+03     -0.2644854400781866E+02
  0.13000000E+03     -0.2658609824529196E+02
  0.13100000E+03     -0.2672021219486510E+02
  0.13200000E+03     -0.2685132241678081E+02
  0.13300000E+03     -0.2697924710925137E+02
  0.13400000E+03     -0.2710362373955389E+02
  0.13500000E+03     -0.2722427417988457E+02
  0.13600000E+03     -0.2734196412409049E+02
  0.13700000E+03     -0.2745613382889901E+02
  0.13800000E+03     -0.2756653927736712E+02
  0.13900000E+03     -0.2767398754178717E+02
  0.14000000E+03     -0.2777812006268029E+02
  0.14100000E+03     -0.2787876793065224E+02
  0.14200000E+03     -0.2797582466923187E+02
  0.14300000E+03     -0.2806996153639901E+02
  0.14400000E+03     -0.2816060232264135E+02
  0.14500000E+03     -0.2824777591257924E+02
  0.14600000E+03     -0.2833168033265991E+02
  0.14700000E+03     -0.2841185063750289E+02
  0.14800000E+03     -0.2848929384100071E+02
  0.14900000E+03     -0.2856257103226963E+02
  0.15000000E+03     -0.2863276308449248E+02
  0.15100000E+03     -0.2869944092635977E+02
  0.15200000E+03     -0.2876255505478299E+02
  0.15300000E+03     -0.2882186195231202E+02
  0.15400000E+03     -0.2887830977541728E+02
  0.15500000E+03     -0.2893172922289803E+02
  0.15600000E+03     -0.2898147700800784E+02
  0.15700000E+03     -0.2902760108208814E+02
  0.15800000E+03     -0.2907039395311512E+02
  0.15900000E+03     -0.2910973687303115E+02
  0.16000000E+03     -0.2914588329480691E+02
  0.16100000E+03     -0.2917896931890029E+02
  0.16200000E+03     -0.2920820512964399E+02
  0.16300000E+03     -0.2923356379751473E+02
  0.16400000E+03     -0.2925581645952678E+02
  0.16500000E+03     -0.2927489412063662E+02
  0.16600000E+03     -0.2929016643913569E+02
  0.16700000E+03     -0.2930203999691362E+02
  0.16800000E+03     -0.2931074250656849E+02
  0.16900000E+03     -0.2931649527447067E+02
  0.17000000E+03     -0.2931897902295200E+02
  0.17100000E+03     -0.2931740031505743E+02
  0.17200000E+03     -0.2931290154423813E+02
  0.17300000E+03     -0.2930445290592429E+02
  0.17400000E+03     -0.2929338092187638E+02
  0.17500000E+03     -0.2927865966851819E+02
  0.17600000E+03     -0.2926047455607281E+02
  0.17700000E+03     -0.2923849993409490E+02
  0.17800000E+03     -0.2921326692632902E+02
  0.17900000E+03     -0.2918469146731782E+02
  0.18000000E+03     -0.2915290420600586E+02
  0.18100000E+03     -0.2911715416102662E+02
  0.18200000E+03     -0.2907825639454035E+02
  0.18300000E+03     -0.2903615834795804E+02
  0.18400000E+03     -0.2899128736916941E+02
  0.18500000E+03     -0.2894244782499899E+02
  0.18600000E+03     -0.2889033236973264E+02
  0.18700000E+03     -0.2883461529946899E+02
  0.18800000E+03     -0.2877519741412637E+02
  0.18900000E+03     -0.2871269949765414E+02
  0.19000000E+03     -0.2864647419261452E+02
  0.19100000E+03     -0.2857759454778931E+02
  0.19200000E+03     -0.2850516081789763E+02
  0.19300000E+03     -0.2843005658179688E+02
  0.19400000E+03     -0.2835117152617809E+02
  0.19500000E+03     -0.2826809466689756E+02
  0.19600000E+03     -0.2818305236950247E+02
  0.19700000E+03     -0.2809413154972182E+02
  0.19800000E+03     -0.2800263914788622E+02
  0.19900000E+03     -0.2790770505853999E+02
  0.20000000E+03     -0.2780915506749156E+02
  0.20100000E+03     -0.2770672688966940E+02
  0.20200000E+03     -0.2760084322749059E+02
  0.20300000E+03     -0.2749225828153236E+02
  0.20400000E+03     -0.2738005244449636E+02
  0.20500000E+03     -0.2726589304441343E+02
  0.20600000E+03     -0.2714750902481880E+02
  0.20700000E+03     -0.2702656861334045E+02
  0.20800000E+03     -0.2690199511658747E+02
  0.20900000E+03     -0.2677386911828646E+02
  0.21000000E+03     -0.2664319821793156E+02
  0.21100000E+03     -0.2650870694693975E+02
  0.21200000E+03     -0.2637199383945204E+02
  0.21300000E+03     -0.2623121948486687E+02
  0.21400000E+03     -0.2608815976446844E+02
  0.21500000E+03     -0.2594201076685248E+02
  0.21600000E+03     -0.2579203043793093E+02
  0.21700000E+03     -0.2563877696956141E+02
  0.21800000E+03     -0.2548262490905989E+02
  0.21900000E+03     -0.2532393994647180E+02
  0.22000000E+03     -0.2516268307490241E+02
  0.22100000E+03     -0.2499810143459077E+02
  0.22200000E+03     -0.2483045253539203E+02
  0.22300000E+03     -0.2465949780222478E+02
  0.22400000E+03     -0.2448669140287813E+02
  0.22500000E+03     -0.2431084672338534E+02
  0.22600000E+03     -0.2413117081692761E+02
  0.22700000E+03     -0.2395030918200770E+02
  0.22800000E+03     -0.2376526757625035E+02
  0.22900000E+03     -0.2357812132487421E+02
  0.23000000E+03     -0.2338873896683695E+02
  0.23100000E+03     -0.2319576038262520E+02
  0.23200000E+03     -0.2300040998530208E+02
  0.23300000E+03     -0.2280258019818283E+02
  0.23400000E+03     -0.2260258053765432E+02
  0.23500000E+03     -0.2239927862047488E+02
  0.23600000E+03     -0.2219349420004106E+02
  0.23700000E+03     -0.2198553981773977E+02
  0.23800000E+03     -0.2177544209181530E+02
  0.23900000E+03     -0.2156311425616043E+02
  0.24000000E+03     -0.2134847217261788E+02
  0.24100000E+03     -0.2113119054894289E+02
  0.24200000E+03     -0.2091192501685397E+02
  0.24300000E+03     -0.2069043756764161E+02
  0.24400000E+03     -0.2046686010689059E+02
  0.24500000E+03     -0.2024069453506694E+02
  0.24600000E+03     -0.2001333017023866E+02
  0.24700000E+03     -0.1978331666509375E+02
  0.24800000E+03     -0.1955188863941924E+02
  0.24900000E+03     -0.1931825069276211E+02
  0.25000000E+03     -0.1908320512687332E+02
  0.25100000E+03     -0.1884644114336662E+02
  0.25200000E+03     -0.1860805107020878E+02
  0.25300000E+03     -0.1836800982476405E+02
  0.25400000E+03     -0.1812617867427139E+02
  0.25500000E+03     -0.1788304379319892E+02
  0.25600000E+03     -0.1763825818230367E+02
  0.25700000E+03     -0.1739226526595539E+02
  0.25800000E+03     -0.1714479841398272E+02
  0.25900000E+03     -0.1689673022693810E+02
  0.26000000E+03     -0.1664757930395097E+02
  0.26100000E+03     -0.1639710794230042E+02
  0.26200000E+03     -0.1614543359850563E+02
  0.26300000E+03     -0.1589356346509446E+02
  0.26400000E+03     -0.1563997385781840E+02
  0.26500000E+03     -0.1538681968906230E+02
  0.26600000E+03     -0.1513310028195410E+02
  0.26700000E+03     -0.1487892301106220E+02
  0.26800000E+03     -0.1462344771164149E+02
  0.26900000E+03     -0.1436799322581337E+02
  0.27000000E+03     -0.1411205294885163E+02
  0.27100000E+03     -0.1385691985321986E+02
  0.27200000E+03     -0.1360183881058106E+02
  0.27300000E+03     -0.1334641719606636E+02
  0.27400000E+03     -0.1309168519637198E+02
  0.27500000E+03     -0.1283692658700206E+02
  0.27600000E+03     -0.1258290338735815E+02
  0.27700000E+03     -0.1232992018811331E+02
  0.27800000E+03     -0.1207692432860473E+02
  0.27900000E+03     -0.1182433441112098E+02
  0.28000000E+03     -0.1157293160114046E+02
  0.28100000E+03     -0.1132173957838080E+02
  0.28200000E+03     -0.1107208031850762E+02
  0.28300000E+03     -0.1082409911739645E+02
  0.28400000E+03     -0.1057794007494509E+02
  0.28500000E+03     -0.1033253776147837E+02
  0.28600000E+03     -0.1008908225054405E+02
  0.28700000E+03     -0.9847608915711428E+01
  0.28800000E+03     -0.9607579282080339E+01
  0.28900000E+03     -0.9370239551238432E+01
  0.29000000E+03     -0.9134918899218745E+01
  0.29100000E+03     -0.8901521219088087E+01
  0.29200000E+03     -0.8670531563499162E+01
  0.29300000E+03     -0.8442820491180129E+01
  0.29400000E+03     -0.8218180420950295E+01
  0.29500000E+03     -0.7997138459935492E+01
  0.29600000E+03     -0.7778829029465314E+01
  0.29700000E+03     -0.7564039138151326E+01
  0.29800000E+03     -0.7351934933484067E+01
  0.29900000E+03     -0.7144007908103456E+01
  0.30000000E+03     -0.6940066538216978E+01
  0.30100000E+03     -0.6739717051810677E+01
  0.30200000E+03     -0.6543353924914911E+01
  0.30300000E+03     -0.6351365983870229E+01
  0.30400000E+03     -0.6164015647623732E+01
  0.30500000E+03     -0.5981280770520012E+01
  0.30600000E+03     -0.5803223099511040E+01
  0.30700000E+03     -0.5630001214890374E+01
  0.30800000E+03     -0.5462790642024249E+01
  0.30900000E+03     -0.5300971484826867E+01
  0.31000000E+03     -0.5144570931485858E+01
  0.31100000E+03     -0.4993307069486573E+01
  0.31200000E+03     -0.4847157187311989E+01
  0.31300000E+03     -0.4708412152975828E+01
  0.31400000E+03     -0.4575906880342608E+01
  0.31500000E+03     -0.4449921405052407E+01
  0.31600000E+03     -0.4330266063693230E+01
  0.31700000E+03     -0.4217910673899989E+01
  0.31800000E+03     -0.4111799419917424E+01
  0.31900000E+03     -0.4013540177880522E+01
  0.32000000E+03     -0.3922790855315049E+01
  0.32100000E+03     -0.3840129497223074E+01
  0.32200000E+03     -0.3765200712070946E+01
  0.32300000E+03     -0.3698152891617735E+01
  0.32400000E+03     -0.3641302232475748E+01
  0.32500000E+03     -0.3589928650518277E+01
  0.32600000E+03     -0.3548066738398556E+01
  0.32700000E+03     -0.3517696623583269E+01
  0.32800000E+03     -0.3492759303623650E+01
  0.32900000E+03     -0.3481182609284644E+01
  0.33000000E+03     -0.3479656707615735E+01
  0.33100000E+03     -0.3487419039662504E+01
  0.33200000E+03     -0.3504103642400526E+01
  0.33300000E+03     -0.3531445920170771E+01
  0.33400000E+03     -0.3570714435710272E+01
  0.33500000E+03     -0.3618139702037197E+01
  0.33600000E+03     -0.3678946988034490E+01
  0.33700000E+03     -0.3749039404231002E+01
  0.33800000E+03     -0.3831319397701975E+01
  0.33900000E+03     -0.3927905644900385E+01
  0.34000000E+03     -0.4038266034154198E+01
  0.34100000E+03     -0.4157570873127021E+01
  0.34200000E+03     -0.4292413726033455E+01
  0.34300000E+03     -0.4440797569921134E+01
  0.34400000E+03     -0.4601196780471110E+01
  0.34500000E+03     -0.4777249962590915E+01
  0.34600000E+03     -0.4965355811083213E+01
  0.34700000E+03     -0.5167663732429574E+01
  0.34800000E+03     -0.5385197978167706E+01
  0.34900000E+03     -0.5617017512813373E+01
  0.35000000E+03     -0.5861883793493742E+01
  0.35100000E+03     -0.6125218030631093E+01
  0.35200000E+03     -0.6404890327999706E+01
  0.35300000E+03     -0.6699608095654259E+01
  0.35400000E+03     -0.7009814406029495E+01
  0.35500000E+03     -0.7335356440096064E+01
  0.35600000E+03     -0.7677041892972255E+01
  0.35700000E+03     -0.8038192268661835E+01
  0.35800000E+03     -0.8415437477203696E+01
  0.35900000E+03     -0.8810282870243377E+01
  0.36000000E+03     -0.9221753350393186E+01
  0.36100000E+03     -0.9651657027880930E+01
  0.36200000E+03     -0.1009961285135935E+02
  0.36300000E+03     -0.1056979666626854E+02
  0.36400000E+03     -0.1105805893522976E+02
  0.36500000E+03     -0.1156574922449215E+02
  0.36600000E+03     -0.1209342641414841E+02
  0.36700000E+03     -0.1264322885714187E+02
  0.36800000E+03     -0.1321141546591926E+02
  0.36900000E+03     -0.1380112890607875E+02
  0.37000000E+03     -0.1441234520760626E+02
  0.37100000E+03     -0.1504553759847241E+02
  0.37200000E+03     -0.1570027109373277E+02
  0.37300000E+03     -0.1637924442302418E+02
  0.37400000E+03     -0.1707883662479346E+02
  0.37500000E+03     -0.1779796740824084E+02
  0.37600000E+03     -0.1854275433418227E+02
  0.37700000E+03     -0.1931258836708520E+02
  0.37800000E+03     -0.2010711595254702E+02
  0.37900000E+03     -0.2092657464897530E+02
  0.38000000E+03     -0.2177010136153788E+02
  0.38100000E+03     -0.2264131443902209E+02
  0.38200000E+03     -0.2353835512695118E+02
  0.38300000E+03     -0.2445667569347756E+02
  0.38400000E+03     -0.2540536978355170E+02
  0.38500000E+03     -0.2637712278125997E+02
  0.38600000E+03     -0.2737734720486244E+02
  0.38700000E+03     -0.2840199175535774E+02
  0.38800000E+03     -0.2945173565714583E+02
  0.38900000E+03     -0.3052876954502568E+02
  0.39000000E+03     -0.3163420434167867E+02
  0.39100000E+03     -0.3277015025422645E+02
  0.39200000E+03     -0.3393616974403745E+02
  0.39300000E+03     -0.3513702838361269E+02
  0.39400000E+03     -0.3636444843023975E+02
  0.39500000E+03     -0.3762285150238925E+02
  0.39600000E+03     -0.3891739094580861E+02
  0.39700000E+03     -0.4023980193868205E+02
  0.39800000E+03     -0.4159174975377851E+02
  0.39900000E+03     -0.4298088914551402E+02
  0.40000000E+03     -0.4439595570867407E+02
  0.40100000E+03     -0.4584868826144786E+02
  0.40200000E+03     -0.4733874983028409E+02
  0.40300000E+03     -0.4885938850123470E+02
  0.40400000E+03     -0.5041650530130845E+02
  0.40500000E+03     -0.5200081070303072E+02
  0.40600000E+03     -0.5362609258920536E+02
  0.40700000E+03     -0.5528100965937369E+02
  0.40800000E+03     -0.5697656286900743E+02
  0.40900000E+03     -0.5870632237158917E+02
  0.41000000E+03     -0.6047271795772175E+02
  0.41100000E+03     -0.6227858348276554E+02
  0.41200000E+03     -0.6412241143691747E+02
  0.41300000E+03     -0.6600181402440150E+02
  0.41400000E+03     -0.6791870142615569E+02
  0.41500000E+03     -0.6987276903961083E+02
  0.41600000E+03     -0.7187444775211017E+02
  0.41700000E+03     -0.7392138213019152E+02
  0.41800000E+03     -0.7601004448752123E+02
  0.41900000E+03     -0.7813459367728157E+02
  0.42000000E+03     -0.8029851700386588E+02
  0.42100000E+03     -0.8251058419084619E+02
  0.42200000E+03     -0.8476045818922395E+02
  0.42300000E+03     -0.8704952291749849E+02
  0.42400000E+03     -0.8938775874019592E+02
  0.42500000E+03     -0.9177239809396828E+02
  0.42600000E+03     -0.9419807636861695E+02
  0.42700000E+03     -0.9666900695324338E+02
  0.42800000E+03     -0.9918465593556020E+02
  0.42900000E+03     -0.1017579832117422E+03
  0.43000000E+03     -0.1043703881640287E+03
  0.43100000E+03     -0.1070210577531175E+03
  0.43200000E+03     -0.1097333275615032E+03
  0.43300000E+03     -0.1124816455754855E+03
  0.43400000E+03     -0.1152749419411111E+03
  0.43500000E+03     -0.1181283048021947E+03
  0.43600000E+03     -0.1210379087499475E+03
  0.43700000E+03     -0.1239994071489080E+03
  0.43800000E+03     -0.1270067551830257E+03
  0.43900000E+03     -0.1300607885642132E+03
  0.44000000E+03     -0.1331604044968368E+03
  0.44100000E+03     -0.1363203586663873E+03
  0.44200000E+03     -0.1395382563794408E+03
  0.44300000E+03     -0.1428060016017623E+03
  0.44400000E+03     -0.1461325402074214E+03
  0.44500000E+03     -0.1495092282076927E+03
  0.44600000E+03     -0.1529558078791606E+03
  0.44700000E+03     -0.1564442992298612E+03
  0.44800000E+03     -0.1599888125209576E+03
  0.44900000E+03     -0.1636031676630901E+03
  0.45000000E+03     -0.1672714311401407E+03
  0.45100000E+03     -0.1709970096510439E+03
  0.45200000E+03     -0.1747744561266236E+03
  0.45300000E+03     -0.1786015459001123E+03
  0.45400000E+03     -0.1825109022703931E+03
  0.45500000E+03     -0.1864701434914525E+03
  0.45600000E+03     -0.1904944903926073E+03
  0.45700000E+03     -0.1945891799881295E+03
  0.45800000E+03     -0.1987342653565732E+03
  0.45900000E+03     -0.2029313693758183E+03
  0.46000000E+03     -0.2072092941044599E+03
  0.46100000E+03     -0.2115520084339022E+03
  0.46200000E+03     -0.2159508971821488E+03
  0.46300000E+03     -0.2204174153686478E+03
  0.46400000E+03     -0.2249420154621015E+03
  0.46500000E+03     -0.2295376460053834E+03
  0.46600000E+03     -0.2342058547931179E+03
  0.46700000E+03     -0.2389356483582265E+03
  0.46800000E+03     -0.2437171822261959E+03
  0.46900000E+03     -0.2486002430698260E+03
  0.47000000E+03     -0.2535256629142958E+03
  0.47100000E+03     -0.2585422856753453E+03
  0.47200000E+03     -0.2636193055672791E+03
  0.47300000E+03     -0.2687816919289782E+03
  0.47400000E+03     -0.2740201892048516E+03
  0.47500000E+03     -0.2793263867177146E+03
  0.47600000E+03     -0.2847081548459189E+03
  0.47700000E+03     -0.2901729669957109E+03
  0.47800000E+03     -0.2956988371977307E+03
  0.47900000E+03     -0.3012989414222992E+03
  0.48000000E+03     -0.3069621674009512E+03
  0.48100000E+03     -0.3127357981151632E+03
  0.48200000E+03     -0.3185507961889362E+03
  0.48300000E+03     -0.3244411172358025E+03
  0.48400000E+03     -0.3304441460423766E+03
  0.48500000E+03     -0.3365109630895593E+03
  0.48600000E+03     -0.3426774180573513E+03
  0.48700000E+03     -0.3489156758684218E+03
  0.48800000E+03     -0.3552129802032194E+03
  0.48900000E+03     -0.3616049325619217E+03
  0.49000000E+03     -0.3681255391889396E+03
  0.49100000E+03     -0.3746908576034486E+03
  0.49200000E+03     -0.3813420311324992E+03
  0.49300000E+03     -0.3880747991251991E+03
  0.49400000E+03     -0.3949069557721759E+03
  0.49500000E+03     -0.4018057693572161E+03
  0.49600000E+03     -0.4088386265434791E+03
  0.49700000E+03     -0.4159322206600068E+03
  0.49800000E+03     -0.4231001312054795E+03
  0.49900000E+03     -0.4303936542326820E+03
  0.50000000E+03     -0.4377571487842933E+03
  0.50100000E+03     -0.4452342709134514E+03
  0.50200000E+03     -0.4528006001106797E+03
  0.50300000E+03     -0.4604432525815704E+03
  0.50400000E+03     -0.4681618688278248E+03
  0.50500000E+03     -0.4760021902558535E+03
  0.50600000E+03     -0.4839020909788589E+03
  0.50700000E+03     -0.4919467518246194E+03
  0.50800000E+03     -0.5000857564474495E+03
  0.50900000E+03     -0.5083041249697893E+03
  0.51000000E+03     -0.5166591524041913E+03
