  0.00000000E+00     -0.3644602497168914E-08      0.1457134676762059E-16     -0.6078990353392519E-25      0.2624183941597103E-33     -0.1167309760061093E-41
  0.10000000E+01     -0.6057436464161311E-03      0.3669253651607611E-06     -0.2222627086520236E-09      0.1346342236035028E-12     -0.8155382553701187E-16
  0.20000000E+01     -0.4351400772827556E-01      0.2675286860483786E-01     -0.2062562714000906E-01      0.1985640654618616E-01     -0.1154993504031655E-01
  0.30000000E+01     -0.1290940484359636E+00      0.9314672600556724E-01     -0.8977621817156921E-01      0.1159305196630063E+00     -0.1521528459205793E+00
  0.40000000E+01     -0.2577757938583720E+00      0.2233929739002572E+00     -0.2682014953452188E+00      0.4345909099062681E+00     -0.8145948355947138E+00
  0.50000000E+01     -0.4300044962240535E+00      0.4533502381389653E+00     -0.6673281849306201E+00      0.1307976976828912E+01     -0.3103350675909969E+01
  0.60000000E+01     -0.6464361788361277E+00      0.8320943478940618E+00     -0.1478464137799527E+01      0.3437011907146456E+01     -0.9769077698063612E+01
  0.70000000E+01     -0.9074887145291923E+00      0.1420288701699677E+01     -0.3004727031509991E+01      0.8156113557925062E+01     -0.2702021699483564E+02
  0.80000000E+01     -0.1214034166996097E+01      0.2293786312831974E+01     -0.5718225142190458E+01      0.1795653795536499E+02     -0.6837562064389320E+02
  0.90000000E+01     -0.1566229305757087E+01      0.3540377248443179E+01     -0.1030670805749220E+02      0.3716783964789580E+02     -0.1612308963085498E+03
  0.10000000E+02     -0.1965544769960900E+01      0.5266974536418074E+01     -0.1776391008894689E+02      0.7305275484631927E+02     -0.3580034549855923E+03
  0.11000000E+02     -0.2411822489118296E+01      0.7590601589135206E+01     -0.2945474064918923E+02      0.1374131096539942E+03     -0.7569377036772871E+03
  0.12000000E+02     -0.2906641340715097E+01      0.1065245323827788E+02     -0.4726615860089155E+02      0.2489910516521086E+03     -0.1535966351804583E+04
  0.13000000E+02     -0.3450404831727506E+01      0.1460426438308659E+02     -0.7363276071080979E+02      0.4355130019305968E+03     -0.2988912371618251E+04
  0.14000000E+02     -0.4045079004391497E+01      0.1963127100984396E+02     -0.1118973111556510E+03      0.7404340309135999E+03     -0.5639863853041328E+04
  0.15000000E+02     -0.4691148663283879E+01      0.2592970052771265E+02     -0.1662945023224373E+03      0.1226776059871324E+04     -0.1034429339486904E+05
  0.16000000E+02     -0.5389539512136959E+01      0.3371679228692794E+02     -0.2421663847233594E+03      0.1984425651657460E+04     -0.1846605533358291E+05
  0.17000000E+02     -0.6142034493977587E+01      0.4324691468295382E+02     -0.3463918378189015E+03      0.3142104592571680E+04     -0.3216671327487706E+05
  0.18000000E+02     -0.6951178494606586E+01      0.5481424353445949E+02     -0.4877573982411096E+03      0.4882959748272654E+04     -0.5485945513320414E+05
  0.19000000E+02     -0.7817305425916179E+01      0.6871224590859532E+02     -0.6767842151727313E+03      0.7456216193250420E+04     -0.9173672042679384E+05
  0.20000000E+02     -0.8743897678527427E+01      0.8532506069641177E+02     -0.9274136535600867E+03      0.1121849500697504E+05     -0.1508986548654802E+06
  0.21000000E+02     -0.9731070679572657E+01      0.1050027093388400E+03     -0.1255333867164270E+04      0.1662564327584616E+05     -0.2438219724154391E+06
  0.22000000E+02     -0.1078323797401569E+02      0.1282307997383679E+03     -0.1681721059523637E+04      0.2433497165534540E+05     -0.3885169618089831E+06
  0.23000000E+02     -0.1190003643111312E+02      0.1554295192056331E+03     -0.2229795123648896E+04      0.3516542684361146E+05     -0.6097787653140187E+06
  0.24000000E+02     -0.1308841953001024E+02      0.1872607638722793E+03     -0.2932282569065248E+04      0.5031060765689407E+05     -0.9461179999435619E+06
  0.25000000E+02     -0.1434976204450787E+02      0.2243147549978084E+03     -0.3825886352494206E+04      0.7129307213324253E+05     -0.1452000369808189E+07
  0.26000000E+02     -0.1568727455331971E+02      0.2672780282931986E+03     -0.4955036977888126E+04      0.1000926314030407E+06     -0.2203684157254840E+07
  0.27000000E+02     -0.1710566655934647E+02      0.3169652709979528E+03     -0.6375089307975811E+04      0.1393700232587028E+06     -0.3312339783074932E+07
  0.28000000E+02     -0.1861050885945858E+02      0.3743458340703740E+03     -0.8155378796159216E+04      0.1926810543192569E+06     -0.4936853011327753E+07
  0.29000000E+02     -0.2020186051802646E+02      0.4402138483845573E+03     -0.1036823628035492E+05      0.2642450449234257E+06     -0.7285294165854122E+07
  0.30000000E+02     -0.2189040597705047E+02      0.5159749264896437E+03     -0.1312094743684843E+05      0.3602864239880469E+06     -0.1067612986413103E+08
  0.31000000E+02     -0.2367681770239001E+02      0.6026599234453366E+03     -0.1651970982214414E+05      0.4879354899383319E+06     -0.1551454351236181E+08
  0.32000000E+02     -0.2556919393282629E+02      0.7018396902912338E+03     -0.2071112157062330E+05      0.6572008161323565E+06     -0.2239385325591613E+08
  0.33000000E+02     -0.2757350398424670E+02      0.8150440065049253E+03     -0.2585608508621240E+05      0.8801146831774281E+06     -0.3208777215972825E+08
  0.34000000E+02     -0.2969258018772459E+02      0.9438366352410688E+03     -0.3214194576632910E+05      0.1171887970163238E+07     -0.4564569601270234E+08
  0.35000000E+02     -0.3193242268224204E+02      0.1090029496104300E+04     -0.3978817704974685E+05      0.1551304585009899E+07     -0.6444258322374319E+08
  0.36000000E+02     -0.3430007112749126E+02      0.1255831223475703E+04     -0.4907235078677358E+05      0.2043294712295423E+07     -0.9040008398392396E+08
  0.37000000E+02     -0.3679561399256483E+02      0.1442936801389423E+04     -0.6026604000414850E+05      0.2675520807556380E+07     -0.1258597227451069E+09
  0.38000000E+02     -0.3941745785083120E+02      0.1653063414362648E+04     -0.7367379796907291E+05      0.3481190153555102E+07     -0.1738067651798258E+09
  0.39000000E+02     -0.4217068369436885E+02      0.1888512251775755E+04     -0.8966764182134700E+05      0.4501730670627354E+07     -0.2381284138438422E+09
  0.40000000E+02     -0.4505282206436419E+02      0.2151063878844379E+04     -0.1086224638941454E+06      0.5783951020652371E+07     -0.3235833079611434E+09
  0.41000000E+02     -0.4805885913808901E+02      0.2442257853592863E+04     -0.1309234109464220E+06      0.7380119905309502E+07     -0.4358440683620640E+09
  0.42000000E+02     -0.5117572878181349E+02      0.2762824742396603E+04     -0.1569297005914287E+06      0.9347124919211287E+07     -0.5816829639071506E+09
  0.43000000E+02     -0.5440980522861673E+02      0.3115378795457712E+04     -0.1871732807331300E+06      0.1176008708563248E+08     -0.7699465099125237E+09
  0.44000000E+02     -0.5773873407637140E+02      0.3499358762993638E+04     -0.2219440898347179E+06      0.1468149494286169E+08     -0.1009422723433060E+10
  0.45000000E+02     -0.6116559656364961E+02      0.3916918124527099E+04     -0.2617975501620558E+06      0.1820288481413782E+08     -0.1312338107674306E+10
  0.46000000E+02     -0.6466895290758811E+02      0.4367018534037268E+04     -0.3069875247990136E+06      0.2239345821147259E+08     -0.1689834602557298E+10
  0.47000000E+02     -0.6824452419974725E+02      0.4850812006629321E+04     -0.3580284157753696E+06      0.2735640231841502E+08     -0.2157662487414037E+10
  0.48000000E+02     -0.7188026638848585E+02      0.5367885819238941E+04     -0.4152447297454295E+06      0.3317958976804712E+08     -0.2731121320166023E+10
  0.49000000E+02     -0.7556193248356985E+02      0.5917376352580683E+04     -0.4789204342486563E+06      0.3995284206166590E+08     -0.3426979609419685E+10
  0.50000000E+02     -0.7928507911982025E+02      0.6499688737283829E+04     -0.5494896123977822E+06      0.4778806301584607E+08     -0.4265700322649254E+10
  0.51000000E+02     -0.8304083848578331E+02      0.7114409006292293E+04     -0.6273002752700953E+06      0.5679563207919624E+08     -0.5269400920173032E+10
  0.52000000E+02     -0.8681891439181095E+02      0.7760430791749030E+04     -0.7125741735874979E+06      0.6707250803175808E+08     -0.6459726690392340E+10
  0.53000000E+02     -0.9062250543159328E+02      0.8439116673573621E+04     -0.8058944473243457E+06      0.7876911473565327E+08     -0.7866639331627241E+10
  0.54000000E+02     -0.9444164699812283E+02      0.9149093805690434E+04     -0.9074349263481243E+06      0.9198690150576784E+08     -0.9515611564796150E+10
  0.55000000E+02     -0.9827896063965464E+02      0.9891266907259607E+04     -0.1017699252993898E+07      0.1068765755503375E+09     -0.1144013674364531E+11
  0.56000000E+02     -0.1021263448636211E+03      0.1066452282200313E+05     -0.1136910385630765E+07      0.1235593997056588E+09     -0.1367217256883997E+11
  0.57000000E+02     -0.1059858057447769E+03      0.1146964680739304E+05     -0.1265570541810325E+07      0.1421995886907276E+09     -0.1625119069367847E+11
  0.58000000E+02     -0.1098510415733234E+03      0.1230551218657639E+05     -0.1403862349334029E+07      0.1629196072548392E+09     -0.1921287956752569E+11
  0.59000000E+02     -0.1137245954355984E+03      0.1317300029043020E+05     -0.1552321789967028E+07      0.1859034395620425E+09     -0.2260422820364697E+11
  0.60000000E+02     -0.1176063393165567E+03      0.1407236457192959E+05     -0.1711387167234259E+07      0.2113290678432593E+09     -0.2647438890650289E+11
  0.61000000E+02     -0.1214946920733413E+03      0.1500333019045733E+05     -0.1881367971035137E+07      0.2393530166623419E+09     -0.3087044513225267E+11
  0.62000000E+02     -0.1253981736083771E+03      0.1596828363735551E+05     -0.2063108470433870E+07      0.2702339209332594E+09     -0.3585924072208760E+11
  0.63000000E+02     -0.1293116836815352E+03      0.1696636817006368E+05     -0.2256881486107761E+07      0.3041479086448710E+09     -0.4149857639194117E+11
  0.64000000E+02     -0.1332353742946948E+03      0.1799784849500207E+05     -0.2463139444859640E+07      0.3413023466789833E+09     -0.4785324926731745E+11
  0.65000000E+02     -0.1371810897090371E+03      0.1906602158298629E+05     -0.2682941489181272E+07      0.3820206365984943E+09     -0.5501091346116795E+11
  0.66000000E+02     -0.1411377932675647E+03      0.2016838775209908E+05     -0.2916238551662146E+07      0.4264428864476643E+09     -0.6303280224507667E+11
  0.67000000E+02     -0.1451160975819969E+03      0.2130852254854217E+05     -0.3164281087755094E+07      0.4749659061152198E+09     -0.7203024453629581E+11
  0.68000000E+02     -0.1491109860482545E+03      0.2248532617765706E+05     -0.3427284077357249E+07      0.5277904752509159E+09     -0.8208210928057466E+11
  0.69000000E+02     -0.1531227636356752E+03      0.2369922011980776E+05     -0.3705801111928203E+07      0.5851926674845086E+09     -0.9328534075595178E+11
  0.70000000E+02     -0.1571503557282357E+03      0.2495018362339672E+05     -0.4000278937804476E+07      0.6474317853692815E+09     -0.1057368869086386E+12
  0.71000000E+02     -0.1611901736485310E+03      0.2623759820868791E+05     -0.4311083300111969E+07      0.7147725150729876E+09     -0.1195423536457809E+12
  0.72000000E+02     -0.1652534406171015E+03      0.2756555436255838E+05     -0.4639720526018610E+07      0.7877346764903753E+09     -0.1348637688316338E+12
  0.73000000E+02     -0.1693321087569249E+03      0.2893194779719206E+05     -0.4986204937929135E+07      0.8665260064921030E+09     -0.1518049658886983E+12
  0.74000000E+02     -0.1734335748480163E+03      0.3033958198120931E+05     -0.5351742968160316E+07      0.9516231427278752E+09     -0.1705303730098296E+12
  0.75000000E+02     -0.1775570837935099E+03      0.3178873139140732E+05     -0.5736953151622325E+07      0.1043388208995400E+10     -0.1911867735811376E+12
  0.76000000E+02     -0.1817086938474808E+03      0.3328222451923364E+05     -0.6143196248136970E+07      0.1142387492816057E+10     -0.2139772580243303E+12
  0.77000000E+02     -0.1858825842096979E+03      0.3481844142427526E+05     -0.6570592684461299E+07      0.1248888052508579E+10     -0.2390403983834316E+12
  0.78000000E+02     -0.1900746886112860E+03      0.3639659669470044E+05     -0.7019552368955025E+07      0.1363251720637701E+10     -0.2665458477850051E+12
  0.79000000E+02     -0.1942859645226398E+03      0.3801752310571220E+05     -0.7490896296700654E+07      0.1485946869004436E+10     -0.2966942727520383E+12
  0.80000000E+02     -0.1985199199549158E+03      0.3968291570664239E+05     -0.7985668797458759E+07      0.1617502309600588E+10     -0.3297057392072007E+12
  0.81000000E+02     -0.2027626130024190E+03      0.4138783763485117E+05     -0.8503021982422259E+07      0.1757974730184653E+10     -0.3656939331978901E+12
  0.82000000E+02     -0.2070322491998693E+03      0.4313992370501053E+05     -0.9045817192077717E+07      0.1908406772469713E+10     -0.4050233898931531E+12
  0.83000000E+02     -0.2113145336183318E+03      0.4493378702254930E+05     -0.9613013957586901E+07      0.2068812795121648E+10     -0.4478095634378359E+12
  0.84000000E+02     -0.2156307119147493E+03      0.4677903611373951E+05     -0.1020833419309823E+08      0.2240565431095850E+10     -0.4945369333595983E+12
  0.85000000E+02     -0.2199557012224390E+03      0.4866537795421802E+05     -0.1082908001387865E+08      0.2423201454073877E+10     -0.5452010141676514E+12
  0.86000000E+02     -0.2243002497172629E+03      0.5059790987334249E+05     -0.1147754802196435E+08      0.2617717207581279E+10     -0.6002045089355747E+12
  0.87000000E+02     -0.2286517210071160E+03      0.5257127105075403E+05     -0.1215251192818341E+08      0.2824058710409729E+10     -0.6596601958071073E+12
  0.88000000E+02     -0.2330158903409651E+03      0.5458845466547282E+05     -0.1285561474078268E+08      0.3043063515290989E+10     -0.7239469681364558E+12
  0.89000000E+02     -0.2373930334827251E+03      0.5664986237741223E+05     -0.1358759723895437E+08      0.3275302618444550E+10     -0.7933761145531775E+12
  0.90000000E+02     -0.2417848998386618E+03      0.5875645268853608E+05     -0.1434933864988167E+08      0.3521378380294300E+10     -0.8682690290721488E+12
  0.91000000E+02     -0.2461761986478765E+03      0.6090125149049428E+05     -0.1513894796231860E+08      0.3781041472042391E+10     -0.9487067804099022E+12
  0.92000000E+02     -0.2505810670812322E+03      0.6309169380298277E+05     -0.1595987440103956E+08      0.4055826161256449E+10     -0.1035338767005466E+13
  0.93000000E+02     -0.2549839966087190E+03      0.6531990526753548E+05     -0.1680961006567158E+08      0.4345206430661129E+10     -0.1128148938307891E+13
  0.94000000E+02     -0.2594030736926305E+03      0.6759498289653659E+05     -0.1769211546176654E+08      0.4650868675903385E+10     -0.1227839783690003E+13
  0.95000000E+02     -0.2638263806199496E+03      0.6991153441553196E+05     -0.1860610652927931E+08      0.4972824029770981E+10     -0.1334619941371641E+13
  0.96000000E+02     -0.2682556962275809E+03      0.7227045587626280E+05     -0.1955243981189320E+08      0.5311730248923755E+10     -0.1448883963996625E+13
  0.97000000E+02     -0.2726861023757764E+03      0.7466899199297020E+05     -0.2053047381083566E+08      0.5667705073018825E+10     -0.1570848511526371E+13
  0.98000000E+02     -0.2771247610584879E+03      0.7711141478836267E+05     -0.2154262637757969E+08      0.6042057756194466E+10     -0.1701170636243412E+13
  0.99000000E+02     -0.2815675021589137E+03      0.7959558467841668E+05     -0.2258860120002099E+08      0.6435088666074811E+10     -0.1840163382392983E+13
  0.10000000E+03     -0.2860161321243272E+03      0.8212204889353947E+05     -0.2366896298721772E+08      0.6847329886160938E+10     -0.1988195232494017E+13
  0.10100000E+03     -0.2904645148423760E+03      0.8468821774171999E+05     -0.2478349897739333E+08      0.7279233745972919E+10     -0.2145688126099238E+13
  0.10200000E+03     -0.2949073972481733E+03      0.8729069776768341E+05     -0.2593110951789786E+08      0.7730721593427754E+10     -0.2312812681184308E+13
  0.10300000E+03     -0.2993680394519021E+03      0.8994281180927226E+05     -0.2711805006195892E+08      0.8204602399073664E+10     -0.2490809544765478E+13
  0.10400000E+03     -0.3038304730234734E+03      0.9263601604404116E+05     -0.2834145189783578E+08      0.8700318692157900E+10     -0.2679765981148121E+13
  0.10500000E+03     -0.3082957279303874E+03      0.9537068892964537E+05     -0.2960192020664011E+08      0.9218508816590656E+10     -0.2880157101184416E+13
  0.10600000E+03     -0.3127433551322746E+03      0.9813397876596318E+05     -0.3089389988500636E+08      0.9757250419845615E+10     -0.3091459058957651E+13
  0.10700000E+03     -0.3172107787157377E+03      0.1009496623588084E+06     -0.3222927823167263E+08      0.1032203652131578E+11     -0.3316119415710220E+13
  0.10800000E+03     -0.3216802472508951E+03      0.1038064150556109E+06     -0.3360315644335187E+08      0.1091121790392350E+11     -0.3553737495925552E+13
  0.10900000E+03     -0.3261557973673381E+03      0.1067068458623378E+06     -0.3501733679598963E+08      0.1152602733617249E+11     -0.3805085245724258E+13
  0.11000000E+03     -0.3306350690019237E+03      0.1096498329755053E+06     -0.3647199720722981E+08      0.1216708216438932E+11     -0.4070726227686978E+13
  0.11100000E+03     -0.3351136813371114E+03      0.1126326281824289E+06     -0.3796639323969937E+08      0.1283456353875497E+11     -0.4351044028673574E+13
  0.11200000E+03     -0.3396018090502877E+03      0.1156618421575371E+06     -0.3950428178853646E+08      0.1353058055280135E+11     -0.4647201588370508E+13
  0.11300000E+03     -0.3440971815577547E+03      0.1187361715802172E+06     -0.4108565958261051E+08      0.1425567045195327E+11     -0.4959757350344161E+13
  0.11400000E+03     -0.3486078812999583E+03      0.1218613594981827E+06     -0.4271413300264552E+08      0.1501203053893658E+11     -0.5289996790357983E+13
  0.11500000E+03     -0.3531239189458964E+03      0.1250312474203081E+06     -0.4438742122511742E+08      0.1579927521267372E+11     -0.5638149993020162E+13
  0.11600000E+03     -0.3576447579575468E+03      0.1282450271286291E+06     -0.4610545366673426E+08      0.1661780962600187E+11     -0.6004708155989832E+13
  0.11700000E+03     -0.3621855770132631E+03      0.1315142876296901E+06     -0.4787538761262949E+08      0.1747175380149789E+11     -0.6391945642489952E+13
  0.11800000E+03     -0.3667126818624259E+03      0.1348148734117717E+06     -0.4968474721045168E+08      0.1835563841514693E+11     -0.6797747837633777E+13
  0.11900000E+03     -0.3712752248782346E+03      0.1381829261958553E+06     -0.5155410010802605E+08      0.1928016217417294E+11     -0.7227453411613541E+13
  0.12000000E+03     -0.3758421133663117E+03      0.1415954257472917E+06     -0.5347117827194539E+08      0.2023977611905764E+11     -0.7678846720712230E+13
  0.12100000E+03     -0.3804390298124648E+03      0.1450726219828976E+06     -0.5544853172080078E+08      0.2124163563631634E+11     -0.8155836986697100E+13
  0.12200000E+03     -0.3850455186293560E+03      0.1485994698479149E+06     -0.5747840925848151E+08      0.2228250100582089E+11     -0.8657340454386809E+13
  0.12300000E+03     -0.3896682120831104E+03      0.1521812660846847E+06     -0.5956460681010084E+08      0.2336501696534368E+11     -0.9185117964223043E+13
  0.12400000E+03     -0.3943128570426275E+03      0.1558230589555796E+06     -0.6171096591116332E+08      0.2449192884848258E+11     -0.9741011698332338E+13
  0.12500000E+03     -0.3989671304235346E+03      0.1595158895937623E+06     -0.6391323413936824E+08      0.2566186100587557E+11     -0.1032492034617619E+14
  0.12600000E+03     -0.4036541179933417E+03      0.1632781771628030E+06     -0.6618306585396468E+08      0.2688168024724302E+11     -0.1094076600879070E+14
  0.12700000E+03     -0.4083643296482629E+03      0.1671030242364558E+06     -0.6851733451221049E+08      0.2815058109547445E+11     -0.1158874268849015E+14
  0.12800000E+03     -0.4130950690586839E+03      0.1709899727445157E+06     -0.7091745212545756E+08      0.2947059226500570E+11     -0.1227070310116929E+14
  0.12900000E+03     -0.4178547183549109E+03      0.1749455847106218E+06     -0.7338790869628535E+08      0.3084477069474113E+11     -0.1298870683304179E+14
  0.13000000E+03     -0.4226434754891519E+03      0.1789713384447724E+06     -0.7593110609195958E+08      0.3227563762019199E+11     -0.1374487834937625E+14
  0.13100000E+03     -0.4274597783878200E+03      0.1830664700410678E+06     -0.7854755532958768E+08      0.3376439939009769E+11     -0.1454052887171982E+14
  0.13200000E+03     -0.4323115737734636E+03      0.1872385669133401E+06     -0.8124330936401294E+08      0.3531556621908183E+11     -0.1537884004252268E+14
  0.13300000E+03     -0.4371959303403473E+03      0.1914864219135875E+06     -0.8401911889247419E+08      0.3693083896800743E+11     -0.1626162434026618E+14
  0.13400000E+03     -0.4421162634889728E+03      0.1958136492241856E+06     -0.8687846023760405E+08      0.3861328902106067E+11     -0.1719134987468260E+14
  0.13500000E+03     -0.4470629945367316E+03      0.2002129725215551E+06     -0.8981800235182363E+08      0.4036224443983746E+11     -0.1816858658888061E+14
  0.13600000E+03     -0.4520590682218305E+03      0.2047063818203808E+06     -0.9285423313528267E+08      0.4218901707090679E+11     -0.1920073489845772E+14
  0.13700000E+03     -0.4570956892300374E+03      0.2092867072470154E+06     -0.9598355679055323E+08      0.4409264095627533E+11     -0.2028817528641552E+14
  0.13800000E+03     -0.4621780331824486E+03      0.2139598570803676E+06     -0.9921159673887882E+08      0.4607796394275004E+11     -0.2143475368598278E+14
  0.13900000E+03     -0.4672965869654515E+03      0.2187188127746830E+06     -0.1025354835432793E+09      0.4814491731327380E+11     -0.2264168467732207E+14
  0.14000000E+03     -0.4724570580844764E+03      0.2235698073267793E+06     -0.1059610224441581E+09      0.5029851022659348E+11     -0.2391299777693439E+14
  0.14100000E+03     -0.4776602975527906E+03      0.2285147960454941E+06     -0.1094912402161710E+09      0.5254219794239397E+11     -0.2525195209212987E+14
  0.14200000E+03     -0.4829035601502107E+03      0.2335531206997035E+06     -0.1131279074144695E+09      0.5487906491764777E+11     -0.2666187473536564E+14
  0.14300000E+03     -0.4881941804817659E+03      0.2386927482050163E+06     -0.1168783313127084E+09      0.5731537739398005E+11     -0.2814783597823262E+14
  0.14400000E+03     -0.4935414248499753E+03      0.2439445107338477E+06     -0.1207526097114888E+09      0.5985967335240643E+11     -0.2971658525038675E+14
  0.14500000E+03     -0.4989353295369329E+03      0.2492998647547722E+06     -0.1247463180023165E+09      0.6251090824253638E+11     -0.3136901096390519E+14
  0.14600000E+03     -0.5043571781484346E+03      0.2547414723302993E+06     -0.1288483502776356E+09      0.6526351158866555E+11     -0.3310313140568656E+14
  0.14700000E+03     -0.5098187054539580E+03      0.2602826649191265E+06     -0.1330708973953328E+09      0.6812774694900785E+11     -0.3492712927452120E+14
  0.14800000E+03     -0.5153367526912709E+03      0.2659418499961627E+06     -0.1374299728853759E+09      0.7111648489887405E+11     -0.3685089799553707E+14
  0.14900000E+03     -0.5208732361249057E+03      0.2716810850508023E+06     -0.1418982213929401E+09      0.7421294114063094E+11     -0.3886534380738284E+14
  0.15000000E+03     -0.5264462187494332E+03      0.2775202725900898E+06     -0.1464930673481709E+09      0.7743122597771852E+11     -0.4098142267041335E+14
  0.15100000E+03     -0.5320302197115417E+03      0.2834333342244791E+06     -0.1511955350501561E+09      0.8075986734061482E+11     -0.4319326871976728E+14
  0.15200000E+03     -0.5376571625322856E+03      0.2894552494719737E+06     -0.1560354207895466E+09      0.8422209225311621E+11     -0.4551822167368718E+14
  0.15300000E+03     -0.5433030333524611E+03      0.2955608356587203E+06     -0.1609939619416109E+09      0.8780629075002097E+11     -0.4795020657442484E+14
  0.15400000E+03     -0.5489677551366663E+03      0.3017504774448049E+06     -0.1660729123443485E+09      0.9151553607337752E+11     -0.5049304952973715E+14
  0.15500000E+03     -0.5546477791386325E+03      0.3080215483760296E+06     -0.1712722417380193E+09      0.9535215554277437E+11     -0.5315050043040680E+14
  0.15600000E+03     -0.5603370848591719E+03      0.3143673839557867E+06     -0.1765874812660121E+09      0.9931441703459142E+11     -0.5592298498747545E+14
  0.15700000E+03     -0.5660494324048666E+03      0.3208037391205922E+06     -0.1820332994482410E+09      0.1034151918109956E+12     -0.5882144876084200E+14
  0.15800000E+03     -0.5717750114084963E+03      0.3273208788424403E+06     -0.1876036928310240E+09      0.1076524784675759E+12     -0.6184684703722648E+14
  0.15900000E+03     -0.5775016066250259E+03      0.3339045569447212E+06     -0.1932873029229699E+09      0.1120191003369337E+12     -0.6499569870715019E+14
  0.16000000E+03     -0.5832205164509676E+03      0.3405449001824401E+06     -0.1990768480762455E+09      0.1165112805506634E+12     -0.6826721075473301E+14
  0.16100000E+03     -0.5889530917135064E+03      0.3472667058741872E+06     -0.2049950705807742E+09      0.1211483975499153E+12     -0.7167738192631948E+14
  0.16200000E+03     -0.5946930202072770E+03      0.3540633803609345E+06     -0.2110380162325177E+09      0.1259296923356229E+12     -0.7522802484741328E+14
  0.16300000E+03     -0.6004323433456597E+03      0.3609247887592095E+06     -0.2171971587556360E+09      0.1308496800883915E+12     -0.7891665074272323E+14
  0.16400000E+03     -0.6061801366941993E+03      0.3678624750521770E+06     -0.2234846544251653E+09      0.1359204370577441E+12     -0.8275478464329694E+14
  0.16500000E+03     -0.6119304304137705E+03      0.3748692944369747E+06     -0.2298951767214706E+09      0.1411394709340768E+12     -0.8674256542546414E+14
  0.16600000E+03     -0.6176662269630073E+03      0.3819239457047507E+06     -0.2364098596752534E+09      0.1464928698819742E+12     -0.9087118464653147E+14
  0.16700000E+03     -0.6234074882398351E+03      0.3890513488114611E+06     -0.2430531703886401E+09      0.1520028466217263E+12     -0.9516009814565225E+14
  0.16800000E+03     -0.6291372135019745E+03      0.3962301819242339E+06     -0.2498061727308208E+09      0.1576554140676990E+12     -0.9960048574123973E+14
  0.16900000E+03     -0.6348646491912549E+03      0.4034717363395121E+06     -0.2566803446531891E+09      0.1634618402108552E+12     -0.1042032411339363E+15
  0.17000000E+03     -0.6405812633406116E+03      0.4107654226560087E+06     -0.2636669597104248E+09      0.1694168302405672E+12     -0.1089665675388547E+15
  0.17100000E+03     -0.6463113518828528E+03      0.4181418597410762E+06     -0.2707961032686729E+09      0.1755476207520480E+12     -0.1139142818471620E+15
  0.17200000E+03     -0.6520405401149371E+03      0.4255821906342625E+06     -0.2780503284670117E+09      0.1818408350601315E+12     -0.1190376719456701E+15
  0.17300000E+03     -0.6577566172591112E+03      0.4330710230163629E+06     -0.2854162162550104E+09      0.1882871900091002E+12     -0.1243318952840285E+15
  0.17400000E+03     -0.6634653290110954E+03      0.4406158087021350E+06     -0.2929021342631121E+09      0.1948958858308304E+12     -0.1298068408278878E+15
  0.17500000E+03     -0.6691919281523342E+03      0.4482498208674881E+06     -0.3005421293475015E+09      0.2016988898204005E+12     -0.1354913983324323E+15
  0.17600000E+03     -0.6748990687502441E+03      0.4559233156208569E+06     -0.3082876029577367E+09      0.2086549966425845E+12     -0.1413537107212330E+15
  0.17700000E+03     -0.6806088543608643E+03      0.4636655599201532E+06     -0.3161687398994193E+09      0.2157928760440901E+12     -0.1474200806404344E+15
  0.17800000E+03     -0.6862955288147108E+03      0.4714411640843104E+06     -0.3241501575866974E+09      0.2230820695991021E+12     -0.1536668220692563E+15
  0.17900000E+03     -0.6919882265537257E+03      0.4792893632130789E+06     -0.3322726092631305E+09      0.2305612326829525E+12     -0.1601291463968458E+15
  0.18000000E+03     -0.6976783925508510E+03      0.4871994117808554E+06     -0.3405271877909706E+09      0.2382252365992968E+12     -0.1668061673661780E+15
  0.18100000E+03     -0.7033666314162648E+03      0.4951713198081019E+06     -0.3489141457292455E+09      0.2460755680557098E+12     -0.1737011646798207E+15
  0.18200000E+03     -0.7090406177094134E+03      0.5031881992343118E+06     -0.3574172128087272E+09      0.2540994161493632E+12     -0.1808059001134674E+15
  0.18300000E+03     -0.7147372065617267E+03      0.5113016951319546E+06     -0.3660918288832728E+09      0.2623507719630627E+12     -0.1881705908448379E+15
  0.18400000E+03     -0.7204262870210298E+03      0.5194691094250679E+06     -0.3748936373378919E+09      0.2707897099567543E+12     -0.1957625452822538E+15
  0.18500000E+03     -0.7261047193829160E+03      0.5276863670374749E+06     -0.3838198326484511E+09      0.2794161310448954E+12     -0.2035849643278422E+15
  0.18600000E+03     -0.7317780592241415E+03      0.5359604728885412E+06     -0.3928780297927989E+09      0.2882384898213826E+12     -0.2116474946378288E+15
  0.18700000E+03     -0.7374385909189460E+03      0.5442797513860604E+06     -0.4020560546042450E+09      0.2972465596003354E+12     -0.2199432253859878E+15
  0.18800000E+03     -0.7430969359671000E+03      0.5526601696158781E+06     -0.4113729913615398E+09      0.3064615673871310E+12     -0.2284949735378458E+15
  0.18900000E+03     -0.7487597339983287E+03      0.5611111551140285E+06     -0.4208399816032508E+09      0.3158962817805601E+12     -0.2373172248443981E+15
  0.19000000E+03     -0.7544391335370801E+03      0.5696500199284855E+06     -0.4304765759497120E+09      0.3255714085710828E+12     -0.2464314749716373E+15
  0.19100000E+03     -0.7600942053205373E+03      0.5782181669554221E+06     -0.4402210021224058E+09      0.3354303489116503E+12     -0.2557904970241258E+15
  0.19200000E+03     -0.7657393742505315E+03      0.5868353287456855E+06     -0.4500944598391320E+09      0.3454944754607826E+12     -0.2654156223617777E+15
  0.19300000E+03     -0.7713896777826384E+03      0.5955234177094615E+06     -0.4601219327143614E+09      0.3557902151073838E+12     -0.2753340790964968E+15
  0.19400000E+03     -0.7770158048905155E+03      0.6042384583247665E+06     -0.4702550048796778E+09      0.3662713615788654E+12     -0.2855057917685281E+15
  0.19500000E+03     -0.7826254689285290E+03      0.6129914644532744E+06     -0.4805064866045211E+09      0.3769522946382266E+12     -0.2959469003601358E+15
  0.19600000E+03     -0.7882380085495819E+03      0.6218116447282160E+06     -0.4909105398053240E+09      0.3878696857966041E+12     -0.3066954071985682E+15
  0.19700000E+03     -0.7938311785803327E+03      0.6306646036256657E+06     -0.5014283043475087E+09      0.3989856510979019E+12     -0.3177179411701235E+15
  0.19800000E+03     -0.7994197236867994E+03      0.6395726838412335E+06     -0.5120862114560972E+09      0.4103291329745342E+12     -0.3290453159505774E+15
  0.19900000E+03     -0.8049961789650582E+03      0.6485237761613525E+06     -0.5228705765199705E+09      0.4218875403280822E+12     -0.3406680428904076E+15
  0.20000000E+03     -0.8105669688399037E+03      0.6575279525723696E+06     -0.5337942792393647E+09      0.4336765846073354E+12     -0.3526049543958686E+15
  0.20100000E+03     -0.8161255547083078E+03      0.6665745292459117E+06     -0.5448452650912261E+09      0.4456853618818343E+12     -0.3648482797062748E+15
  0.20200000E+03     -0.8216696128799749E+03      0.6756591727927712E+06     -0.5560186058443294E+09      0.4579100400262173E+12     -0.3773968102601762E+15
  0.20300000E+03     -0.8271984072059216E+03      0.6847802178485108E+06     -0.5673127143379267E+09      0.4703505074709349E+12     -0.3902532478475097E+15
  0.20400000E+03     -0.8327010289912841E+03      0.6939193470235963E+06     -0.5787055421523808E+09      0.4829843086739860E+12     -0.4033974480139654E+15
  0.20500000E+03     -0.8381993352284054E+03      0.7031116807004103E+06     -0.5902404376864288E+09      0.4958601848645576E+12     -0.4168820143107858E+15
  0.20600000E+03     -0.8436851267576651E+03      0.7123434982424835E+06     -0.6019011585644991E+09      0.5089621983531956E+12     -0.4306937078486705E+15
  0.20700000E+03     -0.8491563591320681E+03      0.7216106328645839E+06     -0.6136825042839769E+09      0.5222856775285616E+12     -0.4448300004583429E+15
  0.20800000E+03     -0.8546073343573267E+03      0.7309036747155248E+06     -0.6255738140238749E+09      0.5358211615623951E+12     -0.4592847972163342E+15
  0.20900000E+03     -0.8600377622044034E+03      0.7402209227717086E+06     -0.6375723416825563E+09      0.5495659848240463E+12     -0.4740569262525975E+15
  0.21000000E+03     -0.8654458172016834E+03      0.7495586460790746E+06     -0.6496735031068321E+09      0.5635162816145560E+12     -0.4891449368342844E+15
  0.21100000E+03     -0.8708278378440651E+03      0.7589097972878327E+06     -0.6618682061159257E+09      0.5776627474391895E+12     -0.5045412601560944E+15
  0.21200000E+03     -0.8761850822097947E+03      0.7682758009880310E+06     -0.6741582478365178E+09      0.5920084797587876E+12     -0.5202515502307097E+15
  0.21300000E+03     -0.8815252186447013E+03      0.7776693944797110E+06     -0.6865604071683148E+09      0.6065742382407715E+12     -0.5363010272654455E+15
  0.21400000E+03     -0.8868217767617397E+03      0.7870429506665460E+06     -0.6990113101632959E+09      0.6212860880537498E+12     -0.5526099564849997E+15
  0.21500000E+03     -0.8920924420883908E+03      0.7964263235509013E+06     -0.7115496343362210E+09      0.6361896867896665E+12     -0.5692301355569610E+15
  0.21600000E+03     -0.8973314418504024E+03      0.8058085383516353E+06     -0.7241606302656972E+09      0.6512684089072115E+12     -0.5861451570837860E+15
  0.21700000E+03     -0.9025442254849767E+03      0.8151981810539452E+06     -0.7368551453300346E+09      0.6665354542419465E+12     -0.6033712767666512E+15
  0.21800000E+03     -0.9077140939589492E+03      0.8245649432882052E+06     -0.7495927623180699E+09      0.6819439305466073E+12     -0.6208586975272379E+15
  0.21900000E+03     -0.9128287673249793E+03      0.8338845414193710E+06     -0.7623384959156439E+09      0.6974501179658943E+12     -0.6385573228119202E+15
  0.22000000E+03     -0.9179278408330529E+03      0.8432276742353520E+06     -0.7751879163689849E+09      0.7131699712836927E+12     -0.6566003387374384E+15
  0.22100000E+03     -0.9229593591104241E+03      0.8524979410860749E+06     -0.7880075748618457E+09      0.7289401242700861E+12     -0.6748012182909979E+15
  0.22200000E+03     -0.9279586427702258E+03      0.8617589352570962E+06     -0.8008841235986187E+09      0.7448665229945359E+12     -0.6932825702997606E+15
  0.22300000E+03     -0.9329184296183986E+03      0.8709961947228630E+06     -0.8137968102639362E+09      0.7609236442992490E+12     -0.7120160401341090E+15
  0.22400000E+03     -0.9378216432791802E+03      0.8801759951187579E+06     -0.8266965182473226E+09      0.7770488431872019E+12     -0.7309277486418041E+15
  0.22500000E+03     -0.9426815529342589E+03      0.8893217829566031E+06     -0.8396149436326704E+09      0.7932810653121888E+12     -0.7500636223740150E+15
  0.22600000E+03     -0.9475127016295755E+03      0.8984594134970896E+06     -0.8525871082576175E+09      0.8096632381143998E+12     -0.7694739493549879E+15
  0.22700000E+03     -0.9523140662669045E+03      0.9075860147384470E+06     -0.8656082432053468E+09      0.8261892712219991E+12     -0.7891523873642472E+15
  0.22800000E+03     -0.9570975556303437E+03      0.9167249454132408E+06     -0.8787134093934127E+09      0.8429067603627654E+12     -0.8091603695381756E+15
  0.22900000E+03     -0.9618277297143705E+03      0.9258047045668156E+06     -0.8917951896986593E+09      0.8596731515636075E+12     -0.8293215070800445E+15
  0.23000000E+03     -0.9665298428583106E+03      0.9348737080487111E+06     -0.9049237963701595E+09      0.8765797160858992E+12     -0.8497479341659105E+15
  0.23100000E+03     -0.9712237282215918E+03      0.9439700477102621E+06     -0.9181547644886266E+09      0.8936992753137998E+12     -0.8705301734649295E+15
  0.23200000E+03     -0.9758920490008843E+03      0.9530584556083238E+06     -0.9314349150513015E+09      0.9109612967293252E+12     -0.8915813671658025E+15
  0.23300000E+03     -0.9805544573487874E+03      0.9621782335153570E+06     -0.9448237150543681E+09      0.9284463940164089E+12     -0.9130046782729084E+15
  0.23400000E+03     -0.9852408105009105E+03      0.9713865860240322E+06     -0.9584039472817003E+09      0.9462618325055394E+12     -0.9349313738801522E+15
  0.23500000E+03     -0.9899449528702255E+03      0.9806728120777456E+06     -0.9721624312201258E+09      0.9643944416057255E+12     -0.9573511788342048E+15
  0.23600000E+03     -0.9946816496471013E+03      0.9900670760397448E+06     -0.9861459149316663E+09      0.9829092574184296E+12     -0.9803496160993729E+15
  0.23700000E+03     -0.9994485478177427E+03      0.9995651853100407E+06     -0.1000349480806765E+10      0.1001802329363070E+13     -0.1003925952793890E+16
  0.23800000E+03     -0.1004257667450164E+04      0.1009193003069753E+07     -0.1014815239799949E+10      0.1021134994776069E+13     -0.1028164301724556E+16
  0.23900000E+03     -0.1009116891813120E+04      0.1018967955330871E+07     -0.1029572513921899E+10      0.1040951522294470E+13     -0.1053127634425477E+16
  0.24000000E+03     -0.1014035221272526E+04      0.1028909564611581E+07     -0.1044653594936062E+10      0.1061299960168710E+13     -0.1078883502599398E+16
  0.24100000E+03     -0.1019014105765984E+04      0.1039022839953926E+07     -0.1060069946424145E+10      0.1082201942280000E+13     -0.1105468286184110E+16
  0.24200000E+03     -0.1024066984857999E+04      0.1049337098068783E+07     -0.1075870035982129E+10      0.1103729246200857E+13     -0.1132982172802460E+16
  0.24300000E+03     -0.1029172516480695E+04      0.1059811316897259E+07     -0.1091995699362883E+10      0.1125810049120375E+13     -0.1161344188982902E+16
  0.24400000E+03     -0.1034342291505671E+04      0.1070470977211446E+07     -0.1108489629926001E+10      0.1148508700610769E+13     -0.1190646013590994E+16
  0.24500000E+03     -0.1039577044232149E+04      0.1081319419024753E+07     -0.1125360667325819E+10      0.1171843574347796E+13     -0.1220920861287321E+16
  0.24600000E+03     -0.1044874466965389E+04      0.1092354221580970E+07     -0.1142609599778092E+10      0.1195823264387972E+13     -0.1252191169239495E+16
  0.24700000E+03     -0.1050234452187241E+04      0.1103577693774082E+07     -0.1160244934842065E+10      0.1220467705636326E+13     -0.1284495187677133E+16
  0.24800000E+03     -0.1055651311018218E+04      0.1114978453447416E+07     -0.1178250545565391E+10      0.1245758101561154E+13     -0.1317814851505628E+16
  0.24900000E+03     -0.1061119085344292E+04      0.1126547493548490E+07     -0.1196618782985241E+10      0.1271694337632770E+13     -0.1352165837780948E+16
  0.25000000E+03     -0.1066643137402446E+04      0.1138296138335245E+07     -0.1215368606824446E+10      0.1298305992007441E+13     -0.1387592910495037E+16
  0.25100000E+03     -0.1072228569232325E+04      0.1150238565799502E+07     -0.1234528973326805E+10      0.1325644587440104E+13     -0.1424180449799495E+16
  0.25200000E+03     -0.1077866477442905E+04      0.1162356478775361E+07     -0.1254072837904028E+10      0.1353676433251767E+13     -0.1461892055276290E+16
  0.25300000E+03     -0.1083547384483672E+04      0.1174632109074764E+07     -0.1273976743120737E+10      0.1382376769813740E+13     -0.1500708280373613E+16
  0.25400000E+03     -0.1089276141929229E+04      0.1187076991310003E+07     -0.1294262263949009E+10      0.1411782526462143E+13     -0.1540689199987309E+16
  0.25500000E+03     -0.1095026239071975E+04      0.1199634727316655E+07     -0.1314840601715781E+10      0.1441771238360484E+13     -0.1581679141831382E+16
  0.25600000E+03     -0.1100837400720512E+04      0.1212393377007986E+07     -0.1335859298386525E+10      0.1472564234774466E+13     -0.1623991438140005E+16
  0.25700000E+03     -0.1106678667819881E+04      0.1225286916100072E+07     -0.1357214018501326E+10      0.1504016945436540E+13     -0.1667441270551091E+16
  0.25800000E+03     -0.1112560069247186E+04      0.1238338001423038E+07     -0.1378944385393493E+10      0.1536192635693556E+13     -0.1712125309130392E+16
  0.25900000E+03     -0.1118458987420806E+04      0.1251497835572785E+07     -0.1400972679142102E+10      0.1568983242835743E+13     -0.1757905706459833E+16
  0.26000000E+03     -0.1124394413988829E+04      0.1264810332805737E+07     -0.1423376261157824E+10      0.1602511538598941E+13     -0.1804967114910383E+16
  0.26100000E+03     -0.1130354254356074E+04      0.1278248673039980E+07     -0.1446111792956552E+10      0.1636717265745829E+13     -0.1853234091556122E+16
  0.26200000E+03     -0.1136336176113285E+04      0.1291808417874762E+07     -0.1469174446196388E+10      0.1671599133131343E+13     -0.1902715974668140E+16
  0.26300000E+03     -0.1142351286762395E+04      0.1305515973100205E+07     -0.1492612485853771E+10      0.1707237123136237E+13     -0.1953538832504911E+16
  0.26400000E+03     -0.1148371866969743E+04      0.1319308895753535E+07     -0.1516321746041373E+10      0.1743478875143191E+13     -0.2005496920991384E+16
  0.26500000E+03     -0.1154404846244832E+04      0.1333203195778508E+07     -0.1540331283122338E+10      0.1780373144516307E+13     -0.2058669213036634E+16
  0.26600000E+03     -0.1160469755305941E+04      0.1347244840549717E+07     -0.1564723581480250E+10      0.1818053436224934E+13     -0.2113260823443727E+16
  0.26700000E+03     -0.1166540556607094E+04      0.1361373878337582E+07     -0.1589396433062309E+10      0.1856366953475084E+13     -0.2169060788807231E+16
  0.26800000E+03     -0.1172629175959693E+04      0.1375618549015416E+07     -0.1614401323248278E+10      0.1895399076044938E+13     -0.2226204360534032E+16
  0.26900000E+03     -0.1178708574598016E+04      0.1389915880932020E+07     -0.1639629599011809E+10      0.1934985298456085E+13     -0.2284461316475706E+16
  0.27000000E+03     -0.1184803977894636E+04      0.1404325391782422E+07     -0.1665187964408609E+10      0.1975297794278966E+13     -0.2344095104081556E+16
  0.27100000E+03     -0.1190897053378175E+04      0.1418803554808319E+07     -0.1691000257083001E+10      0.2016220246095604E+13     -0.2404942497427814E+16
  0.27200000E+03     -0.1197010477246440E+04      0.1433404956366510E+07     -0.1717166411138344E+10      0.2057917389491087E+13     -0.2467261013911730E+16
  0.27300000E+03     -0.1203114588449460E+04      0.1448059327114859E+07     -0.1743562930547686E+10      0.2100198525835128E+13     -0.2530778084319011E+16
  0.27400000E+03     -0.1209227548666506E+04      0.1462809314839198E+07     -0.1770266290655376E+10      0.2143187796318684E+13     -0.2595685972451758E+16
  0.27500000E+03     -0.1215376676977655E+04      0.1477720677942516E+07     -0.1797396640929861E+10      0.2187082638022414E+13     -0.2662292218470970E+16
  0.27600000E+03     -0.1221514307056310E+04      0.1492681248884376E+07     -0.1824757362921336E+10      0.2231579013661699E+13     -0.2730159863418064E+16
  0.27700000E+03     -0.1227620199726828E+04      0.1507638926428853E+07     -0.1852249666753518E+10      0.2276513092513939E+13     -0.2799038041178370E+16
  0.27800000E+03     -0.1233733850894759E+04      0.1522691692493910E+07     -0.1880057271970658E+10      0.2322193321234561E+13     -0.2869415522970358E+16
  0.27900000E+03     -0.1239807386358268E+04      0.1537718812296857E+07     -0.1907953210044964E+10      0.2368242622266699E+13     -0.2940708271322846E+16
  0.28000000E+03     -0.1245891182307257E+04      0.1552845120713979E+07     -0.1936170857409852E+10      0.2415051042824424E+13     -0.3013530822283403E+16
  0.28100000E+03     -0.1251956200735626E+04      0.1567998401130114E+07     -0.1964576903890269E+10      0.2462402169726151E+13     -0.3087557560956972E+16
  0.28200000E+03     -0.1258027515095843E+04      0.1583241296423193E+07     -0.1993290110529729E+10      0.2510498420745809E+13     -0.3163115386847432E+16
  0.28300000E+03     -0.1264061307394625E+04      0.1598461699034753E+07     -0.2022096633158496E+10      0.2558979273716288E+13     -0.3239637646390602E+16
  0.28400000E+03     -0.1270144283527701E+04      0.1613880140280877E+07     -0.2051418590867236E+10      0.2608565314728950E+13     -0.3318281233665728E+16
  0.28500000E+03     -0.1276203333928492E+04      0.1629312127317065E+07     -0.2080908065141159E+10      0.2658675494215098E+13     -0.3398139903162498E+16
  0.28600000E+03     -0.1282221645316829E+04      0.1644712486390312E+07     -0.2110475522989293E+10      0.2709154401173909E+13     -0.3478964243642078E+16
  0.28700000E+03     -0.1288257668998305E+04      0.1660231022427916E+07     -0.2140410337426579E+10      0.2760501306760511E+13     -0.3561565628373413E+16
  0.28800000E+03     -0.1294306864966293E+04      0.1675856709094568E+07     -0.2170693829167024E+10      0.2812690917558693E+13     -0.3645917925989968E+16
  0.28900000E+03     -0.1300255420782734E+04      0.1691292551431082E+07     -0.2200745817797303E+10      0.2864717594339619E+13     -0.3730389858234965E+16
  0.29000000E+03     -0.1306307355036062E+04      0.1707070112980405E+07     -0.2231606799358404E+10      0.2918394772188307E+13     -0.3817949343738576E+16
  0.29100000E+03     -0.1312286054291866E+04      0.1722727316934113E+07     -0.2262370870425311E+10      0.2972145141876045E+13     -0.3906023947608952E+16
  0.29200000E+03     -0.1318310527190858E+04      0.1738576333708299E+07     -0.2293653749617823E+10      0.3027050937016462E+13     -0.3996401435598670E+16
  0.29300000E+03     -0.1324344190443275E+04      0.1754522370728701E+07     -0.2325272495566923E+10      0.3082800649920381E+13     -0.4088588563294686E+16
  0.29400000E+03     -0.1330369525924360E+04      0.1770519496598184E+07     -0.2357138083675696E+10      0.3139243265364119E+13     -0.4182349317176287E+16
  0.29500000E+03     -0.1336376525086235E+04      0.1786539638400723E+07     -0.2389192878268246E+10      0.3196275904146418E+13     -0.4277515206873529E+16
  0.29600000E+03     -0.1342425507483322E+04      0.1802745553480931E+07     -0.2421767588860006E+10      0.3254498198596725E+13     -0.4375109263353946E+16
  0.29700000E+03     -0.1348443587204648E+04      0.1818939589362111E+07     -0.2454461564886168E+10      0.3313190592991943E+13     -0.4473923815862873E+16
  0.29800000E+03     -0.1354477264879555E+04      0.1835248153184231E+07     -0.2487533753773619E+10      0.3372826763218541E+13     -0.4574774696512006E+16
  0.29900000E+03     -0.1360526019488855E+04      0.1851670391541814E+07     -0.2520984933759286E+10      0.3433415127064444E+13     -0.4677692206852896E+16
  0.30000000E+03     -0.1366536607350528E+04      0.1868062711280701E+07     -0.2554525789782953E+10      0.3494439608829231E+13     -0.4781816927439758E+16
  0.30100000E+03     -0.1372582064909207E+04      0.1884623246031153E+07     -0.2588561091184182E+10      0.3556638245371667E+13     -0.4888415573402644E+16
  0.30200000E+03     -0.1378613433364244E+04      0.1901216752577050E+07     -0.2622811771920974E+10      0.3619501220054961E+13     -0.4996618467347992E+16
  0.30300000E+03     -0.1384665329045060E+04      0.1917941341104704E+07     -0.2657487592580072E+10      0.3683429245639098E+13     -0.5107146539999494E+16
  0.30400000E+03     -0.1390749824532816E+04      0.1934830438013066E+07     -0.2692659433253783E+10      0.3748558562372611E+13     -0.5220249567155814E+16
  0.30500000E+03     -0.1396804375736062E+04      0.1951710126242550E+07     -0.2727965826400389E+10      0.3814223673955414E+13     -0.5334782911347166E+16
  0.30600000E+03     -0.1402877892551327E+04      0.1968715551203290E+07     -0.2763688198501209E+10      0.3880948057587160E+13     -0.5451663892113355E+16
  0.30700000E+03     -0.1408946046278396E+04      0.1985780534650242E+07     -0.2799692981666619E+10      0.3948494967279090E+13     -0.5570504601567088E+16
  0.30800000E+03     -0.1415029512034591E+04      0.2002961950142768E+07     -0.2836098814022540E+10      0.4017086902360190E+13     -0.5691700719597758E+16
  0.30900000E+03     -0.1421115088518879E+04      0.2020223847341053E+07     -0.2872833770709558E+10      0.4086599042949053E+13     -0.5815055339436048E+16
  0.31000000E+03     -0.1427169907565371E+04      0.2037472120955534E+07     -0.2909697063662985E+10      0.4156652986297245E+13     -0.5939904183986815E+16
  0.31100000E+03     -0.1433211390895785E+04      0.2054755565150018E+07     -0.2946792523463157E+10      0.4227447716164713E+13     -0.6066609352515863E+16
  0.31200000E+03     -0.1439275896984225E+04      0.2072177549306412E+07     -0.2984341977983162E+10      0.4299409094319360E+13     -0.6195942156958521E+16
  0.31300000E+03     -0.1445300241719432E+04      0.2089556392495647E+07     -0.3021954724394702E+10      0.4371792393518425E+13     -0.6326575620471691E+16
  0.31400000E+03     -0.1451312399285633E+04      0.2106970982267162E+07     -0.3059798917522349E+10      0.4444918831870238E+13     -0.6459089815004472E+16
  0.31500000E+03     -0.1457325736386001E+04      0.2124459016667785E+07     -0.3097955366578528E+10      0.4518944531134282E+13     -0.6593771451979996E+16
  0.31600000E+03     -0.1463369663812045E+04      0.2142108510084531E+07     -0.3136622851836313E+10      0.4594270803389590E+13     -0.6731383875101009E+16
  0.31700000E+03     -0.1469388683332034E+04      0.2159755507673824E+07     -0.3175439235487941E+10      0.4670188801693798E+13     -0.6870630183862077E+16
  0.31800000E+03     -0.1475461513688207E+04      0.2177630867214710E+07     -0.3214913655617546E+10      0.4747699281081650E+13     -0.7013359341747826E+16
  0.31900000E+03     -0.1481563263656073E+04      0.2195663005219337E+07     -0.3254892880521211E+10      0.4826513088918456E+13     -0.7159064550542791E+16
  0.32000000E+03     -0.1487725763430049E+04      0.2213947965211522E+07     -0.3295595496114487E+10      0.4907074745162835E+13     -0.7308597310290636E+16
  0.32100000E+03     -0.1493954684229680E+04      0.2232504405343575E+07     -0.3337068239230576E+10      0.4989489265814071E+13     -0.7462179835014782E+16
  0.32200000E+03     -0.1500226328180522E+04      0.2251265073082590E+07     -0.3379169617012427E+10      0.5073495623395100E+13     -0.7619368098629912E+16
  0.32300000E+03     -0.1506650808625887E+04      0.2270561055373058E+07     -0.3422647756925770E+10      0.5160599397900338E+13     -0.7783008034139796E+16
  0.32400000E+03     -0.1513193676054425E+04      0.2290296057618442E+07     -0.3467303275869101E+10      0.5250439204047808E+13     -0.7952497441796645E+16
  0.32500000E+03     -0.1519810454877658E+04      0.2310341014179246E+07     -0.3512857272694344E+10      0.5342483639387230E+13     -0.8126895912065416E+16
  0.32600000E+03     -0.1526644653840018E+04      0.2331134970580212E+07     -0.3560318883905569E+10      0.5438797872688303E+13     -0.8310171873401862E+16
  0.32700000E+03     -0.1533576913962717E+04      0.2352322499593731E+07     -0.3608896362361586E+10      0.5537818485888501E+13     -0.8499439622176540E+16
  0.32800000E+03     -0.1540698848124928E+04      0.2374191041419620E+07     -0.3659267851230004E+10      0.5640970948358294E+13     -0.8697514140942931E+16
  0.32900000E+03     -0.1547969377699669E+04      0.2396621196285688E+07     -0.3711175993405332E+10      0.5747768770836185E+13     -0.8903547389702861E+16
  0.33000000E+03     -0.1555415938472406E+04      0.2419706248262106E+07     -0.3764859100525486E+10      0.5858753384068570E+13     -0.9118692016264128E+16
  0.33100000E+03     -0.1563007985681079E+04      0.2443357475778545E+07     -0.3820127201456747E+10      0.5973570881334216E+13     -0.9342346951058696E+16
  0.33200000E+03     -0.1570777338727787E+04      0.2467683119192666E+07     -0.3877257366184079E+10      0.6092852860870627E+13     -0.9575862912289206E+16
  0.33300000E+03     -0.1578679847992743E+04      0.2492551487315143E+07     -0.3935958559695447E+10      0.6216035770324515E+13     -0.9818234644308854E+16
  0.33400000E+03     -0.1586735546419583E+04      0.2518032584903500E+07     -0.3996415596613345E+10      0.6343555049956856E+13     -0.1007042540278969E+17
  0.33500000E+03     -0.1594906819035135E+04      0.2544013439583394E+07     -0.4058377874053706E+10      0.6474925578172360E+13     -0.1033157488882383E+17
  0.33600000E+03     -0.1603229135642170E+04      0.2570614570578411E+07     -0.4122154761127460E+10      0.6610857129419023E+13     -0.1060321565518480E+17
  0.33700000E+03     -0.1611660559756575E+04      0.2597707962704966E+07     -0.4187457395799986E+10      0.6750780179826458E+13     -0.1088431706174550E+17
  0.33800000E+03     -0.1620240205248283E+04      0.2625424874022440E+07     -0.4254619319070967E+10      0.6895454204787131E+13     -0.1117651092013741E+17
  0.33900000E+03     -0.1628915434548283E+04      0.2653601656145167E+07     -0.4323263300495305E+10      0.7044116385129234E+13     -0.1147837358405282E+17
  0.34000000E+03     -0.1637671969486016E+04      0.2682196473737244E+07     -0.4393302535511648E+10      0.7196620226371406E+13     -0.1178970961928345E+17
  0.34100000E+03     -0.1646537169475325E+04      0.2711304186630716E+07     -0.4464986993531165E+10      0.7353557318460795E+13     -0.1211184152925972E+17
  0.34200000E+03     -0.1655459458730332E+04      0.2740758097656247E+07     -0.4537916860848181E+10      0.7514084999760861E+13     -0.1244312545145939E+17
  0.34300000E+03     -0.1664454186302553E+04      0.2770613667760807E+07     -0.4612245677759102E+10      0.7678586488220616E+13     -0.1278446534783036E+17
  0.34400000E+03     -0.1673555063129039E+04      0.2800987191348880E+07     -0.4688278398555279E+10      0.7847780721370306E+13     -0.1313746484787426E+17
  0.34500000E+03     -0.1682693892091314E+04      0.2831654161231498E+07     -0.4765465283961633E+10      0.8020481678749450E+13     -0.1349974820336604E+17
  0.34600000E+03     -0.1691922981418150E+04      0.2862794808795371E+07     -0.4844276455835517E+10      0.8197788532965415E+13     -0.1387374224241475E+17
  0.34700000E+03     -0.1701223287192971E+04      0.2894348806226621E+07     -0.4924573982524625E+10      0.8379434938102342E+13     -0.1425900064541316E+17
  0.34800000E+03     -0.1710594463565665E+04      0.2926318572053420E+07     -0.5006378007702106E+10      0.8565509066571967E+13     -0.1465582400138208E+17
  0.34900000E+03     -0.1720020756519690E+04      0.2958654293553520E+07     -0.5089576119448343E+10      0.8755800789380031E+13     -0.1506388552687276E+17
  0.35000000E+03     -0.1729526133407060E+04      0.2991440709075714E+07     -0.5174397855462948E+10      0.8950872913803104E+13     -0.1548449777245935E+17
  0.35100000E+03     -0.1739060728502700E+04      0.3024510477067634E+07     -0.5260427488287039E+10      0.9149820756735201E+13     -0.1591584642449974E+17
  0.35200000E+03     -0.1748635019800899E+04      0.3057901417119094E+07     -0.5347772521042134E+10      0.9352926193522453E+13     -0.1635864116624367E+17
  0.35300000E+03     -0.1758262066573298E+04      0.3091661234423451E+07     -0.5436568687588463E+10      0.9560542605819180E+13     -0.1681376154183819E+17
  0.35400000E+03     -0.1767931083246386E+04      0.3125755037816692E+07     -0.5526737288475775E+10      0.9772529081290648E+13     -0.1728102058645638E+17
  0.35500000E+03     -0.1777666747278231E+04      0.3160272951758745E+07     -0.5618530348941321E+10      0.9989523074418400E+13     -0.1776195064412903E+17
  0.35600000E+03     -0.1787440228623087E+04      0.3195115859413280E+07     -0.5711698062152762E+10      0.1021097967710556E+14     -0.1825547407151567E+17
  0.35700000E+03     -0.1797248809684873E+04      0.3230275811724872E+07     -0.5806229447000633E+10      0.1043691057034684E+14     -0.1876173086598600E+17
  0.35800000E+03     -0.1807079832324740E+04      0.3265709506860130E+07     -0.5902019300578251E+10      0.1066710462166327E+14     -0.1928036846092198E+17
  0.35900000E+03     -0.1816956761874788E+04      0.3301503617819300E+07     -0.5999313334902427E+10      0.1090219348485795E+14     -0.1981293380376738E+17
  0.36000000E+03     -0.1826901620071646E+04      0.3337741458964889E+07     -0.6098353375514676E+10      0.1114281268397269E+14     -0.2036101450042970E+17
  0.36100000E+03     -0.1836873727255831E+04      0.3374277035299949E+07     -0.6198752405747943E+10      0.1138806538913978E+14     -0.2092269922772872E+17
  0.36200000E+03     -0.1846893211121497E+04      0.3411186931337658E+07     -0.6300734665518232E+10      0.1163854765294473E+14     -0.2149949710686366E+17
  0.36300000E+03     -0.1856911872479601E+04      0.3448294388334635E+07     -0.6403819989206917E+10      0.1189311508268396E+14     -0.2208888739556770E+17
  0.36400000E+03     -0.1866984080358954E+04      0.3485802385972117E+07     -0.6508582762811231E+10      0.1215322697360323E+14     -0.2269437787917303E+17
  0.36500000E+03     -0.1877087977963175E+04      0.3523632574758397E+07     -0.6614818791346268E+10      0.1241842793396027E+14     -0.2331506408102837E+17
  0.36600000E+03     -0.1887245466737992E+04      0.3561869626857465E+07     -0.6722779576829892E+10      0.1268939558781019E+14     -0.2395268482111906E+17
  0.36700000E+03     -0.1897390280517047E+04      0.3600264885336150E+07     -0.6831771551822575E+10      0.1296442621544383E+14     -0.2460335513599362E+17
  0.36800000E+03     -0.1907622344261991E+04      0.3639198166831783E+07     -0.6942883842025267E+10      0.1324631169513665E+14     -0.2527382091016929E+17
  0.36900000E+03     -0.1917813527600866E+04      0.3678184541201046E+07     -0.7054746252001785E+10      0.1353162681229179E+14     -0.2595609435448385E+17
  0.37000000E+03     -0.1928101072628348E+04      0.3717750687469548E+07     -0.7168881228804055E+10      0.1382430001289151E+14     -0.2665971754148019E+17
  0.37100000E+03     -0.1938375279048314E+04      0.3757475777676312E+07     -0.7284084363037948E+10      0.1412128376860340E+14     -0.2737750171477083E+17
  0.37200000E+03     -0.1948697051268249E+04      0.3797598207920276E+07     -0.7401062011152999E+10      0.1442445461385663E+14     -0.2811415759884424E+17
  0.37300000E+03     -0.1959034792766478E+04      0.3837996232523735E+07     -0.7519468965840457E+10      0.1473296025885872E+14     -0.2886775887402320E+17
  0.37400000E+03     -0.1969429818547408E+04      0.3878833832204277E+07     -0.7639799896946045E+10      0.1504814340054754E+14     -0.2964175912499748E+17
  0.37500000E+03     -0.1979858611858069E+04      0.3920021436983599E+07     -0.7761805955263318E+10      0.1536940945489517E+14     -0.3043488231921045E+17
  0.37600000E+03     -0.1990245250155558E+04      0.3961258201703061E+07     -0.7884599752005927E+10      0.1569444940097328E+14     -0.3124154004602804E+17
  0.37700000E+03     -0.2000732702559411E+04      0.4003114511933472E+07     -0.8009894828654703E+10      0.1602785692576223E+14     -0.3207332086122676E+17
  0.37800000E+03     -0.2011210025611676E+04      0.4045149991961558E+07     -0.8136387037905530E+10      0.1636621756330883E+14     -0.3292189143272049E+17
  0.37900000E+03     -0.2021723154030025E+04      0.4087549906552687E+07     -0.8264643714519151E+10      0.1671109372083160E+14     -0.3379132886312206E+17
  0.38000000E+03     -0.2032265301557242E+04      0.4130288912504196E+07     -0.8394601304065954E+10      0.1706236851012243E+14     -0.3468152192634251E+17
  0.38100000E+03     -0.2042829747301170E+04      0.4173341228475204E+07     -0.8526192882991996E+10      0.1741991099460374E+14     -0.3559231343015161E+17
  0.38200000E+03     -0.2053411062094699E+04      0.4216685997600940E+07     -0.8659365660638020E+10      0.1778362676088833E+14     -0.3652363676797596E+17
  0.38300000E+03     -0.2064046612239413E+04      0.4260478480307541E+07     -0.8794610545130644E+10      0.1815491398054061E+14     -0.3747926904782197E+17
  0.38400000E+03     -0.2074659345031057E+04      0.4304403155311427E+07     -0.8930965669081181E+10      0.1853118619283028E+14     -0.3845274313354775E+17
  0.38500000E+03     -0.2085308245155689E+04      0.4348703553605108E+07     -0.9069192393126619E+10      0.1891457913008988E+14     -0.3944972599925051E+17
  0.38600000E+03     -0.2095953046007546E+04      0.4393213808116961E+07     -0.9208785522929468E+10      0.1930374580362002E+14     -0.4046690797320940E+17
  0.38700000E+03     -0.2106633308010826E+04      0.4438100090711192E+07     -0.9350275870197859E+10      0.1970021333476883E+14     -0.4150845735640575E+17
  0.38800000E+03     -0.2117371242024789E+04      0.4483458004538088E+07     -0.9493979164102146E+10      0.2010492701601853E+14     -0.4257707009216200E+17
  0.38900000E+03     -0.2128113863667778E+04      0.4529067534892572E+07     -0.9639217814250185E+10      0.2051605429260440E+14     -0.4366816278667210E+17
  0.39000000E+03     -0.2138853502738765E+04      0.4574894162985566E+07     -0.9785883082358397E+10      0.2093331166498498E+14     -0.4478110317614928E+17
  0.39100000E+03     -0.2149634093329776E+04      0.4621128356758188E+07     -0.9934601636848398E+10      0.2135855190443045E+14     -0.4592107644987595E+17
  0.39200000E+03     -0.2160438583547573E+04      0.4667698196005772E+07     -0.1008515355597359E+11      0.2179120035496900E+14     -0.4708674504037522E+17
  0.39300000E+03     -0.2171296189312226E+04      0.4714732100332325E+07     -0.1023796963612709E+11      0.2223256174774811E+14     -0.4828186272966922E+17
  0.39400000E+03     -0.2182097457587028E+04      0.4761755870705735E+07     -0.1039151657714519E+11      0.2267825095367802E+14     -0.4949473223052308E+17
  0.39500000E+03     -0.2192925717086501E+04      0.4809131588572508E+07     -0.1054698203635752E+11      0.2313175293266983E+14     -0.5073499985396280E+17
  0.39600000E+03     -0.2203798084752177E+04      0.4856936279264767E+07     -0.1070463343893615E+11      0.2359391288619298E+14     -0.5200521625095991E+17
  0.39700000E+03     -0.2214688723441448E+04      0.4905057734882688E+07     -0.1086411301033007E+11      0.2406374041793375E+14     -0.5330288172444908E+17
  0.39800000E+03     -0.2225561048890358E+04      0.4953334768377090E+07     -0.1102489579251878E+11      0.2453973886507872E+14     -0.5462406282187179E+17
  0.39900000E+03     -0.2236512601524774E+04      0.5002203940543993E+07     -0.1118845501881995E+11      0.2502635005502188E+14     -0.5598137548283097E+17
  0.40000000E+03     -0.2247427967456743E+04      0.5051149339340482E+07     -0.1135306880802226E+11      0.2551848876040779E+14     -0.5736080523483588E+17
  0.40100000E+03     -0.2258359179997413E+04      0.5100405431696330E+07     -0.1151953741490783E+11      0.2601860586717186E+14     -0.5876945113429900E+17
  0.40200000E+03     -0.2269308348795184E+04      0.5149981076785450E+07     -0.1168789642455369E+11      0.2652684876371801E+14     -0.6020790860193962E+17
  0.40300000E+03     -0.2280313485369450E+04      0.5200051676007668E+07     -0.1185876052550881E+11      0.2704515418124988E+14     -0.6168195563899783E+17
  0.40400000E+03     -0.2291275381457919E+04      0.5250165750339165E+07     -0.1203059659352533E+11      0.2756891827643823E+14     -0.6317870020528806E+17
  0.40500000E+03     -0.2302263785077850E+04      0.5300643883837720E+07     -0.1220451779122342E+11      0.2810160085574559E+14     -0.6470829009292422E+17
  0.40600000E+03     -0.2313285413477513E+04      0.5351516845801218E+07     -0.1238063785189618E+11      0.2864359846765511E+14     -0.6627207295985586E+17
  0.40700000E+03     -0.2324315274943113E+04      0.5402671041627775E+07     -0.1255857760307454E+11      0.2919381218231936E+14     -0.6786714515961007E+17
  0.40800000E+03     -0.2335318739716943E+04      0.5453945177801037E+07     -0.1273778162320274E+11      0.2975056682321099E+14     -0.6948884484309952E+17
  0.40900000E+03     -0.2346405368983325E+04      0.5505851566667960E+07     -0.1292005472169282E+11      0.3031953897138405E+14     -0.7115398155815634E+17
  0.41000000E+03     -0.2357381403000480E+04      0.5557482351414857E+07     -0.1310221450048575E+11      0.3089083728009664E+14     -0.7283380584763520E+17
  0.41100000E+03     -0.2368497572968666E+04      0.5610017734553772E+07     -0.1328843565985569E+11      0.3147761382747741E+14     -0.7456723802650899E+17
  0.41200000E+03     -0.2379588014026695E+04      0.5662678721098922E+07     -0.1347598242153606E+11      0.3207135443979978E+14     -0.7632951568758064E+17
  0.41300000E+03     -0.2390636366378070E+04      0.5715383350234207E+07     -0.1366455580336393E+11      0.3267111596490394E+14     -0.7811792608433890E+17
  0.41400000E+03     -0.2401775111651996E+04      0.5768766924200519E+07     -0.1385644890598320E+11      0.3328428135145306E+14     -0.7995482911342258E+17
  0.41500000E+03     -0.2412910586645201E+04      0.5822383193682936E+07     -0.1405007542705375E+11      0.3390586516472574E+14     -0.8182561869208675E+17
  0.41600000E+03     -0.2423978740438774E+04      0.5875919943927454E+07     -0.1424430221071476E+11      0.3453223772880150E+14     -0.8371947322458406E+17
  0.41700000E+03     -0.2435125598453911E+04      0.5930085402521108E+07     -0.1444171380001695E+11      0.3517180956819306E+14     -0.8566213089494373E+17
  0.41800000E+03     -0.2446303057227517E+04      0.5984649572562627E+07     -0.1464149390676254E+11      0.3582203408561088E+14     -0.8764623584981379E+17
  0.41900000E+03     -0.2457324580495388E+04      0.6038698319051652E+07     -0.1484029092196327E+11      0.3647201487968249E+14     -0.8963865820978808E+17
  0.42000000E+03     -0.2468425423878583E+04      0.6093379094541708E+07     -0.1504231056557854E+11      0.3713548135729746E+14     -0.9168149939167686E+17
  0.42100000E+03     -0.2479642454666846E+04      0.6148883695580060E+07     -0.1524830724050478E+11      0.3781508827382563E+14     -0.9378356135066646E+17
  0.42200000E+03     -0.2490754027264571E+04      0.6204115470022984E+07     -0.1545421967235332E+11      0.3849749365762506E+14     -0.9590383742657949E+17
  0.42300000E+03     -0.2501932286143156E+04      0.6259927228694620E+07     -0.1566322504514436E+11      0.3919324746900838E+14     -0.9807525788851602E+17
  0.42400000E+03     -0.2513091527473949E+04      0.6315893156843810E+07     -0.1587374481136142E+11      0.3989717569272797E+14     -0.1002820122644876E+18
  0.42500000E+03     -0.2524260741562288E+04      0.6372158573416526E+07     -0.1608633372327357E+11      0.4061118854543313E+14     -0.1025303501926768E+18
  0.42600000E+03     -0.2535336607225608E+04      0.6428200209777993E+07     -0.1629901243386848E+11      0.4132865816300609E+14     -0.1047995518068975E+18
  0.42700000E+03     -0.2546536315083472E+04      0.6485118069060688E+07     -0.1651596786363153E+11      0.4206377910628959E+14     -0.1071348221368751E+18
  0.42800000E+03     -0.2557684314733412E+04      0.6542022161396611E+07     -0.1673382414780188E+11      0.4280519676058252E+14     -0.1095004464810690E+18
  0.42900000E+03     -0.2568814959207668E+04      0.6599086372818327E+07     -0.1695324985098837E+11      0.4355522488736382E+14     -0.1119040219432011E+18
  0.43000000E+03     -0.2579989850712901E+04      0.6656625069489361E+07     -0.1717545633954780E+11      0.4431804066506804E+14     -0.1143591412454966E+18
  0.43100000E+03     -0.2591122496894641E+04      0.6714195701974471E+07     -0.1739875373998190E+11      0.4508793763206334E+14     -0.1168478358891732E+18
  0.43200000E+03     -0.2602301887684299E+04      0.6772257519380012E+07     -0.1762492797612696E+11      0.4587111812275515E+14     -0.1193903923045217E+18
  0.43300000E+03     -0.2613493943694508E+04      0.6830634187855102E+07     -0.1785330306603545E+11      0.4666530801042370E+14     -0.1219797375443540E+18
  0.43400000E+03     -0.2624694191690369E+04      0.6889306040546406E+07     -0.1808382482576352E+11      0.4747042726720842E+14     -0.1246160595471804E+18
  0.43500000E+03     -0.2635776551468668E+04      0.6947606697091609E+07     -0.1831386018074977E+11      0.4827725697394847E+14     -0.1272691930615654E+18
  0.43600000E+03     -0.2646979909436734E+04      0.7006793514639235E+07     -0.1854838115635056E+11      0.4910330353150395E+14     -0.1299970229065775E+18
  0.43700000E+03     -0.2658131216724808E+04      0.7065954352694231E+07     -0.1878378998563676E+11      0.4993598188852636E+14     -0.1327583744035974E+18
  0.43800000E+03     -0.2669294604695069E+04      0.7125429594093185E+07     -0.1902145012292927E+11      0.5078017657136065E+14     -0.1355697495921525E+18
  0.43900000E+03     -0.2680496514574185E+04      0.7185359879312393E+07     -0.1926193100215295E+11      0.5163796640980527E+14     -0.1384383573659429E+18
  0.44000000E+03     -0.2691625202398854E+04      0.7245147293319844E+07     -0.1950284135998425E+11      0.5250087993062940E+14     -0.1413361610560212E+18
  0.44100000E+03     -0.2702741532473934E+04      0.7305113454377241E+07     -0.1974546378451792E+11      0.5337349299632867E+14     -0.1442785654075566E+18
  0.44200000E+03     -0.2713861290305174E+04      0.7365349144269393E+07     -0.1999019667329137E+11      0.5425738025992767E+14     -0.1472714591287780E+18
  0.44300000E+03     -0.2724961915998491E+04      0.7425726358515443E+07     -0.2023650469022223E+11      0.5515058309374326E+14     -0.1503082262840253E+18
  0.44400000E+03     -0.2736094160408502E+04      0.7486522905388908E+07     -0.2048553662494262E+11      0.5605735347372672E+14     -0.1534037173081652E+18
  0.44500000E+03     -0.2747228305356791E+04      0.7547577418022882E+07     -0.2073664349567764E+11      0.5697540182760384E+14     -0.1565504687397990E+18
  0.44600000E+03     -0.2758343564161108E+04      0.7608773903618384E+07     -0.2098934813700942E+11      0.5790301304430212E+14     -0.1597428046909886E+18
  0.44700000E+03     -0.2769346781379245E+04      0.7669599622386356E+07     -0.2124154206395055E+11      0.5883251008999052E+14     -0.1629546247544222E+18
  0.44800000E+03     -0.2780485793307942E+04      0.7731420444188530E+07     -0.2149887936261753E+11      0.5978472891575924E+14     -0.1662580207547444E+18
  0.44900000E+03     -0.2791542220463604E+04      0.7793030728349913E+07     -0.2175637589617458E+11      0.6074138434070060E+14     -0.1695902084500706E+18
  0.45000000E+03     -0.2802529660151525E+04      0.7854498540643355E+07     -0.2201429221663897E+11      0.6170338620184487E+14     -0.1729542612911935E+18
  0.45100000E+03     -0.2813549169614696E+04      0.7916386451970701E+07     -0.2227498508891123E+11      0.6267954047447312E+14     -0.1763811304374963E+18
  0.45200000E+03     -0.2824573797046178E+04      0.7978547660385306E+07     -0.2253786342078272E+11      0.6366776618825244E+14     -0.1798640810496338E+18
  0.45300000E+03     -0.2835554581709195E+04      0.8040702276769344E+07     -0.2280173537754519E+11      0.6466358223619986E+14     -0.1833874232751367E+18
  0.45400000E+03     -0.2846626727393714E+04      0.8103619496100212E+07     -0.2306989103245303E+11      0.6567952750841346E+14     -0.1869960617094242E+18
  0.45500000E+03     -0.2857607559310606E+04      0.8166259602352353E+07     -0.2333790014693273E+11      0.6669885252245093E+14     -0.1906307370808713E+18
  0.45600000E+03     -0.2868633695095091E+04      0.8229399700545299E+07     -0.2360908594654451E+11      0.6773422022864819E+14     -0.1943367937309204E+18
  0.45700000E+03     -0.2879541218519974E+04      0.8292100616071644E+07     -0.2387942034614510E+11      0.6877030346906544E+14     -0.1980596620841974E+18
  0.45800000E+03     -0.2890438845366893E+04      0.8354982540277355E+07     -0.2415156480037013E+11      0.6981728527385595E+14     -0.2018359799910678E+18
  0.45900000E+03     -0.2901346347875497E+04      0.8418158793593081E+07     -0.2442601412550088E+11      0.7087711581056639E+14     -0.2056730563330067E+18
  0.46000000E+03     -0.2912187261533903E+04      0.8481185182772551E+07     -0.2470084068457561E+11      0.7194238878831019E+14     -0.2095443208489181E+18
  0.46100000E+03     -0.2923209626774780E+04      0.8545507536608530E+07     -0.2498237331995021E+11      0.7303776032876212E+14     -0.2135399377360268E+18
  0.46200000E+03     -0.2934062992247354E+04      0.8609081253109369E+07     -0.2526167301135826E+11      0.7412852031174427E+14     -0.2175336577194307E+18
  0.46300000E+03     -0.2944897536060465E+04      0.8672780464220233E+07     -0.2554256357358550E+11      0.7522956796258062E+14     -0.2215800198185037E+18
  0.46400000E+03     -0.2955719265559289E+04      0.8736638145905096E+07     -0.2582518781808916E+11      0.7634148319126009E+14     -0.2256813405017353E+18
  0.46500000E+03     -0.2966482701279293E+04      0.8800384713207116E+07     -0.2610835467389637E+11      0.7745961749481727E+14     -0.2298207200660388E+18
  0.46600000E+03     -0.2977273465570522E+04      0.8864524287892921E+07     -0.2639429779003438E+11      0.7859279806706583E+14     -0.2340309739784472E+18
  0.46700000E+03     -0.2988108530366614E+04      0.8929160913203426E+07     -0.2668350260674022E+11      0.7974306400962812E+14     -0.2383202172710207E+18
  0.46800000E+03     -0.2998786562048420E+04      0.8993092525567174E+07     -0.2697059369286486E+11      0.8088907705650080E+14     -0.2426091477590828E+18
  0.46900000E+03     -0.3009516404981629E+04      0.9057564446569009E+07     -0.2726114820969390E+11      0.8205307075848080E+14     -0.2469809790823947E+18
  0.47000000E+03     -0.3020079479482888E+04      0.9121256681837926E+07     -0.2754919448919644E+11      0.8321105829715580E+14     -0.2513454854082594E+18
  0.47100000E+03     -0.3030778827761437E+04      0.9186000479193831E+07     -0.2784303974568334E+11      0.8439656790468648E+14     -0.2558296457973166E+18
  0.47200000E+03     -0.3041375267457515E+04      0.9250345592692874E+07     -0.2813609592668015E+11      0.8558302522083602E+14     -0.2603330720921133E+18
  0.47300000E+03     -0.3051994070249852E+04      0.9315052551774420E+07     -0.2843183311419058E+11      0.8678453304540928E+14     -0.2649096069520032E+18
  0.47400000E+03     -0.3062570022141408E+04      0.9379722960363321E+07     -0.2872843329099294E+11      0.8799374678278891E+14     -0.2695315479113155E+18
  0.47500000E+03     -0.3073155534449911E+04      0.9444676990195865E+07     -0.2902737056829901E+11      0.8921672862502672E+14     -0.2742223779015969E+18
  0.47600000E+03     -0.3083785235638597E+04      0.9510126052539447E+07     -0.2932962001432881E+11      0.9045750499839739E+14     -0.2789977940503924E+18
  0.47700000E+03     -0.3094151157654395E+04      0.9574168684905546E+07     -0.2962638323884105E+11      0.9167991490996003E+14     -0.2837185691204821E+18
  0.47800000E+03     -0.3104733738829375E+04      0.9639770278274963E+07     -0.2993139515936495E+11      0.9294053750739916E+14     -0.2886033265513780E+18
  0.47900000E+03     -0.3115096284421707E+04      0.9704228313587636E+07     -0.3023211869023960E+11      0.9418770189948012E+14     -0.2934525224172224E+18
  0.48000000E+03     -0.3125385458837351E+04      0.9768439888993511E+07     -0.3053267493664061E+11      0.9543826045932677E+14     -0.2983308610069484E+18
  0.48100000E+03     -0.3135599714594827E+04      0.9832392534258571E+07     -0.3083299888257380E+11      0.9669194213753355E+14     -0.3032373887075183E+18
  0.48200000E+03     -0.3146073531727645E+04      0.9898190185023321E+07     -0.3114302298791095E+11      0.9799045548077419E+14     -0.3083364125020654E+18
  0.48300000E+03     -0.3156289960904492E+04      0.9962581045192502E+07     -0.3144741200561337E+11      0.9926954102432230E+14     -0.3133755922493162E+18
  0.48400000E+03     -0.3166762089901791E+04      0.1002879778938937E+08     -0.3176144868170841E+11      0.1005934521595363E+15     -0.3186083062953143E+18
  0.48500000E+03     -0.3176952015512975E+04      0.1009344438942005E+08     -0.3206905839377376E+11      0.1018945809320764E+15     -0.3237680744828181E+18
  0.48600000E+03     -0.3187097737527818E+04      0.1015801332235669E+08     -0.3237726636436613E+11      0.1032023466024597E+15     -0.3289704967384696E+18
  0.48700000E+03     -0.3197299740273299E+04      0.1022314963793561E+08     -0.3268918445610238E+11      0.1045301194065615E+15     -0.3342695293209798E+18
  0.48800000E+03     -0.3207315007160762E+04      0.1028729717722599E+08     -0.3299734502822322E+11      0.1058460710823742E+15     -0.3395380950056742E+18
  0.48900000E+03     -0.3217528785125326E+04      0.1035292183014559E+08     -0.3331359274587799E+11      0.1072008042312118E+15     -0.3449789841972045E+18
  0.49000000E+03     -0.3227497901995891E+04      0.1041717984462393E+08     -0.3362424759431536E+11      0.1085358477223691E+15     -0.3503580015451976E+18
  0.49100000E+03     -0.3239026441539978E+04      0.1049195797342444E+08     -0.3398808144969293E+11      0.1101096414334891E+15     -0.3567411404372092E+18
  0.49200000E+03     -0.3269441626669302E+04      0.1069326940276134E+08     -0.3498782195692030E+11      0.1145246787398237E+15     -0.3750278069355762E+18
  0.49300000E+03     -0.3434246676885431E+04      0.1179718530534777E+08     -0.4053554510938533E+11      0.1393156150899008E+15     -0.4789226559236350E+18
  0.49400000E+03     -0.3432347646775742E+04      0.1178676445425486E+08     -0.4049507232468903E+11      0.1391894510114368E+15     -0.4786295788396417E+18
  0.49500000E+03     -0.3457598597721086E+04      0.1195923617847404E+08     -0.4137901290215277E+11      0.1432182532636325E+15     -0.4958521028415194E+18
  0.49600000E+03     -0.3467307315468234E+04      0.1202689479372867E+08     -0.4173269944742426E+11      0.1448619797260162E+15     -0.5030147804392416E+18
  0.49700000E+03     -0.3472542701883589E+04      0.1206420601259550E+08     -0.4193197095293257E+11      0.1458072878640695E+15     -0.5072159220835356E+18
  0.49800000E+03     -0.3498520203972337E+04      0.1224300004407379E+08     -0.4285535661737534E+11      0.1500483147761199E+15     -0.5254858792245499E+18
  0.49900000E+03     -0.3505647604172490E+04      0.1229400469102818E+08     -0.4312904844059821E+11      0.1513535188540432E+15     -0.5313201694916084E+18
  0.50000000E+03     -0.3588149181209065E+04      0.1287907468542524E+08     -0.4624203841861067E+11      0.1660818430212910E+15     -0.5966714040683063E+18
  0.50100000E+03     -0.3540424262160856E+04      0.1253615461464852E+08     -0.4439405480077890E+11      0.1572296953506421E+15     -0.5569184142280828E+18
  0.50200000E+03     -0.3557079534472191E+04      0.1265476371535818E+08     -0.4502757295147533E+11      0.1602375775176874E+15     -0.5703073740232458E+18
  0.50300000E+03     -0.3570217987310838E+04      0.1274818399790242E+08     -0.4552587515694590E+11      0.1626006763027211E+15     -0.5808155868933208E+18
  0.50400000E+03     -0.3584406274948189E+04      0.1284961669527144E+08     -0.4606981038357611E+11      0.1651937899297471E+15     -0.5924066345719229E+18
  0.50500000E+03     -0.3600719142004571E+04      0.1296637708453323E+08     -0.4669674981333340E+11      0.1681867640258909E+15     -0.6058048788696146E+18
  0.50600000E+03     -0.3611296034044909E+04      0.1304262405013128E+08     -0.4710903550801958E+11      0.1701686081913250E+15     -0.6147370758137071E+18
  0.50700000E+03     -0.3618812429311150E+04      0.1309687074789225E+08     -0.4740269536801712E+11      0.1715818215158862E+15     -0.6211136098008585E+18
  0.50800000E+03     -0.3632911773441572E+04      0.1319905561039105E+08     -0.4795818458042039E+11      0.1742662443610267E+15     -0.6332764481837425E+18
  0.50900000E+03     -0.3661162288608409E+04      0.1340516185778744E+08     -0.4908602518971310E+11      0.1797525678483782E+15     -0.6582980533471912E+18
  0.51000000E+03     -0.3673074592249503E+04      0.1349253146664395E+08     -0.4956666118242226E+11      0.1821030046575338E+15     -0.6690746106918714E+18
