  0.00000000E+00     -0.1592927644865849E+01
  0.10000000E+01     -0.1153724438050920E+01
  0.20000000E+01     -0.1375531511509571E+01
  0.30000000E+01     -0.1970749649397316E+01
  0.40000000E+01     -0.2821492654974997E+01
  0.50000000E+01     -0.3862996804320066E+01
  0.60000000E+01     -0.5054459039380042E+01
  0.70000000E+01     -0.6367650797454535E+01
  0.80000000E+01     -0.7781942039401799E+01
  0.90000000E+01     -0.9281432014202565E+01
  0.10000000E+02     -0.1085411684920636E+02
  0.11000000E+02     -0.1248928884707251E+02
  0.12000000E+02     -0.1417866955069110E+02
  0.13000000E+02     -0.1591538525876028E+02
  0.14000000E+02     -0.1769344517044784E+02
  0.15000000E+02     -0.1950742570021192E+02
  0.16000000E+02     -0.2135282899629567E+02
  0.17000000E+02     -0.2322561192056104E+02
  0.18000000E+02     -0.2512251611187898E+02
  0.19000000E+02     -0.2703990840539355E+02
  0.20000000E+02     -0.2897496819308988E+02
  0.21000000E+02     -0.3092499761291122E+02
  0.22000000E+02     -0.3288781976204595E+02
  0.23000000E+02     -0.3486071450434079E+02
  0.24000000E+02     -0.3684161858167968E+02
  0.25000000E+02     -0.3882912872222019E+02
  0.26000000E+02     -0.4082049217717118E+02
  0.27000000E+02     -0.4281425526998569E+02
  0.28000000E+02     -0.4480901668421555E+02
  0.29000000E+02     -0.4680288116774657E+02
  0.30000000E+02     -0.4879451867611994E+02
  0.31000000E+02     -0.5078235322762921E+02
  0.32000000E+02     -0.5276490376179257E+02
  0.33000000E+02     -0.5474075037886570E+02
  0.34000000E+02     -0.5670856657399064E+02
  0.35000000E+02     -0.5866700365504809E+02
  0.36000000E+02     -0.6061485565292712E+02
  0.37000000E+02     -0.6255121959113070E+02
  0.38000000E+02     -0.6447481851188198E+02
  0.39000000E+02     -0.6638461980500992E+02
  0.40000000E+02     -0.6827960271730376E+02
  0.41000000E+02     -0.7015947298335126E+02
  0.42000000E+02     -0.7202347979609863E+02
  0.43000000E+02     -0.7387076829775964E+02
  0.44000000E+02     -0.7570140846709648E+02
  0.45000000E+02     -0.7751525907975466E+02
  0.46000000E+02     -0.7931180489732779E+02
  0.47000000E+02     -0.8109098098660991E+02
  0.48000000E+02     -0.8285310232117311E+02
  0.49000000E+02     -0.8459840648246401E+02
  0.50000000E+02     -0.8632669901447039E+02
  0.51000000E+02     -0.8803879109852721E+02
  0.52000000E+02     -0.8973476599622109E+02
  0.53000000E+02     -0.9141544198549283E+02
  0.54000000E+02     -0.9308017355782306E+02
  0.55000000E+02     -0.9473001801806987E+02
  0.56000000E+02     -0.9636543664076754E+02
  0.57000000E+02     -0.9798596892220309E+02
  0.58000000E+02     -0.9959213281194204E+02
  0.59000000E+02     -0.1011846144661539E+03
  0.60000000E+02     -0.1027635954146614E+03
  0.61000000E+02     -0.1043294347466604E+03
  0.62000000E+02     -0.1058820373819693E+03
  0.63000000E+02     -0.1074211386577388E+03
  0.64000000E+02     -0.1089475843329978E+03
  0.65000000E+02     -0.1104606892193072E+03
  0.66000000E+02     -0.1119616821375559E+03
  0.67000000E+02     -0.1134499560763902E+03
  0.68000000E+02     -0.1149257116133510E+03
  0.69000000E+02     -0.1163889079534570E+03
  0.70000000E+02     -0.1178397937941646E+03
  0.71000000E+02     -0.1192782619920294E+03
  0.72000000E+02     -0.1207043304798423E+03
  0.73000000E+02     -0.1221182514617462E+03
  0.74000000E+02     -0.1235198322151024E+03
  0.75000000E+02     -0.1249094621515343E+03
  0.76000000E+02     -0.1262871269644620E+03
  0.77000000E+02     -0.1276528014698467E+03
  0.78000000E+02     -0.1290061443604494E+03
  0.79000000E+02     -0.1303477788432813E+03
  0.80000000E+02     -0.1316779782320124E+03
  0.81000000E+02     -0.1329968790665010E+03
  0.82000000E+02     -0.1343038643372802E+03
  0.83000000E+02     -0.1355995409533722E+03
  0.84000000E+02     -0.1368839942004894E+03
  0.85000000E+02     -0.1381580016159465E+03
  0.86000000E+02     -0.1394207399225583E+03
  0.87000000E+02     -0.1406728281247190E+03
  0.88000000E+02     -0.1419140329067366E+03
  0.89000000E+02     -0.1431452587886920E+03
  0.90000000E+02     -0.1443661630836702E+03
  0.91000000E+02     -0.1455769375298261E+03
  0.92000000E+02     -0.1467780926396877E+03
  0.93000000E+02     -0.1479689780641913E+03
  0.94000000E+02     -0.1491510197433506E+03
  0.95000000E+02     -0.1503231549601010E+03
  0.96000000E+02     -0.1514858399297494E+03
  0.97000000E+02     -0.1526399346287232E+03
  0.98000000E+02     -0.1537848056549880E+03
  0.99000000E+02     -0.1549206289009283E+03
  0.10000000E+03     -0.1560471831172349E+03
  0.10100000E+03     -0.1571650570904720E+03
  0.10200000E+03     -0.1582740359864771E+03
  0.10300000E+03     -0.1593738928301722E+03
  0.10400000E+03     -0.1604655884352800E+03
  0.10500000E+03     -0.1615485249005633E+03
  0.10600000E+03     -0.1626224095839737E+03
  0.10700000E+03     -0.1636875394877970E+03
  0.10800000E+03     -0.1647442793180597E+03
  0.10900000E+03     -0.1657922623452804E+03
  0.11000000E+03     -0.1668312718329583E+03
  0.11100000E+03     -0.1678614819853703E+03
  0.11200000E+03     -0.1688835400284191E+03
  0.11300000E+03     -0.1698959914916077E+03
  0.11400000E+03     -0.1709001626122465E+03
  0.11500000E+03     -0.1718951159687660E+03
  0.11600000E+03     -0.1728803155839444E+03
  0.11700000E+03     -0.1738564523325301E+03
  0.11800000E+03     -0.1748233411916017E+03
  0.11900000E+03     -0.1757806310290151E+03
  0.12000000E+03     -0.1767284675008515E+03
  0.12100000E+03     -0.1776668314951882E+03
  0.12200000E+03     -0.1785956087412689E+03
  0.12300000E+03     -0.1795138505636014E+03
  0.12400000E+03     -0.1804222461363038E+03
  0.12500000E+03     -0.1813209299329035E+03
  0.12600000E+03     -0.1822091286302243E+03
  0.12700000E+03     -0.1830871563081610E+03
  0.12800000E+03     -0.1839540000592862E+03
  0.12900000E+03     -0.1848103522874021E+03
  0.13000000E+03     -0.1856557315081483E+03
  0.13100000E+03     -0.1864901053573176E+03
  0.13200000E+03     -0.1873127568274712E+03
  0.13300000E+03     -0.1881248858436042E+03
  0.13400000E+03     -0.1889254866449880E+03
  0.13500000E+03     -0.1897143830270565E+03
  0.13600000E+03     -0.1904912567268127E+03
  0.13700000E+03     -0.1912564208470265E+03
  0.13800000E+03     -0.1920094227806611E+03
  0.13900000E+03     -0.1927495315425129E+03
  0.14000000E+03     -0.1934776959199297E+03
  0.14100000E+03     -0.1941937634408557E+03
  0.14200000E+03     -0.1948970313088869E+03
  0.14300000E+03     -0.1955881925796987E+03
  0.14400000E+03     -0.1962671250736663E+03
  0.14500000E+03     -0.1969337933098960E+03
  0.14600000E+03     -0.1975881300137234E+03
  0.14700000E+03     -0.1982305634221557E+03
  0.14800000E+03     -0.1988616404616598E+03
  0.14900000E+03     -0.1994807548084992E+03
  0.15000000E+03     -0.2000888549005892E+03
  0.15100000E+03     -0.2006861241521828E+03
  0.15200000E+03     -0.2012733366103466E+03
  0.15300000E+03     -0.2018501724466464E+03
  0.15400000E+03     -0.2024171638742034E+03
  0.15500000E+03     -0.2029750687739741E+03
  0.15600000E+03     -0.2035239327691919E+03
  0.15700000E+03     -0.2040639408633458E+03
  0.15800000E+03     -0.2045958485184776E+03
  0.15900000E+03     -0.2051198085867146E+03
  0.16000000E+03     -0.2056362703416150E+03
  0.16100000E+03     -0.2061452521134210E+03
  0.16200000E+03     -0.2066475113580555E+03
  0.16300000E+03     -0.2071431195704054E+03
  0.16400000E+03     -0.2076324777360354E+03
  0.16500000E+03     -0.2081155160229202E+03
  0.16600000E+03     -0.2085929977981040E+03
  0.16700000E+03     -0.2090643972375767E+03
  0.16800000E+03     -0.2095303995719799E+03
  0.16900000E+03     -0.2099911638600903E+03
  0.17000000E+03     -0.2104470255602153E+03
  0.17100000E+03     -0.2108976390464121E+03
  0.17200000E+03     -0.2113440700096222E+03
  0.17300000E+03     -0.2117853939299864E+03
  0.17400000E+03     -0.2122218337586803E+03
  0.17500000E+03     -0.2126544760975112E+03
  0.17600000E+03     -0.2130822622492608E+03
  0.17700000E+03     -0.2135060222275800E+03
  0.17800000E+03     -0.2139253151635029E+03
  0.17900000E+03     -0.2143411295265707E+03
  0.18000000E+03     -0.2147527126863203E+03
  0.18100000E+03     -0.2151603822362541E+03
  0.18200000E+03     -0.2155638917002655E+03
  0.18300000E+03     -0.2159640253104424E+03
  0.18400000E+03     -0.2163602410683187E+03
  0.18500000E+03     -0.2167530266071224E+03
  0.18600000E+03     -0.2171420336772499E+03
  0.18700000E+03     -0.2175276948657525E+03
  0.18800000E+03     -0.2179096577674555E+03
  0.18900000E+03     -0.2182893809710539E+03
  0.19000000E+03     -0.2186644973446845E+03
  0.19100000E+03     -0.2190358763348155E+03
  0.19200000E+03     -0.2194041561758500E+03
  0.19300000E+03     -0.2197684926211673E+03
  0.19400000E+03     -0.2201291373894518E+03
  0.19500000E+03     -0.2204867604683541E+03
  0.19600000E+03     -0.2208407149341415E+03
  0.19700000E+03     -0.2211912773987643E+03
  0.19800000E+03     -0.2215383523950937E+03
  0.19900000E+03     -0.2218820872404153E+03
  0.20000000E+03     -0.2222219594977458E+03
  0.20100000E+03     -0.2225583805580475E+03
  0.20200000E+03     -0.2228910644022732E+03
  0.20300000E+03     -0.2232199089993763E+03
  0.20400000E+03     -0.2235453566631261E+03
  0.20500000E+03     -0.2238667444947761E+03
  0.20600000E+03     -0.2241839542207559E+03
  0.20700000E+03     -0.2244971652166289E+03
  0.20800000E+03     -0.2248068163199920E+03
  0.20900000E+03     -0.2251118910218875E+03
  0.21000000E+03     -0.2254127077265461E+03
  0.21100000E+03     -0.2257089168100831E+03
  0.21200000E+03     -0.2260009791322058E+03
  0.21300000E+03     -0.2262876088650239E+03
  0.21400000E+03     -0.2265701294312116E+03
  0.21500000E+03     -0.2268475900062038E+03
  0.21600000E+03     -0.2271192845590701E+03
  0.21700000E+03     -0.2273857550292363E+03
  0.21800000E+03     -0.2276458815800363E+03
  0.21900000E+03     -0.2279001112843046E+03
  0.22000000E+03     -0.2281479592713191E+03
  0.22100000E+03     -0.2283891133033807E+03
  0.22200000E+03     -0.2286228943179122E+03
  0.22300000E+03     -0.2288492344688696E+03
  0.22400000E+03     -0.2290676415907294E+03
  0.22500000E+03     -0.2292776447065085E+03
  0.22600000E+03     -0.2294796702234011E+03
  0.22700000E+03     -0.2296718714362994E+03
  0.22800000E+03     -0.2298550731211239E+03
  0.22900000E+03     -0.2300278974650692E+03
  0.23000000E+03     -0.2301897820525417E+03
  0.23100000E+03     -0.2303406621438182E+03
  0.23200000E+03     -0.2304805135354158E+03
  0.23300000E+03     -0.2306091206498878E+03
  0.23400000E+03     -0.2307260811041812E+03
  0.23500000E+03     -0.2308304522686589E+03
  0.23600000E+03     -0.2309222908260836E+03
  0.23700000E+03     -0.2310016936511337E+03
  0.23800000E+03     -0.2310684396554251E+03
  0.23900000E+03     -0.2311226795975557E+03
  0.24000000E+03     -0.2311644581788924E+03
  0.24100000E+03     -0.2311935870785603E+03
  0.24200000E+03     -0.2312105782991617E+03
  0.24300000E+03     -0.2312151386825691E+03
  0.24400000E+03     -0.2312074698953143E+03
  0.24500000E+03     -0.2311877485567639E+03
  0.24600000E+03     -0.2311560728101632E+03
  0.24700000E+03     -0.2311128821768434E+03
  0.24800000E+03     -0.2310583452759459E+03
  0.24900000E+03     -0.2309930054493485E+03
  0.25000000E+03     -0.2309165480776078E+03
  0.25100000E+03     -0.2308294000862362E+03
  0.25200000E+03     -0.2307318195177860E+03
  0.25300000E+03     -0.2306238519982190E+03
  0.25400000E+03     -0.2305053669839127E+03
  0.25500000E+03     -0.2303773288223573E+03
  0.25600000E+03     -0.2302394226113619E+03
  0.25700000E+03     -0.2300916207209602E+03
  0.25800000E+03     -0.2299344693302514E+03
  0.25900000E+03     -0.2297676909249610E+03
  0.26000000E+03     -0.2295919182595767E+03
  0.26100000E+03     -0.2294064544238884E+03
  0.26200000E+03     -0.2292122586962365E+03
  0.26300000E+03     -0.2290093941216528E+03
  0.26400000E+03     -0.2287978654789496E+03
  0.26500000E+03     -0.2285772049634145E+03
  0.26600000E+03     -0.2283478917140471E+03
  0.26700000E+03     -0.2281099824639645E+03
  0.26800000E+03     -0.2278636962303720E+03
  0.26900000E+03     -0.2276086035872796E+03
  0.27000000E+03     -0.2273452323015192E+03
  0.27100000E+03     -0.2270729847643135E+03
  0.27200000E+03     -0.2267921985544810E+03
  0.27300000E+03     -0.2265034897765282E+03
  0.27400000E+03     -0.2262062456489682E+03
  0.27500000E+03     -0.2258994964389896E+03
  0.27600000E+03     -0.2255847812456122E+03
  0.27700000E+03     -0.2252605986366426E+03
  0.27800000E+03     -0.2249282573846642E+03
  0.27900000E+03     -0.2245864211047502E+03
  0.28000000E+03     -0.2242353991720900E+03
  0.28100000E+03     -0.2238768449669865E+03
  0.28200000E+03     -0.2235078441138277E+03
  0.28300000E+03     -0.2231312670921456E+03
  0.28400000E+03     -0.2227451369380861E+03
  0.28500000E+03     -0.2223491081565254E+03
  0.28600000E+03     -0.2219433801438789E+03
  0.28700000E+03     -0.2215277455930118E+03
  0.28800000E+03     -0.2211017224974372E+03
  0.28900000E+03     -0.2206663973524695E+03
  0.29000000E+03     -0.2202197910678798E+03
  0.29100000E+03     -0.2197647700882117E+03
  0.29200000E+03     -0.2192983602894835E+03
  0.29300000E+03     -0.2188215356551717E+03
  0.29400000E+03     -0.2183335858894666E+03
  0.29500000E+03     -0.2178341817547906E+03
  0.29600000E+03     -0.2173234245123533E+03
  0.29700000E+03     -0.2168018032512717E+03
  0.29800000E+03     -0.2162707799045839E+03
  0.29900000E+03     -0.2157269500944331E+03
  0.30000000E+03     -0.2151711553654952E+03
  0.30100000E+03     -0.2146035343437491E+03
  0.30200000E+03     -0.2140245101525255E+03
  0.30300000E+03     -0.2134344109645750E+03
  0.30400000E+03     -0.2128320547460283E+03
  0.30500000E+03     -0.2122168166162839E+03
  0.30600000E+03     -0.2115885596363950E+03
  0.30700000E+03     -0.2109489075052055E+03
  0.30800000E+03     -0.2102965590390003E+03
  0.30900000E+03     -0.2096323126937528E+03
  0.31000000E+03     -0.2089546338744643E+03
  0.31100000E+03     -0.2082640810587454E+03
  0.31200000E+03     -0.2075598796354274E+03
  0.31300000E+03     -0.2068412177758850E+03
  0.31400000E+03     -0.2061092859779945E+03
  0.31500000E+03     -0.2053645818859805E+03
  0.31600000E+03     -0.2046041048536318E+03
  0.31700000E+03     -0.2038288170245958E+03
  0.31800000E+03     -0.2030394557712706E+03
  0.31900000E+03     -0.2022340507298630E+03
  0.32000000E+03     -0.2014152490341395E+03
  0.32100000E+03     -0.2005800501427874E+03
  0.32200000E+03     -0.1997298206860089E+03
  0.32300000E+03     -0.1988658519608434E+03
  0.32400000E+03     -0.1979856038326330E+03
  0.32500000E+03     -0.1970920728820605E+03
  0.32600000E+03     -0.1961836759238175E+03
  0.32700000E+03     -0.1952636275410524E+03
  0.32800000E+03     -0.1943325847913131E+03
  0.32900000E+03     -0.1933881971608627E+03
  0.33000000E+03     -0.1924322528467369E+03
  0.33100000E+03     -0.1914661294440326E+03
  0.33200000E+03     -0.1904898789145666E+03
  0.33300000E+03     -0.1895056803756896E+03
  0.33400000E+03     -0.1885130350584167E+03
  0.33500000E+03     -0.1875142290247907E+03
  0.33600000E+03     -0.1865101066562563E+03
  0.33700000E+03     -0.1854985468934872E+03
  0.33800000E+03     -0.1844833786635203E+03
  0.33900000E+03     -0.1834641002594036E+03
  0.34000000E+03     -0.1824419800236374E+03
  0.34100000E+03     -0.1814163920722510E+03
  0.34200000E+03     -0.1803885623395888E+03
  0.34300000E+03     -0.1793608821713635E+03
  0.34400000E+03     -0.1783303899391554E+03
  0.34500000E+03     -0.1772991516648676E+03
  0.34600000E+03     -0.1762694069285271E+03
  0.34700000E+03     -0.1752406677618366E+03
  0.34800000E+03     -0.1742122973064973E+03
  0.34900000E+03     -0.1731861985741113E+03
  0.35000000E+03     -0.1721643478967924E+03
  0.35100000E+03     -0.1711435356280263E+03
  0.35200000E+03     -0.1701297527048688E+03
  0.35300000E+03     -0.1691186983929935E+03
  0.35400000E+03     -0.1681105576412486E+03
  0.35500000E+03     -0.1671090424501148E+03
  0.35600000E+03     -0.1661111118183804E+03
  0.35700000E+03     -0.1651219162040019E+03
  0.35800000E+03     -0.1641393769951689E+03
  0.35900000E+03     -0.1631620091645589E+03
  0.36000000E+03     -0.1621908669662996E+03
  0.36100000E+03     -0.1612260371461890E+03
  0.36200000E+03     -0.1602747542079526E+03
  0.36300000E+03     -0.1593276868711933E+03
  0.36400000E+03     -0.1583939681446720E+03
  0.36500000E+03     -0.1574684823628797E+03
  0.36600000E+03     -0.1565538261396057E+03
  0.36700000E+03     -0.1556493191954380E+03
  0.36800000E+03     -0.1547556876426144E+03
  0.36900000E+03     -0.1538762328680440E+03
  0.37000000E+03     -0.1530090366133166E+03
  0.37100000E+03     -0.1521524921173994E+03
  0.37200000E+03     -0.1513106866353985E+03
  0.37300000E+03     -0.1504816728030717E+03
  0.37400000E+03     -0.1496706801592298E+03
  0.37500000E+03     -0.1488713877751150E+03
  0.37600000E+03     -0.1480908799263692E+03
  0.37700000E+03     -0.1473218878763623E+03
  0.37800000E+03     -0.1465698728507956E+03
  0.37900000E+03     -0.1458345683020341E+03
  0.38000000E+03     -0.1451136207463363E+03
  0.38100000E+03     -0.1444103598858086E+03
  0.38200000E+03     -0.1437280669904674E+03
  0.38300000E+03     -0.1430627326804060E+03
  0.38400000E+03     -0.1424180788822280E+03
  0.38500000E+03     -0.1417925204927436E+03
  0.38600000E+03     -0.1411911527665252E+03
  0.38700000E+03     -0.1406095980737691E+03
  0.38800000E+03     -0.1400483734430257E+03
  0.38900000E+03     -0.1395147491559958E+03
  0.39000000E+03     -0.1390040654033635E+03
  0.39100000E+03     -0.1385144674951947E+03
  0.39200000E+03     -0.1380486938365418E+03
  0.39300000E+03     -0.1376074288938513E+03
  0.39400000E+03     -0.1371883508884005E+03
  0.39500000E+03     -0.1367917044266537E+03
  0.39600000E+03     -0.1364253647001332E+03
  0.39700000E+03     -0.1360810402140663E+03
  0.39800000E+03     -0.1357687619176583E+03
  0.39900000E+03     -0.1354797279221166E+03
  0.40000000E+03     -0.1352224323427554E+03
  0.40100000E+03     -0.1349940910873966E+03
  0.40200000E+03     -0.1347980871639775E+03
  0.40300000E+03     -0.1346276185626355E+03
  0.40400000E+03     -0.1344903467992392E+03
  0.40500000E+03     -0.1343811605157517E+03
  0.40600000E+03     -0.1343045691904991E+03
  0.40700000E+03     -0.1342626445603848E+03
  0.40800000E+03     -0.1342559841371774E+03
  0.40900000E+03     -0.1342832070126545E+03
  0.41000000E+03     -0.1343464881804986E+03
  0.41100000E+03     -0.1344460823219876E+03
  0.41200000E+03     -0.1345776624639694E+03
  0.41300000E+03     -0.1347416108242660E+03
  0.41400000E+03     -0.1349452048921891E+03
  0.41500000E+03     -0.1351888651973394E+03
  0.41600000E+03     -0.1354670980534012E+03
  0.41700000E+03     -0.1357894780283261E+03
  0.41800000E+03     -0.1361388830702676E+03
  0.41900000E+03     -0.1365373698306906E+03
  0.42000000E+03     -0.1369735011116937E+03
  0.42100000E+03     -0.1374500196830164E+03
  0.42200000E+03     -0.1379753444094868E+03
  0.42300000E+03     -0.1385369350984419E+03
  0.42400000E+03     -0.1391425262695455E+03
  0.42500000E+03     -0.1397921375489333E+03
  0.42600000E+03     -0.1404818853434383E+03
  0.42700000E+03     -0.1412288897080184E+03
  0.42800000E+03     -0.1420155337989349E+03
  0.42900000E+03     -0.1428537880245948E+03
  0.43000000E+03     -0.1437351746466735E+03
  0.43100000E+03     -0.1446693797131338E+03
  0.43200000E+03     -0.1456541405541984E+03
  0.43300000E+03     -0.1466972657356183E+03
  0.43400000E+03     -0.1477764684641653E+03
  0.43500000E+03     -0.1489158670009370E+03
  0.43600000E+03     -0.1500988859709879E+03
  0.43700000E+03     -0.1513426790836496E+03
  0.43800000E+03     -0.1526262339188521E+03
  0.43900000E+03     -0.1539763573523836E+03
  0.44000000E+03     -0.1553769505110791E+03
  0.44100000E+03     -0.1568349011187618E+03
  0.44200000E+03     -0.1583559709431157E+03
  0.44300000E+03     -0.1599311009775469E+03
  0.44400000E+03     -0.1615691942802997E+03
  0.44500000E+03     -0.1632717538626046E+03
  0.44600000E+03     -0.1650233426939027E+03
  0.44700000E+03     -0.1668388369711388E+03
  0.44800000E+03     -0.1687173877499105E+03
  0.44900000E+03     -0.1706620686626659E+03
  0.45000000E+03     -0.1726604377144001E+03
  0.45100000E+03     -0.1747266344646689E+03
  0.45200000E+03     -0.1768552349182589E+03
  0.45300000E+03     -0.1790517125362538E+03
  0.45400000E+03     -0.1813250314001354E+03
  0.45500000E+03     -0.1836601962358490E+03
  0.45600000E+03     -0.1860529192093117E+03
  0.45700000E+03     -0.1885161575631226E+03
  0.45800000E+03     -0.1910551253273253E+03
  0.45900000E+03     -0.1936662866765676E+03
  0.46000000E+03     -0.1963460061302914E+03
  0.46100000E+03     -0.1990993020533152E+03
  0.46200000E+03     -0.2019290337184716E+03
  0.46300000E+03     -0.2048456988725939E+03
  0.46400000E+03     -0.2078151678734714E+03
  0.46500000E+03     -0.2108775759181904E+03
  0.46600000E+03     -0.2140148591319168E+03
  0.46700000E+03     -0.2172398040242523E+03
  0.46800000E+03     -0.2205402515779432E+03
  0.46900000E+03     -0.2239199920439269E+03
  0.47000000E+03     -0.2273668915482957E+03
  0.47100000E+03     -0.2308929552796387E+03
  0.47200000E+03     -0.2345139852214555E+03
  0.47300000E+03     -0.2382170152314087E+03
  0.47400000E+03     -0.2420015369372850E+03
  0.47500000E+03     -0.2458783404625362E+03
  0.47600000E+03     -0.2498351226264614E+03
  0.47700000E+03     -0.2538676431533511E+03
  0.47800000E+03     -0.2579861564376472E+03
  0.47900000E+03     -0.2622215163653093E+03
  0.48000000E+03     -0.2665125885009852E+03
  0.48100000E+03     -0.2708833101371338E+03
  0.48200000E+03     -0.2753610244963878E+03
  0.48300000E+03     -0.2799521911456675E+03
  0.48400000E+03     -0.2846228673620902E+03
  0.48500000E+03     -0.2893989324275649E+03
  0.48600000E+03     -0.2942607826388170E+03
  0.48700000E+03     -0.2992493288234710E+03
  0.48800000E+03     -0.3043187136082460E+03
  0.48900000E+03     -0.3094742703363734E+03
  0.49000000E+03     -0.3146497373718414E+03
  0.49100000E+03     -0.3198012865999126E+03
  0.49200000E+03     -0.3252726872425666E+03
  0.49300000E+03     -0.3307647861594074E+03
  0.49400000E+03     -0.3352473666907035E+03
  0.49500000E+03     -0.3355160952846555E+03
  0.49600000E+03     -0.3371133238672522E+03
  0.49700000E+03     -0.3448822264151860E+03
  0.49800000E+03     -0.3502584026960411E+03
  0.49900000E+03     -0.3551428986765824E+03
  0.50000000E+03     -0.3613728308641323E+03
  0.50100000E+03     -0.3674286162879534E+03
  0.50200000E+03     -0.3707005681377423E+03
  0.50300000E+03     -0.3738032894965488E+03
  0.50400000E+03     -0.3773820197388450E+03
  0.50500000E+03     -0.3797611221488687E+03
  0.50600000E+03     -0.3817087182106840E+03
  0.50700000E+03     -0.3838519728734148E+03
  0.50800000E+03     -0.3864634369677840E+03
  0.50900000E+03     -0.3985242947176376E+03
  0.51000000E+03     -0.4066225482319413E+03
