  0.00000000E+00     -0.4051335926408039E+01
  0.10000000E+01     -0.4062091169157272E+01
  0.20000000E+01     -0.4728084804182216E+01
  0.30000000E+01     -0.5761573978532705E+01
  0.40000000E+01     -0.7044716056118608E+01
  0.50000000E+01     -0.8512920479082412E+01
  0.60000000E+01     -0.1012494391751722E+02
  0.70000000E+01     -0.1185253343595041E+02
  0.80000000E+01     -0.1367512919668190E+02
  0.90000000E+01     -0.1557668424054312E+02
  0.10000000E+02     -0.1754441648365835E+02
  0.11000000E+02     -0.1956813003769185E+02
  0.12000000E+02     -0.2163954531302101E+02
  0.13000000E+02     -0.2375110227507228E+02
  0.14000000E+02     -0.2589652656832136E+02
  0.15000000E+02     -0.2807029983784699E+02
  0.16000000E+02     -0.3026771646587150E+02
  0.17000000E+02     -0.3248448094661592E+02
  0.18000000E+02     -0.3471657225265943E+02
  0.19000000E+02     -0.3695998140495971E+02
  0.20000000E+02     -0.3921156062587546E+02
  0.21000000E+02     -0.4146807043568869E+02
  0.22000000E+02     -0.4372629998162743E+02
  0.23000000E+02     -0.4598325754995329E+02
  0.24000000E+02     -0.4823561937550057E+02
  0.25000000E+02     -0.5048062214236098E+02
  0.26000000E+02     -0.5271531707548814E+02
  0.27000000E+02     -0.5493674899064540E+02
  0.28000000E+02     -0.5714186516034430E+02
  0.29000000E+02     -0.5932801445302862E+02
  0.30000000E+02     -0.6149233523972335E+02
  0.31000000E+02     -0.6363243678062378E+02
  0.32000000E+02     -0.6574618896710722E+02
  0.33000000E+02     -0.6783201245557264E+02
  0.34000000E+02     -0.6988859795940290E+02
  0.35000000E+02     -0.7191537263206516E+02
  0.36000000E+02     -0.7391184977807794E+02
  0.37000000E+02     -0.7587855029771593E+02
  0.38000000E+02     -0.7781630218026220E+02
  0.39000000E+02     -0.7972577090595192E+02
  0.40000000E+02     -0.8160855929694736E+02
  0.41000000E+02     -0.8346567428207803E+02
  0.42000000E+02     -0.8529818412216476E+02
  0.43000000E+02     -0.8710738890329689E+02
  0.44000000E+02     -0.8889452002836524E+02
  0.45000000E+02     -0.9066047155897667E+02
  0.46000000E+02     -0.9240621338583300E+02
  0.47000000E+02     -0.9413247970563259E+02
  0.48000000E+02     -0.9584004709964793E+02
  0.49000000E+02     -0.9753026101113782E+02
  0.50000000E+02     -0.9920316226025697E+02
  0.51000000E+02     -0.1008590827537512E+03
  0.52000000E+02     -0.1024989003091595E+03
  0.53000000E+02     -0.1041229633528364E+03
  0.54000000E+02     -0.1057311064038139E+03
  0.55000000E+02     -0.1073237866325882E+03
  0.56000000E+02     -0.1089016235761131E+03
  0.57000000E+02     -0.1104646767872859E+03
  0.58000000E+02     -0.1120123572193724E+03
  0.59000000E+02     -0.1135458943320195E+03
  0.60000000E+02     -0.1150641273894354E+03
  0.61000000E+02     -0.1165677903009703E+03
  0.62000000E+02     -0.1180564944093764E+03
  0.63000000E+02     -0.1195304645871821E+03
  0.64000000E+02     -0.1209895288939553E+03
  0.65000000E+02     -0.1224334290170398E+03
  0.66000000E+02     -0.1238621578703686E+03
  0.67000000E+02     -0.1252757801376955E+03
  0.68000000E+02     -0.1266739665730022E+03
  0.69000000E+02     -0.1280567197376543E+03
  0.70000000E+02     -0.1294233435986184E+03
  0.71000000E+02     -0.1307739366498567E+03
  0.72000000E+02     -0.1321091715737911E+03
  0.73000000E+02     -0.1334282099907049E+03
  0.74000000E+02     -0.1347311905768434E+03
  0.75000000E+02     -0.1360181523294977E+03
  0.76000000E+02     -0.1372897765143440E+03
  0.77000000E+02     -0.1385459146698841E+03
  0.78000000E+02     -0.1397862645347417E+03
  0.79000000E+02     -0.1410117197219355E+03
  0.80000000E+02     -0.1422226211921098E+03
  0.81000000E+02     -0.1434184899701638E+03
  0.82000000E+02     -0.1446008496227390E+03
  0.83000000E+02     -0.1457692713059098E+03
  0.84000000E+02     -0.1469247371289302E+03
  0.85000000E+02     -0.1480670465960162E+03
  0.86000000E+02     -0.1491968165210563E+03
  0.87000000E+02     -0.1503147963649658E+03
  0.88000000E+02     -0.1514205118086906E+03
  0.89000000E+02     -0.1525147921726173E+03
  0.90000000E+02     -0.1535979826665610E+03
  0.91000000E+02     -0.1546700623204357E+03
  0.92000000E+02     -0.1557316833072494E+03
  0.93000000E+02     -0.1567827648442855E+03
  0.94000000E+02     -0.1578237973299868E+03
  0.95000000E+02     -0.1588557388326514E+03
  0.96000000E+02     -0.1598775890763958E+03
  0.97000000E+02     -0.1608898289220396E+03
  0.98000000E+02     -0.1618930506289471E+03
  0.99000000E+02     -0.1628871276945150E+03
  0.10000000E+03     -0.1638721840338997E+03
  0.10100000E+03     -0.1648481338588292E+03
  0.10200000E+03     -0.1658146140413305E+03
  0.10300000E+03     -0.1667727216180012E+03
  0.10400000E+03     -0.1677225127611188E+03
  0.10500000E+03     -0.1686632781726267E+03
  0.10600000E+03     -0.1695957793002159E+03
  0.10700000E+03     -0.1705192233627245E+03
  0.10800000E+03     -0.1714339096944596E+03
  0.10900000E+03     -0.1723394375396650E+03
  0.11000000E+03     -0.1732364783035854E+03
  0.11100000E+03     -0.1741245375349209E+03
  0.11200000E+03     -0.1750035115406318E+03
  0.11300000E+03     -0.1758738024815171E+03
  0.11400000E+03     -0.1767348435989288E+03
  0.11500000E+03     -0.1775865409226727E+03
  0.11600000E+03     -0.1784285910446022E+03
  0.11700000E+03     -0.1792606512695183E+03
  0.11800000E+03     -0.1800818284604271E+03
  0.11900000E+03     -0.1808928590873177E+03
  0.12000000E+03     -0.1816935554548857E+03
  0.12100000E+03     -0.1824825934136512E+03
  0.12200000E+03     -0.1832604534459272E+03
  0.12300000E+03     -0.1840267117935922E+03
  0.12400000E+03     -0.1847807925137196E+03
  0.12500000E+03     -0.1855221406724924E+03
  0.12600000E+03     -0.1862504174022090E+03
  0.12700000E+03     -0.1869661259765194E+03
  0.12800000E+03     -0.1876672508554772E+03
  0.12900000E+03     -0.1883539423477571E+03
  0.13000000E+03     -0.1890258181863900E+03
  0.13100000E+03     -0.1896831735449979E+03
  0.13200000E+03     -0.1903253490355371E+03
  0.13300000E+03     -0.1909511736974139E+03
  0.13400000E+03     -0.1915607965495521E+03
  0.13500000E+03     -0.1921538033643275E+03
  0.13600000E+03     -0.1927293567059415E+03
  0.13700000E+03     -0.1932874961114132E+03
  0.13800000E+03     -0.1938271682330854E+03
  0.13900000E+03     -0.1943486141355849E+03
  0.14000000E+03     -0.1948505929764794E+03
  0.14100000E+03     -0.1953336122720532E+03
  0.14200000E+03     -0.1957967911232048E+03
  0.14300000E+03     -0.1962401371113430E+03
  0.14400000E+03     -0.1966644611631538E+03
  0.14500000E+03     -0.1970697825461151E+03
  0.14600000E+03     -0.1974561669797306E+03
  0.14700000E+03     -0.1978244155716442E+03
  0.14800000E+03     -0.1981748573361809E+03
  0.14900000E+03     -0.1985082213915008E+03
  0.15000000E+03     -0.1988255767582838E+03
  0.15100000E+03     -0.1991287934539320E+03
  0.15200000E+03     -0.1994180230503862E+03
  0.15300000E+03     -0.1996934308576437E+03
  0.15400000E+03     -0.1999567795239412E+03
  0.15500000E+03     -0.2002093175172601E+03
  0.15600000E+03     -0.2004505645603050E+03
  0.15700000E+03     -0.2006820329054062E+03
  0.15800000E+03     -0.2009040998910661E+03
  0.15900000E+03     -0.2011182077204267E+03
  0.16000000E+03     -0.2013243084426376E+03
  0.16100000E+03     -0.2015225415660204E+03
  0.16200000E+03     -0.2017133587036997E+03
  0.16300000E+03     -0.2018978255180462E+03
  0.16400000E+03     -0.2020762025407357E+03
  0.16500000E+03     -0.2022482601458860E+03
  0.16600000E+03     -0.2024145220560279E+03
  0.16700000E+03     -0.2025754120428937E+03
  0.16800000E+03     -0.2027306447873160E+03
  0.16900000E+03     -0.2028808533284969E+03
  0.17000000E+03     -0.2030261957205851E+03
  0.17100000E+03     -0.2031668533531132E+03
  0.17200000E+03     -0.2033025676229136E+03
  0.17300000E+03     -0.2034342135831577E+03
  0.17400000E+03     -0.2035612487450138E+03
  0.17500000E+03     -0.2036837123858158E+03
  0.17600000E+03     -0.2038021512644346E+03
  0.17700000E+03     -0.2039171841583070E+03
  0.17800000E+03     -0.2040279441249244E+03
  0.17900000E+03     -0.2041351752651802E+03
  0.18000000E+03     -0.2042386332908193E+03
  0.18100000E+03     -0.2043380165049431E+03
  0.18200000E+03     -0.2044338796031208E+03
  0.18300000E+03     -0.2045261197258404E+03
  0.18400000E+03     -0.2046154771684018E+03
  0.18500000E+03     -0.2047013296608482E+03
  0.18600000E+03     -0.2047833196408833E+03
  0.18700000E+03     -0.2048626935841347E+03
  0.18800000E+03     -0.2049383080725138E+03
  0.18900000E+03     -0.2050103293150121E+03
  0.19000000E+03     -0.2050794137522491E+03
  0.19100000E+03     -0.2051457022330315E+03
  0.19200000E+03     -0.2052084871662967E+03
  0.19300000E+03     -0.2052679568347492E+03
  0.19400000E+03     -0.2053243556373258E+03
  0.19500000E+03     -0.2053779113149995E+03
  0.19600000E+03     -0.2054282762007981E+03
  0.19700000E+03     -0.2054761739176648E+03
  0.19800000E+03     -0.2055210000519672E+03
  0.19900000E+03     -0.2055628307753639E+03
  0.20000000E+03     -0.2056017856060176E+03
  0.20100000E+03     -0.2056376374816369E+03
  0.20200000E+03     -0.2056709870000869E+03
  0.20300000E+03     -0.2057006870980009E+03
  0.20400000E+03     -0.2057279083913318E+03
  0.20500000E+03     -0.2057517015129565E+03
  0.20600000E+03     -0.2057727908993949E+03
  0.20700000E+03     -0.2057909004669616E+03
  0.20800000E+03     -0.2058062919611079E+03
  0.20900000E+03     -0.2058189794322319E+03
  0.21000000E+03     -0.2058289479643407E+03
  0.21100000E+03     -0.2058357555821952E+03
  0.21200000E+03     -0.2058392132866982E+03
  0.21300000E+03     -0.2058400314081566E+03
  0.21400000E+03     -0.2058376100076369E+03
  0.21500000E+03     -0.2058324752661069E+03
  0.21600000E+03     -0.2058247838947217E+03
  0.21700000E+03     -0.2058133965718778E+03
  0.21800000E+03     -0.2057988960762710E+03
  0.21900000E+03     -0.2057811240360717E+03
  0.22000000E+03     -0.2057601772767933E+03
  0.22100000E+03     -0.2057359106678263E+03
  0.22200000E+03     -0.2057086616382987E+03
  0.22300000E+03     -0.2056768749719459E+03
  0.22400000E+03     -0.2056418794987726E+03
  0.22500000E+03     -0.2056029209522623E+03
  0.22600000E+03     -0.2055603292390154E+03
  0.22700000E+03     -0.2055121557797204E+03
  0.22800000E+03     -0.2054607001420625E+03
  0.22900000E+03     -0.2054059216130158E+03
  0.23000000E+03     -0.2053464645006895E+03
  0.23100000E+03     -0.2052814239338809E+03
  0.23200000E+03     -0.2052116851955373E+03
  0.23300000E+03     -0.2051352190729206E+03
  0.23400000E+03     -0.2050548453134448E+03
  0.23500000E+03     -0.2049686048477857E+03
  0.23600000E+03     -0.2048766204068937E+03
  0.23700000E+03     -0.2047772789477383E+03
  0.23800000E+03     -0.2046687222756986E+03
  0.23900000E+03     -0.2045516879813008E+03
  0.24000000E+03     -0.2044272359400441E+03
  0.24100000E+03     -0.2042925410416645E+03
  0.24200000E+03     -0.2041457525855398E+03
  0.24300000E+03     -0.2039874165740612E+03
  0.24400000E+03     -0.2038160462128014E+03
  0.24500000E+03     -0.2036319821964928E+03
  0.24600000E+03     -0.2034320120021635E+03
  0.24700000E+03     -0.2032151090875479E+03
  0.24800000E+03     -0.2029789112249516E+03
  0.24900000E+03     -0.2027248034930030E+03
  0.25000000E+03     -0.2024498723568900E+03
  0.25100000E+03     -0.2021555492131108E+03
  0.25200000E+03     -0.2018388596968736E+03
  0.25300000E+03     -0.2015024536103337E+03
  0.25400000E+03     -0.2011457973217800E+03
  0.25500000E+03     -0.2007682522075299E+03
  0.25600000E+03     -0.2003701458210389E+03
  0.25700000E+03     -0.1999530646607878E+03
  0.25800000E+03     -0.1995180735145419E+03
  0.25900000E+03     -0.1990630070260986E+03
  0.26000000E+03     -0.1985920372119208E+03
  0.26100000E+03     -0.1981016452759266E+03
  0.26200000E+03     -0.1975944069771205E+03
  0.26300000E+03     -0.1970712985478177E+03
  0.26400000E+03     -0.1965334560542425E+03
  0.26500000E+03     -0.1959822004349851E+03
  0.26600000E+03     -0.1954155676281692E+03
  0.26700000E+03     -0.1948363243375187E+03
  0.26800000E+03     -0.1942420783736687E+03
  0.26900000E+03     -0.1936356628942661E+03
  0.27000000E+03     -0.1930175149258682E+03
  0.27100000E+03     -0.1923873238815980E+03
  0.27200000E+03     -0.1917467771902564E+03
  0.27300000E+03     -0.1910944072242118E+03
  0.27400000E+03     -0.1904321761806587E+03
  0.27500000E+03     -0.1897593316633798E+03
  0.27600000E+03     -0.1890770965234014E+03
  0.27700000E+03     -0.1883838375774565E+03
  0.27800000E+03     -0.1876815769712203E+03
  0.27900000E+03     -0.1869702667735195E+03
  0.28000000E+03     -0.1862491705204228E+03
  0.28100000E+03     -0.1855202852648136E+03
  0.28200000E+03     -0.1847819079345418E+03
  0.28300000E+03     -0.1840334724566887E+03
  0.28400000E+03     -0.1832760073436625E+03
  0.28500000E+03     -0.1825101478538027E+03
  0.28600000E+03     -0.1817357762469821E+03
  0.28700000E+03     -0.1809534717544837E+03
  0.28800000E+03     -0.1801624661505991E+03
  0.28900000E+03     -0.1793631811588948E+03
  0.29000000E+03     -0.1785552512559843E+03
  0.29100000E+03     -0.1777392967883328E+03
  0.29200000E+03     -0.1769140358289408E+03
  0.29300000E+03     -0.1760814917274333E+03
  0.29400000E+03     -0.1752383500570521E+03
  0.29500000E+03     -0.1743846106353008E+03
  0.29600000E+03     -0.1735200959131836E+03
  0.29700000E+03     -0.1726497780126249E+03
  0.29800000E+03     -0.1717676777744044E+03
  0.29900000E+03     -0.1708755123849686E+03
  0.30000000E+03     -0.1699733688998418E+03
  0.30100000E+03     -0.1690615464879419E+03
  0.30200000E+03     -0.1681389185151510E+03
  0.30300000E+03     -0.1672034435529002E+03
  0.30400000E+03     -0.1662565924045265E+03
  0.30500000E+03     -0.1652980525010746E+03
  0.30600000E+03     -0.1643254790784438E+03
  0.30700000E+03     -0.1633409893218018E+03
  0.30800000E+03     -0.1623442422619356E+03
  0.30900000E+03     -0.1613340466050656E+03
  0.31000000E+03     -0.1603079994009545E+03
  0.31100000E+03     -0.1592678780737200E+03
  0.31200000E+03     -0.1582156962050807E+03
  0.31300000E+03     -0.1571468394421999E+03
  0.31400000E+03     -0.1560645703926305E+03
  0.31500000E+03     -0.1549635915618724E+03
  0.31600000E+03     -0.1538517395058936E+03
  0.31700000E+03     -0.1527249117756030E+03
  0.31800000E+03     -0.1515824269427962E+03
  0.31900000E+03     -0.1504249267105890E+03
  0.32000000E+03     -0.1492503470558106E+03
  0.32100000E+03     -0.1480609356073844E+03
  0.32200000E+03     -0.1468588733471247E+03
  0.32300000E+03     -0.1456434634767648E+03
  0.32400000E+03     -0.1444125837779111E+03
  0.32500000E+03     -0.1431646852147048E+03
  0.32600000E+03     -0.1419055775086061E+03
  0.32700000E+03     -0.1406272390982474E+03
  0.32800000E+03     -0.1393339972806343E+03
  0.32900000E+03     -0.1380272625619204E+03
  0.33000000E+03     -0.1367076189792797E+03
  0.33100000E+03     -0.1353698783010685E+03
  0.33200000E+03     -0.1340128373300968E+03
  0.33300000E+03     -0.1326390302831390E+03
  0.33400000E+03     -0.1312459161450890E+03
  0.33500000E+03     -0.1298328799719239E+03
  0.33600000E+03     -0.1284010432698329E+03
  0.33700000E+03     -0.1269476589646491E+03
  0.33800000E+03     -0.1254713887127444E+03
  0.33900000E+03     -0.1239698579217576E+03
  0.34000000E+03     -0.1224463545995174E+03
  0.34100000E+03     -0.1208954338072448E+03
  0.34200000E+03     -0.1193170370002139E+03
  0.34300000E+03     -0.1177149310584330E+03
  0.34400000E+03     -0.1160848374953434E+03
  0.34500000E+03     -0.1144286211768382E+03
  0.34600000E+03     -0.1127520071996426E+03
  0.34700000E+03     -0.1110570777029323E+03
  0.34800000E+03     -0.1093429446753136E+03
  0.34900000E+03     -0.1076131399128560E+03
  0.35000000E+03     -0.1058627113429466E+03
  0.35100000E+03     -0.1041034793446470E+03
  0.35200000E+03     -0.1023321412143500E+03
  0.35300000E+03     -0.1005539999092270E+03
  0.35400000E+03     -0.9877086844919599E+02
  0.35500000E+03     -0.9698046727712965E+02
  0.35600000E+03     -0.9518737070091241E+02
  0.35700000E+03     -0.9339015343112801E+02
  0.35800000E+03     -0.9159027557911233E+02
  0.35900000E+03     -0.8978902195681719E+02
  0.36000000E+03     -0.8798820783515713E+02
  0.36100000E+03     -0.8619163910435103E+02
  0.36200000E+03     -0.8439826977324940E+02
  0.36300000E+03     -0.8260511621615264E+02
  0.36400000E+03     -0.8081247209092774E+02
  0.36500000E+03     -0.7902649738269193E+02
  0.36600000E+03     -0.7724645090209448E+02
  0.36700000E+03     -0.7546995742248849E+02
  0.36800000E+03     -0.7370159571284519E+02
  0.36900000E+03     -0.7194110112624210E+02
  0.37000000E+03     -0.7019143171923253E+02
  0.37100000E+03     -0.6844444971781975E+02
  0.37200000E+03     -0.6670675854459638E+02
  0.37300000E+03     -0.6497524292213797E+02
  0.37400000E+03     -0.6325843245653589E+02
  0.37500000E+03     -0.6155296242573551E+02
  0.37600000E+03     -0.5986274434405988E+02
  0.37700000E+03     -0.5817972152254052E+02
  0.37800000E+03     -0.5651003392614511E+02
  0.37900000E+03     -0.5485250355083630E+02
  0.38000000E+03     -0.5321377767553356E+02
  0.38100000E+03     -0.5157984673622077E+02
  0.38200000E+03     -0.4996635336596699E+02
  0.38300000E+03     -0.4836791789875749E+02
  0.38400000E+03     -0.4678995389750232E+02
  0.38500000E+03     -0.4523326426503660E+02
  0.38600000E+03     -0.4368542297455824E+02
  0.38700000E+03     -0.4215309710737474E+02
  0.38800000E+03     -0.4064295420322811E+02
  0.38900000E+03     -0.3915371221545521E+02
  0.39000000E+03     -0.3768366787567963E+02
  0.39100000E+03     -0.3623515618696688E+02
  0.39200000E+03     -0.3480064485102746E+02
  0.39300000E+03     -0.3339497407368351E+02
  0.39400000E+03     -0.3200888457731250E+02
  0.39500000E+03     -0.3063918464145967E+02
  0.39600000E+03     -0.2929135409662592E+02
  0.39700000E+03     -0.2796871853591008E+02
  0.39800000E+03     -0.2667228113727322E+02
  0.39900000E+03     -0.2541204462174246E+02
  0.40000000E+03     -0.2417613015733360E+02
  0.40100000E+03     -0.2296464798552608E+02
  0.40200000E+03     -0.2177132628409342E+02
  0.40300000E+03     -0.2060868879642821E+02
  0.40400000E+03     -0.1948278398518238E+02
  0.40500000E+03     -0.1837703419152725E+02
  0.40600000E+03     -0.1731014952018762E+02
  0.40700000E+03     -0.1626721338533298E+02
  0.40800000E+03     -0.1526278178953176E+02
  0.40900000E+03     -0.1429311037161859E+02
  0.41000000E+03     -0.1335319204703704E+02
  0.41100000E+03     -0.1245622180687553E+02
  0.41200000E+03     -0.1157908197146469E+02
  0.41300000E+03     -0.1073751837376892E+02
  0.41400000E+03     -0.9939134624411595E+01
  0.41500000E+03     -0.9168411310897678E+01
  0.41600000E+03     -0.8435047520036024E+01
  0.41700000E+03     -0.7743346203490191E+01
  0.41800000E+03     -0.7094836979639979E+01
  0.41900000E+03     -0.6478593252545434E+01
  0.42000000E+03     -0.5902745541267503E+01
  0.42100000E+03     -0.5371481150670032E+01
  0.42200000E+03     -0.4875075538535295E+01
  0.42300000E+03     -0.4436690967848682E+01
  0.42400000E+03     -0.4035419949472518E+01
  0.42500000E+03     -0.3674515060245311E+01
  0.42600000E+03     -0.3364329243125115E+01
  0.42700000E+03     -0.3082012367588368E+01
  0.42800000E+03     -0.2862656471356692E+01
  0.42900000E+03     -0.2698321440826016E+01
  0.43000000E+03     -0.2578967641847596E+01
  0.43100000E+03     -0.2496166101939209E+01
  0.43200000E+03     -0.2462853154910440E+01
  0.43300000E+03     -0.2484713838552831E+01
  0.43400000E+03     -0.2558924552239946E+01
  0.43500000E+03     -0.2686431378673272E+01
  0.43600000E+03     -0.2869794922769535E+01
  0.43700000E+03     -0.3093260489309859E+01
  0.43800000E+03     -0.3365758575369515E+01
  0.43900000E+03     -0.3711255101962447E+01
  0.44000000E+03     -0.4102547438605043E+01
  0.44100000E+03     -0.4547231517641023E+01
  0.44200000E+03     -0.5047324380251744E+01
  0.44300000E+03     -0.5615310843653328E+01
  0.44400000E+03     -0.6233532827883680E+01
  0.44500000E+03     -0.6923018430428135E+01
  0.44600000E+03     -0.7682410561123172E+01
  0.44700000E+03     -0.8498693596264234E+01
  0.44800000E+03     -0.9382574678214583E+01
  0.44900000E+03     -0.1031372986617265E+02
  0.45000000E+03     -0.1132467689466382E+02
  0.45100000E+03     -0.1237383796095905E+02
  0.45200000E+03     -0.1351337117345990E+02
  0.45300000E+03     -0.1471763776621290E+02
  0.45400000E+03     -0.1599438061272536E+02
  0.45500000E+03     -0.1735335607530338E+02
  0.45600000E+03     -0.1875823999981607E+02
  0.45700000E+03     -0.2022186423620045E+02
  0.45800000E+03     -0.2176045108220755E+02
  0.45900000E+03     -0.2338448209892118E+02
  0.46000000E+03     -0.2508839058916137E+02
  0.46100000E+03     -0.2684938493995705E+02
  0.46200000E+03     -0.2870188466554887E+02
  0.46300000E+03     -0.3062901590378016E+02
  0.46400000E+03     -0.3258976848995064E+02
  0.46500000E+03     -0.3468369800412545E+02
  0.46600000E+03     -0.3684399857550647E+02
  0.46700000E+03     -0.3908884308921851E+02
  0.46800000E+03     -0.4142054455739471E+02
  0.46900000E+03     -0.4380741805574920E+02
  0.47000000E+03     -0.4630148449573386E+02
  0.47100000E+03     -0.4886244558052083E+02
  0.47200000E+03     -0.5153328234343213E+02
  0.47300000E+03     -0.5428635530875204E+02
  0.47400000E+03     -0.5712677264510467E+02
  0.47500000E+03     -0.6005285490818229E+02
  0.47600000E+03     -0.6306034831328252E+02
  0.47700000E+03     -0.6616296074651591E+02
  0.47800000E+03     -0.6935327451118415E+02
  0.47900000E+03     -0.7267247954671593E+02
  0.48000000E+03     -0.7606105079170213E+02
  0.48100000E+03     -0.7953109211352754E+02
  0.48200000E+03     -0.8310951336122312E+02
  0.48300000E+03     -0.8676248476610243E+02
  0.48400000E+03     -0.9051563413535739E+02
  0.48500000E+03     -0.9433376976295851E+02
  0.48600000E+03     -0.9834686701936113E+02
  0.48700000E+03     -0.1023970606260560E+03
  0.48800000E+03     -0.1062146809626045E+03
  0.48900000E+03     -0.1095065554091224E+03
  0.49000000E+03     -0.1139117498235922E+03
  0.49100000E+03     -0.1179403274669256E+03
  0.49200000E+03     -0.1188342938803979E+03
  0.49300000E+03     -0.1186212111068633E+03
  0.49400000E+03     -0.1184011648002206E+03
  0.49500000E+03     -0.1183864859581228E+03
  0.49600000E+03     -0.1186786565142382E+03
  0.49700000E+03     -0.1195314592144056E+03
  0.49800000E+03     -0.1200894169184347E+03
  0.49900000E+03     -0.1203554164073470E+03
  0.50000000E+03     -0.1248645098620894E+03
  0.50100000E+03     -0.1317830914404360E+03
  0.50200000E+03     -0.1403637831658405E+03
  0.50300000E+03     -0.1451249385218623E+03
  0.50400000E+03     -0.1449933579751327E+03
  0.50500000E+03     -0.1552601796928124E+03
  0.50600000E+03     -0.1603847802196193E+03
  0.50700000E+03     -0.1652594899582192E+03
  0.50800000E+03     -0.1701729494882859E+03
  0.50900000E+03     -0.1747132832765091E+03
  0.51000000E+03     -0.1785634406444117E+03
