  0.00000000E+00     -0.7929427788177451E-09      0.1011143805233080E-17     -0.1415918896729403E-26      0.2200612522185854E-35     -0.3665442696300705E-44
  0.10000000E+01     -0.6057407948659514E-03      0.3669219105673865E-06     -0.2222595697641424E-09      0.1346316884553624E-12     -0.8155190598080147E-16
  0.20000000E+01     -0.3357522698586850E-01      0.1961531754352908E-01     -0.1172953576624061E-01      0.2342945794539814E-01      0.4896932406587933E-01
  0.30000000E+01     -0.9882452778171917E-01      0.6540034514710670E-01     -0.4884378706522997E-01      0.9056758079543230E-01      0.5825061763043424E-01
  0.40000000E+01     -0.1963800686067775E+00      0.1503551823643013E+00     -0.1390052255220168E+00      0.2628646529700306E+00     -0.4039112703764258E-01
  0.50000000E+01     -0.3260977712216420E+00      0.2935443131134973E+00     -0.3325644241888588E+00      0.6500257619956822E+00     -0.6657436590879530E+00
  0.60000000E+01     -0.4882766165195002E+00      0.5201705324290099E+00     -0.7114919586397959E+00      0.1472634117621367E+01     -0.2558420251627756E+01
  0.70000000E+01     -0.6826695942493074E+00      0.8626996046514689E+00     -0.1396956853656255E+01      0.3168666400913145E+01     -0.7095720568434377E+01
  0.80000000E+01     -0.9094590539782668E+00      0.1358453602148129E+01     -0.2575970096096644E+01      0.6444355069484150E+01     -0.1744475267977126E+02
  0.90000000E+01     -0.1168546691445123E+01      0.2052128168008210E+01     -0.4506010433982632E+01      0.1253324884800797E+02     -0.3908525738480235E+02
  0.10000000E+02     -0.1459624661204128E+01      0.2992989883857177E+01     -0.7545278756639273E+01      0.2335935012362040E+02     -0.8227542131591501E+02
  0.11000000E+02     -0.1783300357482163E+01      0.4239440584851388E+01     -0.1217712361305754E+02      0.4190517078116093E+02     -0.1645180282196438E+03
  0.12000000E+02     -0.2139032683716428E+01      0.5852078322790281E+01     -0.1903231689536007E+02      0.7275534163261055E+02     -0.3163902537153865E+03
  0.13000000E+02     -0.2526730973103481E+01      0.7900688786400814E+01     -0.2891904725183316E+02      0.1224373553174042E+03     -0.5858252715865012E+03
  0.14000000E+02     -0.2946563626467610E+01      0.1045835212994440E+02     -0.4285344877363949E+02      0.2003876238508795E+03     -0.1051555959970051E+04
  0.15000000E+02     -0.3398518008476849E+01      0.1361050438629177E+02     -0.6215258412702863E+02      0.3202323356578009E+03     -0.1838251752242204E+04
  0.16000000E+02     -0.3882956991504711E+01      0.1744273676642688E+02     -0.8834607959740481E+02      0.4997824792539870E+03     -0.3127301561712952E+04
  0.17000000E+02     -0.4399250354466045E+01      0.2204695442492385E+02     -0.1233434370493354E+03      0.7640005288748689E+03     -0.5199963413318479E+04
  0.18000000E+02     -0.4947557929433037E+01      0.2752291025784439E+02     -0.1693969569596712E+03      0.1145271890908426E+04     -0.8453973003125278E+04
  0.19000000E+02     -0.5527380334622988E+01      0.3396874603620483E+02     -0.2291112216919491E+03      0.1685476223622488E+04     -0.1345707543366459E+05
  0.20000000E+02     -0.6139989534152526E+01      0.4151438864144315E+02     -0.3058820396563614E+03      0.2443090153923685E+04     -0.2106646823403618E+05
  0.21000000E+02     -0.6784573961332917E+01      0.5026530868992332E+02     -0.4032283534348903E+03      0.3486750745687779E+04     -0.3239121768234267E+05
  0.22000000E+02     -0.7460879859999811E+01      0.6034271149971263E+02     -0.5254078243319906E+03      0.4906196862753823E+04     -0.4899607199107741E+05
  0.23000000E+02     -0.8169145553238838E+01      0.7188283134748059E+02     -0.6774374998562855E+03      0.6815428086864495E+04     -0.7302647753735242E+05
  0.24000000E+02     -0.8909259328446588E+01      0.8501859448806722E+02     -0.8649182035062929E+03      0.9354650307849630E+04     -0.1073547169631537E+06
  0.25000000E+02     -0.9681459269181968E+01      0.9988969395244251E+02     -0.1094076550122530E+04      0.1269120280312984E+05     -0.1556561573590362E+06
  0.26000000E+02     -0.1048530874324137E+02      0.1166478523949347E+03     -0.1372394431581311E+04      0.1704237800859326E+05     -0.2230678117540469E+06
  0.27000000E+02     -0.1132062211668528E+02      0.1354274588214651E+03     -0.1707392011357337E+04      0.2264715947440409E+05     -0.3156717589281028E+06
  0.28000000E+02     -0.1218924645854340E+02      0.1564456175306381E+03     -0.2109493849537413E+04      0.2984022914563520E+05     -0.4423954874174790E+06
  0.29000000E+02     -0.1308879870345571E+02      0.1798040682242224E+03     -0.2587467472545279E+04      0.3895825073883079E+05     -0.6132188209227200E+06
  0.30000000E+02     -0.1401951763436877E+02      0.2056812473598238E+03     -0.3152802345326711E+04      0.5044255415715086E+05     -0.8417815354780582E+06
  0.31000000E+02     -0.1498283796691697E+02      0.2342979110079121E+03     -0.3818986216867928E+04      0.6482830985842447E+05     -0.1145452097501172E+07
  0.32000000E+02     -0.1597735631148406E+02      0.2657862713781151E+03     -0.4598322774206649E+04      0.8267916151902119E+05     -0.1544270421562597E+07
  0.33000000E+02     -0.1700178803445274E+02      0.3002958485983073E+03     -0.5505033643520150E+04      0.1046808707226283E+06     -0.2063986025144979E+07
  0.34000000E+02     -0.1805989983203574E+02      0.3381533893964850E+03     -0.6559325887299817E+04      0.1317468188952819E+06     -0.2739231867877265E+07
  0.35000000E+02     -0.1914844884738016E+02      0.3794391190859250E+03     -0.7775776952707545E+04      0.1647262180861683E+06     -0.3606585025019727E+07
  0.36000000E+02     -0.2026959087825603E+02      0.4244366837229531E+03     -0.9176322538091947E+04      0.2047704584409087E+06     -0.4715498704977354E+07
  0.37000000E+02     -0.2142108934576472E+02      0.4732729940869185E+03     -0.1077989064555610E+05      0.2530645920963816E+06     -0.6122106714719186E+07
  0.38000000E+02     -0.2260282703046421E+02      0.5261546065078663E+03     -0.1260929312442975E+05      0.3110294972543531E+06     -0.7895923149927487E+07
  0.39000000E+02     -0.2381797936832055E+02      0.5834569567556340E+03     -0.1469545547142763E+05      0.3805032637626127E+06     -0.1012770145782512E+08
  0.40000000E+02     -0.2506272405513077E+02      0.6452326171429123E+03     -0.1705928579171157E+05      0.4631384853570703E+06     -0.1291089214913714E+08
  0.41000000E+02     -0.2633876314385893E+02      0.7117652469271889E+03     -0.1973064451995699E+05      0.5610114787336612E+06     -0.1636165954532338E+08
  0.42000000E+02     -0.2764591370483922E+02      0.7833115115766062E+03     -0.2274300661121911E+05      0.6766268243287576E+06     -0.2062765408758646E+08
  0.43000000E+02     -0.2898539678742111E+02      0.8601681015029715E+03     -0.2613147697343906E+05      0.8126601539838626E+06     -0.2587234466735323E+08
  0.44000000E+02     -0.3035534225926198E+02      0.9424998035412561E+03     -0.2992978376604656E+05      0.9720734162547010E+06     -0.3229168987965176E+08
  0.45000000E+02     -0.3175660332797664E+02      0.1030595306272902E+04     -0.3417737124266184E+05      0.1158217750335498E+07     -0.4011168411510744E+08
  0.46000000E+02     -0.3318652576927811E+02      0.1124545612430755E+04     -0.3890737001572554E+05      0.1374477350387212E+07     -0.4958231923130345E+08
  0.47000000E+02     -0.3464904415970428E+02      0.1224875625063231E+04     -0.4417711489760423E+05      0.1625643123520106E+07     -0.6103975224977253E+08
  0.48000000E+02     -0.3614149838393479E+02      0.1331673530667377E+04     -0.5002382960374664E+05      0.1915871629259593E+07     -0.7481807549261664E+08
  0.49000000E+02     -0.3766643530089795E+02      0.1445417310688037E+04     -0.5651008062117787E+05      0.2251030671126120E+07     -0.9137035732651845E+08
  0.50000000E+02     -0.3922115382660366E+02      0.1566158942842825E+04     -0.6367413438865032E+05      0.2635942322084941E+07     -0.1111228662893274E+09
  0.51000000E+02     -0.4080601977958030E+02      0.1694230143130787E+04     -0.7157555905171057E+05      0.3077067325153393E+07     -0.1346289653275521E+09
  0.52000000E+02     -0.4242000282893746E+02      0.1829816325597409E+04     -0.8026645346331557E+05      0.3580864324190759E+07     -0.1624868822058073E+09
  0.53000000E+02     -0.4406665342440402E+02      0.1973520271109310E+04     -0.8983005343134722E+05      0.4156138831757640E+07     -0.1954779129168888E+09
  0.54000000E+02     -0.4574184198214850E+02      0.2125283174627204E+04     -0.1003088393597998E+06      0.4809742879303038E+07     -0.2343234038530795E+09
  0.55000000E+02     -0.4744979370122407E+02      0.2285782534195296E+04     -0.1117979103111459E+06      0.5552300863078903E+07     -0.2800299030490527E+09
  0.56000000E+02     -0.4918325417551121E+02      0.2454670719699945E+04     -0.1243257897193236E+06      0.6390924567844782E+07     -0.3334657484131161E+09
  0.57000000E+02     -0.5094715799000748E+02      0.2632689007097128E+04     -0.1379982194814096E+06      0.7338126934422799E+07     -0.3959006903291354E+09
  0.58000000E+02     -0.5274098608733274E+02      0.2820112326127671E+04     -0.1528939621943676E+06      0.8405506182478769E+07     -0.4686386053208185E+09
  0.59000000E+02     -0.5456541422176248E+02      0.3017326951852306E+04     -0.1691029869129971E+06      0.9606118083994877E+07     -0.5531750098719293E+09
  0.60000000E+02     -0.5641945105706283E+02      0.3224580591981291E+04     -0.1867111815766081E+06      0.1095377924378924E+08     -0.6511846330478767E+09
  0.61000000E+02     -0.5830492312264217E+02      0.3442428395063422E+04     -0.2058341262760179E+06      0.1246542575827194E+08     -0.7646879393230476E+09
  0.62000000E+02     -0.6021917317803746E+02      0.3670879286703529E+04     -0.2265400468862061E+06      0.1415481606582953E+08     -0.8955665944206790E+09
  0.63000000E+02     -0.6216436691774179E+02      0.3910514509056160E+04     -0.2489523508995150E+06      0.1604105119972539E+08     -0.1046243614110531E+10
  0.64000000E+02     -0.6413321950940227E+02      0.4160745687397187E+04     -0.2730884095584074E+06      0.1813523776510390E+08     -0.1218652131950522E+10
  0.65000000E+02     -0.6613361896509244E+02      0.4422961577969705E+04     -0.2991656739427787E+06      0.2046736368003954E+08     -0.1416484544714381E+10
  0.66000000E+02     -0.6816464941170328E+02      0.4697366552264960E+04     -0.3272840496452242E+06      0.2305758739028351E+08     -0.1642741058217892E+10
  0.67000000E+02     -0.7022663847222834E+02      0.4984384853570422E+04     -0.3575758153982873E+06      0.2593073426646801E+08     -0.1901072682702304E+10
  0.68000000E+02     -0.7231495541459684E+02      0.5283781537116885E+04     -0.3901117482903786E+06      0.2910738993987937E+08     -0.2194995778571437E+10
  0.69000000E+02     -0.7443079427516857E+02      0.5595991580331694E+04     -0.4250221652191109E+06      0.3261355269109741E+08     -0.2528609714798692E+10
  0.70000000E+02     -0.7657570400986330E+02      0.5921592109317652E+04     -0.4624663542074685E+06      0.3648016489794992E+08     -0.2906780418423469E+10
  0.71000000E+02     -0.7874937714853083E+02      0.6260976959220628E+04     -0.5026000460158716E+06      0.4074074811520252E+08     -0.3335070162107613E+10
  0.72000000E+02     -0.8094874654075366E+02      0.6614028828494333E+04     -0.5455128589796580E+06      0.4542206248299938E+08     -0.3818513711392463E+10
  0.73000000E+02     -0.8317941924332106E+02      0.6981943164337670E+04     -0.5914493918388628E+06      0.5056834455244324E+08     -0.4364166445223143E+10
  0.74000000E+02     -0.8543958782043794E+02      0.7364906625293326E+04     -0.6405603735552266E+06      0.5621806185391937E+08     -0.4979150217265412E+10
  0.75000000E+02     -0.8772585487105427E+02      0.7762650682114470E+04     -0.6929199099451501E+06      0.6240002567041095E+08     -0.5669642836029573E+10
  0.76000000E+02     -0.9004076799744836E+02      0.8176065304165851E+04     -0.7487736984710924E+06      0.6916641067490181E+08     -0.6444924372742970E+10
  0.77000000E+02     -0.9237816786511240E+02      0.8604353075978966E+04     -0.8081291663000238E+06      0.7654083100624126E+08     -0.7311280205550024E+10
  0.78000000E+02     -0.9474796447075171E+02      0.9049715689081699E+04     -0.8714224487243860E+06      0.8460321140385866E+08     -0.8282217019145766E+10
  0.79000000E+02     -0.9714656233653818E+02      0.9511979695263952E+04     -0.9387790790568199E+06      0.9339844457932602E+08     -0.9367766191349121E+10
  0.80000000E+02     -0.9956951620108285E+02      0.9990562897559221E+04     -0.1010236738837987E+07      0.1029580250678193E+09     -0.1057637745826860E+11
  0.81000000E+02     -0.1020208295862816E+03      0.1048672112588682E+05     -0.1086136444679009E+07      0.1133590633346979E+09     -0.1192312856975506E+11
  0.82000000E+02     -0.1044999332225535E+03      0.1100067184868596E+05     -0.1166650168532696E+07      0.1246559196323145E+09     -0.1342054022372164E+11
  0.83000000E+02     -0.1070035453592464E+03      0.1153214795640557E+05     -0.1251890011752339E+07      0.1368981480828274E+09     -0.1508124709335107E+11
  0.84000000E+02     -0.1095349724249938E+03      0.1208228639185119E+05     -0.1342204377803810E+07      0.1501732087222588E+09     -0.1692399781289823E+11
  0.85000000E+02     -0.1120914900488591E+03      0.1265090272596412E+05     -0.1437724767049443E+07      0.1645378504347591E+09     -0.1896371550814512E+11
  0.86000000E+02     -0.1146740340375919E+03      0.1323856963715602E+05     -0.1538707908108292E+07      0.1800694174197567E+09     -0.2121890937431412E+11
  0.87000000E+02     -0.1172799799570800E+03      0.1384504659823597E+05     -0.1645278657101905E+07      0.1968285355665708E+09     -0.2370666145720542E+11
  0.88000000E+02     -0.1199196815286674E+03      0.1447325255694779E+05     -0.1758142828774692E+07      0.2149724282154983E+09     -0.2645947924798657E+11
  0.89000000E+02     -0.1225789536790181E+03      0.1512024757849588E+05     -0.1876962168936147E+07      0.2344948801390448E+09     -0.2948635223386715E+11
  0.90000000E+02     -0.1252676883411219E+03      0.1578873957119381E+05     -0.2002401518295293E+07      0.2555507377627669E+09     -0.3282111143816610E+11
  0.91000000E+02     -0.1279820302713668E+03      0.1647824729906086E+05     -0.2134575334108527E+07      0.2782125796590358E+09     -0.3648665773131836E+11
  0.92000000E+02     -0.1307223426988393E+03      0.1718929693977859E+05     -0.2273786656333065E+07      0.3025870380743400E+09     -0.4051225779583749E+11
  0.93000000E+02     -0.1334902801728986E+03      0.1792282123271620E+05     -0.2420441015596674E+07      0.3288055848065547E+09     -0.4493309739081220E+11
  0.94000000E+02     -0.1362823593635931E+03      0.1867818108153475E+05     -0.2574592259885364E+07      0.3569321740173604E+09     -0.4977272800481421E+11
  0.95000000E+02     -0.1391071074801338E+03      0.1945836640043201E+05     -0.2737123438339023E+07      0.3872017448248553E+09     -0.5508835708474715E+11
  0.96000000E+02     -0.1419494879141583E+03      0.2025934025546119E+05     -0.2907346968355922E+07      0.4195383810353529E+09     -0.6087986006141770E+11
  0.97000000E+02     -0.1448194035873842E+03      0.2108454927765178E+05     -0.3086277215646643E+07      0.4542150151280401E+09     -0.6721520222714581E+11
  0.98000000E+02     -0.1477128817603759E+03      0.2193318372320637E+05     -0.3273946617827510E+07      0.4913041163750971E+09     -0.7412435806801538E+11
  0.99000000E+02     -0.1506344957970893E+03      0.2280702680845673E+05     -0.3470994100338784E+07      0.5310088997119774E+09     -0.8166476959929088E+11
  0.10000000E+03     -0.1535763389960196E+03      0.2370413598190247E+05     -0.3677224292500741E+07      0.5733680605894127E+09     -0.8986404863038622E+11
  0.10100000E+03     -0.1565496762065370E+03      0.2462846784587907E+05     -0.3893818431152750E+07      0.6187107009866072E+09     -0.9880847886489067E+11
  0.10200000E+03     -0.1595449711842328E+03      0.2557735740321896E+05     -0.4120378577780365E+07      0.6670331523651313E+09     -0.1085192977388010E+12
  0.10300000E+03     -0.1625673705169268E+03      0.2655307852210580E+05     -0.4357761687721031E+07      0.7186188654788902E+09     -0.1190803667575465E+12
  0.10400000E+03     -0.1656103818262121E+03      0.2755388772484551E+05     -0.4605794153727073E+07      0.7735198957686976E+09     -0.1305278618521100E+12
  0.10500000E+03     -0.1686767797418233E+03      0.2858113561305322E+05     -0.4865087484377919E+07      0.8319694261550645E+09     -0.1429382829171883E+12
  0.10600000E+03     -0.1717658717109985E+03      0.2963489978315498E+05     -0.5135910493544406E+07      0.8941223050212606E+09     -0.1563725042389052E+12
  0.10700000E+03     -0.1748782938093926E+03      0.3071597253657312E+05     -0.5418789003520742E+07      0.9602124820943383E+09     -0.1709139336770332E+12
  0.10800000E+03     -0.1780107581907901E+03      0.3182354899115055E+05     -0.5713781983347680E+07      0.1030358525082667E+10     -0.1866207908438363E+12
  0.10900000E+03     -0.1811754216935702E+03      0.3296244815448349E+05     -0.6022498704130129E+07      0.1105064362791054E+10     -0.2036427189591581E+12
  0.11000000E+03     -0.1843617458846572E+03      0.3412933307557520E+05     -0.6344342502600142E+07      0.1184304123803751E+10     -0.2220107141753288E+12
  0.11100000E+03     -0.1875687254493253E+03      0.3532421345865823E+05     -0.6679614623116141E+07      0.1268272673368771E+10     -0.2418087156488701E+12
  0.11200000E+03     -0.1907987260659377E+03      0.3654853434673147E+05     -0.7029077757724840E+07      0.1357299724999295E+10     -0.2631586243064998E+12
  0.11300000E+03     -0.1940469961445003E+03      0.3780082547786189E+05     -0.7392606116179852E+07      0.1451478221164049E+10     -0.2861245611695432E+12
  0.11400000E+03     -0.1973284191937507E+03      0.3908725150026008E+05     -0.7772321776724580E+07      0.1551497572196351E+10     -0.3109216087551072E+12
  0.11500000E+03     -0.2006320623996411E+03      0.4040415036422668E+05     -0.8167534365674503E+07      0.1657332425207636E+10     -0.3375953945083444E+12
  0.11600000E+03     -0.2039603050885779E+03      0.4175275055445756E+05     -0.8578907236798296E+07      0.1769294817716358E+10     -0.3662721811312355E+12
  0.11700000E+03     -0.2073094137982752E+03      0.4313235035993195E+05     -0.9006700901964860E+07      0.1887646066078365E+10     -0.3970832225680563E+12
  0.11800000E+03     -0.2106814830056539E+03      0.4454409952260005E+05     -0.9451582765558334E+07      0.2012717244896426E+10     -0.4301683068757407E+12
  0.11900000E+03     -0.2140770343790947E+03      0.4598842272046863E+05     -0.9913980114325415E+07      0.2144774471513041E+10     -0.4656530544893700E+12
  0.12000000E+03     -0.2174899153988974E+03      0.4746343755558664E+05     -0.1039375860033330E+08      0.2283978906358905E+10     -0.5036518539508250E+12
  0.12100000E+03     -0.2209255915930184E+03      0.4897171308725361E+05     -0.1089205981209514E+08      0.2430819007119236E+10     -0.5443594408725732E+12
  0.12200000E+03     -0.2243803487872640E+03      0.5051223860501312E+05     -0.1140899159180053E+08      0.2585525482749419E+10     -0.5879136772545822E+12
  0.12300000E+03     -0.2278597728770215E+03      0.5208786802455001E+05     -0.1194588526932384E+08      0.2748683217859670E+10     -0.6345525063272070E+12
  0.12400000E+03     -0.2313612345801026E+03      0.5369783312222920E+05     -0.1250287216293855E+08      0.2920526452405100E+10     -0.6844196065537826E+12
  0.12500000E+03     -0.2348880314876525E+03      0.5534420604885416E+05     -0.1308111549792021E+08      0.3101629078178578E+10     -0.7377660294587349E+12
  0.12600000E+03     -0.2384399420159172E+03      0.5702749826466147E+05     -0.1368127444420086E+08      0.3292429406942506E+10     -0.7948129908487318E+12
  0.12700000E+03     -0.2420119183053210E+03      0.5874563309337652E+05     -0.1430298913758140E+08      0.3493018185096369E+10     -0.8556738171046467E+12
  0.12800000E+03     -0.2456045975516450E+03      0.6049948087514786E+05     -0.1494705091119899E+08      0.3703891580533937E+10     -0.9205983602492823E+12
  0.12900000E+03     -0.2492211114038410E+03      0.6229083516574783E+05     -0.1561448750502019E+08      0.3925594704850911E+10     -0.9898453206185624E+12
  0.13000000E+03     -0.2528454987753618E+03      0.6411251075433368E+05     -0.1630317682616455E+08      0.4157701283395320E+10     -0.1063397741111870E+13
  0.13100000E+03     -0.2565013054178881E+03      0.6597648169007513E+05     -0.1701798322295930E+08      0.4402059462294090E+10     -0.1141937217640604E+13
  0.13200000E+03     -0.2601785413482937E+03      0.6787824479423222E+05     -0.1775769247279738E+08      0.4658526070128166E+10     -0.1225535798496343E+13
  0.13300000E+03     -0.2638850317540858E+03      0.6982250787969185E+05     -0.1852469022303490E+08      0.4928222490562556E+10     -0.1314687807289859E+13
  0.13400000E+03     -0.2676020397031525E+03      0.7179991359391069E+05     -0.1931577593206112E+08      0.5210301965211626E+10     -0.1409240095318082E+13
  0.13500000E+03     -0.2713486698875197E+03      0.7382098054951498E+05     -0.2013560836192491E+08      0.5506695538374547E+10     -0.1509966709889844E+13
  0.13600000E+03     -0.2751010040506307E+03      0.7587320078450526E+05     -0.2097958268922829E+08      0.5816018226746966E+10     -0.1616529048947458E+13
  0.13700000E+03     -0.2788854635503085E+03      0.7797153068202258E+05     -0.2185438308587964E+08      0.6141033454845473E+10     -0.1730027494200049E+13
  0.13800000E+03     -0.2826957129114144E+03      0.8011306050270435E+05     -0.2275936422723011E+08      0.6481828848473413E+10     -0.1850647261805006E+13
  0.13900000E+03     -0.2865189295711364E+03      0.8229085859132203E+05     -0.2369203829650276E+08      0.6837754719700563E+10     -0.1978302316769122E+13
  0.14000000E+03     -0.2903617691302310E+03      0.8450947604189460E+05     -0.2465501442319770E+08      0.7210185151705914E+10     -0.2113666150130915E+13
  0.14100000E+03     -0.2942345740017502E+03      0.8677516373837725E+05     -0.2565147939867369E+08      0.7600670863488196E+10     -0.2257466722622687E+13
  0.14200000E+03     -0.2981251598637213E+03      0.8908151467457235E+05     -0.2667926700224507E+08      0.8008747844727938E+10     -0.2409722004264462E+13
  0.14300000E+03     -0.3020393097788128E+03      0.9143236282025046E+05     -0.2774062802239421E+08      0.8435667733437213E+10     -0.2571085491191929E+13
  0.14400000E+03     -0.3059678723949754E+03      0.9382250052604746E+05     -0.2883368709957761E+08      0.8881004720918880E+10     -0.2741571580981846E+13
  0.14500000E+03     -0.3099244116826543E+03      0.9626068965662198E+05     -0.2996304395487330E+08      0.9347019259220535E+10     -0.2922248408297055E+13
  0.14600000E+03     -0.3138903629712418E+03      0.9873617333054819E+05     -0.3112440999522777E+08      0.9832382623915140E+10     -0.3112831244103328E+13
  0.14700000E+03     -0.3178864777798788E+03      0.1012625694519156E+06     -0.3232486662405140E+08      0.1034050165598369E+11     -0.3314895037194565E+13
  0.14800000E+03     -0.3218963959796319E+03      0.1038293371582614E+06     -0.3355968198248567E+08      0.1086964571035836E+11     -0.3527920711493117E+13
  0.14900000E+03     -0.3259270773148691E+03      0.1064420383762203E+06     -0.3483245084170440E+08      0.1142191375001363E+11     -0.3753044081847652E+13
  0.15000000E+03     -0.3299878375410831E+03      0.1091071061136589E+06     -0.3614689176430066E+08      0.1199934156198488E+11     -0.3991335099129289E+13
  0.15100000E+03     -0.3340560573920778E+03      0.1118099090831601E+06     -0.3749629166143193E+08      0.1259937452903047E+11     -0.4241973274411012E+13
  0.15200000E+03     -0.3381545382580916E+03      0.1145662969223823E+06     -0.3888931501340380E+08      0.1322637622503050E+11     -0.4507067658770562E+13
  0.15300000E+03     -0.3422674870199695E+03      0.1173660729652161E+06     -0.4032143692015872E+08      0.1387877743127762E+11     -0.4786229856910732E+13
  0.15400000E+03     -0.3464045780345813E+03      0.1202165243749997E+06     -0.4179715626556043E+08      0.1455916573834503E+11     -0.5080876763685838E+13
  0.15500000E+03     -0.3505650736878359E+03      0.1231175754649595E+06     -0.4331708070060987E+08      0.1526831244132978E+11     -0.5391637721684354E+13
  0.15600000E+03     -0.3547450557055842E+03      0.1260669542479227E+06     -0.4488069097881133E+08      0.1600648757747244E+11     -0.5718942233482099E+13
  0.15700000E+03     -0.3589486794256761E+03      0.1290680176903859E+06     -0.4649042394515100E+08      0.1677535360866504E+11     -0.6063843019475820E+13
  0.15800000E+03     -0.3631611154944774E+03      0.1321110158797809E+06     -0.4814194571048077E+08      0.1757348055933222E+11     -0.6426080338034219E+13
  0.15900000E+03     -0.3674037845174955E+03      0.1352117561404847E+06     -0.4984446561301159E+08      0.1840583886203970E+11     -0.6808242882206193E+13
  0.16000000E+03     -0.3716557107025413E+03      0.1383554495517411E+06     -0.5159062292816699E+08      0.1926942551083144E+11     -0.7209327624246768E+13
  0.16100000E+03     -0.3759344856158173E+03      0.1415550902635437E+06     -0.5338807401354615E+08      0.2016846244035231E+11     -0.7631598076208555E+13
  0.16200000E+03     -0.3802351085410823E+03      0.1448083312915058E+06     -0.5523676026415257E+08      0.2110378801532321E+11     -0.8075966520106028E+13
  0.16300000E+03     -0.3845523429605373E+03      0.1481111767626134E+06     -0.5713486723292217E+08      0.2207495352984455E+11     -0.8542554925709118E+13
  0.16400000E+03     -0.3888943344114675E+03      0.1514704562402661E+06     -0.5908714232746860E+08      0.2308505238401263E+11     -0.9033284973009590E+13
  0.16500000E+03     -0.3932627974981151E+03      0.1548883409759738E+06     -0.6109581672878011E+08      0.2413598566656852E+11     -0.9549560960216084E+13
  0.16600000E+03     -0.3976435114416770E+03      0.1583541864991570E+06     -0.6315544037560304E+08      0.2522559541148597E+11     -0.1009079643025220E+14
  0.16700000E+03     -0.4020454554563834E+03      0.1618754229042321E+06     -0.6527110922928143E+08      0.2635719292462120E+11     -0.1065906761612677E+14
  0.16800000E+03     -0.4064737726084603E+03      0.1654565582580657E+06     -0.6744627947287242E+08      0.2753329815698956E+11     -0.1125611261634361E+14
  0.16900000E+03     -0.4109127797112976E+03      0.1690858094009202E+06     -0.6967485448803236E+08      0.2875146364439756E+11     -0.1188125868502843E+14
  0.17000000E+03     -0.4153790408124328E+03      0.1727771265661794E+06     -0.7196617713559011E+08      0.3001750668738707E+11     -0.1253800156289488E+14
  0.17100000E+03     -0.4198686474393930E+03      0.1765276531117156E+06     -0.7431923121173748E+08      0.3133157147679648E+11     -0.1322692978788732E+14
  0.17200000E+03     -0.4243704083462417E+03      0.1803291526437890E+06     -0.7673009624120873E+08      0.3269246989316343E+11     -0.1394810437603184E+14
  0.17300000E+03     -0.4288968940186453E+03      0.1841921281475259E+06     -0.7920591858860503E+08      0.3410482238860571E+11     -0.1470444917949881E+14
  0.17400000E+03     -0.4334405526861762E+03      0.1881106153947000E+06     -0.8174370789295876E+08      0.3556769430187464E+11     -0.1549603409082055E+14
  0.17500000E+03     -0.4379995227653235E+03      0.1920840427451811E+06     -0.8434433259430997E+08      0.3708262638507983E+11     -0.1632443114249537E+14
  0.17600000E+03     -0.4425846920128405E+03      0.1961221722880285E+06     -0.8701493526010828E+08      0.3865455062068443E+11     -0.1719293951494701E+14
  0.17700000E+03     -0.4471952888854938E+03      0.2002252190545970E+06     -0.8975682563805786E+08      0.4028526195099962E+11     -0.1810330161792416E+14
  0.17800000E+03     -0.4518271642965761E+03      0.2043900069594435E+06     -0.9256882021704718E+08      0.4197496612965050E+11     -0.1905633508777112E+14
  0.17900000E+03     -0.4564820990082829E+03      0.2086186129752277E+06     -0.9545321671686718E+08      0.4372592386486066E+11     -0.2005400255591613E+14
  0.18000000E+03     -0.4611724873220375E+03      0.2129234651604596E+06     -0.9841991538472870E+08      0.4554538669879763E+11     -0.2110135760861320E+14
  0.18100000E+03     -0.4658794374822039E+03      0.2172876332680234E+06     -0.1014581445215788E+09      0.4742767216753983E+11     -0.2219587512767767E+14
  0.18200000E+03     -0.4706046133080989E+03      0.2217131830590218E+06     -0.1045703295798440E+09      0.4937527859443037E+11     -0.2333980890523541E+14
  0.18300000E+03     -0.4753465155414502E+03      0.2261992468931035E+06     -0.1077568584856418E+09      0.5138945950837474E+11     -0.2453471437536583E+14
  0.18400000E+03     -0.4801090003729054E+03      0.2307498834892602E+06     -0.1110215406501704E+09      0.5347360657976012E+11     -0.2578342163568995E+14
  0.18500000E+03     -0.4848902253657400E+03      0.2353640167699883E+06     -0.1143647442872782E+09      0.5562909527737038E+11     -0.2708768408450895E+14
  0.18600000E+03     -0.4896848358037875E+03      0.2400366901521792E+06     -0.1177836713688489E+09      0.5785504295319215E+11     -0.2844777131769006E+14
  0.18700000E+03     -0.4945015205154797E+03      0.2447775759709141E+06     -0.1212869538876397E+09      0.6015851818263879E+11     -0.2986915259584487E+14
  0.18800000E+03     -0.4993482880436025E+03      0.2495947470589546E+06     -0.1248813707239265E+09      0.6254495298231640E+11     -0.3135605122565684E+14
  0.18900000E+03     -0.5042046379410492E+03      0.2544683102062909E+06     -0.1285531028949001E+09      0.6500629126692805E+11     -0.3290441602010817E+14
  0.19000000E+03     -0.5090838622576604E+03      0.2594124829787801E+06     -0.1323142117111474E+09      0.6755198226038444E+11     -0.3452133675584594E+14
  0.19100000E+03     -0.5139898879621882E+03      0.2644316517556486E+06     -0.1361690526606421E+09      0.7018614067138829E+11     -0.3621046943236923E+14
  0.19200000E+03     -0.5189268970717523E+03      0.2695311808317816E+06     -0.1401232723349756E+09      0.7291413907582660E+11     -0.3797653029116541E+14
  0.19300000E+03     -0.5238765331846474E+03      0.2746926016004260E+06     -0.1441636464644625E+09      0.7572810038490775E+11     -0.3981554156711765E+14
  0.19400000E+03     -0.5288576715726620E+03      0.2799364254319841E+06     -0.1483076194956518E+09      0.7864165366049898E+11     -0.4173771117773737E+14
  0.19500000E+03     -0.5338408280253396E+03      0.2852320815449072E+06     -0.1525321389427738E+09      0.8163988398825243E+11     -0.4373439030340523E+14
  0.19600000E+03     -0.5388714452114610E+03      0.2906286020367423E+06     -0.1568776610026101E+09      0.8475298655974059E+11     -0.4582702597762911E+14
  0.19700000E+03     -0.5439047065329735E+03      0.2960785112951412E+06     -0.1613071955212010E+09      0.8795588894970256E+11     -0.4800008481818110E+14
  0.19800000E+03     -0.5489649145987451E+03      0.3016085001377854E+06     -0.1658434933009980E+09      0.9126634613255515E+11     -0.5026686193958938E+14
  0.19900000E+03     -0.5540645252733788E+03      0.3072331918912609E+06     -0.1705001586486058E+09      0.9469602587507115E+11     -0.5263692332972127E+14
  0.20000000E+03     -0.5591713290680693E+03      0.3129181905257110E+06     -0.1752504372493256E+09      0.9822706820082365E+11     -0.5509959831377476E+14
  0.20100000E+03     -0.5643065871746687E+03      0.3186873342946932E+06     -0.1801152096394250E+09      0.1018763159090907E+12     -0.5766797664580024E+14
  0.20200000E+03     -0.5694519548258095E+03      0.3245208062379998E+06     -0.1850792209614996E+09      0.1056340052597745E+12     -0.6033677992999243E+14
  0.20300000E+03     -0.5746322404303158E+03      0.3304473204010346E+06     -0.1901682417201066E+09      0.1095212856567066E+12     -0.6312264030822908E+14
  0.20400000E+03     -0.5798269058403969E+03      0.3364441596887251E+06     -0.1953642610595023E+09      0.1135261707969801E+12     -0.6601868575525129E+14
  0.20500000E+03     -0.5850544436412581E+03      0.3425336366703135E+06     -0.2006882852563162E+09      0.1176667842572397E+12     -0.6903988264821429E+14
  0.20600000E+03     -0.5903116376930609E+03      0.3487125205232849E+06     -0.2061388005621804E+09      0.1219436338472677E+12     -0.7218831414959306E+14
  0.20700000E+03     -0.5955905056451980E+03      0.3549723220493661E+06     -0.2117099587920634E+09      0.1263540839408801E+12     -0.7546396607656816E+14
  0.20800000E+03     -0.6008891998436139E+03      0.3613118209332834E+06     -0.2174024245268614E+09      0.1309007456393798E+12     -0.7887084326755605E+14
  0.20900000E+03     -0.6062020089227065E+03      0.3677245362129389E+06     -0.2232115861254227E+09      0.1355816087271847E+12     -0.8240922131346823E+14
  0.21000000E+03     -0.6115448815673392E+03      0.3742306134350722E+06     -0.2291574108307552E+09      0.1404148746156813E+12     -0.8609500442874972E+14
  0.21100000E+03     -0.6169092984498760E+03      0.3808203084103115E+06     -0.2352324942759823E+09      0.1453964936342117E+12     -0.8992717549224320E+14
  0.21200000E+03     -0.6223110730776449E+03      0.3875138805922168E+06     -0.2414571798362911E+09      0.1505452459582490E+12     -0.9392235631837077E+14
  0.21300000E+03     -0.6277288384780256E+03      0.3942855916565480E+06     -0.2478091645837875E+09      0.1558448127341844E+12     -0.9807013787766566E+14
  0.21400000E+03     -0.6331600856289652E+03      0.4011331950620338E+06     -0.2542881161359352E+09      0.1612971789142034E+12     -0.1023744533760526E+15
  0.21500000E+03     -0.6386257127592526E+03      0.4080836696605693E+06     -0.2609211316277471E+09      0.1669272863343764E+12     -0.1068573228574557E+15
  0.21600000E+03     -0.6441122509783362E+03      0.4151211489177554E+06     -0.2676952546725976E+09      0.1727268224274789E+12     -0.1115149233891440E+15
  0.21700000E+03     -0.6496178605323363E+03      0.4222432850162623E+06     -0.2746092302984527E+09      0.1786964205706162E+12     -0.1163498132310761E+15
  0.21800000E+03     -0.6551514586320926E+03      0.4294629379488134E+06     -0.2816778192128350E+09      0.1848516430978679E+12     -0.1213775663799578E+15
  0.21900000E+03     -0.6607040911375558E+03      0.4367687869791189E+06     -0.2888913176852632E+09      0.1911861323361054E+12     -0.1265954235296468E+15
  0.22000000E+03     -0.6662879236424827E+03      0.4441782279585507E+06     -0.2962692940160903E+09      0.1977200658213488E+12     -0.1320232040299972E+15
  0.22100000E+03     -0.6719027033473166E+03      0.4516913131450293E+06     -0.3038132351433820E+09      0.2044569568327943E+12     -0.1376664173903920E+15
  0.22200000E+03     -0.6775417702262462E+03      0.4593003546449529E+06     -0.3115176998132976E+09      0.2113949140020656E+12     -0.1435267438698527E+15
  0.22300000E+03     -0.6832035939143545E+03      0.4670038652820835E+06     -0.3193828423881206E+09      0.2185365361311712E+12     -0.1496092684411162E+15
  0.22400000E+03     -0.6888824337359330E+03      0.4747950199774244E+06     -0.3274037763322161E+09      0.2258802494250082E+12     -0.1559159150983896E+15
  0.22500000E+03     -0.6945916166683176E+03      0.4826928381289415E+06     -0.3356019447422020E+09      0.2334484008770770E+12     -0.1624690694844483E+15
  0.22600000E+03     -0.7003175768515530E+03      0.4906792207050092E+06     -0.3439603718608303E+09      0.2412280206715297E+12     -0.1692607280313398E+15
  0.22700000E+03     -0.7060776541001999E+03      0.4987794166091900E+06     -0.3525077235259098E+09      0.2492489216163462E+12     -0.1763205630603482E+15
  0.22800000E+03     -0.7118911422863350E+03      0.5070226020257379E+06     -0.3612781139250230E+09      0.2575473346342888E+12     -0.1836851383247794E+15
  0.22900000E+03     -0.7177027118469206E+03      0.5153301489836490E+06     -0.3701888459927062E+09      0.2660470001111533E+12     -0.1912894935229122E+15
  0.23000000E+03     -0.7235477073967650E+03      0.5237536199555320E+06     -0.3792975266379116E+09      0.2748061909667685E+12     -0.1991897437158992E+15
  0.23100000E+03     -0.7294288487020068E+03      0.5322979276153275E+06     -0.3886117343679036E+09      0.2838355170120870E+12     -0.2073994820293376E+15
  0.23200000E+03     -0.7353151624588169E+03      0.5409191882486469E+06     -0.3980860611822941E+09      0.2930944886781192E+12     -0.2158861680466735E+15
  0.23300000E+03     -0.7412322972949909E+03      0.5496553908652161E+06     -0.4077639493145073E+09      0.3026284137420748E+12     -0.2246950394027390E+15
  0.23400000E+03     -0.7471807125311253E+03      0.5585082424514595E+06     -0.4176496648007805E+09      0.3124450475766421E+12     -0.2338376615819325E+15
  0.23500000E+03     -0.7531545089499515E+03      0.5674703153694421E+06     -0.4277376888471429E+09      0.3225429195048774E+12     -0.2433175635468280E+15
  0.23600000E+03     -0.7591571497742318E+03      0.5765475074438170E+06     -0.4380367383772761E+09      0.3329341204584962E+12     -0.2531504591770901E+15
  0.23700000E+03     -0.7651901125992897E+03      0.5857432006538855E+06     -0.4485532436365127E+09      0.3436290532793141E+12     -0.2633511226658506E+15
  0.23800000E+03     -0.7712348208991554E+03      0.5950298121042571E+06     -0.4592578121962411E+09      0.3546013490820081E+12     -0.2738990314287079E+15
  0.23900000E+03     -0.7773157187596164E+03      0.6044459015723878E+06     -0.4701973881540046E+09      0.3659030524885738E+12     -0.2848493027977238E+15
  0.24000000E+03     -0.7834178553290293E+03      0.6139690370356833E+06     -0.4813480836368099E+09      0.3775131094896008E+12     -0.2961863822219951E+15
  0.24100000E+03     -0.7895471225020475E+03      0.6236095680726389E+06     -0.4927247351614551E+09      0.3894512168448053E+12     -0.3079350345851859E+15
  0.24200000E+03     -0.7957167252784379E+03      0.6333893665639618E+06     -0.5043558324314679E+09      0.4017515242028278E+12     -0.3201344702447566E+15
  0.24300000E+03     -0.8018974729550085E+03      0.6432631613338435E+06     -0.5161901359616871E+09      0.4143640841997051E+12     -0.3327408305632779E+15
  0.24400000E+03     -0.8081165037581627E+03      0.6532752752838279E+06     -0.5282833423617218E+09      0.4273524988720037E+12     -0.3458234228803560E+15
  0.24500000E+03     -0.8143575505345561E+03      0.6634005601457445E+06     -0.5406077761404260E+09      0.4406914904437596E+12     -0.3593628189373704E+15
  0.24600000E+03     -0.8206303622076000E+03      0.6736559238998534E+06     -0.5531868075569361E+09      0.4544109504230300E+12     -0.3733956234483278E+15
  0.24700000E+03     -0.8269308764793066E+03      0.6840357922244843E+06     -0.5660163787679367E+09      0.4685110849224783E+12     -0.3879284181339452E+15
  0.24800000E+03     -0.8332601406448435E+03      0.6945430779146068E+06     -0.5791030706354203E+09      0.4830040608943240E+12     -0.4029805341658609E+15
  0.24900000E+03     -0.8396215837362439E+03      0.7051846462969355E+06     -0.5924584213813543E+09      0.4979076526023306E+12     -0.4185773696443838E+15
  0.25000000E+03     -0.8460187464518217E+03      0.7159673302989622E+06     -0.6060936939609333E+09      0.5132391493064420E+12     -0.4347437567326306E+15
  0.25100000E+03     -0.8524317942659566E+03      0.7268589506930830E+06     -0.6199713303372530E+09      0.5289615842699802E+12     -0.4514480959519515E+15
  0.25200000E+03     -0.8588778287603043E+03      0.7378894967390904E+06     -0.6341323335162647E+09      0.5451263698201634E+12     -0.4687521824971264E+15
  0.25300000E+03     -0.8653457268732752E+03      0.7490414890655461E+06     -0.6485578782901608E+09      0.5617179881485150E+12     -0.4866477684161106E+15
  0.25400000E+03     -0.8718367597695830E+03      0.7603172892337566E+06     -0.6632528716895876E+09      0.5787460872158295E+12     -0.5051515954888107E+15
  0.25500000E+03     -0.8783654417136835E+03      0.7717431479332122E+06     -0.6782544996110435E+09      0.5962590815220714E+12     -0.5243240960954319E+15
  0.25600000E+03     -0.8849192197839683E+03      0.7832988638471258E+06     -0.6935402225381818E+09      0.6142372470061224E+12     -0.5441530077826994E+15
  0.25700000E+03     -0.8915145333576547E+03      0.7950144816573493E+06     -0.7091528918399712E+09      0.6327366451453141E+12     -0.5647086170211602E+15
  0.25800000E+03     -0.8981323085622482E+03      0.8068575629426879E+06     -0.7250529054838099E+09      0.6517166630366211E+12     -0.5859550440024371E+15
  0.25900000E+03     -0.9047772536219542E+03      0.8188373882654660E+06     -0.7412556149683571E+09      0.6712011560475984E+12     -0.6079275050949284E+15
  0.26000000E+03     -0.9114519735653035E+03      0.8309598093571154E+06     -0.7577722657576811E+09      0.6912097762234854E+12     -0.6306574635924294E+15
  0.26100000E+03     -0.9181469400870604E+03      0.8432085801169154E+06     -0.7745839409518659E+09      0.7117256532473759E+12     -0.6541350587126451E+15
  0.26200000E+03     -0.9248869848827092E+03      0.8556305649431435E+06     -0.7917587503739769E+09      0.7328387432977777E+12     -0.6784735930684631E+15
  0.26300000E+03     -0.9316379396797195E+03      0.8681634815509144E+06     -0.8092133615407926E+09      0.7544522631053549E+12     -0.7035705987536199E+15
  0.26400000E+03     -0.9384231870162195E+03      0.8808521364596473E+06     -0.8270139644526534E+09      0.7766551410858981E+12     -0.7295400673922240E+15
  0.26500000E+03     -0.9452385074399619E+03      0.8936894932186840E+06     -0.8451537579777563E+09      0.7994450539734725E+12     -0.7563892070873418E+15
  0.26600000E+03     -0.9520838897521126E+03      0.9066770194564787E+06     -0.8636388244217769E+09      0.8228370691548644E+12     -0.7841473292536070E+15
  0.26700000E+03     -0.9589697678393412E+03      0.9198361411853483E+06     -0.8825039103693441E+09      0.8468829765979694E+12     -0.8128880616014229E+15
  0.26800000E+03     -0.9658694310091092E+03      0.9331169080160091E+06     -0.9016809289947771E+09      0.8715029674441045E+12     -0.8425273185972956E+15
  0.26900000E+03     -0.9728062568014228E+03      0.9465650172821902E+06     -0.9212388618392651E+09      0.8967919950599452E+12     -0.8731901696983516E+15
  0.27000000E+03     -0.9797746702145058E+03      0.9601713087039335E+06     -0.9411687794781114E+09      0.9227467712308774E+12     -0.9048857626251920E+15
  0.27100000E+03     -0.9867786027264567E+03      0.9739446830563669E+06     -0.9614875353385808E+09      0.9493968442401942E+12     -0.9376626704209699E+15
  0.27200000E+03     -0.9937988918627900E+03      0.9878485943782642E+06     -0.9821449512094630E+09      0.9766839942142909E+12     -0.9714619387405434E+15
  0.27300000E+03     -0.1000848089688565E+04      0.1001909334625856E+07     -0.1003184294318947E+10      0.1004673667752075E+13     -0.1006378294034571E+16
  0.27400000E+03     -0.1007934674316311E+04      0.1016144684068307E+07     -0.1024635591722139E+10      0.1033413182568532E+13     -0.1042483471347578E+16
  0.27500000E+03     -0.1015051491671912E+04      0.1030542023419328E+07     -0.1046484596863905E+10      0.1062892692121428E+13     -0.1079780286252374E+16
  0.27600000E+03     -0.1022195594811068E+04      0.1045096282183115E+07     -0.1068727126251913E+10      0.1093114198628808E+13     -0.1118284622257226E+16
  0.27700000E+03     -0.1029371935397905E+04      0.1059819202241682E+07     -0.1091385849409628E+10      0.1124117906157723E+13     -0.1158063477944667E+16
  0.27800000E+03     -0.1036573282378933E+04      0.1074697126851259E+07     -0.1114443782419433E+10      0.1155889129901169E+13     -0.1199112876388430E+16
  0.27900000E+03     -0.1043804504904419E+04      0.1089741126791374E+07     -0.1137921902675791E+10      0.1188465138531712E+13     -0.1241495779426618E+16
  0.28000000E+03     -0.1051070645257768E+04      0.1104962764148606E+07     -0.1161842176573723E+10      0.1221884970210399E+13     -0.1285278165982927E+16
  0.28100000E+03     -0.1058352024361084E+04      0.1120322363796964E+07     -0.1186146985180114E+10      0.1256077931296564E+13     -0.1330384459463298E+16
  0.28200000E+03     -0.1065673276787282E+04      0.1135873044470057E+07     -0.1210924532922835E+10      0.1291177216621353E+13     -0.1377006683090786E+16
  0.28300000E+03     -0.1073028283457337E+04      0.1151603379194397E+07     -0.1236161481540822E+10      0.1327174178346464E+13     -0.1425151406393895E+16
  0.28400000E+03     -0.1080403055853381E+04      0.1167484618168239E+07     -0.1261815945508096E+10      0.1364018489876951E+13     -0.1474768417834954E+16
  0.28500000E+03     -0.1087806011596880E+04      0.1183536161954196E+07     -0.1287923751343057E+10      0.1401771534697120E+13     -0.1525958444208276E+16
  0.28600000E+03     -0.1095249610301310E+04      0.1199786334355984E+07     -0.1314535533298723E+10      0.1440516656788945E+13     -0.1578852993640133E+16
  0.28700000E+03     -0.1102711734861323E+04      0.1216188203708755E+07     -0.1341579113255778E+10      0.1480159165116648E+13     -0.1633341875739906E+16
  0.28800000E+03     -0.1110208042351808E+04      0.1232777192103193E+07     -0.1369117052191199E+10      0.1520800513347729E+13     -0.1689582953917290E+16
  0.28900000E+03     -0.1117744453968903E+04      0.1249568171845780E+07     -0.1397179506737973E+10      0.1562497012249472E+13     -0.1747675653406996E+16
  0.29000000E+03     -0.1125300797541245E+04      0.1266517908927956E+07     -0.1425699643675320E+10      0.1605161225842785E+13     -0.1807519995165111E+16
  0.29100000E+03     -0.1132898106652988E+04      0.1283674805428255E+07     -0.1454763555190068E+10      0.1648932774978573E+13     -0.1869332452160296E+16
  0.29200000E+03     -0.1140508814011955E+04      0.1300977562044954E+07     -0.1484271658773433E+10      0.1693672071521296E+13     -0.1932936179487013E+16
  0.29300000E+03     -0.1148138430278941E+04      0.1318439681216480E+07     -0.1514251276308843E+10      0.1739431041747389E+13     -0.1998425596210020E+16
  0.29400000E+03     -0.1155803700801349E+04      0.1336100597570486E+07     -0.1544774685299153E+10      0.1786331060589676E+13     -0.2065996057891800E+16
  0.29500000E+03     -0.1163501676005470E+04      0.1353955150213793E+07     -0.1575838504450872E+10      0.1834379607577497E+13     -0.2135682599326625E+16
  0.29600000E+03     -0.1171229878629921E+04      0.1371998886447464E+07     -0.1607439957089995E+10      0.1883584281202773E+13     -0.2207519586119064E+16
  0.29700000E+03     -0.1178983606588015E+04      0.1390222529245698E+07     -0.1639568544741280E+10      0.1933941995039802E+13     -0.2281528156756410E+16
  0.29800000E+03     -0.1186772680760469E+04      0.1408650506211146E+07     -0.1672272528416050E+10      0.1985540955465070E+13     -0.2357862900552020E+16
  0.29900000E+03     -0.1194584238041692E+04      0.1427253379713943E+07     -0.1705504265261997E+10      0.2038317720402960E+13     -0.2436453919127042E+16
  0.30000000E+03     -0.1202425152814349E+04      0.1446049062228065E+07     -0.1739301360650558E+10      0.2092345446260862E+13     -0.2517436896442814E+16
  0.30100000E+03     -0.1210301010791363E+04      0.1465052235035168E+07     -0.1773695435646424E+10      0.2147687662523200E+13     -0.2600933452937742E+16
  0.30200000E+03     -0.1218200985487825E+04      0.1484238144074974E+07     -0.1808647094502241E+10      0.2204294391178650E+13     -0.2686895526381701E+16
  0.30300000E+03     -0.1226131890630552E+04      0.1503624719633499E+07     -0.1844194461343864E+10      0.2262240980607315E+13     -0.2775465423613870E+16
  0.30400000E+03     -0.1234088703087470E+04      0.1523201026558795E+07     -0.1880322957690781E+10      0.2321517488091645E+13     -0.2866656561459870E+16
  0.30500000E+03     -0.1242074072051941E+04      0.1542975003936301E+07     -0.1917052872208658E+10      0.2382171392391066E+13     -0.2960571411756568E+16
  0.30600000E+03     -0.1250083607484677E+04      0.1562937220032316E+07     -0.1954372431299913E+10      0.2444197810425197E+13     -0.3057232805069442E+16
  0.30700000E+03     -0.1258114255345266E+04      0.1583080458833854E+07     -0.1992271961003004E+10      0.2507592117871959E+13     -0.3156659345896899E+16
  0.30800000E+03     -0.1266181708894872E+04      0.1603446168801169E+07     -0.2030836470283222E+10      0.2572513440520224E+13     -0.3259135285676774E+16
  0.30900000E+03     -0.1274269142906006E+04      0.1623992936187471E+07     -0.2069992705805706E+10      0.2638852476117351E+13     -0.3364518605068238E+16
  0.31000000E+03     -0.1282401748077610E+04      0.1644786307199446E+07     -0.2109871709609107E+10      0.2706847010427253E+13     -0.3473220650648165E+16
  0.31100000E+03     -0.1290553394344081E+04      0.1665761326041872E+07     -0.2150355674166133E+10      0.2776313199744209E+13     -0.3584983479216860E+16
  0.31200000E+03     -0.1298725621982264E+04      0.1686922686019936E+07     -0.2191458337114572E+10      0.2847288253477607E+13     -0.3699897915631633E+16
  0.31300000E+03     -0.1306916984021738E+04      0.1708267739886553E+07     -0.2233179960393027E+10      0.2919787596232920E+13     -0.3818022305572552E+16
  0.31400000E+03     -0.1315149314979153E+04      0.1729854631521032E+07     -0.2275639932618715E+10      0.2994034394037590E+13     -0.3939755182216906E+16
  0.31500000E+03     -0.1323406960297810E+04      0.1751643920739753E+07     -0.2318767177191141E+10      0.3069921552513784E+13     -0.4064958693745454E+16
  0.31600000E+03     -0.1331687259406278E+04      0.1773630168242679E+07     -0.2362557435848908E+10      0.3147458971717908E+13     -0.4193687669537624E+16
  0.31700000E+03     -0.1339995616862839E+04      0.1795828995698067E+07     -0.2407047790741373E+10      0.3226728960933702E+13     -0.4326116495947253E+16
  0.31800000E+03     -0.1348332627938778E+04      0.1818243132585658E+07     -0.2452249444224367E+10      0.3307767836329672E+13     -0.4462343428837976E+16
  0.31900000E+03     -0.1356698022589932E+04      0.1840873195423737E+07     -0.2498169805872436E+10      0.3390606136188401E+13     -0.4602459225298870E+16
  0.32000000E+03     -0.1365090132859486E+04      0.1863716095297492E+07     -0.2544809016680426E+10      0.3475262025200959E+13     -0.4746535638864111E+16
  0.32100000E+03     -0.1373491269427683E+04      0.1886724733246936E+07     -0.2592076580613824E+10      0.3561587921827075E+13     -0.4894360762613581E+16
  0.32200000E+03     -0.1381946476918645E+04      0.1910024004160599E+07     -0.2640235806282409E+10      0.3650083564372278E+13     -0.5046833857209947E+16
  0.32300000E+03     -0.1390405112043030E+04      0.1933475724695579E+07     -0.2689007500381163E+10      0.3740254340707013E+13     -0.5203145858217666E+16
  0.32400000E+03     -0.1398898077339684E+04      0.1957166831917583E+07     -0.2738578736969941E+10      0.3832464475445815E+13     -0.5363971679640242E+16
  0.32500000E+03     -0.1407452919236613E+04      0.1981175929321641E+07     -0.2789121363880918E+10      0.3927054217615348E+13     -0.5529952626040426E+16
  0.32600000E+03     -0.1415993689699779E+04      0.2005292040986994E+07     -0.2840199523271361E+10      0.4023230289419943E+13     -0.5699748207600934E+16
  0.32700000E+03     -0.1424553059553044E+04      0.2029607198517110E+07     -0.2892011448176689E+10      0.4121379280167310E+13     -0.5874077003582016E+16
  0.32800000E+03     -0.1433141934338236E+04      0.2054153053637116E+07     -0.2944629772681088E+10      0.4221655728795537E+13     -0.6053256234639276E+16
  0.32900000E+03     -0.1441746381757073E+04      0.2078891791444141E+07     -0.2997981560402684E+10      0.4323943432600700E+13     -0.6237132049547461E+16
  0.33000000E+03     -0.1450387856342129E+04      0.2103886071654774E+07     -0.3052207844049564E+10      0.4428531371978731E+13     -0.6426270419920877E+16
  0.33100000E+03     -0.1459037881979948E+04      0.2129054432468633E+07     -0.3107137734718085E+10      0.4535108725254141E+13     -0.6620156768396722E+16
  0.33200000E+03     -0.1467719085811939E+04      0.2154464002869445E+07     -0.3162924434141814E+10      0.4643993238771504E+13     -0.6819420095314971E+16
  0.33300000E+03     -0.1476429257354490E+04      0.2180109911803941E+07     -0.3219564694276764E+10      0.4755200787979006E+13     -0.7024144163710092E+16
  0.33400000E+03     -0.1485141393399109E+04      0.2205913235809120E+07     -0.3276889424985205E+10      0.4868417328745800E+13     -0.7233798063402193E+16
  0.33500000E+03     -0.1493933674286907E+04      0.2232107937904115E+07     -0.3335427795770442E+10      0.4984714509307420E+13     -0.7450430180080034E+16
  0.33600000E+03     -0.1502730166488403E+04      0.2258469431926178E+07     -0.3394685568693720E+10      0.5103133558556094E+13     -0.7672312383540053E+16
  0.33700000E+03     -0.1511548713422864E+04      0.2285053118457042E+07     -0.3454795743553178E+10      0.5223965434433496E+13     -0.7900052483226595E+16
  0.33800000E+03     -0.1520351755343960E+04      0.2311745208724433E+07     -0.3515503848532593E+10      0.5346712516120361E+13     -0.8132754312807454E+16
  0.33900000E+03     -0.1529211064134180E+04      0.2338764652901599E+07     -0.3577315033441534E+10      0.5472419077573398E+13     -0.8372456922783384E+16
  0.34000000E+03     -0.1538090761041149E+04      0.2366003156530144E+07     -0.3639988300078068E+10      0.5600617160486708E+13     -0.8618326366840568E+16
  0.34100000E+03     -0.1546976866317676E+04      0.2393419113059152E+07     -0.3703435002127901E+10      0.5731148422437310E+13     -0.8870119321452507E+16
  0.34200000E+03     -0.1555924323343503E+04      0.2421184756407682E+07     -0.3768064277101136E+10      0.5864885055409328E+13     -0.9129593869032308E+16
  0.34300000E+03     -0.1564876314826673E+04      0.2449124070273007E+07     -0.3833471413959453E+10      0.6001008835824911E+13     -0.9395217094189858E+16
  0.34400000E+03     -0.1573820567927464E+04      0.2477199674363221E+07     -0.3899575325354877E+10      0.6139373234497051E+13     -0.9666763736610588E+16
  0.34500000E+03     -0.1582819960687689E+04      0.2505609686440954E+07     -0.3966848595982204E+10      0.6280989361593621E+13     -0.9946279078943726E+16
  0.34600000E+03     -0.1591827243128917E+04      0.2534207025610029E+07     -0.4034952195613564E+10      0.6425172090019607E+13     -0.1023248516429328E+17
  0.34700000E+03     -0.1600865196721999E+04      0.2563064591650942E+07     -0.4104065527783655E+10      0.6572322895287398E+13     -0.1052624055826665E+17
  0.34800000E+03     -0.1609909723155500E+04      0.2592106427674382E+07     -0.4174013401843532E+10      0.6722092375416670E+13     -0.1082691339924549E+17
  0.34900000E+03     -0.1618976701271667E+04      0.2621384651836771E+07     -0.4244928547762208E+10      0.6874789730006049E+13     -0.1113519385409957E+17
  0.35000000E+03     -0.1628049107186013E+04      0.2650844699182219E+07     -0.4316684213122126E+10      0.7030163203766428E+13     -0.1145063562413980E+17
  0.35100000E+03     -0.1637154864522756E+04      0.2680579964502803E+07     -0.4389519027762276E+10      0.7188763434789062E+13     -0.1177444538123009E+17
  0.35200000E+03     -0.1646298452379005E+04      0.2710605306372134E+07     -0.4463474585200595E+10      0.7350702393720489E+13     -0.1210691599803507E+17
  0.35300000E+03     -0.1655445516761455E+04      0.2740808747323082E+07     -0.4538281655898440E+10      0.7515414890498376E+13     -0.1244695744045531E+17
  0.35400000E+03     -0.1664617986436679E+04      0.2771264464946631E+07     -0.4614132887045650E+10      0.7683354762141011E+13     -0.1279558852840950E+17
  0.35500000E+03     -0.1673781723833669E+04      0.2801859306066800E+07     -0.4690751581099270E+10      0.7853930950690012E+13     -0.1315164830190243E+17
  0.35600000E+03     -0.1682966251189368E+04      0.2832691532298505E+07     -0.4768387675765514E+10      0.8027718774298793E+13     -0.1351639855424003E+17
  0.35700000E+03     -0.1692202690176219E+04      0.2863869242072267E+07     -0.4847327248690431E+10      0.8205400348496234E+13     -0.1389138087908189E+17
  0.35800000E+03     -0.1701454684626323E+04      0.2895269283872027E+07     -0.4927261992246913E+10      0.8386299939078996E+13     -0.1427522946573110E+17
  0.35900000E+03     -0.1710700795758471E+04      0.2926820796488548E+07     -0.5008021132850965E+10      0.8570063654502745E+13     -0.1466728549228082E+17
  0.36000000E+03     -0.1719996232468884E+04      0.2958713836111039E+07     -0.5090100203312345E+10      0.8757850640808170E+13     -0.1507011273022202E+17
  0.36100000E+03     -0.1729285839611163E+04      0.2990758582196509E+07     -0.5173013925282150E+10      0.8948568877042662E+13     -0.1548143099685198E+17
  0.36200000E+03     -0.1738652231998716E+04      0.3023243925305992E+07     -0.5257524768814742E+10      0.9144017865374270E+13     -0.1590524388299360E+17
  0.36300000E+03     -0.1747971728306156E+04      0.3055739380685739E+07     -0.5342513770591403E+10      0.9341623300804186E+13     -0.1633602318580107E+17
  0.36400000E+03     -0.1757298453572368E+04      0.3088434771052621E+07     -0.5428485088838998E+10      0.9542586485510080E+13     -0.1677647561571123E+17
  0.36500000E+03     -0.1766652174498063E+04      0.3121398960582938E+07     -0.5515623576818482E+10      0.9747359820992641E+13     -0.1722766231156679E+17
  0.36600000E+03     -0.1776027135455575E+04      0.3154614995736539E+07     -0.5603898114695013E+10      0.9955913856680104E+13     -0.1768963995557016E+17
  0.36700000E+03     -0.1785434571318449E+04      0.3188121705683258E+07     -0.5693414321382507E+10      0.1016851571827709E+14     -0.1816306550653230E+17
  0.36800000E+03     -0.1794873349643082E+04      0.3221918018836682E+07     -0.5784182173055883E+10      0.1038523129404813E+14     -0.1864820570949852E+17
  0.36900000E+03     -0.1804288681439533E+04      0.3255807807566933E+07     -0.5875680067816275E+10      0.1060483946688522E+14     -0.1914240803631104E+17
  0.37000000E+03     -0.1813749083404404E+04      0.3290039126686970E+07     -0.5968586667393634E+10      0.1082900277500349E+14     -0.1964951696190325E+17
  0.37100000E+03     -0.1823174637517506E+04      0.3324323339756207E+07     -0.6062125162678107E+10      0.1105587515206755E+14     -0.2016544798793730E+17
  0.37200000E+03     -0.1832637366496304E+04      0.3358919731594898E+07     -0.6157000635249474E+10      0.1128717320900646E+14     -0.2069414716860158E+17
  0.37300000E+03     -0.1842109939809778E+04      0.3393731660039661E+07     -0.6252962109351199E+10      0.1152233166968259E+14     -0.2123445704824296E+17
  0.37400000E+03     -0.1851623489432687E+04      0.3428875394232602E+07     -0.6350340295639469E+10      0.1176219842772903E+14     -0.2178844050075046E+17
  0.37500000E+03     -0.1861147794488519E+04      0.3464240021680307E+07     -0.6448835097843529E+10      0.1200606491315876E+14     -0.2235456146798878E+17
  0.37600000E+03     -0.1870730357063992E+04      0.3500003761440282E+07     -0.6548953214388422E+10      0.1225522418153120E+14     -0.2293594106612217E+17
  0.37700000E+03     -0.1880220232483561E+04      0.3535603622399991E+07     -0.6649124754530352E+10      0.1250579749152169E+14     -0.2352362445268584E+17
  0.37800000E+03     -0.1889770700340567E+04      0.3571611146814927E+07     -0.6750953444904701E+10      0.1276179838591436E+14     -0.2412706011590236E+17
  0.37900000E+03     -0.1899362678812351E+04      0.3607960042552940E+07     -0.6854272951503918E+10      0.1302287480830215E+14     -0.2474560461135640E+17
  0.38000000E+03     -0.1908900023085727E+04      0.3644284764469434E+07     -0.6958046127270865E+10      0.1328642421274431E+14     -0.2537316688642671E+17
  0.38100000E+03     -0.1918458612448327E+04      0.3680871751764811E+07     -0.7063089221861659E+10      0.1355452774214612E+14     -0.2601475374105182E+17
  0.38200000E+03     -0.1928054879429292E+04      0.3717786507079925E+07     -0.7169602945860524E+10      0.1382774315724966E+14     -0.2667184035720723E+17
  0.38300000E+03     -0.1937682593952528E+04      0.3755008127126033E+07     -0.7277541074025017E+10      0.1410600149477094E+14     -0.2734441256454139E+17
  0.38400000E+03     -0.1947315677185912E+04      0.3792435412143255E+07     -0.7386614556686071E+10      0.1438858319352577E+14     -0.2803082732698996E+17
  0.38500000E+03     -0.1956950973205351E+04      0.3830057523228138E+07     -0.7496801165265306E+10      0.1467546841621044E+14     -0.2873116096379890E+17
  0.38600000E+03     -0.1966591447242000E+04      0.3867884851171415E+07     -0.7608133260118464E+10      0.1496676050662044E+14     -0.2944574668975039E+17
  0.38700000E+03     -0.1976281520250841E+04      0.3906095792977258E+07     -0.7721153363237852E+10      0.1526393879331340E+14     -0.3017839509243397E+17
  0.38800000E+03     -0.1985941266856527E+04      0.3944373194197168E+07     -0.7834923051148904E+10      0.1556454936812349E+14     -0.3092312577009778E+17
  0.38900000E+03     -0.1995602189427667E+04      0.3982841414076195E+07     -0.7949815891413001E+10      0.1586960383217521E+14     -0.3168254062198637E+17
  0.39000000E+03     -0.2005281346530758E+04      0.4021570304143873E+07     -0.8066051580303722E+10      0.1617972901013919E+14     -0.3245834350910081E+17
  0.39100000E+03     -0.2014899627766474E+04      0.4060241104199472E+07     -0.8182672340701262E+10      0.1649238140522920E+14     -0.3324423858776142E+17
  0.39200000E+03     -0.2024631040965606E+04      0.4099555098387377E+07     -0.8301803517973505E+10      0.1681330146303594E+14     -0.3405479863552689E+17
  0.39300000E+03     -0.2034346834160524E+04      0.4138994630595515E+07     -0.8421889471230914E+10      0.1713834817768106E+14     -0.3487972694395206E+17
  0.39400000E+03     -0.2044047336725246E+04      0.4178560507026803E+07     -0.8542936576569526E+10      0.1746756441230104E+14     -0.3571923532177844E+17
  0.39500000E+03     -0.2053704958893810E+04      0.4218138461590440E+07     -0.8664595311890743E+10      0.1780001432658980E+14     -0.3657101225077692E+17
  0.39600000E+03     -0.2063441630343190E+04      0.4258229934457019E+07     -0.8788417974125210E+10      0.1813998468205734E+14     -0.3744619447644977E+17
  0.39700000E+03     -0.2073092845974514E+04      0.4298156194500115E+07     -0.8912309616175625E+10      0.1848174238552011E+14     -0.3833011106846515E+17
  0.39800000E+03     -0.2082814085130410E+04      0.4338559688895597E+07     -0.9038266790649996E+10      0.1883081817793088E+14     -0.3923716506201712E+17
  0.39900000E+03     -0.2092610468809424E+04      0.4379469443677806E+07     -0.9166409642119869E+10      0.1918764251392177E+14     -0.4016876803593932E+17
  0.40000000E+03     -0.2102352712414713E+04      0.4420341634159732E+07     -0.9295028204010633E+10      0.1954745178290514E+14     -0.4111251973478595E+17
  0.40100000E+03     -0.2112149840557609E+04      0.4461635604991003E+07     -0.9425579562583935E+10      0.1991436993274893E+14     -0.4207940243316512E+17
  0.40200000E+03     -0.2121863232489690E+04      0.4502764635251389E+07     -0.9556206391571110E+10      0.2028318513318367E+14     -0.4305574335602914E+17
  0.40300000E+03     -0.2131596625742737E+04      0.4544168117782960E+07     -0.9688310351725683E+10      0.2065788826563891E+14     -0.4405223824704124E+17
  0.40400000E+03     -0.2141349648831084E+04      0.4585846424527438E+07     -0.9821904426899012E+10      0.2103856541126454E+14     -0.4506928900757092E+17
  0.40500000E+03     -0.2151142350957598E+04      0.4627886897272942E+07     -0.9957279633289871E+10      0.2142609362526209E+14     -0.4610941014281525E+17
  0.40600000E+03     -0.2160870395482560E+04      0.4669839051534902E+07     -0.1009298260838303E+11      0.2181632035415059E+14     -0.4716151964353433E+17
  0.40700000E+03     -0.2170651708112794E+04      0.4712209316798202E+07     -0.1023065013836434E+11      0.2221396424421692E+14     -0.4823841451601665E+17
  0.40800000E+03     -0.2180324320748011E+04      0.4754298633911630E+07     -0.1036802464352327E+11      0.2261256006347617E+14     -0.4932277933203842E+17
  0.40900000E+03     -0.2190193944620118E+04      0.4797439419468887E+07     -0.1050946776404622E+11      0.2302481712436004E+14     -0.5044938158188614E+17
  0.41000000E+03     -0.2199944514968639E+04      0.4840248461469428E+07     -0.1065044440596120E+11      0.2343753296399923E+14     -0.5158222837835286E+17
  0.41100000E+03     -0.2209702698662693E+04      0.4883281840184848E+07     -0.1079279131949967E+11      0.2385611730617177E+14     -0.5273630319265646E+17
  0.41200000E+03     -0.2219390104460514E+04      0.4926191843419195E+07     -0.1093535716283623E+11      0.2427719716852065E+14     -0.5390238560742274E+17
  0.41300000E+03     -0.2229237177080381E+04      0.4970002659707349E+07     -0.1108156195000326E+11      0.2471094173384710E+14     -0.5510887206640878E+17
  0.41400000E+03     -0.2239014998015346E+04      0.5013696454843345E+07     -0.1122801670199226E+11      0.2514733630722891E+14     -0.5632806135124716E+17
  0.41500000E+03     -0.2248714612037526E+04      0.5057230737236393E+07     -0.1137457642016472E+11      0.2558595820050004E+14     -0.5755884632618958E+17
  0.41600000E+03     -0.2258545312355811E+04      0.5101545553749369E+07     -0.1152441348318736E+11      0.2603634070471243E+14     -0.5882813230925078E+17
  0.41700000E+03     -0.2268241201225268E+04      0.5145439739680834E+07     -0.1167346350797388E+11      0.2648627485012147E+14     -0.6010158098929217E+17
  0.41800000E+03     -0.2277963651862412E+04      0.5189641060906158E+07     -0.1182419383662973E+11      0.2694321370969205E+14     -0.6140034827121264E+17
  0.41900000E+03     -0.2287787236298590E+04      0.5234501710761999E+07     -0.1197785598078456E+11      0.2741112134164914E+14     -0.6273623312818905E+17
  0.42000000E+03     -0.2297534333510296E+04      0.5279197859831016E+07     -0.1213159031375278E+11      0.2788119264800116E+14     -0.6408386873155149E+17
  0.42100000E+03     -0.2307287655337765E+04      0.5324111884140112E+07     -0.1228672797434366E+11      0.2835756278213831E+14     -0.6545534274407057E+17
  0.42200000E+03     -0.2317092542760109E+04      0.5369458919799756E+07     -0.1244403962127627E+11      0.2884270011953893E+14     -0.6685810514754199E+17
  0.42300000E+03     -0.2326708745777687E+04      0.5414116726843184E+07     -0.1259959912674903E+11      0.2932441190326136E+14     -0.6825670439628894E+17
  0.42400000E+03     -0.2336455574998076E+04      0.5459573479389078E+07     -0.1275861439466037E+11      0.2981891700974838E+14     -0.6969854756541538E+17
  0.42500000E+03     -0.2346112364737383E+04      0.5504796767520003E+07     -0.1291746791294725E+11      0.3031496425147318E+14     -0.7115087480287099E+17
  0.42600000E+03     -0.2355892963353751E+04      0.5550790803588908E+07     -0.1307970241337724E+11      0.3082368175750384E+14     -0.7264650997927838E+17
  0.42700000E+03     -0.2365561190082668E+04      0.5596443180946137E+07     -0.1324139338315341E+11      0.3133277823330345E+14     -0.7414941010152195E+17
  0.42800000E+03     -0.2375241468055113E+04      0.5642339912607237E+07     -0.1340461626392317E+11      0.3184880452314052E+14     -0.7567901011250789E+17
  0.42900000E+03     -0.2384919255893991E+04      0.5688412404001294E+07     -0.1356913412480619E+11      0.3237105197812971E+14     -0.7723338325198898E+17
  0.43000000E+03     -0.2394571850782926E+04      0.5734553269169927E+07     -0.1373457117244166E+11      0.3289836847445534E+14     -0.7880927087239213E+17
  0.43100000E+03     -0.2404313755929788E+04      0.5781307784621195E+07     -0.1390288079684930E+11      0.3343699312652523E+14     -0.8042541143770141E+17
  0.43200000E+03     -0.2413914018756282E+04      0.5827567270128491E+07     -0.1407007610721034E+11      0.3397419704528630E+14     -0.8204375152664725E+17
  0.43300000E+03     -0.2423642856932787E+04      0.5874637181475955E+07     -0.1424089321256027E+11      0.3452527251035988E+14     -0.8371063899363582E+17
  0.43400000E+03     -0.2433160955297491E+04      0.5920867283964431E+07     -0.1440931763405707E+11      0.3507075018637218E+14     -0.8536703571226083E+17
  0.43500000E+03     -0.2442858525979945E+04      0.5968157785359303E+07     -0.1458229541355753E+11      0.3563321882863405E+14     -0.8708186803342218E+17
  0.43600000E+03     -0.2452490349810204E+04      0.6015316000460104E+07     -0.1475548094633522E+11      0.3619862096938148E+14     -0.8881255540416264E+17
  0.43700000E+03     -0.2462169720905603E+04      0.6062893621102474E+07     -0.1493089479883560E+11      0.3677355339957539E+14     -0.9057934660027154E+17
  0.43800000E+03     -0.2471705516181392E+04      0.6109944915742591E+07     -0.1510503220425355E+11      0.3734648735119902E+14     -0.9234673824248382E+17
  0.43900000E+03     -0.2481235395878715E+04      0.6157150325992861E+07     -0.1528042093887372E+11      0.3792578710285331E+14     -0.9414073012006790E+17
  0.44000000E+03     -0.2490801291612610E+04      0.6204715856719236E+07     -0.1545782545209548E+11      0.3851399216477177E+14     -0.9596928658003466E+17
  0.44100000E+03     -0.2500299535914385E+04      0.6252129280383510E+07     -0.1563535251521687E+11      0.3910489933662751E+14     -0.9781340645207130E+17
  0.44200000E+03     -0.2509934211807305E+04      0.6300404692466186E+07     -0.1581678734056063E+11      0.3971108722608525E+14     -0.9971233905256526E+17
  0.44300000E+03     -0.2519290014302301E+04      0.6347461788822336E+07     -0.1599431858905640E+11      0.4030649740605887E+14     -0.1015846294994440E+18
  0.44400000E+03     -0.2528788442087548E+04      0.6395416817825943E+07     -0.1617592123051896E+11      0.4091786427214359E+14     -0.1035143620200713E+18
  0.44500000E+03     -0.2538419219904172E+04      0.6444220180054302E+07     -0.1636142108915129E+11      0.4154466436946305E+14     -0.1055001364596091E+18
  0.44600000E+03     -0.2547915897230371E+04      0.6492528620054774E+07     -0.1654574411777035E+11      0.4216987679852498E+14     -0.1074884770659534E+18
  0.44700000E+03     -0.2557311108396233E+04      0.6540498692179554E+07     -0.1672945708487741E+11      0.4279533894075563E+14     -0.1094850159299225E+18
  0.44800000E+03     -0.2566769828073896E+04      0.6588970860427232E+07     -0.1691577654233668E+11      0.4343201103817127E+14     -0.1115248226603563E+18
  0.44900000E+03     -0.2576305822871384E+04      0.6638019790559324E+07     -0.1710501009138762E+11      0.4408103085522709E+14     -0.1136118722000063E+18
  0.45000000E+03     -0.2585548960844925E+04      0.6685737269028641E+07     -0.1728978411962855E+11      0.4471708769389260E+14     -0.1156647648402708E+18
  0.45100000E+03     -0.2594962584699252E+04      0.6734511751179580E+07     -0.1747933863436644E+11      0.4537197625068754E+14     -0.1177861338643988E+18
  0.45200000E+03     -0.2604172946915995E+04      0.6782403599965516E+07     -0.1766612807485617E+11      0.4601961829729938E+14     -0.1198915284604223E+18
  0.45300000E+03     -0.2613695004793417E+04      0.6832094052028957E+07     -0.1786062847754323E+11      0.4669641721024483E+14     -0.1220996050847636E+18
  0.45400000E+03     -0.2622987728215926E+04      0.6880762089112779E+07     -0.1805181200600179E+11      0.4736406759723330E+14     -0.1242856721383055E+18
  0.45500000E+03     -0.2632304604898068E+04      0.6929727781555808E+07     -0.1824483950094168E+11      0.4804052170858204E+14     -0.1265083327567725E+18
  0.45600000E+03     -0.2641394891958085E+04      0.6977675433104742E+07     -0.1843453741322618E+11      0.4870771151432116E+14     -0.1287084795047687E+18
  0.45700000E+03     -0.2650721562922729E+04      0.7027038814532328E+07     -0.1863050721555844E+11      0.4939932838121276E+14     -0.1309970163686906E+18
  0.45800000E+03     -0.2659791567487028E+04      0.7075207932915736E+07     -0.1882238985635740E+11      0.5007883648673825E+14     -0.1332531733562570E+18
  0.45900000E+03     -0.2668944085692056E+04      0.7123985964342119E+07     -0.1901738034760794E+11      0.5077177430002483E+14     -0.1355619956344724E+18
  0.46000000E+03     -0.2678170542741469E+04      0.7173325403905327E+07     -0.1921528649475066E+11      0.5147746817156388E+14     -0.1379213281252169E+18
  0.46100000E+03     -0.2687457609689501E+04      0.7223160403767556E+07     -0.1941587029148294E+11      0.5219517801860195E+14     -0.1403291113704105E+18
  0.46200000E+03     -0.2696494331659322E+04      0.7271819074944821E+07     -0.1961239415692560E+11      0.5290078399029433E+14     -0.1427044462540345E+18
  0.46300000E+03     -0.2705376326964530E+04      0.7319801584669597E+07     -0.1980682327557318E+11      0.5360116078546318E+14     -0.1450699194706713E+18
  0.46400000E+03     -0.2714523709240878E+04      0.7369385919908145E+07     -0.2000842647484000E+11      0.5432984903934751E+14     -0.1475393754794607E+18
  0.46500000E+03     -0.2723725756090937E+04      0.7419436112332851E+07     -0.2021261584560085E+11      0.5507039624919108E+14     -0.1500575647315948E+18
  0.46600000E+03     -0.2732611039883324E+04      0.7467922915202193E+07     -0.2041107964413958E+11      0.5579255175624396E+14     -0.1525213087831138E+18
  0.46700000E+03     -0.2741680946080498E+04      0.7517583085419935E+07     -0.2061502755638217E+11      0.5653715023020211E+14     -0.1550701371290944E+18
  0.46800000E+03     -0.2750325993303463E+04      0.7565061103565943E+07     -0.2081060740261280E+11      0.5725337293673032E+14     -0.1575293056041700E+18
  0.46900000E+03     -0.2759373742095685E+04      0.7614920081488296E+07     -0.2101669507865007E+11      0.5801064626294270E+14     -0.1601382753571343E+18
  0.47000000E+03     -0.2768204754799566E+04      0.7663740807916629E+07     -0.2121913842387939E+11      0.5875691368690377E+14     -0.1627175698477261E+18
  0.47100000E+03     -0.2777056063229297E+04      0.7712829721086072E+07     -0.2142334320102745E+11      0.5951207734373377E+14     -0.1653359500895208E+18
  0.47200000E+03     -0.2785955713872033E+04      0.7762342276203686E+07     -0.2162995913203016E+11      0.6027856387829227E+14     -0.1680019570147827E+18
  0.47300000E+03     -0.2794624142864623E+04      0.7810719670437381E+07     -0.2183247079583708E+11      0.6103217843137940E+14     -0.1706314010557758E+18
  0.47400000E+03     -0.2803296092493359E+04      0.7859275233787253E+07     -0.2203639434775367E+11      0.6179353497384461E+14     -0.1732965705971682E+18
  0.47500000E+03     -0.2812241574219283E+04      0.7909512200742027E+07     -0.2224801060125232E+11      0.6258597560269579E+14     -0.1760788472052908E+18
  0.47600000E+03     -0.2820765419862151E+04      0.7957540563963276E+07     -0.2245099677221585E+11      0.6334862993198209E+14     -0.1787654620215545E+18
  0.47700000E+03     -0.2829337096760185E+04      0.8005969413510873E+07     -0.2265623053234709E+11      0.6412181935769357E+14     -0.1814965721511017E+18
  0.47800000E+03     -0.2837975182065206E+04      0.8054927836759860E+07     -0.2286436465611226E+11      0.6490841451029278E+14     -0.1842838169595643E+18
  0.47900000E+03     -0.2846570013795897E+04      0.8103792869938982E+07     -0.2307274902616524E+11      0.6569840957773653E+14     -0.1870918335424215E+18
  0.48000000E+03     -0.2855166800910204E+04      0.8152820551944456E+07     -0.2328247528229874E+11      0.6649595728777628E+14     -0.1899354873213360E+18
  0.48100000E+03     -0.2863707102596476E+04      0.8201659836397266E+07     -0.2349196946933878E+11      0.6729481131394003E+14     -0.1927916266839414E+18
  0.48200000E+03     -0.2872186499824897E+04      0.8250309214873036E+07     -0.2370133024483041E+11      0.6809576099301980E+14     -0.1956645947973411E+18
  0.48300000E+03     -0.2880478095527282E+04      0.8298008963693243E+07     -0.2390715632755839E+11      0.6888530661402027E+14     -0.1985042806667210E+18
  0.48400000E+03     -0.2888990606800497E+04      0.8347126096183998E+07     -0.2411973268187668E+11      0.6970318685724428E+14     -0.2014546816490968E+18
  0.48500000E+03     -0.2897219833013544E+04      0.8394750817418616E+07     -0.2432646691098385E+11      0.7050097027193678E+14     -0.2043411981875224E+18
  0.48600000E+03     -0.2905330061920960E+04      0.8441819399906639E+07     -0.2453136369157013E+11      0.7129389384303908E+14     -0.2072182219896734E+18
  0.48700000E+03     -0.2913669291882716E+04      0.8490354244852945E+07     -0.2474324279482208E+11      0.7211616596519125E+14     -0.2102102091782877E+18
  0.48800000E+03     -0.2921766288559362E+04      0.8537605876826104E+07     -0.2495007437807980E+11      0.7292100725809573E+14     -0.2131466465081574E+18
  0.48900000E+03     -0.2929942003104316E+04      0.8585456761892030E+07     -0.2516014274183160E+11      0.7374083749719644E+14     -0.2161465244255742E+18
  0.49000000E+03     -0.2937842153633013E+04      0.8631816258866690E+07     -0.2536419857537363E+11      0.7453929615698628E+14     -0.2190758843179129E+18
  0.49100000E+03     -0.2945969959444781E+04      0.8679644795340640E+07     -0.2557530793794255E+11      0.7536765916635236E+14     -0.2221234316233485E+18
  0.49200000E+03     -0.2953921912746307E+04      0.8726569557450019E+07     -0.2578300808168176E+11      0.7618492650822520E+14     -0.2251385743763114E+18
  0.49300000E+03     -0.2962131638749387E+04      0.8775148169371953E+07     -0.2599861807287698E+11      0.7703564558323247E+14     -0.2282857481146738E+18
  0.49400000E+03     -0.2969973637587299E+04      0.8821666383553725E+07     -0.2620559737653570E+11      0.7785434524052480E+14     -0.2313220143659648E+18
  0.49500000E+03     -0.2977836553210658E+04      0.8868437636604613E+07     -0.2641427765420689E+11      0.7868205292462609E+14     -0.2344001624071130E+18
  0.49600000E+03     -0.2985276609373932E+04      0.8912815327381732E+07     -0.2661282287739387E+11      0.7947172470555455E+14     -0.2373449229654692E+18
  0.49700000E+03     -0.2993374979672547E+04      0.8961232367505433E+07     -0.2682994603287192E+11      0.8033730530700706E+14     -0.2405803089965796E+18
  0.49800000E+03     -0.3001207254111588E+04      0.9008195313485373E+07     -0.2704116337987553E+11      0.8118179980141839E+14     -0.2437460895549553E+18
  0.49900000E+03     -0.3008556771505636E+04      0.9052370367381494E+07     -0.2724032382157905E+11      0.8198002046281194E+14     -0.2467456698385773E+18
  0.50000000E+03     -0.3016034416992326E+04      0.9097429455932785E+07     -0.2744398436003970E+11      0.8279834296359720E+14     -0.2498285665107178E+18
  0.50100000E+03     -0.3023627985128690E+04      0.9143289997885684E+07     -0.2765173390197909E+11      0.8363497547621191E+14     -0.2529875468507414E+18
  0.50200000E+03     -0.3031428483724637E+04      0.9190526365244063E+07     -0.2786628847214135E+11      0.8450132344967905E+14     -0.2562674726932703E+18
  0.50300000E+03     -0.3038646753160673E+04      0.9234348643399194E+07     -0.2806584440828104E+11      0.8530916903841872E+14     -0.2593337386746813E+18
  0.50400000E+03     -0.3045901387429955E+04      0.9278504539819485E+07     -0.2826743434891003E+11      0.8612733640008992E+14     -0.2624471202154468E+18
  0.50500000E+03     -0.3053322636076349E+04      0.9323781705350293E+07     -0.2847463425377601E+11      0.8697027146539567E+14     -0.2656623846596798E+18
  0.50600000E+03     -0.3060771328363307E+04      0.9369320775567843E+07     -0.2868346569853582E+11      0.8782160824952481E+14     -0.2689164361767247E+18
  0.50700000E+03     -0.3067318454494279E+04      0.9409447629626846E+07     -0.2886793642548105E+11      0.8857550855057195E+14     -0.2718052412545708E+18
  0.50800000E+03     -0.3074772404945017E+04      0.9455241294737015E+07     -0.2907896019378996E+11      0.8943997986842569E+14     -0.2751256137500632E+18
  0.50900000E+03     -0.3081925862729128E+04      0.9499282511324506E+07     -0.2928234145076191E+11      0.9027492325978950E+14     -0.2783394323466850E+18
  0.51000000E+03     -0.3089029754878085E+04      0.9543134487067698E+07     -0.2948538556786153E+11      0.9111069228831752E+14     -0.2815649580974220E+18
