  0.00000000E+00     -0.4128204987696328E+01
  0.10000000E+01     -0.4138960273822238E+01
  0.20000000E+01     -0.4805027285198753E+01
  0.30000000E+01     -0.5838673466761324E+01
  0.40000000E+01     -0.7121860368969189E+01
  0.50000000E+01     -0.8589931189862135E+01
  0.60000000E+01     -0.1020195794311848E+02
  0.70000000E+01     -0.1192966187677577E+02
  0.80000000E+01     -0.1375222350323884E+02
  0.90000000E+01     -0.1565373502985137E+02
  0.10000000E+02     -0.1762156583810699E+02
  0.11000000E+02     -0.1964539708042223E+02
  0.12000000E+02     -0.2171654754839821E+02
  0.13000000E+02     -0.2382796903908564E+02
  0.14000000E+02     -0.2597337452421828E+02
  0.15000000E+02     -0.2814731315089424E+02
  0.16000000E+02     -0.3034466428518365E+02
  0.17000000E+02     -0.3256131092377284E+02
  0.18000000E+02     -0.3479322893345594E+02
  0.19000000E+02     -0.3703674739582367E+02
  0.20000000E+02     -0.3928825392303330E+02
  0.21000000E+02     -0.4154447626812770E+02
  0.22000000E+02     -0.4380235088731327E+02
  0.23000000E+02     -0.4605904105443494E+02
  0.24000000E+02     -0.4831127116178141E+02
  0.25000000E+02     -0.5055637738889369E+02
  0.26000000E+02     -0.5279114468582051E+02
  0.27000000E+02     -0.5501255621892386E+02
  0.28000000E+02     -0.5721761296709239E+02
  0.29000000E+02     -0.5940365874261384E+02
  0.30000000E+02     -0.6156785454678922E+02
  0.31000000E+02     -0.6370777197544983E+02
  0.32000000E+02     -0.6582164579053237E+02
  0.33000000E+02     -0.6790710728501678E+02
  0.34000000E+02     -0.6996360440336342E+02
  0.35000000E+02     -0.7199025272051399E+02
  0.36000000E+02     -0.7398677521323530E+02
  0.37000000E+02     -0.7595350597437606E+02
  0.38000000E+02     -0.7789088115587391E+02
  0.39000000E+02     -0.7980028999275167E+02
  0.40000000E+02     -0.8168262199915655E+02
  0.41000000E+02     -0.8353960749635213E+02
  0.42000000E+02     -0.8537207893016679E+02
  0.43000000E+02     -0.8718093753845939E+02
  0.44000000E+02     -0.8896758203760432E+02
  0.45000000E+02     -0.9073336857585987E+02
  0.46000000E+02     -0.9247893958883115E+02
  0.47000000E+02     -0.9420514342323484E+02
  0.48000000E+02     -0.9591302072475442E+02
  0.49000000E+02     -0.9760297179989712E+02
  0.50000000E+02     -0.9927588923656327E+02
  0.51000000E+02     -0.1009315948678841E+03
  0.52000000E+02     -0.1025710776227827E+03
  0.53000000E+02     -0.1041950066275533E+03
  0.54000000E+02     -0.1058031408115383E+03
  0.55000000E+02     -0.1073958175705618E+03
  0.56000000E+02     -0.1089734718144744E+03
  0.57000000E+02     -0.1105361965537673E+03
  0.58000000E+02     -0.1120841843268879E+03
  0.59000000E+02     -0.1136171687902226E+03
  0.60000000E+02     -0.1151353226195029E+03
  0.61000000E+02     -0.1166384692237517E+03
  0.62000000E+02     -0.1181270753095780E+03
  0.63000000E+02     -0.1196012551086580E+03
  0.64000000E+02     -0.1210605163357474E+03
  0.65000000E+02     -0.1225043994874647E+03
  0.66000000E+02     -0.1239334303327964E+03
  0.67000000E+02     -0.1253464257519441E+03
  0.68000000E+02     -0.1267445375921785E+03
  0.69000000E+02     -0.1281271590721075E+03
  0.70000000E+02     -0.1294941967163633E+03
  0.71000000E+02     -0.1308444584427393E+03
  0.72000000E+02     -0.1321791586004765E+03
  0.73000000E+02     -0.1334978577740579E+03
  0.74000000E+02     -0.1348006646518709E+03
  0.75000000E+02     -0.1360874434633684E+03
  0.76000000E+02     -0.1373584996686219E+03
  0.77000000E+02     -0.1386146343442068E+03
  0.78000000E+02     -0.1398549853331137E+03
  0.79000000E+02     -0.1410806589170001E+03
  0.80000000E+02     -0.1422914973263604E+03
  0.81000000E+02     -0.1434883685378220E+03
  0.82000000E+02     -0.1446704477973655E+03
  0.83000000E+02     -0.1458386696400112E+03
  0.84000000E+02     -0.1469940533792230E+03
  0.85000000E+02     -0.1481365534623332E+03
  0.86000000E+02     -0.1492663961423403E+03
  0.87000000E+02     -0.1503841518274355E+03
  0.88000000E+02     -0.1514900260859222E+03
  0.89000000E+02     -0.1525841671318990E+03
  0.90000000E+02     -0.1536673121063158E+03
  0.91000000E+02     -0.1547398561201208E+03
  0.92000000E+02     -0.1558014048362025E+03
  0.93000000E+02     -0.1568529222796124E+03
  0.94000000E+02     -0.1578947965025941E+03
  0.95000000E+02     -0.1589266261915926E+03
  0.96000000E+02     -0.1599490348256805E+03
  0.97000000E+02     -0.1609615441540663E+03
  0.98000000E+02     -0.1619649452485136E+03
  0.99000000E+02     -0.1629587744170163E+03
  0.10000000E+03     -0.1639437747128579E+03
  0.10100000E+03     -0.1649199368684441E+03
  0.10200000E+03     -0.1658872602972020E+03
  0.10300000E+03     -0.1668457034658676E+03
  0.10400000E+03     -0.1677954896476308E+03
  0.10500000E+03     -0.1687365996431767E+03
  0.10600000E+03     -0.1696688280085760E+03
  0.10700000E+03     -0.1705924789885958E+03
  0.10800000E+03     -0.1715073877850611E+03
  0.10900000E+03     -0.1724135765779876E+03
  0.11000000E+03     -0.1733110496070154E+03
  0.11100000E+03     -0.1741994130513859E+03
  0.11200000E+03     -0.1750790476406851E+03
  0.11300000E+03     -0.1759492088406136E+03
  0.11400000E+03     -0.1768098311843833E+03
  0.11500000E+03     -0.1776611537183070E+03
  0.11600000E+03     -0.1785027375147043E+03
  0.11700000E+03     -0.1793342937562333E+03
  0.11800000E+03     -0.1801556552512162E+03
  0.11900000E+03     -0.1809671095284548E+03
  0.12000000E+03     -0.1817674212908858E+03
  0.12100000E+03     -0.1825568122131084E+03
  0.12200000E+03     -0.1833348668012924E+03
  0.12300000E+03     -0.1841004956393844E+03
  0.12400000E+03     -0.1848544688566021E+03
  0.12500000E+03     -0.1855959646522579E+03
  0.12600000E+03     -0.1863241597467480E+03
  0.12700000E+03     -0.1870390629860966E+03
  0.12800000E+03     -0.1877400922144495E+03
  0.12900000E+03     -0.1884269736622324E+03
  0.13000000E+03     -0.1890986281482800E+03
  0.13100000E+03     -0.1897558496683736E+03
  0.13200000E+03     -0.1903971119043388E+03
  0.13300000E+03     -0.1910225416454730E+03
  0.13400000E+03     -0.1916322858362546E+03
  0.13500000E+03     -0.1922247746594154E+03
  0.13600000E+03     -0.1928001675898093E+03
  0.13700000E+03     -0.1933575806869959E+03
  0.13800000E+03     -0.1938970288511551E+03
  0.13900000E+03     -0.1944175013563521E+03
  0.14000000E+03     -0.1949193609615753E+03
  0.14100000E+03     -0.1954022129348868E+03
  0.14200000E+03     -0.1958657696106753E+03
  0.14300000E+03     -0.1963097113433389E+03
  0.14400000E+03     -0.1967344560179939E+03
  0.14500000E+03     -0.1971404941167899E+03
  0.14600000E+03     -0.1975274724139903E+03
  0.14700000E+03     -0.1978961428717523E+03
  0.14800000E+03     -0.1982473447869799E+03
  0.14900000E+03     -0.1985819171598216E+03
  0.15000000E+03     -0.1989004758598163E+03
  0.15100000E+03     -0.1992036632970333E+03
  0.15200000E+03     -0.1994929562334976E+03
  0.15300000E+03     -0.1997691588530422E+03
  0.15400000E+03     -0.2000329298889619E+03
  0.15500000E+03     -0.2002852494445546E+03
  0.15600000E+03     -0.2005268310930406E+03
  0.15700000E+03     -0.2007583981908044E+03
  0.15800000E+03     -0.2009808994537189E+03
  0.15900000E+03     -0.2011948603291181E+03
  0.16000000E+03     -0.2014008266586745E+03
  0.16100000E+03     -0.2015992490631933E+03
  0.16200000E+03     -0.2017904076131233E+03
  0.16300000E+03     -0.2019748683023794E+03
  0.16400000E+03     -0.2021526757984846E+03
  0.16500000E+03     -0.2023248766056716E+03
  0.16600000E+03     -0.2024911002056130E+03
  0.16700000E+03     -0.2026519478119877E+03
  0.16800000E+03     -0.2028072965115816E+03
  0.16900000E+03     -0.2029578466582559E+03
  0.17000000E+03     -0.2031028476779788E+03
  0.17100000E+03     -0.2032434549744723E+03
  0.17200000E+03     -0.2033792497996478E+03
  0.17300000E+03     -0.2035107613257291E+03
  0.17400000E+03     -0.2036376107028606E+03
  0.17500000E+03     -0.2037601963732895E+03
  0.17600000E+03     -0.2038787733080789E+03
  0.17700000E+03     -0.2039934238319302E+03
  0.17800000E+03     -0.2041040941381363E+03
  0.17900000E+03     -0.2042109716829496E+03
  0.18000000E+03     -0.2043137137864098E+03
  0.18100000E+03     -0.2044131866830267E+03
  0.18200000E+03     -0.2045091586895070E+03
  0.18300000E+03     -0.2046012587229825E+03
  0.18400000E+03     -0.2046899366290120E+03
  0.18500000E+03     -0.2047754063574149E+03
  0.18600000E+03     -0.2048575778089695E+03
  0.18700000E+03     -0.2049364697902117E+03
  0.18800000E+03     -0.2050117934872118E+03
  0.18900000E+03     -0.2050839472734704E+03
  0.19000000E+03     -0.2051530338575332E+03
  0.19100000E+03     -0.2052187430873818E+03
  0.19200000E+03     -0.2052813601663779E+03
  0.19300000E+03     -0.2053410579868032E+03
  0.19400000E+03     -0.2053981290573086E+03
  0.19500000E+03     -0.2054517473366665E+03
  0.19600000E+03     -0.2055024847917214E+03
  0.19700000E+03     -0.2055500566937673E+03
  0.19800000E+03     -0.2055949362587221E+03
  0.19900000E+03     -0.2056372690996063E+03
  0.20000000E+03     -0.2056763469067855E+03
  0.20100000E+03     -0.2057121849857583E+03
  0.20200000E+03     -0.2057450764231963E+03
  0.20300000E+03     -0.2057753871417134E+03
  0.20400000E+03     -0.2058024473986991E+03
  0.20500000E+03     -0.2058268263131564E+03
  0.20600000E+03     -0.2058480453862587E+03
  0.20700000E+03     -0.2058669152196584E+03
  0.20800000E+03     -0.2058826629823198E+03
  0.20900000E+03     -0.2058954864349719E+03
  0.21000000E+03     -0.2059055483222380E+03
  0.21100000E+03     -0.2059119861324191E+03
  0.21200000E+03     -0.2059161374208700E+03
  0.21300000E+03     -0.2059167299346623E+03
  0.21400000E+03     -0.2059147035221165E+03
  0.21500000E+03     -0.2059094182261808E+03
  0.21600000E+03     -0.2059013871447324E+03
  0.21700000E+03     -0.2058897336010056E+03
  0.21800000E+03     -0.2058746492474953E+03
  0.21900000E+03     -0.2058568015049432E+03
  0.22000000E+03     -0.2058355140287009E+03
  0.22100000E+03     -0.2058109435088489E+03
  0.22200000E+03     -0.2057834260152464E+03
  0.22300000E+03     -0.2057529647425189E+03
  0.22400000E+03     -0.2057193447709045E+03
  0.22500000E+03     -0.2056807773992848E+03
  0.22600000E+03     -0.2056386774559717E+03
  0.22700000E+03     -0.2055924409319694E+03
  0.22800000E+03     -0.2055410859881629E+03
  0.22900000E+03     -0.2054850981195348E+03
  0.23000000E+03     -0.2054244764746361E+03
  0.23100000E+03     -0.2053602775863383E+03
  0.23200000E+03     -0.2052911620940265E+03
  0.23300000E+03     -0.2052164517988802E+03
  0.23400000E+03     -0.2051364381120594E+03
  0.23500000E+03     -0.2050495779025818E+03
  0.23600000E+03     -0.2049568303166930E+03
  0.23700000E+03     -0.2048563068575875E+03
  0.23800000E+03     -0.2047478999280070E+03
  0.23900000E+03     -0.2046317150472131E+03
  0.24000000E+03     -0.2045062451944895E+03
  0.24100000E+03     -0.2043713091755366E+03
  0.24200000E+03     -0.2042244619923297E+03
  0.24300000E+03     -0.2040666333580208E+03
  0.24400000E+03     -0.2038956331912327E+03
  0.24500000E+03     -0.2037103789341877E+03
  0.24600000E+03     -0.2035103924463513E+03
  0.24700000E+03     -0.2032932074871249E+03
  0.24800000E+03     -0.2030580857221550E+03
  0.24900000E+03     -0.2028034642546223E+03
  0.25000000E+03     -0.2025314484710607E+03
  0.25100000E+03     -0.2022387664780464E+03
  0.25200000E+03     -0.2019262453011741E+03
  0.25300000E+03     -0.2015915081226327E+03
  0.25400000E+03     -0.2012353164760021E+03
  0.25500000E+03     -0.2008597014817721E+03
  0.25600000E+03     -0.2004633119321522E+03
  0.25700000E+03     -0.2000478103883670E+03
  0.25800000E+03     -0.1996135207773870E+03
  0.25900000E+03     -0.1991591519727681E+03
  0.26000000E+03     -0.1986881342206139E+03
  0.26100000E+03     -0.1981987328500293E+03
  0.26200000E+03     -0.1976933716338668E+03
  0.26300000E+03     -0.1971714515185134E+03
  0.26400000E+03     -0.1966322846696122E+03
  0.26500000E+03     -0.1960792256953198E+03
  0.26600000E+03     -0.1955125130315434E+03
  0.26700000E+03     -0.1949311433323335E+03
  0.26800000E+03     -0.1943380653388602E+03
  0.26900000E+03     -0.1937327093869835E+03
  0.27000000E+03     -0.1931136554584275E+03
  0.27100000E+03     -0.1924840275749289E+03
  0.27200000E+03     -0.1918426273865108E+03
  0.27300000E+03     -0.1911906953058079E+03
  0.27400000E+03     -0.1905287004280387E+03
  0.27500000E+03     -0.1898558627428773E+03
  0.27600000E+03     -0.1891712955864299E+03
  0.27700000E+03     -0.1884790903600202E+03
  0.27800000E+03     -0.1877762368773728E+03
  0.27900000E+03     -0.1870644871015027E+03
  0.28000000E+03     -0.1863438585015113E+03
  0.28100000E+03     -0.1856149331443171E+03
  0.28200000E+03     -0.1848756313219421E+03
  0.28300000E+03     -0.1841280018956035E+03
  0.28400000E+03     -0.1833713831558326E+03
  0.28500000E+03     -0.1826074343393712E+03
  0.28600000E+03     -0.1818341067912877E+03
  0.28700000E+03     -0.1810528233914268E+03
  0.28800000E+03     -0.1802634296579898E+03
  0.28900000E+03     -0.1794645605117608E+03
  0.29000000E+03     -0.1786574617023296E+03
  0.29100000E+03     -0.1778414444559565E+03
  0.29200000E+03     -0.1770163769335525E+03
  0.29300000E+03     -0.1761825979725018E+03
  0.29400000E+03     -0.1753392719567530E+03
  0.29500000E+03     -0.1744865973919975E+03
  0.29600000E+03     -0.1736224791798043E+03
  0.29700000E+03     -0.1727492863259740E+03
  0.29800000E+03     -0.1718672668036867E+03
  0.29900000E+03     -0.1709782092862335E+03
  0.30000000E+03     -0.1700764581460895E+03
  0.30100000E+03     -0.1691644281803742E+03
  0.30200000E+03     -0.1682402669726399E+03
  0.30300000E+03     -0.1673043117755314E+03
  0.30400000E+03     -0.1663568470769487E+03
  0.30500000E+03     -0.1653967582218380E+03
  0.30600000E+03     -0.1644244512660684E+03
  0.30700000E+03     -0.1634394291626106E+03
  0.30800000E+03     -0.1624397848675696E+03
  0.30900000E+03     -0.1614289382864251E+03
  0.31000000E+03     -0.1604053115506844E+03
  0.31100000E+03     -0.1593678685836225E+03
  0.31200000E+03     -0.1583150120658906E+03
  0.31300000E+03     -0.1572471614957050E+03
  0.31400000E+03     -0.1561667852786511E+03
  0.31500000E+03     -0.1550674338397330E+03
  0.31600000E+03     -0.1539541843994789E+03
  0.31700000E+03     -0.1528275548221414E+03
  0.31800000E+03     -0.1516848601155975E+03
  0.31900000E+03     -0.1505252262679855E+03
  0.32000000E+03     -0.1493547525219953E+03
  0.32100000E+03     -0.1481664373271044E+03
  0.32200000E+03     -0.1469647918808655E+03
  0.32300000E+03     -0.1457481239646399E+03
  0.32400000E+03     -0.1445152258084085E+03
  0.32500000E+03     -0.1432681986498877E+03
  0.32600000E+03     -0.1420034371033796E+03
  0.32700000E+03     -0.1407258801771172E+03
  0.32800000E+03     -0.1394325705601811E+03
  0.32900000E+03     -0.1381253345814538E+03
  0.33000000E+03     -0.1368021423864029E+03
  0.33100000E+03     -0.1354624210550665E+03
  0.33200000E+03     -0.1341062550108504E+03
  0.33300000E+03     -0.1327304615877185E+03
  0.33400000E+03     -0.1313397895014309E+03
  0.33500000E+03     -0.1299272650003329E+03
  0.33600000E+03     -0.1284952211990482E+03
  0.33700000E+03     -0.1270425619488907E+03
  0.33800000E+03     -0.1255640465474720E+03
  0.33900000E+03     -0.1240643201333039E+03
  0.34000000E+03     -0.1225382363009927E+03
  0.34100000E+03     -0.1209867713018602E+03
  0.34200000E+03     -0.1194130966930942E+03
  0.34300000E+03     -0.1178141082125216E+03
  0.34400000E+03     -0.1161879523817092E+03
  0.34500000E+03     -0.1145358866844026E+03
  0.34600000E+03     -0.1128580408973439E+03
  0.34700000E+03     -0.1111614210902001E+03
  0.34800000E+03     -0.1094459184970695E+03
  0.34900000E+03     -0.1077109143523602E+03
  0.35000000E+03     -0.1059636741463336E+03
  0.35100000E+03     -0.1042051986974861E+03
  0.35200000E+03     -0.1024345136246737E+03
  0.35300000E+03     -0.1006565957395348E+03
  0.35400000E+03     -0.9887446699332325E+02
  0.35500000E+03     -0.9708376164096896E+02
  0.35600000E+03     -0.9528912463665665E+02
  0.35700000E+03     -0.9348994653534812E+02
  0.35800000E+03     -0.9168754053797150E+02
  0.35900000E+03     -0.8988984690072584E+02
  0.36000000E+03     -0.8809078571970079E+02
  0.36100000E+03     -0.8628966977143385E+02
  0.36200000E+03     -0.8449422854149758E+02
  0.36300000E+03     -0.8269681258235764E+02
  0.36400000E+03     -0.8090513262340907E+02
  0.36500000E+03     -0.7912044995766516E+02
  0.36600000E+03     -0.7733781127344740E+02
  0.36700000E+03     -0.7556071040221153E+02
  0.36800000E+03     -0.7379119117758346E+02
  0.36900000E+03     -0.7202578618949813E+02
  0.37000000E+03     -0.7027149609057294E+02
  0.37100000E+03     -0.6852277124316107E+02
  0.37200000E+03     -0.6678520102846842E+02
  0.37300000E+03     -0.6505799918272213E+02
  0.37400000E+03     -0.6334170104116700E+02
  0.37500000E+03     -0.6163449996480880E+02
  0.37600000E+03     -0.5993572587988587E+02
  0.37700000E+03     -0.5825375370048040E+02
  0.37800000E+03     -0.5657724992249727E+02
  0.37900000E+03     -0.5491648189059481E+02
  0.38000000E+03     -0.5327241441968027E+02
  0.38100000E+03     -0.5164666093394062E+02
  0.38200000E+03     -0.5003009528294416E+02
  0.38300000E+03     -0.4842598136594147E+02
  0.38400000E+03     -0.4684383586337022E+02
  0.38500000E+03     -0.4527985762607612E+02
  0.38600000E+03     -0.4372610774568214E+02
  0.38700000E+03     -0.4219815164862908E+02
  0.38800000E+03     -0.4068719725303362E+02
  0.38900000E+03     -0.3919174654834164E+02
  0.39000000E+03     -0.3771883343990932E+02
  0.39100000E+03     -0.3627493261278224E+02
  0.39200000E+03     -0.3483937374911241E+02
  0.39300000E+03     -0.3343064169864110E+02
  0.39400000E+03     -0.3204385400341613E+02
  0.39500000E+03     -0.3067656017834691E+02
  0.39600000E+03     -0.2933551999892510E+02
  0.39700000E+03     -0.2801989954902430E+02
  0.39800000E+03     -0.2672117464410196E+02
  0.39900000E+03     -0.2545021172278463E+02
  0.40000000E+03     -0.2420690988260533E+02
  0.40100000E+03     -0.2299849828462090E+02
  0.40200000E+03     -0.2181082234657923E+02
  0.40300000E+03     -0.2065501157695079E+02
  0.40400000E+03     -0.1952622108597185E+02
  0.40500000E+03     -0.1842429444771990E+02
  0.40600000E+03     -0.1735344052993761E+02
  0.40700000E+03     -0.1631653238815502E+02
  0.40800000E+03     -0.1531300024616294E+02
  0.40900000E+03     -0.1433247979787731E+02
  0.41000000E+03     -0.1338115373386040E+02
  0.41100000E+03     -0.1247421733406426E+02
  0.41200000E+03     -0.1158783839613386E+02
  0.41300000E+03     -0.1075569532842533E+02
  0.41400000E+03     -0.9954351136175335E+01
  0.41500000E+03     -0.9194423269704805E+01
  0.41600000E+03     -0.8467910452569276E+01
  0.41700000E+03     -0.7782965747429198E+01
  0.41800000E+03     -0.7140951716126029E+01
  0.41900000E+03     -0.6527145099337474E+01
  0.42000000E+03     -0.5944466814062750E+01
  0.42100000E+03     -0.5407866930248016E+01
  0.42200000E+03     -0.4918977087194410E+01
  0.42300000E+03     -0.4466612591903614E+01
  0.42400000E+03     -0.4061283926162158E+01
  0.42500000E+03     -0.3695207004631583E+01
  0.42600000E+03     -0.3383416141363981E+01
  0.42700000E+03     -0.3118105983879925E+01
  0.42800000E+03     -0.2887870673605569E+01
  0.42900000E+03     -0.2715502024294266E+01
  0.43000000E+03     -0.2576730168637634E+01
  0.43100000E+03     -0.2502072509628437E+01
  0.43200000E+03     -0.2461143493705865E+01
  0.43300000E+03     -0.2469800936492500E+01
  0.43400000E+03     -0.2545392102291948E+01
  0.43500000E+03     -0.2663349969500494E+01
  0.43600000E+03     -0.2828599243473465E+01
  0.43700000E+03     -0.3054131321020106E+01
  0.43800000E+03     -0.3334848286915259E+01
  0.43900000E+03     -0.3678347092327291E+01
  0.44000000E+03     -0.4075298168023240E+01
  0.44100000E+03     -0.4530853611182499E+01
  0.44200000E+03     -0.5044396191497880E+01
  0.44300000E+03     -0.5617068750260438E+01
  0.44400000E+03     -0.6248698688449293E+01
  0.44500000E+03     -0.6931804177803707E+01
  0.44600000E+03     -0.7668010271227141E+01
  0.44700000E+03     -0.8477374060411316E+01
  0.44800000E+03     -0.9365188751423338E+01
  0.44900000E+03     -0.1028607179518729E+02
  0.45000000E+03     -0.1128959181600402E+02
  0.45100000E+03     -0.1237589284999106E+02
  0.45200000E+03     -0.1351337580630333E+02
  0.45300000E+03     -0.1470788532263108E+02
  0.45400000E+03     -0.1598136858107024E+02
  0.45500000E+03     -0.1730923679339773E+02
  0.45600000E+03     -0.1870225670640844E+02
  0.45700000E+03     -0.2018801951058305E+02
  0.45800000E+03     -0.2174761246234290E+02
  0.45900000E+03     -0.2335531593440177E+02
  0.46000000E+03     -0.2506116332808962E+02
  0.46100000E+03     -0.2683084901788460E+02
  0.46200000E+03     -0.2867945736329784E+02
  0.46300000E+03     -0.3058367831799513E+02
  0.46400000E+03     -0.3259380980025460E+02
  0.46500000E+03     -0.3469126982479699E+02
  0.46600000E+03     -0.3683865832415080E+02
  0.46700000E+03     -0.3907825099815236E+02
  0.46800000E+03     -0.4141275465543787E+02
  0.46900000E+03     -0.4381387860247712E+02
  0.47000000E+03     -0.4629058893056853E+02
  0.47100000E+03     -0.4887954835493996E+02
  0.47200000E+03     -0.5151171144501414E+02
  0.47300000E+03     -0.5425117250939054E+02
  0.47400000E+03     -0.5710375900087571E+02
  0.47500000E+03     -0.6002013979985578E+02
  0.47600000E+03     -0.6302059291196527E+02
  0.47700000E+03     -0.6613097246165195E+02
  0.47800000E+03     -0.6935267992576341E+02
  0.47900000E+03     -0.7264465663494749E+02
  0.48000000E+03     -0.7601799720830445E+02
  0.48100000E+03     -0.7949307365631098E+02
  0.48200000E+03     -0.8308044191926170E+02
  0.48300000E+03     -0.8649153375294198E+02
  0.48400000E+03     -0.9026670124821895E+02
  0.48500000E+03     -0.9411953474107899E+02
  0.48600000E+03     -0.9806926477532393E+02
  0.48700000E+03     -0.1021504204834819E+03
  0.48800000E+03     -0.1063379865085511E+03
  0.48900000E+03     -0.1087671296642923E+03
  0.49000000E+03     -0.1082493254095963E+03
  0.49100000E+03     -0.1076558242494188E+03
  0.49200000E+03     -0.1070642941152830E+03
  0.49300000E+03     -0.1090872280561592E+03
  0.49400000E+03     -0.1139275826308551E+03
  0.49500000E+03     -0.1166427153179067E+03
  0.49600000E+03     -0.1174858199629812E+03
  0.49700000E+03     -0.1185572008865723E+03
  0.49800000E+03     -0.1193671729017472E+03
  0.49900000E+03     -0.1220114768725069E+03
  0.50000000E+03     -0.1245775014949093E+03
  0.50100000E+03     -0.1282026903533582E+03
  0.50200000E+03     -0.1299202170800721E+03
  0.50300000E+03     -0.1324534921482845E+03
  0.50400000E+03     -0.1345604748145528E+03
  0.50500000E+03     -0.1365299821837100E+03
  0.50600000E+03     -0.1382520819535378E+03
  0.50700000E+03     -0.1407109813846575E+03
  0.50800000E+03     -0.1428096558511867E+03
  0.50900000E+03     -0.1447689997022530E+03
  0.51000000E+03     -0.1463703991702586E+03
