  0.00000000E+00     -0.4119671921783808E+01
  0.10000000E+01     -0.4130297907526969E+01
  0.20000000E+01     -0.4796394584613870E+01
  0.30000000E+01     -0.5830064391347789E+01
  0.40000000E+01     -0.7113370922421728E+01
  0.50000000E+01     -0.8581432109316383E+01
  0.60000000E+01     -0.1019332421664367E+02
  0.70000000E+01     -0.1192099741140683E+02
  0.80000000E+01     -0.1374354745444007E+02
  0.90000000E+01     -0.1564500566691954E+02
  0.10000000E+02     -0.1761287723746910E+02
  0.11000000E+02     -0.1963669894464894E+02
  0.12000000E+02     -0.2170784893932036E+02
  0.13000000E+02     -0.2381927282014472E+02
  0.14000000E+02     -0.2596456756900194E+02
  0.15000000E+02     -0.2813842062604336E+02
  0.16000000E+02     -0.3033583125376892E+02
  0.17000000E+02     -0.3255216293269938E+02
  0.18000000E+02     -0.3478413964723741E+02
  0.19000000E+02     -0.3702772616385562E+02
  0.20000000E+02     -0.3927950149697740E+02
  0.21000000E+02     -0.4153611514503922E+02
  0.22000000E+02     -0.4379452060689034E+02
  0.23000000E+02     -0.4605106402314841E+02
  0.24000000E+02     -0.4830345008526538E+02
  0.25000000E+02     -0.5054862278790526E+02
  0.26000000E+02     -0.5278342632382385E+02
  0.27000000E+02     -0.5500491883941241E+02
  0.28000000E+02     -0.5721027628159993E+02
  0.29000000E+02     -0.5939684971871586E+02
  0.30000000E+02     -0.6156185881687364E+02
  0.31000000E+02     -0.6370250019628433E+02
  0.32000000E+02     -0.6581664862878583E+02
  0.33000000E+02     -0.6790275377879209E+02
  0.34000000E+02     -0.6996004385780253E+02
  0.35000000E+02     -0.7198731001672618E+02
  0.36000000E+02     -0.7398429957834509E+02
  0.37000000E+02     -0.7595161096906436E+02
  0.38000000E+02     -0.7789000816094673E+02
  0.39000000E+02     -0.7979992077910758E+02
  0.40000000E+02     -0.8168297549079929E+02
  0.41000000E+02     -0.8353991259500722E+02
  0.42000000E+02     -0.8537283053763758E+02
  0.43000000E+02     -0.8718225976843794E+02
  0.44000000E+02     -0.8896950877491990E+02
  0.45000000E+02     -0.9073558256956753E+02
  0.46000000E+02     -0.9248135344719803E+02
  0.47000000E+02     -0.9420803117930629E+02
  0.48000000E+02     -0.9591555970947755E+02
  0.49000000E+02     -0.9760588400768393E+02
  0.50000000E+02     -0.9927900226533301E+02
  0.51000000E+02     -0.1009351557366345E+03
  0.52000000E+02     -0.1025751253129252E+03
  0.53000000E+02     -0.1041993260965832E+03
  0.54000000E+02     -0.1058074808512914E+03
  0.55000000E+02     -0.1074006838530269E+03
  0.56000000E+02     -0.1089787269636859E+03
  0.57000000E+02     -0.1105415882194548E+03
  0.58000000E+02     -0.1120890048389899E+03
  0.59000000E+02     -0.1136221419548352E+03
  0.60000000E+02     -0.1151406886139193E+03
  0.61000000E+02     -0.1166446013399395E+03
  0.62000000E+02     -0.1181334925549151E+03
  0.63000000E+02     -0.1196075303031871E+03
  0.64000000E+02     -0.1210666504153622E+03
  0.65000000E+02     -0.1225111504821545E+03
  0.66000000E+02     -0.1239403915178101E+03
  0.67000000E+02     -0.1253542081411895E+03
  0.68000000E+02     -0.1267520745973894E+03
  0.69000000E+02     -0.1281348844375434E+03
  0.70000000E+02     -0.1295019434751732E+03
  0.71000000E+02     -0.1308533106767352E+03
  0.72000000E+02     -0.1321880958977735E+03
  0.73000000E+02     -0.1335075055765843E+03
  0.74000000E+02     -0.1348108016746521E+03
  0.75000000E+02     -0.1360984533033702E+03
  0.76000000E+02     -0.1373706258324601E+03
  0.77000000E+02     -0.1386267738594314E+03
  0.78000000E+02     -0.1398670254350353E+03
  0.79000000E+02     -0.1410929655197793E+03
  0.80000000E+02     -0.1423037942005278E+03
  0.81000000E+02     -0.1435004137394350E+03
  0.82000000E+02     -0.1446828623102713E+03
  0.83000000E+02     -0.1458511257366965E+03
  0.84000000E+02     -0.1470067415345344E+03
  0.85000000E+02     -0.1481492063083578E+03
  0.86000000E+02     -0.1492787875867607E+03
  0.87000000E+02     -0.1503963902494726E+03
  0.88000000E+02     -0.1515021356611806E+03
  0.89000000E+02     -0.1525965369645382E+03
  0.90000000E+02     -0.1536796046063137E+03
  0.91000000E+02     -0.1547520866209175E+03
  0.92000000E+02     -0.1558137857414639E+03
  0.93000000E+02     -0.1568656573762679E+03
  0.94000000E+02     -0.1579071939988566E+03
  0.95000000E+02     -0.1589390103425554E+03
  0.96000000E+02     -0.1599614444062999E+03
  0.97000000E+02     -0.1609739965323523E+03
  0.98000000E+02     -0.1619774640921249E+03
  0.99000000E+02     -0.1629718714285335E+03
  0.10000000E+03     -0.1639574083754133E+03
  0.10100000E+03     -0.1649337464572655E+03
  0.10200000E+03     -0.1659008925625500E+03
  0.10300000E+03     -0.1668596915662271E+03
  0.10400000E+03     -0.1678094279153717E+03
  0.10500000E+03     -0.1687507118232552E+03
  0.10600000E+03     -0.1696833065730403E+03
  0.10700000E+03     -0.1706073607870064E+03
  0.10800000E+03     -0.1715226063345910E+03
  0.10900000E+03     -0.1724289794131976E+03
  0.11000000E+03     -0.1733268960596261E+03
  0.11100000E+03     -0.1742153509161396E+03
  0.11200000E+03     -0.1750948373607100E+03
  0.11300000E+03     -0.1759648936924117E+03
  0.11400000E+03     -0.1768256868269798E+03
  0.11500000E+03     -0.1776762815963447E+03
  0.11600000E+03     -0.1785178293329496E+03
  0.11700000E+03     -0.1793493002654837E+03
  0.11800000E+03     -0.1801711083996563E+03
  0.11900000E+03     -0.1809815647774541E+03
  0.12000000E+03     -0.1817812616290992E+03
  0.12100000E+03     -0.1825699350596215E+03
  0.12200000E+03     -0.1833471999068335E+03
  0.12300000E+03     -0.1841130818870041E+03
  0.12400000E+03     -0.1848660413367500E+03
  0.12500000E+03     -0.1856070144248211E+03
  0.12600000E+03     -0.1863343923453793E+03
  0.12700000E+03     -0.1870482254030294E+03
  0.12800000E+03     -0.1877489185693947E+03
  0.12900000E+03     -0.1884354700192576E+03
  0.13000000E+03     -0.1891071115529379E+03
  0.13100000E+03     -0.1897635746038952E+03
  0.13200000E+03     -0.1904054153848751E+03
  0.13300000E+03     -0.1910307308347605E+03
  0.13400000E+03     -0.1916399520516948E+03
  0.13500000E+03     -0.1922327219581293E+03
  0.13600000E+03     -0.1928079689336775E+03
  0.13700000E+03     -0.1933658601934247E+03
  0.13800000E+03     -0.1939061208288020E+03
  0.13900000E+03     -0.1944267586721373E+03
  0.14000000E+03     -0.1949289129183994E+03
  0.14100000E+03     -0.1954118539598678E+03
  0.14200000E+03     -0.1958756311421527E+03
  0.14300000E+03     -0.1963193953048268E+03
  0.14400000E+03     -0.1967429187046126E+03
  0.14500000E+03     -0.1971484493903020E+03
  0.14600000E+03     -0.1975353836135958E+03
  0.14700000E+03     -0.1979037514291616E+03
  0.14800000E+03     -0.1982546371099462E+03
  0.14900000E+03     -0.1985885700675767E+03
  0.15000000E+03     -0.1989067273625099E+03
  0.15100000E+03     -0.1992097477167176E+03
  0.15200000E+03     -0.1994985743562207E+03
  0.15300000E+03     -0.1997745458931387E+03
  0.15400000E+03     -0.2000383693005307E+03
  0.15500000E+03     -0.2002912813102227E+03
  0.15600000E+03     -0.2005334076641333E+03
  0.15700000E+03     -0.2007654972792260E+03
  0.15800000E+03     -0.2009881801124020E+03
  0.15900000E+03     -0.2012018488595164E+03
  0.16000000E+03     -0.2014076531506745E+03
  0.16100000E+03     -0.2016065263123446E+03
  0.16200000E+03     -0.2017978411977007E+03
  0.16300000E+03     -0.2019831670646483E+03
  0.16400000E+03     -0.2021608441949287E+03
  0.16500000E+03     -0.2023331259265961E+03
  0.16600000E+03     -0.2024994980727722E+03
  0.16700000E+03     -0.2026605304579319E+03
  0.16800000E+03     -0.2028157378811025E+03
  0.16900000E+03     -0.2029661983748826E+03
  0.17000000E+03     -0.2031114077735207E+03
  0.17100000E+03     -0.2032517602033270E+03
  0.17200000E+03     -0.2033879720479306E+03
  0.17300000E+03     -0.2035190174532854E+03
  0.17400000E+03     -0.2036468935094144E+03
  0.17500000E+03     -0.2037699892746085E+03
  0.17600000E+03     -0.2038889149025828E+03
  0.17700000E+03     -0.2040039999325230E+03
  0.17800000E+03     -0.2041152517832861E+03
  0.17900000E+03     -0.2042224712710780E+03
  0.18000000E+03     -0.2043260657439981E+03
  0.18100000E+03     -0.2044258934465494E+03
  0.18200000E+03     -0.2045218826935264E+03
  0.18300000E+03     -0.2046141181713599E+03
  0.18400000E+03     -0.2047029742672409E+03
  0.18500000E+03     -0.2047885862022902E+03
  0.18600000E+03     -0.2048708406786060E+03
  0.18700000E+03     -0.2049493476094794E+03
  0.18800000E+03     -0.2050243802290442E+03
  0.18900000E+03     -0.2050964575394128E+03
  0.19000000E+03     -0.2051653151514196E+03
  0.19100000E+03     -0.2052316713620858E+03
  0.19200000E+03     -0.2052943543798608E+03
  0.19300000E+03     -0.2053541153794239E+03
  0.19400000E+03     -0.2054104753578393E+03
  0.19500000E+03     -0.2054638094410223E+03
  0.19600000E+03     -0.2055143174172740E+03
  0.19700000E+03     -0.2055622109000488E+03
  0.19800000E+03     -0.2056071203648318E+03
  0.19900000E+03     -0.2056482165238488E+03
  0.20000000E+03     -0.2056870879775041E+03
  0.20100000E+03     -0.2057227451438643E+03
  0.20200000E+03     -0.2057554815096508E+03
  0.20300000E+03     -0.2057850740832168E+03
  0.20400000E+03     -0.2058121092725274E+03
  0.20500000E+03     -0.2058361183396587E+03
  0.20600000E+03     -0.2058575996908791E+03
  0.20700000E+03     -0.2058761839494349E+03
  0.20800000E+03     -0.2058920279660537E+03
  0.20900000E+03     -0.2059048192830209E+03
  0.21000000E+03     -0.2059146336110737E+03
  0.21100000E+03     -0.2059218931250367E+03
  0.21200000E+03     -0.2059260820585571E+03
  0.21300000E+03     -0.2059273745234139E+03
  0.21400000E+03     -0.2059247897368983E+03
  0.21500000E+03     -0.2059198906838221E+03
  0.21600000E+03     -0.2059111698661894E+03
  0.21700000E+03     -0.2058993749401714E+03
  0.21800000E+03     -0.2058847541549746E+03
  0.21900000E+03     -0.2058670917813937E+03
  0.22000000E+03     -0.2058457258189489E+03
  0.22100000E+03     -0.2058208060325099E+03
  0.22200000E+03     -0.2057933861508575E+03
  0.22300000E+03     -0.2057619540057097E+03
  0.22400000E+03     -0.2057261854845225E+03
  0.22500000E+03     -0.2056885654749602E+03
  0.22600000E+03     -0.2056470950014693E+03
  0.22700000E+03     -0.2056001982052655E+03
  0.22800000E+03     -0.2055495076706920E+03
  0.22900000E+03     -0.2054931302920084E+03
  0.23000000E+03     -0.2054338208741455E+03
  0.23100000E+03     -0.2053693411403263E+03
  0.23200000E+03     -0.2052997051284717E+03
  0.23300000E+03     -0.2052234368567451E+03
  0.23400000E+03     -0.2051435276038928E+03
  0.23500000E+03     -0.2050566696674145E+03
  0.23600000E+03     -0.2049628838584447E+03
  0.23700000E+03     -0.2048627987248747E+03
  0.23800000E+03     -0.2047537187499520E+03
  0.23900000E+03     -0.2046371719909875E+03
  0.24000000E+03     -0.2045121809826606E+03
  0.24100000E+03     -0.2043768654731354E+03
  0.24200000E+03     -0.2042298992793791E+03
  0.24300000E+03     -0.2040723424278344E+03
  0.24400000E+03     -0.2039022348483860E+03
  0.24500000E+03     -0.2037162870927230E+03
  0.24600000E+03     -0.2035139466714649E+03
  0.24700000E+03     -0.2032957800147601E+03
  0.24800000E+03     -0.2030607136132394E+03
  0.24900000E+03     -0.2028067044795502E+03
  0.25000000E+03     -0.2025320590522916E+03
  0.25100000E+03     -0.2022389618018485E+03
  0.25200000E+03     -0.2019255935417988E+03
  0.25300000E+03     -0.2015908650820109E+03
  0.25400000E+03     -0.2012336017566669E+03
  0.25500000E+03     -0.2008551160713478E+03
  0.25600000E+03     -0.2004595610415714E+03
  0.25700000E+03     -0.2000443007951539E+03
  0.25800000E+03     -0.1996092707033008E+03
  0.25900000E+03     -0.1991532679984817E+03
  0.26000000E+03     -0.1986800663619747E+03
  0.26100000E+03     -0.1981909668271063E+03
  0.26200000E+03     -0.1976826203789941E+03
  0.26300000E+03     -0.1971590617749521E+03
  0.26400000E+03     -0.1966194117495200E+03
  0.26500000E+03     -0.1960659415832106E+03
  0.26600000E+03     -0.1954977064328649E+03
  0.26700000E+03     -0.1949176965089718E+03
  0.26800000E+03     -0.1943248857286780E+03
  0.26900000E+03     -0.1937180230911424E+03
  0.27000000E+03     -0.1930986864756246E+03
  0.27100000E+03     -0.1924679824742423E+03
  0.27200000E+03     -0.1918260295680227E+03
  0.27300000E+03     -0.1911736115086528E+03
  0.27400000E+03     -0.1905100932483205E+03
  0.27500000E+03     -0.1898376282090500E+03
  0.27600000E+03     -0.1891525275965139E+03
  0.27700000E+03     -0.1884582756585706E+03
  0.27800000E+03     -0.1877565848405580E+03
  0.27900000E+03     -0.1870443226669133E+03
  0.28000000E+03     -0.1863222267657086E+03
  0.28100000E+03     -0.1855907066012680E+03
  0.28200000E+03     -0.1848513627849664E+03
  0.28300000E+03     -0.1841037567660019E+03
  0.28400000E+03     -0.1833475808910012E+03
  0.28500000E+03     -0.1825820368554566E+03
  0.28600000E+03     -0.1818065270874488E+03
  0.28700000E+03     -0.1810245995791424E+03
  0.28800000E+03     -0.1802342669690246E+03
  0.28900000E+03     -0.1794345943573313E+03
  0.29000000E+03     -0.1786256432050353E+03
  0.29100000E+03     -0.1778079101480982E+03
  0.29200000E+03     -0.1769813542257318E+03
  0.29300000E+03     -0.1761481079670314E+03
  0.29400000E+03     -0.1753049758264175E+03
  0.29500000E+03     -0.1744533462047894E+03
  0.29600000E+03     -0.1735916082753036E+03
  0.29700000E+03     -0.1727196676561015E+03
  0.29800000E+03     -0.1718383323327428E+03
  0.29900000E+03     -0.1709475696296813E+03
  0.30000000E+03     -0.1700463054520550E+03
  0.30100000E+03     -0.1691339615767356E+03
  0.30200000E+03     -0.1682123336875655E+03
  0.30300000E+03     -0.1672805433008852E+03
  0.30400000E+03     -0.1663360563877249E+03
  0.30500000E+03     -0.1653772142515485E+03
  0.30600000E+03     -0.1644048539124609E+03
  0.30700000E+03     -0.1634219230113122E+03
  0.30800000E+03     -0.1624262900553472E+03
  0.30900000E+03     -0.1614148040940677E+03
  0.31000000E+03     -0.1603900060338840E+03
  0.31100000E+03     -0.1593515184223544E+03
  0.31200000E+03     -0.1582966223725071E+03
  0.31300000E+03     -0.1572308498057896E+03
  0.31400000E+03     -0.1561468385376889E+03
  0.31500000E+03     -0.1550519392206591E+03
  0.31600000E+03     -0.1539355877144965E+03
  0.31700000E+03     -0.1528094860859333E+03
  0.31800000E+03     -0.1516666214744925E+03
  0.31900000E+03     -0.1505091480801788E+03
  0.32000000E+03     -0.1493369880450853E+03
  0.32100000E+03     -0.1481486087598975E+03
  0.32200000E+03     -0.1469435643219924E+03
  0.32300000E+03     -0.1457278812236755E+03
  0.32400000E+03     -0.1444947591545658E+03
  0.32500000E+03     -0.1432459567177889E+03
  0.32600000E+03     -0.1419820981963507E+03
  0.32700000E+03     -0.1407031596019767E+03
  0.32800000E+03     -0.1394096230845256E+03
  0.32900000E+03     -0.1381027811181543E+03
  0.33000000E+03     -0.1367792412890727E+03
  0.33100000E+03     -0.1354401718222848E+03
  0.33200000E+03     -0.1340836650352153E+03
  0.33300000E+03     -0.1327087142538024E+03
  0.33400000E+03     -0.1313156612554658E+03
  0.33500000E+03     -0.1299031961580359E+03
  0.33600000E+03     -0.1284701139623178E+03
  0.33700000E+03     -0.1270154172292165E+03
  0.33800000E+03     -0.1255411335878954E+03
  0.33900000E+03     -0.1240413634347285E+03
  0.34000000E+03     -0.1225150495346072E+03
  0.34100000E+03     -0.1209672398121646E+03
  0.34200000E+03     -0.1193924483900615E+03
  0.34300000E+03     -0.1177909884153537E+03
  0.34400000E+03     -0.1161609478299291E+03
  0.34500000E+03     -0.1145090028745504E+03
  0.34600000E+03     -0.1128342920993398E+03
  0.34700000E+03     -0.1111409319858025E+03
  0.34800000E+03     -0.1094249669901990E+03
  0.34900000E+03     -0.1076907211118745E+03
  0.35000000E+03     -0.1059414735440651E+03
  0.35100000E+03     -0.1041834240966132E+03
  0.35200000E+03     -0.1024162922962690E+03
  0.35300000E+03     -0.1006368531838001E+03
  0.35400000E+03     -0.9884995710954627E+02
  0.35500000E+03     -0.9705612015407681E+02
  0.35600000E+03     -0.9526054129832434E+02
  0.35700000E+03     -0.9346333408702465E+02
  0.35800000E+03     -0.9166189444522122E+02
  0.35900000E+03     -0.8986297438495268E+02
  0.36000000E+03     -0.8805738421335207E+02
  0.36100000E+03     -0.8625961661933027E+02
  0.36200000E+03     -0.8446366920280693E+02
  0.36300000E+03     -0.8266985957948947E+02
  0.36400000E+03     -0.8087658644390474E+02
  0.36500000E+03     -0.7909066993157271E+02
  0.36600000E+03     -0.7730767164074958E+02
  0.36700000E+03     -0.7552909335943508E+02
  0.36800000E+03     -0.7375924095816784E+02
  0.36900000E+03     -0.7199733387397735E+02
  0.37000000E+03     -0.7024353247581381E+02
  0.37100000E+03     -0.6849809149387572E+02
  0.37200000E+03     -0.6676382085214522E+02
  0.37300000E+03     -0.6503605841779361E+02
  0.37400000E+03     -0.6331795439109105E+02
  0.37500000E+03     -0.6161128157673176E+02
  0.37600000E+03     -0.5991948530157109E+02
  0.37700000E+03     -0.5823561006525891E+02
  0.37800000E+03     -0.5656352252912407E+02
  0.37900000E+03     -0.5490612406667978E+02
  0.38000000E+03     -0.5325879586652940E+02
  0.38100000E+03     -0.5162866225185050E+02
  0.38200000E+03     -0.5000609952995951E+02
  0.38300000E+03     -0.4840427729715027E+02
  0.38400000E+03     -0.4681953084027259E+02
  0.38500000E+03     -0.4525635949894992E+02
  0.38600000E+03     -0.4371232944855520E+02
  0.38700000E+03     -0.4218240374544376E+02
  0.38800000E+03     -0.4067184112490237E+02
  0.38900000E+03     -0.3917866013744916E+02
  0.39000000E+03     -0.3770707962683456E+02
  0.39100000E+03     -0.3626116905364306E+02
  0.39200000E+03     -0.3482688931936478E+02
  0.39300000E+03     -0.3341640650163194E+02
  0.39400000E+03     -0.3202970228121589E+02
  0.39500000E+03     -0.3066375054749769E+02
  0.39600000E+03     -0.2931640466262133E+02
  0.39700000E+03     -0.2800259594459412E+02
  0.39800000E+03     -0.2670497279673561E+02
  0.39900000E+03     -0.2543785119716620E+02
  0.40000000E+03     -0.2420227553763275E+02
  0.40100000E+03     -0.2298466513590878E+02
  0.40200000E+03     -0.2180793848727198E+02
  0.40300000E+03     -0.2064882835563162E+02
  0.40400000E+03     -0.1952562414660084E+02
  0.40500000E+03     -0.1842306243194700E+02
  0.40600000E+03     -0.1735125617537327E+02
  0.40700000E+03     -0.1630594132332169E+02
  0.40800000E+03     -0.1530088036570353E+02
  0.40900000E+03     -0.1433449700788854E+02
  0.41000000E+03     -0.1338930933338785E+02
  0.41100000E+03     -0.1248106352622390E+02
  0.41200000E+03     -0.1159930092393948E+02
  0.41300000E+03     -0.1075632432477051E+02
  0.41400000E+03     -0.9954900092918884E+01
  0.41500000E+03     -0.9184730143486000E+01
  0.41600000E+03     -0.8454614672596373E+01
  0.41700000E+03     -0.7758952767682128E+01
  0.41800000E+03     -0.7103619609946001E+01
  0.41900000E+03     -0.6493937550965207E+01
  0.42000000E+03     -0.5924217234905027E+01
  0.42100000E+03     -0.5383747013360304E+01
  0.42200000E+03     -0.4899154502622037E+01
  0.42300000E+03     -0.4455121134281747E+01
  0.42400000E+03     -0.4060343120441422E+01
  0.42500000E+03     -0.3696883179889744E+01
  0.42600000E+03     -0.3387793776796633E+01
  0.42700000E+03     -0.3113565559818765E+01
  0.42800000E+03     -0.2895065470684140E+01
  0.42900000E+03     -0.2711194386386721E+01
  0.43000000E+03     -0.2578051482459996E+01
  0.43100000E+03     -0.2492841627762552E+01
  0.43200000E+03     -0.2453909459754701E+01
  0.43300000E+03     -0.2464427311255722E+01
  0.43400000E+03     -0.2547600341235437E+01
  0.43500000E+03     -0.2661418449448878E+01
  0.43600000E+03     -0.2849082986570142E+01
  0.43700000E+03     -0.3083100463982502E+01
  0.43800000E+03     -0.3339455722015794E+01
  0.43900000E+03     -0.3684056302084125E+01
  0.44000000E+03     -0.4071595756331908E+01
  0.44100000E+03     -0.4523373763755965E+01
  0.44200000E+03     -0.5036428467649033E+01
  0.44300000E+03     -0.5594885073724530E+01
  0.44400000E+03     -0.6237501424567718E+01
  0.44500000E+03     -0.6915665157397498E+01
  0.44600000E+03     -0.7658145871552517E+01
  0.44700000E+03     -0.8453779082582837E+01
  0.44800000E+03     -0.9359149279770079E+01
  0.44900000E+03     -0.1029215124565160E+02
  0.45000000E+03     -0.1128294742578337E+02
  0.45100000E+03     -0.1234999441464459E+02
  0.45200000E+03     -0.1347979533056361E+02
  0.45300000E+03     -0.1468341586638942E+02
  0.45400000E+03     -0.1595889201801130E+02
  0.45500000E+03     -0.1731402791845646E+02
  0.45600000E+03     -0.1871374490043403E+02
  0.45700000E+03     -0.2018740158625184E+02
  0.45800000E+03     -0.2173946394597176E+02
  0.45900000E+03     -0.2334019238623876E+02
  0.46000000E+03     -0.2505798700430596E+02
  0.46100000E+03     -0.2683438165851554E+02
  0.46200000E+03     -0.2867202667728198E+02
  0.46300000E+03     -0.3057394559864395E+02
  0.46400000E+03     -0.3258389504211610E+02
  0.46500000E+03     -0.3466164566398567E+02
  0.46600000E+03     -0.3681960736564960E+02
  0.46700000E+03     -0.3906757638040342E+02
  0.46800000E+03     -0.4140787136725675E+02
  0.46900000E+03     -0.4384226113143610E+02
  0.47000000E+03     -0.4634532201249023E+02
  0.47100000E+03     -0.4890452764373973E+02
  0.47200000E+03     -0.5157202608006330E+02
  0.47300000E+03     -0.5432648765818236E+02
  0.47400000E+03     -0.5717458780728010E+02
  0.47500000E+03     -0.6009964010303226E+02
  0.47600000E+03     -0.6312820474374979E+02
  0.47700000E+03     -0.6622752961334014E+02
  0.47800000E+03     -0.6941007758689612E+02
  0.47900000E+03     -0.7271905270564451E+02
  0.48000000E+03     -0.7610752678118548E+02
  0.48100000E+03     -0.7959984086648696E+02
  0.48200000E+03     -0.8315578982394342E+02
  0.48300000E+03     -0.8675711990157652E+02
  0.48400000E+03     -0.9052612013701668E+02
  0.48500000E+03     -0.9441071162114767E+02
  0.48600000E+03     -0.9832057263787611E+02
  0.48700000E+03     -0.1020177812821108E+03
  0.48800000E+03     -0.1039401536993396E+03
  0.48900000E+03     -0.1051989859244412E+03
  0.49000000E+03     -0.1047183858228540E+03
  0.49100000E+03     -0.1041493629397690E+03
  0.49200000E+03     -0.1035952977354912E+03
  0.49300000E+03     -0.1040263267922311E+03
  0.49400000E+03     -0.1057433504196043E+03
  0.49500000E+03     -0.1072795468698918E+03
  0.49600000E+03     -0.1080411911605989E+03
  0.49700000E+03     -0.1110766082470480E+03
  0.49800000E+03     -0.1121611155539858E+03
  0.49900000E+03     -0.1120275157186832E+03
  0.50000000E+03     -0.1117259300803023E+03
  0.50100000E+03     -0.1117290444692837E+03
  0.50200000E+03     -0.1119656518336900E+03
  0.50300000E+03     -0.1161717104013521E+03
  0.50400000E+03     -0.1207142798322992E+03
  0.50500000E+03     -0.1251893048054359E+03
  0.50600000E+03     -0.1278928343744391E+03
  0.50700000E+03     -0.1312216178670533E+03
  0.50800000E+03     -0.1331182560703500E+03
  0.50900000E+03     -0.1347284216667519E+03
  0.51000000E+03     -0.1363105021830519E+03
