  0.00000000E+00     -0.1211415246317810E+02
  0.10000000E+01     -0.9975308944127551E+01
  0.20000000E+01     -0.8507185976073174E+01
  0.30000000E+01     -0.7421973469222351E+01
  0.40000000E+01     -0.6601924726481858E+01
  0.50000000E+01     -0.5982733163993416E+01
  0.60000000E+01     -0.5523302913098501E+01
  0.70000000E+01     -0.5195651573922774E+01
  0.80000000E+01     -0.4979168102681861E+01
  0.90000000E+01     -0.4858382113648144E+01
  0.10000000E+02     -0.4820759887434043E+01
  0.11000000E+02     -0.4856049110786394E+01
  0.12000000E+02     -0.4956183102726495E+01
  0.13000000E+02     -0.5114276526095445E+01
  0.14000000E+02     -0.5324027376646409E+01
  0.15000000E+02     -0.5580735031531169E+01
  0.16000000E+02     -0.5879831515300154E+01
  0.17000000E+02     -0.6217240866633830E+01
  0.18000000E+02     -0.6589724044634522E+01
  0.19000000E+02     -0.6994274901158166E+01
  0.20000000E+02     -0.7428314072596045E+01
  0.21000000E+02     -0.7889142693746162E+01
  0.22000000E+02     -0.8374297776472208E+01
  0.23000000E+02     -0.8881906420997613E+01
  0.24000000E+02     -0.9410464014722997E+01
  0.25000000E+02     -0.9958078863632871E+01
  0.26000000E+02     -0.1052285976715522E+02
  0.27000000E+02     -0.1110349910301631E+02
  0.28000000E+02     -0.1169879593550983E+02
  0.29000000E+02     -0.1230750766434264E+02
  0.30000000E+02     -0.1292822042321276E+02
  0.31000000E+02     -0.1355992746898790E+02
  0.32000000E+02     -0.1420173672785930E+02
  0.33000000E+02     -0.1485249468142900E+02
  0.34000000E+02     -0.1551123548214881E+02
  0.35000000E+02     -0.1617764602686898E+02
  0.36000000E+02     -0.1685079965843185E+02
  0.37000000E+02     -0.1752962178053388E+02
  0.38000000E+02     -0.1821373659942981E+02
  0.39000000E+02     -0.1890222712855002E+02
  0.40000000E+02     -0.1959451393688763E+02
  0.41000000E+02     -0.2029043116240836E+02
  0.42000000E+02     -0.2098928312163239E+02
  0.43000000E+02     -0.2169009282070185E+02
  0.44000000E+02     -0.2239232862558120E+02
  0.45000000E+02     -0.2309585368638581E+02
  0.46000000E+02     -0.2380033791813235E+02
  0.47000000E+02     -0.2450517345764252E+02
  0.48000000E+02     -0.2520995961782190E+02
  0.49000000E+02     -0.2591411896773149E+02
  0.50000000E+02     -0.2661752323696888E+02
  0.51000000E+02     -0.2731986313539990E+02
  0.52000000E+02     -0.2802063800100845E+02
  0.53000000E+02     -0.2871982254979784E+02
  0.54000000E+02     -0.2941690306632624E+02
  0.55000000E+02     -0.3011172354348511E+02
  0.56000000E+02     -0.3080367071965199E+02
  0.57000000E+02     -0.3149291703342972E+02
  0.58000000E+02     -0.3217895628874502E+02
  0.59000000E+02     -0.3286147466902754E+02
  0.60000000E+02     -0.3354057025227438E+02
  0.61000000E+02     -0.3421573847798673E+02
  0.62000000E+02     -0.3488710372316087E+02
  0.63000000E+02     -0.3555425306394614E+02
  0.64000000E+02     -0.3621706928215653E+02
  0.65000000E+02     -0.3687534249959386E+02
  0.66000000E+02     -0.3752864854023788E+02
  0.67000000E+02     -0.3817762220783070E+02
  0.68000000E+02     -0.3882135009924718E+02
  0.69000000E+02     -0.3945981207273023E+02
  0.70000000E+02     -0.4009342103114748E+02
  0.71000000E+02     -0.4072186274079706E+02
  0.72000000E+02     -0.4134456906852089E+02
  0.73000000E+02     -0.4196201478300011E+02
  0.74000000E+02     -0.4257341304883467E+02
  0.75000000E+02     -0.4317955367484902E+02
  0.76000000E+02     -0.4378006730985615E+02
  0.77000000E+02     -0.4437476499017477E+02
  0.78000000E+02     -0.4496358180391326E+02
  0.79000000E+02     -0.4554692710845066E+02
  0.80000000E+02     -0.4612416971788909E+02
  0.81000000E+02     -0.4669552640875119E+02
  0.82000000E+02     -0.4726068450592082E+02
  0.83000000E+02     -0.4781983920140516E+02
  0.84000000E+02     -0.4837300998825724E+02
  0.85000000E+02     -0.4892012487767140E+02
  0.86000000E+02     -0.4946083189343450E+02
  0.87000000E+02     -0.4999577715388408E+02
  0.88000000E+02     -0.5052462778844259E+02
  0.89000000E+02     -0.5104730940207304E+02
  0.90000000E+02     -0.5156403394761676E+02
  0.91000000E+02     -0.5207449649905577E+02
  0.92000000E+02     -0.5257881020971465E+02
  0.93000000E+02     -0.5307692621106122E+02
  0.94000000E+02     -0.5356920606725971E+02
  0.95000000E+02     -0.5405484653516358E+02
  0.96000000E+02     -0.5453415880793180E+02
  0.97000000E+02     -0.5500754430692800E+02
  0.98000000E+02     -0.5547486747309418E+02
  0.99000000E+02     -0.5593571401312191E+02
  0.10000000E+03     -0.5639080205880587E+02
  0.10100000E+03     -0.5683984009414838E+02
  0.10200000E+03     -0.5728216729997206E+02
  0.10300000E+03     -0.5771886018664621E+02
  0.10400000E+03     -0.5814943264995051E+02
  0.10500000E+03     -0.5857416088233791E+02
  0.10600000E+03     -0.5899213301513632E+02
  0.10700000E+03     -0.5940456270040876E+02
  0.10800000E+03     -0.5981047811485278E+02
  0.10900000E+03     -0.6021051370969516E+02
  0.11000000E+03     -0.6060421401155783E+02
  0.11100000E+03     -0.6099178449230622E+02
  0.11200000E+03     -0.6137350911699313E+02
  0.11300000E+03     -0.6174965528086864E+02
  0.11400000E+03     -0.6211977891417250E+02
  0.11500000E+03     -0.6248380356415716E+02
  0.11600000E+03     -0.6284188517827638E+02
  0.11700000E+03     -0.6319376685771783E+02
  0.11800000E+03     -0.6354026447301986E+02
  0.11900000E+03     -0.6388064600684828E+02
  0.12000000E+03     -0.6421537623138360E+02
  0.12100000E+03     -0.6454421505314701E+02
  0.12200000E+03     -0.6486720492963833E+02
  0.12300000E+03     -0.6518456980826008E+02
  0.12400000E+03     -0.6549607810736947E+02
  0.12500000E+03     -0.6580182683548669E+02
  0.12600000E+03     -0.6610172505344929E+02
  0.12700000E+03     -0.6639552920174880E+02
  0.12800000E+03     -0.6668334110149185E+02
  0.12900000E+03     -0.6696554938204017E+02
  0.13000000E+03     -0.6724150158133268E+02
  0.13100000E+03     -0.6751212805557925E+02
  0.13200000E+03     -0.6777745587666706E+02
  0.13300000E+03     -0.6803674771801303E+02
  0.13400000E+03     -0.6829016802301634E+02
  0.13500000E+03     -0.6853803841430791E+02
  0.13600000E+03     -0.6877987693326330E+02
  0.13700000E+03     -0.6901619372797666E+02
  0.13800000E+03     -0.6924633294191464E+02
  0.13900000E+03     -0.6947157583726256E+02
  0.14000000E+03     -0.6969083794072722E+02
  0.14100000E+03     -0.6990457893181640E+02
  0.14200000E+03     -0.7011306066746531E+02
  0.14300000E+03     -0.7031525373660240E+02
  0.14400000E+03     -0.7051198731771763E+02
  0.14500000E+03     -0.7070340825642469E+02
  0.14600000E+03     -0.7088899420424528E+02
  0.14700000E+03     -0.7106880588246770E+02
  0.14800000E+03     -0.7124294763343740E+02
  0.14900000E+03     -0.7141246795390722E+02
  0.15000000E+03     -0.7157614875046762E+02
  0.15100000E+03     -0.7173405027195818E+02
  0.15200000E+03     -0.7188678695999482E+02
  0.15300000E+03     -0.7203381278402287E+02
  0.15400000E+03     -0.7217582003017060E+02
  0.15500000E+03     -0.7231221744112206E+02
  0.15600000E+03     -0.7244357285154648E+02
  0.15700000E+03     -0.7256896462454870E+02
  0.15800000E+03     -0.7268917163516114E+02
  0.15900000E+03     -0.7280400006546301E+02
  0.16000000E+03     -0.7291332570530302E+02
  0.16100000E+03     -0.7301700186971735E+02
  0.16200000E+03     -0.7311581911840192E+02
  0.16300000E+03     -0.7320924728989642E+02
  0.16400000E+03     -0.7329724799961052E+02
  0.16500000E+03     -0.7337979343450658E+02
  0.16600000E+03     -0.7345740902390195E+02
  0.16700000E+03     -0.7352970443330868E+02
  0.16800000E+03     -0.7359647908081475E+02
  0.16900000E+03     -0.7365865076347725E+02
  0.17000000E+03     -0.7371588970313060E+02
  0.17100000E+03     -0.7376804523591989E+02
  0.17200000E+03     -0.7381487254678032E+02
  0.17300000E+03     -0.7385576624099734E+02
  0.17400000E+03     -0.7389117111308269E+02
  0.17500000E+03     -0.7392197223014720E+02
  0.17600000E+03     -0.7394744574532770E+02
  0.17700000E+03     -0.7396728590520145E+02
  0.17800000E+03     -0.7398214978338619E+02
  0.17900000E+03     -0.7399232433347986E+02
  0.18000000E+03     -0.7399702530460193E+02
  0.18100000E+03     -0.7399558264677158E+02
  0.18200000E+03     -0.7398965561798647E+02
  0.18300000E+03     -0.7397826264610613E+02
  0.18400000E+03     -0.7396139668126979E+02
  0.18500000E+03     -0.7394006417046346E+02
  0.18600000E+03     -0.7391280054589423E+02
  0.18700000E+03     -0.7387998936730428E+02
  0.18800000E+03     -0.7384257568738637E+02
  0.18900000E+03     -0.7379934876164710E+02
  0.19000000E+03     -0.7375104053986978E+02
  0.19100000E+03     -0.7369686690142397E+02
  0.19200000E+03     -0.7363764885810032E+02
  0.19300000E+03     -0.7357400684748232E+02
  0.19400000E+03     -0.7350427250358177E+02
  0.19500000E+03     -0.7342930638411201E+02
  0.19600000E+03     -0.7334883712589070E+02
  0.19700000E+03     -0.7326314610718327E+02
  0.19800000E+03     -0.7317150157655381E+02
  0.19900000E+03     -0.7307430223934384E+02
  0.20000000E+03     -0.7297254902132819E+02
  0.20100000E+03     -0.7286496219821964E+02
  0.20200000E+03     -0.7275202926517640E+02
  0.20300000E+03     -0.7263410972192349E+02
  0.20400000E+03     -0.7250917438443655E+02
  0.20500000E+03     -0.7237998644141396E+02
  0.20600000E+03     -0.7224488018883712E+02
  0.20700000E+03     -0.7210444214279241E+02
  0.20800000E+03     -0.7195847091564853E+02
  0.20900000E+03     -0.7180724329704660E+02
  0.21000000E+03     -0.7165032032132238E+02
  0.21100000E+03     -0.7148793336173617E+02
  0.21200000E+03     -0.7132010946307312E+02
  0.21300000E+03     -0.7114620781415788E+02
  0.21400000E+03     -0.7096719473207219E+02
  0.21500000E+03     -0.7078281230582490E+02
  0.21600000E+03     -0.7059194341218635E+02
  0.21700000E+03     -0.7039582538303389E+02
  0.21800000E+03     -0.7019437113762348E+02
  0.21900000E+03     -0.6998748803276571E+02
  0.22000000E+03     -0.6977500171478621E+02
  0.22100000E+03     -0.6955658430099936E+02
  0.22200000E+03     -0.6933201776048199E+02
  0.22300000E+03     -0.6910212560750331E+02
  0.22400000E+03     -0.6886680486873465E+02
  0.22500000E+03     -0.6862619904478693E+02
  0.22600000E+03     -0.6837909176369493E+02
  0.22700000E+03     -0.6812650234561863E+02
  0.22800000E+03     -0.6786853117948084E+02
  0.22900000E+03     -0.6760468848055541E+02
  0.23000000E+03     -0.6733507193520285E+02
  0.23100000E+03     -0.6706005664512435E+02
  0.23200000E+03     -0.6677890873121541E+02
  0.23300000E+03     -0.6649216120650001E+02
  0.23400000E+03     -0.6619945851411813E+02
  0.23500000E+03     -0.6590118831976032E+02
  0.23600000E+03     -0.6559694551930156E+02
  0.23700000E+03     -0.6528705665087833E+02
  0.23800000E+03     -0.6497151795272607E+02
  0.23900000E+03     -0.6465048209654638E+02
  0.24000000E+03     -0.6432319544701880E+02
  0.24100000E+03     -0.6398996194134725E+02
  0.24200000E+03     -0.6365085687304160E+02
  0.24300000E+03     -0.6330707802562013E+02
  0.24400000E+03     -0.6295683609037213E+02
  0.24500000E+03     -0.6260035188370433E+02
  0.24600000E+03     -0.6223805039623821E+02
  0.24700000E+03     -0.6186966620999170E+02
  0.24800000E+03     -0.6149610553690441E+02
  0.24900000E+03     -0.6111681629514069E+02
  0.25000000E+03     -0.6073133127985729E+02
  0.25100000E+03     -0.6033981342046376E+02
  0.25200000E+03     -0.5994280017141887E+02
  0.25300000E+03     -0.5954007231335920E+02
  0.25400000E+03     -0.5913123236353150E+02
  0.25500000E+03     -0.5871711388225899E+02
  0.25600000E+03     -0.5829728033547742E+02
  0.25700000E+03     -0.5787136484367284E+02
  0.25800000E+03     -0.5744008697109652E+02
  0.25900000E+03     -0.5700229075946268E+02
  0.26000000E+03     -0.5655916459093550E+02
  0.26100000E+03     -0.5611015684483161E+02
  0.26200000E+03     -0.5565617067253142E+02
  0.26300000E+03     -0.5519569228826519E+02
  0.26400000E+03     -0.5472989003331318E+02
  0.26500000E+03     -0.5425925761372893E+02
  0.26600000E+03     -0.5378254498100561E+02
  0.26700000E+03     -0.5330029232621254E+02
  0.26800000E+03     -0.5281319452332132E+02
  0.26900000E+03     -0.5232058192710210E+02
  0.27000000E+03     -0.5182209315679103E+02
  0.27100000E+03     -0.5131873713848204E+02
  0.27200000E+03     -0.5081038296323030E+02
  0.27300000E+03     -0.5029723235731944E+02
  0.27400000E+03     -0.4977874925121525E+02
  0.27500000E+03     -0.4925510982468894E+02
  0.27600000E+03     -0.4872679858736426E+02
  0.27700000E+03     -0.4819375760403744E+02
  0.27800000E+03     -0.4765619003594949E+02
  0.27900000E+03     -0.4711430851208705E+02
  0.28000000E+03     -0.4656788561185083E+02
  0.28100000E+03     -0.4601707435342995E+02
  0.28200000E+03     -0.4546216912495776E+02
  0.28300000E+03     -0.4490256919140357E+02
  0.28400000E+03     -0.4433867135458160E+02
  0.28500000E+03     -0.4377178398694383E+02
  0.28600000E+03     -0.4320093070521381E+02
  0.28700000E+03     -0.4262618849148946E+02
  0.28800000E+03     -0.4204755281476194E+02
  0.28900000E+03     -0.4146586059845691E+02
  0.29000000E+03     -0.4088120779405084E+02
  0.29100000E+03     -0.4029409069327349E+02
  0.29200000E+03     -0.3970381799106813E+02
  0.29300000E+03     -0.3911083944861606E+02
  0.29400000E+03     -0.3851575888563834E+02
  0.29500000E+03     -0.3791783958977452E+02
  0.29600000E+03     -0.3731766115210171E+02
  0.29700000E+03     -0.3671541118628784E+02
  0.29800000E+03     -0.3611143437515353E+02
  0.29900000E+03     -0.3550570495373432E+02
  0.30000000E+03     -0.3489812116342266E+02
  0.30100000E+03     -0.3429045220481664E+02
  0.30200000E+03     -0.3368129049847641E+02
  0.30300000E+03     -0.3307110842745782E+02
  0.30400000E+03     -0.3245974085646834E+02
  0.30500000E+03     -0.3184877009832777E+02
  0.30600000E+03     -0.3123724355625054E+02
  0.30700000E+03     -0.3062429046272725E+02
  0.30800000E+03     -0.3001336228389038E+02
  0.30900000E+03     -0.2940188962390689E+02
  0.31000000E+03     -0.2879066120544129E+02
  0.31100000E+03     -0.2818000896432568E+02
  0.31200000E+03     -0.2757096344760369E+02
  0.31300000E+03     -0.2696346851672655E+02
  0.31400000E+03     -0.2635654328319545E+02
  0.31500000E+03     -0.2575228269268262E+02
  0.31600000E+03     -0.2515050866621594E+02
  0.31700000E+03     -0.2455104954634796E+02
  0.31800000E+03     -0.2395380575274689E+02
  0.31900000E+03     -0.2336051669355121E+02
  0.32000000E+03     -0.2276846186980185E+02
  0.32100000E+03     -0.2217992864267663E+02
  0.32200000E+03     -0.2159599584191588E+02
  0.32300000E+03     -0.2101432728455312E+02
  0.32400000E+03     -0.2043585111462215E+02
  0.32500000E+03     -0.1986269903443495E+02
  0.32600000E+03     -0.1929308558437158E+02
  0.32700000E+03     -0.1873102658207717E+02
  0.32800000E+03     -0.1817282163910727E+02
  0.32900000E+03     -0.1761704327694617E+02
  0.33000000E+03     -0.1706902698086246E+02
  0.33100000E+03     -0.1652435609465062E+02
  0.33200000E+03     -0.1598893380765036E+02
  0.33300000E+03     -0.1545869581918070E+02
  0.33400000E+03     -0.1493247922437084E+02
  0.33500000E+03     -0.1441287311649410E+02
  0.33600000E+03     -0.1390432986341476E+02
  0.33700000E+03     -0.1340249699461498E+02
  0.33800000E+03     -0.1291093310760302E+02
  0.33900000E+03     -0.1242455730223194E+02
  0.34000000E+03     -0.1194589867901585E+02
  0.34100000E+03     -0.1147453400641947E+02
  0.34200000E+03     -0.1101482244939027E+02
  0.34300000E+03     -0.1056351735834901E+02
  0.34400000E+03     -0.1012310697485672E+02
  0.34500000E+03     -0.9690347497380419E+01
  0.34600000E+03     -0.9268186828466126E+01
  0.34700000E+03     -0.8856986150242298E+01
  0.34800000E+03     -0.8457496838464522E+01
  0.34900000E+03     -0.8068600679567817E+01
  0.35000000E+03     -0.7690565636086360E+01
  0.35100000E+03     -0.7324766881902518E+01
  0.35200000E+03     -0.6969810718624197E+01
  0.35300000E+03     -0.6628882515700475E+01
  0.35400000E+03     -0.6298976800109024E+01
  0.35500000E+03     -0.5985055750876659E+01
  0.35600000E+03     -0.5683556811416272E+01
  0.35700000E+03     -0.5395205703158156E+01
  0.35800000E+03     -0.5121549634258727E+01
  0.35900000E+03     -0.4861427413421618E+01
  0.36000000E+03     -0.4615656305236657E+01
  0.36100000E+03     -0.4385657619447242E+01
  0.36200000E+03     -0.4171346432843306E+01
  0.36300000E+03     -0.3974904792908537E+01
  0.36400000E+03     -0.3792407111728069E+01
  0.36500000E+03     -0.3626892572217807E+01
  0.36600000E+03     -0.3480309309591971E+01
  0.36700000E+03     -0.3352243056541732E+01
  0.36800000E+03     -0.3239650158212759E+01
  0.36900000E+03     -0.3143827291529897E+01
  0.37000000E+03     -0.3067713375386129E+01
  0.37100000E+03     -0.3011129141661505E+01
  0.37200000E+03     -0.2972452854903514E+01
  0.37300000E+03     -0.2955126121131519E+01
  0.37400000E+03     -0.2954647860751434E+01
  0.37500000E+03     -0.2976011657384463E+01
  0.37600000E+03     -0.3018948779871282E+01
  0.37700000E+03     -0.3081902288335539E+01
  0.37800000E+03     -0.3169087914568034E+01
  0.37900000E+03     -0.3276911595612495E+01
  0.38000000E+03     -0.3399117790536354E+01
  0.38100000E+03     -0.3553300409979039E+01
  0.38200000E+03     -0.3730283112822165E+01
  0.38300000E+03     -0.3932460091250595E+01
  0.38400000E+03     -0.4159025444134224E+01
  0.38500000E+03     -0.4413117486628959E+01
  0.38600000E+03     -0.4690586563675645E+01
  0.38700000E+03     -0.4992007677985525E+01
  0.38800000E+03     -0.5315987952146925E+01
  0.38900000E+03     -0.5671396573585467E+01
  0.39000000E+03     -0.6047053785766274E+01
  0.39100000E+03     -0.6450638317756316E+01
  0.39200000E+03     -0.6883468826597989E+01
  0.39300000E+03     -0.7346586271323202E+01
  0.39400000E+03     -0.7840831778363631E+01
  0.39500000E+03     -0.8358580019774132E+01
  0.39600000E+03     -0.8910675057794760E+01
  0.39700000E+03     -0.9496724652519132E+01
  0.39800000E+03     -0.1010540478189305E+02
  0.39900000E+03     -0.1074870821888497E+02
  0.40000000E+03     -0.1141797582319184E+02
  0.40100000E+03     -0.1211965733724983E+02
  0.40200000E+03     -0.1286032749545174E+02
  0.40300000E+03     -0.1362665132928029E+02
  0.40400000E+03     -0.1443463702244183E+02
  0.40500000E+03     -0.1527306176417570E+02
  0.40600000E+03     -0.1614217404157871E+02
  0.40700000E+03     -0.1704753946474743E+02
  0.40800000E+03     -0.1798676444894691E+02
  0.40900000E+03     -0.1896591944757371E+02
  0.41000000E+03     -0.1998211001036786E+02
  0.41100000E+03     -0.2102841936562924E+02
  0.41200000E+03     -0.2211323734644045E+02
  0.41300000E+03     -0.2323852323545011E+02
  0.41400000E+03     -0.2440895063330891E+02
  0.41500000E+03     -0.2561201853290148E+02
  0.41600000E+03     -0.2685107263706183E+02
  0.41700000E+03     -0.2813161544719979E+02
  0.41800000E+03     -0.2945398438116815E+02
  0.41900000E+03     -0.3081768871653668E+02
  0.42000000E+03     -0.3222613520304524E+02
  0.42100000E+03     -0.3368027529894217E+02
  0.42200000E+03     -0.3516858343918662E+02
  0.42300000E+03     -0.3670165835792766E+02
  0.42400000E+03     -0.3827745249968082E+02
  0.42500000E+03     -0.3990789285598332E+02
  0.42600000E+03     -0.4158269159253890E+02
  0.42700000E+03     -0.4329793404649629E+02
  0.42800000E+03     -0.4505774951936795E+02
  0.42900000E+03     -0.4686654246153466E+02
  0.43000000E+03     -0.4872341605946608E+02
  0.43100000E+03     -0.5063259411815235E+02
  0.43200000E+03     -0.5258651888896977E+02
  0.43300000E+03     -0.5459302836129208E+02
  0.43400000E+03     -0.5664716752546389E+02
  0.43500000E+03     -0.5875214447190215E+02
  0.43600000E+03     -0.6090825300402520E+02
  0.43700000E+03     -0.6311444961792058E+02
  0.43800000E+03     -0.6537820168481659E+02
  0.43900000E+03     -0.6769250592226913E+02
  0.44000000E+03     -0.7007095811529997E+02
  0.44100000E+03     -0.7248904373569096E+02
  0.44200000E+03     -0.7497201172205548E+02
  0.44300000E+03     -0.7751130369316687E+02
  0.44400000E+03     -0.8009531729776333E+02
  0.44500000E+03     -0.8272367163391611E+02
  0.44600000E+03     -0.8544093655474923E+02
  0.44700000E+03     -0.8819881505842908E+02
  0.44800000E+03     -0.9101505328069500E+02
  0.44900000E+03     -0.9388858306523751E+02
  0.45000000E+03     -0.9682084843081104E+02
  0.45100000E+03     -0.9982465282949927E+02
  0.45200000E+03     -0.1028927561570791E+03
  0.45300000E+03     -0.1060162025624584E+03
  0.45400000E+03     -0.1092031149334226E+03
  0.45500000E+03     -0.1124483057884948E+03
  0.45600000E+03     -0.1157512603094654E+03
  0.45700000E+03     -0.1191429991182833E+03
  0.45800000E+03     -0.1225837541424061E+03
  0.45900000E+03     -0.1260990645643294E+03
  0.46000000E+03     -0.1296704805296920E+03
  0.46100000E+03     -0.1333265099219169E+03
  0.46200000E+03     -0.1370476003372630E+03
  0.46300000E+03     -0.1408245794090670E+03
  0.46400000E+03     -0.1446950504531553E+03
  0.46500000E+03     -0.1486345478910440E+03
  0.46600000E+03     -0.1526246916877925E+03
  0.46700000E+03     -0.1566802787179186E+03
  0.46800000E+03     -0.1608173775822162E+03
  0.46900000E+03     -0.1650164366975020E+03
  0.47000000E+03     -0.1692967165825376E+03
  0.47100000E+03     -0.1736506263982518E+03
  0.47200000E+03     -0.1780926411609178E+03
  0.47300000E+03     -0.1825954640405114E+03
  0.47400000E+03     -0.1871887484105667E+03
  0.47500000E+03     -0.1918553439752479E+03
  0.47600000E+03     -0.1966126980082040E+03
  0.47700000E+03     -0.2014543627649960E+03
  0.47800000E+03     -0.2063623754594350E+03
  0.47900000E+03     -0.2113597972855263E+03
  0.48000000E+03     -0.2164425376128790E+03
  0.48100000E+03     -0.2216002017641300E+03
  0.48200000E+03     -0.2268462653335230E+03
  0.48300000E+03     -0.2321639279045668E+03
  0.48400000E+03     -0.2375711496641108E+03
  0.48500000E+03     -0.2430484027472283E+03
  0.48600000E+03     -0.2486245878123893E+03
  0.48700000E+03     -0.2542816131329087E+03
  0.48800000E+03     -0.2600261431325104E+03
  0.48900000E+03     -0.2658688789955090E+03
  0.49000000E+03     -0.2717762879112009E+03
  0.49100000E+03     -0.2777893349672908E+03
  0.49200000E+03     -0.2838890007652560E+03
  0.49300000E+03     -0.2900847108682347E+03
  0.49400000E+03     -0.2963919625687806E+03
  0.49500000E+03     -0.3027833604526725E+03
  0.49600000E+03     -0.3092913588038232E+03
  0.49700000E+03     -0.3158648078940725E+03
  0.49800000E+03     -0.3225635131500598E+03
  0.49900000E+03     -0.3293139177371164E+03
  0.50000000E+03     -0.3361804968390849E+03
  0.50100000E+03     -0.3431669313766184E+03
  0.50200000E+03     -0.3502544864463997E+03
  0.50300000E+03     -0.3574292074562852E+03
  0.50400000E+03     -0.3646912060558780E+03
  0.50500000E+03     -0.3720832564415942E+03
  0.50600000E+03     -0.3795461850628570E+03
  0.50700000E+03     -0.3871493771176183E+03
  0.50800000E+03     -0.3948670730214206E+03
  0.50900000E+03     -0.4026610296750166E+03
  0.51000000E+03     -0.4106275907058397E+03
