  0.00000000E+00      0.6935084456453934E-09      0.7245171699750521E-18      0.8524814302495761E-27      0.1097136058004764E-35      0.1493668016280889E-44
  0.10000000E+01     -0.6057393081198451E-03      0.3669201094009258E-06     -0.2222579332027440E-09      0.1346303666822420E-12     -0.8155090516621255E-16
  0.20000000E+01     -0.3493931045271186E-01      0.2045119393089499E-01     -0.1331758811733555E-01      0.2032551514847422E-01      0.1998848678449337E-01
  0.30000000E+01     -0.1030589948841665E+00      0.6875912041848192E-01     -0.5496419446197826E-01      0.8799298297135447E-01      0.3187975578588345E-02
  0.40000000E+01     -0.2050413787717311E+00      0.1591782780180077E+00     -0.1569286628483934E+00      0.2680222316095228E+00     -0.2085465716790059E+00
  0.50000000E+01     -0.3407576547953424E+00      0.3127264691588900E+00     -0.3752228947192168E+00      0.6945562020825289E+00     -0.1042916641166396E+01
  0.60000000E+01     -0.5102559944812978E+00      0.5574497724797999E+00     -0.8009169868943276E+00      0.1641603530573299E+01     -0.3320453847389240E+01
  0.70000000E+01     -0.7135229875406556E+00      0.9277693807115911E+00     -0.1573606180140868E+01      0.3588895575077449E+01     -0.8892820892045902E+01
  0.80000000E+01     -0.9510942647657641E+00      0.1467125823211614E+01     -0.2909371404535014E+01      0.7439348386156107E+01     -0.2159744463075496E+02
  0.90000000E+01     -0.1222000858871312E+01      0.2221569274604797E+01     -0.5094910971442356E+01      0.1458878978311771E+02     -0.4815827213803787E+02
  0.10000000E+02     -0.1527069923608672E+01      0.3249260468133155E+01     -0.8553896594675820E+01      0.2741995379281614E+02     -0.1015801015792129E+03
  0.11000000E+02     -0.1865506070987387E+01      0.4609169236460666E+01     -0.1382722579092520E+02      0.4950032612263781E+02     -0.2041611826702795E+03
  0.12000000E+02     -0.2238537184190103E+01      0.6376519418928449E+01     -0.2166880831189515E+02      0.8638791792336767E+02     -0.3940374567988885E+03
  0.13000000E+02     -0.2645315337007608E+01      0.8622855897128199E+01     -0.3299303195499643E+02      0.1459508962835585E+03     -0.7328559683783594E+03
  0.14000000E+02     -0.3085727413661249E+01      0.1143125610138083E+02     -0.4899545413889556E+02      0.2397351556731257E+03     -0.1320939810220413E+04
  0.15000000E+02     -0.3560291014728282E+01      0.1489578788261709E+02     -0.7118702513936279E+02      0.3841629620163772E+03     -0.2316566237523026E+04
  0.16000000E+02     -0.4069024904484937E+01      0.1911199121097470E+02     -0.1013665102011176E+03      0.6011794310295552E+03     -0.3954534282048876E+04
  0.17000000E+02     -0.4611575424347744E+01      0.2418544813134270E+02     -0.1417750090045737E+03      0.9212274811768989E+03     -0.6591293480996632E+04
  0.18000000E+02     -0.5187401367866275E+01      0.3021627043933415E+02     -0.1949584032919527E+03      0.1383628116379444E+04     -0.1074299812219755E+05
  0.19000000E+02     -0.5798120106087503E+01      0.3734323901838773E+02     -0.2642794739186425E+03      0.2043297588637439E+04     -0.1718510645579852E+05
  0.20000000E+02     -0.6442494507623302E+01      0.4567747568269554E+02     -0.3533398018491890E+03      0.2967916797563060E+04     -0.2697700393794946E+05
  0.21000000E+02     -0.7120927307035864E+01      0.5535411933705478E+02     -0.4664615766154868E+03      0.4244310565439730E+04     -0.4158145403156856E+05
  0.22000000E+02     -0.7833147731621630E+01      0.6650599617665439E+02     -0.6085995724542126E+03      0.5982969142212302E+04     -0.6304032329065821E+05
  0.23000000E+02     -0.8578600511364776E+01      0.7927397406434018E+02     -0.7855158949768090E+03      0.8323364532477861E+04     -0.9413297886554633E+05
  0.24000000E+02     -0.9358966976910509E+01      0.9383468153174621E+02     -0.1004143048357352E+04      0.1144301809685970E+05     -0.1386508214342122E+06
  0.25000000E+02     -0.1017276452647222E+02      0.1103239886190591E+03     -0.1271690184099013E+04      0.1555137713618906E+05     -0.2015097258488475E+06
  0.26000000E+02     -0.1102147448686300E+02      0.1289389530156376E+03     -0.1597196485859067E+04      0.2091662276758152E+05     -0.2892909128794211E+06
  0.27000000E+02     -0.1190284522761794E+02      0.1498016958750569E+03     -0.1989429211166371E+04      0.2784509499186357E+05     -0.4104245015888000E+06
  0.28000000E+02     -0.1281808317553910E+02      0.1731151593800477E+03     -0.2459390445695283E+04      0.3671648603731264E+05     -0.5756505168686858E+06
  0.29000000E+02     -0.1376935994534780E+02      0.1991414353408788E+03     -0.3021156227687640E+04      0.4803955769198750E+05     -0.8002515213526525E+06
  0.30000000E+02     -0.1475365167168687E+02      0.2279787304642709E+03     -0.3685720027698085E+04      0.6230252120906912E+05     -0.1100741569033617E+07
  0.31000000E+02     -0.1576981019909085E+02      0.2597823045843087E+03     -0.4466613741713239E+04      0.8011593039646627E+05     -0.1498727002510028E+07
  0.32000000E+02     -0.1682179472778497E+02      0.2949017426475168E+03     -0.5384181783197281E+04      0.1023379084434811E+06     -0.2024682359872774E+07
  0.33000000E+02     -0.1790732586592166E+02      0.3334690683617603E+03     -0.6454217926759286E+04      0.1298009192458532E+06     -0.2712210869679700E+07
  0.34000000E+02     -0.1902793560910725E+02      0.3757660174700322E+03     -0.7698425240701101E+04      0.1635940423554967E+06     -0.3605877541998885E+07
  0.35000000E+02     -0.2018206533990820E+02      0.4219555386980681E+03     -0.9136326065148687E+04      0.2048486720778523E+06     -0.4756286985193784E+07
  0.36000000E+02     -0.2137099038359126E+02      0.4723529603522460E+03     -0.1079530648480657E+05      0.2551000362017776E+06     -0.6233452752352620E+07
  0.37000000E+02     -0.2259250127625592E+02      0.5270738871532888E+03     -0.1269577465170828E+05      0.3157377440982291E+06     -0.8108102085701331E+07
  0.38000000E+02     -0.2384876793059983E+02      0.5864705954026601E+03     -0.1486970153058860E+05      0.3887309591513994E+06     -0.1047957451905605E+08
  0.39000000E+02     -0.2513726450996024E+02      0.6506909106964889E+03     -0.1734417916190208E+05      0.4760863603668737E+06     -0.1345979285389089E+08
  0.40000000E+02     -0.2646052039460216E+02      0.7200906346869890E+03     -0.2015437464963755E+05      0.5802160090274904E+06     -0.1718410517367321E+08
  0.41000000E+02     -0.2781588032724193E+02      0.7948597632939591E+03     -0.2333529104521707E+05      0.7039124023211522E+06     -0.2182205149249716E+08
  0.42000000E+02     -0.2920584986483388E+02      0.8753358018469628E+03     -0.2692462633092409E+05      0.8500885993865249E+06     -0.2755602722742051E+08
  0.43000000E+02     -0.3062966955988127E+02      0.9618069942195598E+03     -0.3096590359910813E+05      0.1022367822667533E+07     -0.3462274268969156E+08
  0.44000000E+02     -0.3208856469900211E+02      0.1054623143881020E+04     -0.3550565264494895E+05      0.1224714512346435E+07     -0.4329293982215947E+08
  0.45000000E+02     -0.3357741942548923E+02      0.1153747262310267E+04     -0.4057453192759409E+05      0.1460712332469824E+07     -0.5384625552579443E+08
  0.46000000E+02     -0.3510354706406445E+02      0.1259961439753647E+04     -0.4624748875971355E+05      0.1736343714758413E+07     -0.6669783063553374E+08
  0.47000000E+02     -0.3666272752801815E+02      0.1373285552202949E+04     -0.5256313679196362E+05      0.2056264321259997E+07     -0.8223637668673217E+08
  0.48000000E+02     -0.3825202923543129E+02      0.1493835408234857E+04     -0.5956903828850768E+05      0.2426063640417289E+07     -0.1009387765370459E+09
  0.49000000E+02     -0.3987669482996063E+02      0.1622288056915122E+04     -0.6734512490311316E+05      0.2853317555636491E+07     -0.1234158182862007E+09
  0.50000000E+02     -0.4153604566754412E+02      0.1758960999329521E+04     -0.7595821225727390E+05      0.3345625509616551E+07     -0.1503397436315912E+09
  0.51000000E+02     -0.4322877734999869E+02      0.1904072603383835E+04     -0.8547009329774947E+05      0.3910757833084715E+07     -0.1824447617296305E+09
  0.52000000E+02     -0.4495290608880732E+02      0.2057805685454720E+04     -0.9594563629147029E+05      0.4557410981895298E+07     -0.2205932225442735E+09
  0.53000000E+02     -0.4671011444136098E+02      0.2220606102181110E+04     -0.1074652443376576E+06      0.5295394726818259E+07     -0.2657485333015161E+09
  0.54000000E+02     -0.4849879853522661E+02      0.2392650610494396E+04     -0.1200969310002749E+06      0.6134600711812374E+07     -0.3189695674396191E+09
  0.55000000E+02     -0.5032135749060023E+02      0.2574541100560898E+04     -0.1339458836676840E+06      0.7088224420382665E+07     -0.3816181691564437E+09
  0.56000000E+02     -0.5218096480943987E+02      0.2767030943055397E+04     -0.1491394684977217E+06      0.8172283476923186E+07     -0.4553756302224217E+09
  0.57000000E+02     -0.5406931193475313E+02      0.2969567297170803E+04     -0.1656965414370735E+06      0.9395201233404510E+07     -0.5414677187544852E+09
  0.58000000E+02     -0.5598969797628337E+02      0.3182886796940155E+04     -0.1837490574347652E+06      0.1077490216155454E+08     -0.6419274645687406E+09
  0.59000000E+02     -0.5794284673418383E+02      0.3407402667432194E+04     -0.2034020519049497E+06      0.1232782916065135E+08     -0.7587773945929101E+09
  0.60000000E+02     -0.5992722215305525E+02      0.3643323481580339E+04     -0.2247528270259117E+06      0.1407139883743836E+08     -0.8943151473801069E+09
  0.61000000E+02     -0.6194596736084305E+02      0.3891435671015618E+04     -0.2479549620261371E+06      0.1602838929564077E+08     -0.1051366164857156E+10
  0.62000000E+02     -0.6399645688602450E+02      0.4151843844995727E+04     -0.2731096611170924E+06      0.1821927977856289E+08     -0.1232863821302999E+10
  0.63000000E+02     -0.6607742964813058E+02      0.4424685145515678E+04     -0.3003087071826376E+06      0.2066307023260735E+08     -0.1441625308631421E+10
  0.64000000E+02     -0.6819235646909516E+02      0.4710898042386098E+04     -0.3297485520797183E+06      0.2339141764131960E+08     -0.1681944584652703E+10
  0.65000000E+02     -0.7033545763501452E+02      0.5010048040767797E+04     -0.3614766676025771E+06      0.2642232497547180E+08     -0.1957037572049528E+10
  0.66000000E+02     -0.7251732376180490E+02      0.5324040136379644E+04     -0.3957991789355917E+06      0.2980041503078863E+08     -0.2272827214815730E+10
  0.67000000E+02     -0.7472381444766609E+02      0.5651296498647667E+04     -0.4326557803006172E+06      0.3353674743193072E+08     -0.2632478255546147E+10
  0.68000000E+02     -0.7696289406926655E+02      0.5993371061940866E+04     -0.4723275002428286E+06      0.3767684607769468E+08     -0.3042598101635854E+10
  0.69000000E+02     -0.7923384936469471E+02      0.6350532146802312E+04     -0.5149557230440889E+06      0.4225368024347053E+08     -0.3508897966814415E+10
  0.70000000E+02     -0.8153630771058363E+02      0.6723187351201830E+04     -0.5607155576947876E+06      0.4730704168682401E+08     -0.4038307320443672E+10
  0.71000000E+02     -0.8386708857249249E+02      0.7111193725314057E+04     -0.6097069703434397E+06      0.5286864744050822E+08     -0.4637097754838691E+10
  0.72000000E+02     -0.8623081859224764E+02      0.7515892313600868E+04     -0.6622485028725109E+06      0.5900010635000907E+08     -0.5315530749686393E+10
  0.73000000E+02     -0.8862756486522851E+02      0.7937569880474949E+04     -0.7184914832321763E+06      0.6574130303677325E+08     -0.6081439486430271E+10
  0.74000000E+02     -0.9105557901320739E+02      0.8376537237582826E+04     -0.7786419289447047E+06      0.7314625467191924E+08     -0.6945358637526165E+10
  0.75000000E+02     -0.9351102999213455E+02      0.8832445432561432E+04     -0.8427843678216100E+06      0.8125181533526891E+08     -0.7915816062680250E+10
  0.76000000E+02     -0.9599503533820784E+02      0.9305911335256777E+04     -0.9111532682566106E+06      0.9011744019630855E+08     -0.9004813783455318E+10
  0.77000000E+02     -0.9850727413496122E+02      0.9797310548454609E+04     -0.9839541960228276E+06      0.9980052219526899E+08     -0.1022450141321907E+11
  0.78000000E+02     -0.1010514557925932E+03      0.1030782762468680E+05     -0.1061528417841429E+07      0.1103811935030441E+09     -0.1159090738626496E+11
  0.79000000E+02     -0.1036222907179962E+03      0.1083679220077090E+05     -0.1143928697334352E+07      0.1219003958759462E+09     -0.1311526908481885E+11
  0.80000000E+02     -0.1062277961691019E+03      0.1138648165903088E+05     -0.1231710716673580E+07      0.1344779750600626E+09     -0.1482084402765302E+11
  0.81000000E+02     -0.1088623038259508E+03      0.1195604901243825E+05     -0.1324902302191357E+07      0.1481563039581973E+09     -0.1672057022296017E+11
  0.82000000E+02     -0.1115215683806057E+03      0.1254504260862699E+05     -0.1423612754722914E+07      0.1629936720614005E+09     -0.1883049690161009E+11
  0.83000000E+02     -0.1142187604772350E+03      0.1315690051889078E+05     -0.1528618440862857E+07      0.1791534349531805E+09     -0.2118278963814148E+11
  0.84000000E+02     -0.1169381863349096E+03      0.1378854691840732E+05     -0.1639590557232992E+07      0.1966330191854096E+09     -0.2378653075014943E+11
  0.85000000E+02     -0.1196840195000677E+03      0.1444129103462709E+05     -0.1756939850189842E+07      0.2155442175805141E+09     -0.2666809779387239E+11
  0.86000000E+02     -0.1224564972101167E+03      0.1511567523772384E+05     -0.1880974582394212E+07      0.2359901968902833E+09     -0.2985428290913916E+11
  0.87000000E+02     -0.1252558158268358E+03      0.1581217517583520E+05     -0.2011989086860143E+07      0.2580741813410885E+09     -0.3337282680342488E+11
  0.88000000E+02     -0.1280862574513234E+03      0.1653231315004341E+05     -0.2150484815886751E+07      0.2819382804244521E+09     -0.3725887421289751E+11
  0.89000000E+02     -0.1309378856939180E+03      0.1727399053945796E+05     -0.2296274173133263E+07      0.3076098816882021E+09     -0.4153019058490380E+11
  0.90000000E+02     -0.1338268428692904E+03      0.1804209049803134E+05     -0.2450595182790687E+07      0.3353807587607842E+09     -0.4625164190301450E+11
  0.91000000E+02     -0.1367435587358542E+03      0.1883445400781673E+05     -0.2613231887779254E+07      0.3652759976191268E+09     -0.5144248608399297E+11
  0.92000000E+02     -0.1396803879337186E+03      0.1964938409262038E+05     -0.2784062802456838E+07      0.3973417641864826E+09     -0.5712719114943537E+11
  0.93000000E+02     -0.1426439860188963E+03      0.2048922143832234E+05     -0.2963830654088338E+07      0.4317920690661904E+09     -0.6336165352330316E+11
  0.94000000E+02     -0.1456321887357632E+03      0.2135386829579130E+05     -0.3152782093637950E+07      0.4687549568226767E+09     -0.7018888350976329E+11
  0.95000000E+02     -0.1486512439142939E+03      0.2224558331586624E+05     -0.3351669475975364E+07      0.5084591137335798E+09     -0.7767180557265869E+11
  0.96000000E+02     -0.1516965242646486E+03      0.2316344239591894E+05     -0.3560547655785827E+07      0.5509992647482474E+09     -0.8584989533004552E+11
  0.97000000E+02     -0.1547733212527600E+03      0.2410971830734454E+05     -0.3780255658201497E+07      0.5966451446540248E+09     -0.9480025722097722E+11
  0.98000000E+02     -0.1578672673464402E+03      0.2508020811054073E+05     -0.4010042632786758E+07      0.6453231509131409E+09     -0.1045314725535649E+12
  0.99000000E+02     -0.1609882903146890E+03      0.2607862131058857E+05     -0.4251104241689155E+07      0.6973906707479767E+09     -0.1151430721873727E+12
  0.10000000E+03     -0.1641324304962002E+03      0.2710399447258098E+05     -0.4503460268140605E+07      0.7529443258559026E+09     -0.1266810999798186E+12
  0.10100000E+03     -0.1673034295471643E+03      0.2815817909810374E+05     -0.4767909491189948E+07      0.8122762229031270E+09     -0.1392387136285035E+12
  0.10200000E+03     -0.1704991302153396E+03      0.2924092535332954E+05     -0.5044694507058184E+07      0.8755506298486965E+09     -0.1528824979095396E+12
  0.10300000E+03     -0.1737138847674213E+03      0.3035081029667738E+05     -0.5333772317669237E+07      0.9428748108116895E+09     -0.1676700742373409E+12
  0.10400000E+03     -0.1769588662399465E+03      0.3149212140328422E+05     -0.5636572353856093E+07      0.1014700561801732E+10     -0.1837367642676703E+12
  0.10500000E+03     -0.1802321707164144E+03      0.3266463574398498E+05     -0.5953362369668229E+07      0.1091217497931846E+10     -0.2011638505949094E+12
  0.10600000E+03     -0.1835238892190532E+03      0.3386519017345946E+05     -0.6283587233273525E+07      0.1172410265683487E+10     -0.2199852834012626E+12
  0.10700000E+03     -0.1868373315704043E+03      0.3509556033844284E+05     -0.6628108181327582E+07      0.1258634324886562E+10     -0.2403285670422807E+12
  0.10800000E+03     -0.1901780409985441E+03      0.3635824933108482E+05     -0.6987966983176643E+07      0.1350288969882375E+10     -0.2623329511450313E+12
  0.10900000E+03     -0.1935492208182525E+03      0.3765519734057235E+05     -0.7364154535185224E+07      0.1447795933131971E+10     -0.2861540373152932E+12
  0.11000000E+03     -0.1969307977015670E+03      0.3897878861707522E+05     -0.7754713398031124E+07      0.1550769206873925E+10     -0.3117406388637244E+12
  0.11100000E+03     -0.2003291365082283E+03      0.4033208930562740E+05     -0.8160954989349675E+07      0.1659723399351459E+10     -0.3392776715459885E+12
  0.11200000E+03     -0.2037628768875839E+03      0.4172305223320349E+05     -0.8585655873654263E+07      0.1775568246840091E+10     -0.3690518554426652E+12
  0.11300000E+03     -0.2072212960588700E+03      0.4314763230437832E+05     -0.9027918836206965E+07      0.1898217601104194E+10     -0.4010986603773923E+12
  0.11400000E+03     -0.2106938472501859E+03      0.4460189542648054E+05     -0.9486885617211645E+07      0.2027598098375487E+10     -0.4354582799577198E+12
  0.11500000E+03     -0.2141944042731604E+03      0.4609233203195770E+05     -0.9965069506980190E+07      0.2164618675108532E+10     -0.4724434496632370E+12
  0.11600000E+03     -0.2177137072754275E+03      0.4761527736773541E+05     -0.1046163934630834E+08      0.2309212253810349E+10     -0.5121015434148547E+12
  0.11700000E+03     -0.2212606830595882E+03      0.4917535371802022E+05     -0.1097860843372750E+08      0.2462186306460391E+10     -0.5547345541446031E+12
  0.11800000E+03     -0.2248269201340816E+03      0.5076944758521966E+05     -0.1151541094469031E+08      0.2623590707270013E+10     -0.6004388354980538E+12
  0.11900000E+03     -0.2284173325184733E+03      0.5240013632218095E+05     -0.1207332167648660E+08      0.2794013634895250E+10     -0.6494619609871996E+12
  0.12000000E+03     -0.2320254668112712E+03      0.5406452529336442E+05     -0.1265162478378006E+08      0.2973398901294796E+10     -0.7018567173656531E+12
  0.12100000E+03     -0.2356523261852631E+03      0.5576388040403054E+05     -0.1325133276475850E+08      0.3162328497666554E+10     -0.7578975019820304E+12
  0.12200000E+03     -0.2392981214065888E+03      0.5749844771344306E+05     -0.1387285460188468E+08      0.3361116163577087E+10     -0.8177564481450464E+12
  0.12300000E+03     -0.2429722607149489E+03      0.5927329195667867E+05     -0.1451850812476110E+08      0.3570756305149583E+10     -0.8818365637435969E+12
  0.12400000E+03     -0.2466652966582673E+03      0.6108453742065192E+05     -0.1518742507249380E+08      0.3791235998651116E+10     -0.9502441383478624E+12
  0.12500000E+03     -0.2503667209155111E+03      0.6292697912111878E+05     -0.1587796193516065E+08      0.4022201791059702E+10     -0.1022957270624946E+13
  0.12600000E+03     -0.2540909145750484E+03      0.6480832370928713E+05     -0.1659351736877022E+08      0.4265062263785267E+10     -0.1100536612906018E+13
  0.12700000E+03     -0.2578435410474843E+03      0.6673233429192648E+05     -0.1733617744568601E+08      0.4520851713724970E+10     -0.1183449465935795E+13
  0.12800000E+03     -0.2616055883658454E+03      0.6868948615692447E+05     -0.1810266986060231E+08      0.4788690293404264E+10     -0.1271525256009632E+13
  0.12900000E+03     -0.2654000832860217E+03      0.7069196620909534E+05     -0.1889815885210193E+08      0.5070626314229313E+10     -0.1365552435785164E+13
  0.13000000E+03     -0.2692081239969373E+03      0.7273054284741687E+05     -0.1971960006857905E+08      0.5365915828839726E+10     -0.1465432102874171E+13
  0.13100000E+03     -0.2730370140384515E+03      0.7480949282054746E+05     -0.2056920281019603E+08      0.5675648249831602E+10     -0.1571673021953285E+13
  0.13200000E+03     -0.2768957766442809E+03      0.7693431363243909E+05     -0.2144977802512286E+08      0.6001168633641022E+10     -0.1684885052543115E+13
  0.13300000E+03     -0.2807705797277337E+03      0.7909782753847529E+05     -0.2235888348592178E+08      0.6341898889882572E+10     -0.1805023961840996E+13
  0.13400000E+03     -0.2846561620553754E+03      0.8129762045324166E+05     -0.2329607079209336E+08      0.6698011200095252E+10     -0.1932315060757726E+13
  0.13500000E+03     -0.2885645694184611E+03      0.8354074692016598E+05     -0.2426479632268184E+08      0.7071121577164760E+10     -0.2067490388337751E+13
  0.13600000E+03     -0.2924811611416166E+03      0.8581908069446440E+05     -0.2526202392469442E+08      0.7460377826673680E+10     -0.2210404503753780E+13
  0.13700000E+03     -0.2964331323996228E+03      0.8814900383789344E+05     -0.2629553531547477E+08      0.7869196750742475E+10     -0.2362502101075076E+13
  0.13800000E+03     -0.3003967694261439E+03      0.9051720077406414E+05     -0.2736007479212988E+08      0.8295895739908529E+10     -0.2523355638100709E+13
  0.13900000E+03     -0.3043848625167568E+03      0.9293174215473379E+05     -0.2845984443962204E+08      0.8742540374371065E+10     -0.2693943778904588E+13
  0.14000000E+03     -0.3083962693812633E+03      0.9539238455337319E+05     -0.2959531350549733E+08      0.9209707521777821E+10     -0.2874691158331151E+13
  0.14100000E+03     -0.3124196657486976E+03      0.9789289230154433E+05     -0.3076432157751562E+08      0.9696961918616392E+10     -0.3065665667110148E+13
  0.14200000E+03     -0.3164530105737250E+03      0.1004315755884736E+06     -0.3196626008529156E+08      0.1020428119394799E+11     -0.3267009401607917E+13
  0.14300000E+03     -0.3205116854373926E+03      0.1030189836148506E+06     -0.3320692469305084E+08      0.1073461248695963E+11     -0.3480154561758899E+13
  0.14400000E+03     -0.3245886063990060E+03      0.1056514569917212E+06     -0.3448537678289822E+08      0.1128807506150963E+11     -0.3705426652532315E+13
  0.14500000E+03     -0.3286872389011506E+03      0.1083312044912749E+06     -0.3580307608279099E+08      0.1186563994489204E+11     -0.3943427874676556E+13
  0.14600000E+03     -0.3328075482429344E+03      0.1110591398871162E+06     -0.3716133966343064E+08      0.1246844065015000E+11     -0.4194925914807737E+13
  0.14700000E+03     -0.3369346383690601E+03      0.1138254515758693E+06     -0.3855573040740038E+08      0.1309489295922273E+11     -0.4459497407085317E+13
  0.14800000E+03     -0.3410788288150330E+03      0.1166372671432003E+06     -0.3999036065195168E+08      0.1374726136332881E+11     -0.4738351383899054E+13
  0.14900000E+03     -0.3452601393257224E+03      0.1195094970161144E+06     -0.4147394834218583E+08      0.1443021009061456E+11     -0.5033863223098824E+13
  0.15000000E+03     -0.3494437441932652E+03      0.1224180729421262E+06     -0.4299442432172335E+08      0.1513855002104242E+11     -0.5344031899731935E+13
  0.15100000E+03     -0.3536560636694381E+03      0.1253817488293440E+06     -0.4456221233233669E+08      0.1587761806389186E+11     -0.5671487663769696E+13
  0.15200000E+03     -0.3578738119007155E+03      0.1283848683077285E+06     -0.4616987721694655E+08      0.1664452474844993E+11     -0.6015318001788856E+13
  0.15300000E+03     -0.3621020427329527E+03      0.1314309270415638E+06     -0.4781967013601161E+08      0.1744073025757089E+11     -0.6376441683405514E+13
  0.15400000E+03     -0.3663639856300372E+03      0.1345375077024509E+06     -0.4952203235940096E+08      0.1827193617465012E+11     -0.6757843760427751E+13
  0.15500000E+03     -0.3706301167571790E+03      0.1376834730190567E+06     -0.5126603501620825E+08      0.1913333923915540E+11     -0.7157661269541039E+13
  0.15600000E+03     -0.3749174115447530E+03      0.1408813886370232E+06     -0.5305915282394518E+08      0.2002911954575021E+11     -0.7578170230001826E+13
  0.15700000E+03     -0.3792109916596818E+03      0.1441209267393380E+06     -0.5489648398184544E+08      0.2095749774438481E+11     -0.8018953790244683E+13
  0.15800000E+03     -0.3835459513696301E+03      0.1474289760813160E+06     -0.5679399035156837E+08      0.2192713939561237E+11     -0.8484524837573536E+13
  0.15900000E+03     -0.3878871675100918E+03      0.1507794498533508E+06     -0.5873758390127324E+08      0.2293152656996582E+11     -0.8972191353326066E+13
  0.16000000E+03     -0.3922441471683139E+03      0.1541799991490410E+06     -0.6073240351256648E+08      0.2397394291128974E+11     -0.9483980830991801E+13
  0.16100000E+03     -0.3966249312915465E+03      0.1576373519327882E+06     -0.6278313854961892E+08      0.2505747422485656E+11     -0.1002184055209875E+14
  0.16200000E+03     -0.4010078334067227E+03      0.1611344956641985E+06     -0.6488025070597054E+08      0.2617762892613614E+11     -0.1058393820274055E+14
  0.16300000E+03     -0.4054252206624005E+03      0.1646980212939814E+06     -0.6704065021783813E+08      0.2734422257714529E+11     -0.1117572546321356E+14
  0.16400000E+03     -0.4098527601260305E+03      0.1683087279592706E+06     -0.6925347379521967E+08      0.2855208556692304E+11     -0.1179507224356983E+14
  0.16500000E+03     -0.4142885266084089E+03      0.1719656981157220E+06     -0.7151908091574042E+08      0.2980219992441977E+11     -0.1244302881686028E+14
  0.16600000E+03     -0.4187438382643825E+03      0.1756783502313615E+06     -0.7384387446221647E+08      0.3109869173627770E+11     -0.1312218437111922E+14
  0.16700000E+03     -0.4232210155902751E+03      0.1794491973633149E+06     -0.7623032766602722E+08      0.3244373833926504E+11     -0.1383425118749102E+14
  0.16800000E+03     -0.4277111047046290E+03      0.1832710117126206E+06     -0.7867461010902885E+08      0.3383590579759025E+11     -0.1457901490585647E+14
  0.16900000E+03     -0.4322356784706241E+03      0.1871634021416894E+06     -0.8119060006455272E+08      0.3528416489925314E+11     -0.1536200652929055E+14
  0.17000000E+03     -0.4367715333582715E+03      0.1911066387692911E+06     -0.8376625271129601E+08      0.3678230884396301E+11     -0.1618043396062921E+14
  0.17100000E+03     -0.4413244711918227E+03      0.1951058289782415E+06     -0.8640548883013543E+08      0.3833327052958334E+11     -0.1703642433697075E+14
  0.17200000E+03     -0.4458833996313128E+03      0.1991513872480448E+06     -0.8910265671930060E+08      0.3993445742121203E+11     -0.1792913112601096E+14
  0.17300000E+03     -0.4504742313784067E+03      0.2032672311818718E+06     -0.9187486303696600E+08      0.4159703536718325E+11     -0.1886552065871607E+14
  0.17400000E+03     -0.4550853625416262E+03      0.2074437487190809E+06     -0.9471675150445271E+08      0.4331880930004661E+11     -0.1984512263309363E+14
  0.17500000E+03     -0.4597051021198249E+03      0.2116709786304973E+06     -0.9762258183140817E+08      0.4509729867748730E+11     -0.2086730207515986E+14
  0.17600000E+03     -0.4643395824094181E+03      0.2159538922888968E+06     -0.1005958747922827E+09      0.4693504931770653E+11     -0.2193393238910677E+14
  0.17700000E+03     -0.4689766645286273E+03      0.2202823000737700E+06     -0.1036308821866024E+09      0.4882970330406110E+11     -0.2304455515498900E+14
  0.17800000E+03     -0.4736562452825038E+03      0.2246941420558296E+06     -0.1067552958171379E+09      0.5079959726076059E+11     -0.2421074878688721E+14
  0.17900000E+03     -0.4783398763304979E+03      0.2291533450835789E+06     -0.1099442930876853E+09      0.5282991210697350E+11     -0.2542445213558761E+14
  0.18000000E+03     -0.4830452355142263E+03      0.2336774157425815E+06     -0.1132115064683176E+09      0.5493043378095918E+11     -0.2669241338721165E+14
  0.18100000E+03     -0.4877737287539236E+03      0.2382680533396759E+06     -0.1165590178504451E+09      0.5710343405806129E+11     -0.2801679636115279E+14
  0.18200000E+03     -0.4925092978946436E+03      0.2429106237717860E+06     -0.1199774945494124E+09      0.5934413710936840E+11     -0.2939572206932236E+14
  0.18300000E+03     -0.4972607916059580E+03      0.2476136555277040E+06     -0.1234737454713333E+09      0.6165776732783574E+11     -0.3083312751099946E+14
  0.18400000E+03     -0.5020293713957972E+03      0.2523790036399754E+06     -0.1270503060364037E+09      0.6404718232789231E+11     -0.3233177634260355E+14
  0.18500000E+03     -0.5068314363410087E+03      0.2572238698127309E+06     -0.1307213393277941E+09      0.6652310542168804E+11     -0.3389944888170273E+14
  0.18600000E+03     -0.5116385719426018E+03      0.2621197535074245E+06     -0.1344660690867581E+09      0.6907254149191127E+11     -0.3552885442547091E+14
  0.18700000E+03     -0.5164934021435204E+03      0.2671116916146142E+06     -0.1383208364414808E+09      0.7172195912326309E+11     -0.3723829085073206E+14
  0.18800000E+03     -0.5213507855053984E+03      0.2721532110744243E+06     -0.1422504070043241E+09      0.7444806544195486E+11     -0.3901363107218677E+14
  0.18900000E+03     -0.5262223207859525E+03      0.2772565306209712E+06     -0.1462650932788557E+09      0.7725900661030431E+11     -0.4086111268190491E+14
  0.19000000E+03     -0.5311166453726713E+03      0.2824313734844886E+06     -0.1503737721392291E+09      0.8016234131523155E+11     -0.4278690173798144E+14
  0.19100000E+03     -0.5360340605488871E+03      0.2876788554341518E+06     -0.1545786894994848E+09      0.8316112820871452E+11     -0.4479433973947144E+14
  0.19200000E+03     -0.5409589892523436E+03      0.2929828222846339E+06     -0.1588679675627401E+09      0.8624814730687782E+11     -0.4687975668548569E+14
  0.19300000E+03     -0.5458974951467932E+03      0.2983499458942867E+06     -0.1632478288114067E+09      0.8942898024912979E+11     -0.4904800852230074E+14
  0.19400000E+03     -0.5508652571162654E+03      0.3037983207065623E+06     -0.1677346311052484E+09      0.9271719125848985E+11     -0.5130984825795434E+14
  0.19500000E+03     -0.5558503519105465E+03      0.3093152983091039E+06     -0.1723190551824798E+09      0.9610729617774385E+11     -0.5366279931988693E+14
  0.19600000E+03     -0.5608439484593141E+03      0.3148910035658823E+06     -0.1769935039884150E+09      0.9959463513856410E+11     -0.5610464136909148E+14
  0.19700000E+03     -0.5658687725452536E+03      0.3205520631319629E+06     -0.1817821186274489E+09      0.1031991451010672E+12     -0.5865107998584864E+14
  0.19800000E+03     -0.5709140184128594E+03      0.3262870801753727E+06     -0.1866766869857154E+09      0.1069162964993477E+12     -0.6130048721200001E+14
  0.19900000E+03     -0.5759689237472065E+03      0.3320838334210191E+06     -0.1916675331632047E+09      0.1107398740519778E+12     -0.6404963651674013E+14
  0.20000000E+03     -0.5810445839383882E+03      0.3379559509233521E+06     -0.1967679516173441E+09      0.1146818536242070E+12     -0.6690885029142947E+14
  0.20100000E+03     -0.5861449334352668E+03      0.3439085620908606E+06     -0.2019836874346598E+09      0.1187482785006254E+12     -0.6988411225585268E+14
  0.20200000E+03     -0.5912724962770337E+03      0.3499448652271301E+06     -0.2073185467535357E+09      0.1229435042874995E+12     -0.7298006478780264E+14
  0.20300000E+03     -0.5964142807395082E+03      0.3560506664654763E+06     -0.2127617604084539E+09      0.1272610856676586E+12     -0.7619390449862155E+14
  0.20400000E+03     -0.6015823396805215E+03      0.3622411446857906E+06     -0.2183284390154722E+09      0.1317148966928564E+12     -0.7953783460940180E+14
  0.20500000E+03     -0.6067523454721104E+03      0.3684873307982613E+06     -0.2239935094144631E+09      0.1362863109121721E+12     -0.8299943296870180E+14
  0.20600000E+03     -0.6119592131544250E+03      0.3748322905668470E+06     -0.2297976941574957E+09      0.1410102249754337E+12     -0.8660718878969294E+14
  0.20700000E+03     -0.6171791747225499E+03      0.3812472702077045E+06     -0.2357156917094677E+09      0.1458675155908896E+12     -0.9034811451076966E+14
  0.20800000E+03     -0.6224183522916310E+03      0.3877404187556470E+06     -0.2417564421936259E+09      0.1508673781232281E+12     -0.9423125145527502E+14
  0.20900000E+03     -0.6276853435199299E+03      0.3943237162735455E+06     -0.2479331944935172E+09      0.1560232352514450E+12     -0.9826948390440778E+14
  0.21000000E+03     -0.6329796325400023E+03      0.4009969678155869E+06     -0.2542470691510535E+09      0.1613378419135113E+12     -0.1024669645767248E+15
  0.21100000E+03     -0.6382820682919919E+03      0.4077366360163022E+06     -0.2606772552914651E+09      0.1667956543774996E+12     -0.1068135619276078E+15
  0.21200000E+03     -0.6436218875194884E+03      0.4145807285543861E+06     -0.2672617197845080E+09      0.1724311021483531E+12     -0.1113390506941861E+15
  0.21300000E+03     -0.6489849448642450E+03      0.4215119985880920E+06     -0.2739856002598563E+09      0.1782336928814407E+12     -0.1160373889869782E+15
  0.21400000E+03     -0.6543528411695223E+03      0.4285067173494445E+06     -0.2808268610150235E+09      0.1841860600471960E+12     -0.1208964963297206E+15
  0.21500000E+03     -0.6597346150890239E+03      0.4355770815626390E+06     -0.2877987499130251E+09      0.1903016637415844E+12     -0.1259295768845803E+15
  0.21600000E+03     -0.6651428346805952E+03      0.4427411476297061E+06     -0.2949215610080942E+09      0.1966013319978616E+12     -0.1311569532254757E+15
  0.21700000E+03     -0.6705879360933438E+03      0.4500126230398053E+06     -0.3022097215548169E+09      0.2030993354722412E+12     -0.1365923838247236E+15
  0.21800000E+03     -0.6760166712248533E+03      0.4573213154834819E+06     -0.3095947739527052E+09      0.2097371953265005E+12     -0.1421898118855708E+15
  0.21900000E+03     -0.6814964744381539E+03      0.4647584616957670E+06     -0.3171703266139933E+09      0.2166011860480054E+12     -0.1480245146472893E+15
  0.22000000E+03     -0.6869999722249518E+03      0.4722885492569186E+06     -0.3249028585414539E+09      0.2236642243418994E+12     -0.1540770149258025E+15
  0.22100000E+03     -0.6925378048080120E+03      0.4799265579188436E+06     -0.3328091690809754E+09      0.2309438422974000E+12     -0.1603649710332761E+15
  0.22200000E+03     -0.6980905454142692E+03      0.4876470419891476E+06     -0.3408653662804268E+09      0.2384212606907121E+12     -0.1668757737381078E+15
  0.22300000E+03     -0.7036561452639404E+03      0.4954467217690370E+06     -0.3490685679547649E+09      0.2460952179330021E+12     -0.1736103438468751E+15
  0.22400000E+03     -0.7092562075528841E+03      0.5033576215383881E+06     -0.3574553450703529E+09      0.2540036072139935E+12     -0.1806060219016251E+15
  0.22500000E+03     -0.7148685194960652E+03      0.5113483733572370E+06     -0.3659934853019525E+09      0.2621180028610706E+12     -0.1878402363918422E+15
  0.22600000E+03     -0.7205263672483355E+03      0.5194680930770647E+06     -0.3747384128203140E+09      0.2704949206038148E+12     -0.1953677268492900E+15
  0.22700000E+03     -0.7261941115512230E+03      0.5276657691933106E+06     -0.3836363610911348E+09      0.2790849566829553E+12     -0.2031468574457987E+15
  0.22800000E+03     -0.7319745495347992E+03      0.5360929050720985E+06     -0.3928559655469143E+09      0.2880560414577169E+12     -0.2113353309069739E+15
  0.22900000E+03     -0.7376956867193652E+03      0.5444991759353145E+06     -0.4021249605325847E+09      0.2971459072022720E+12     -0.2196971880844660E+15
  0.23000000E+03     -0.7434416403079144E+03      0.5530079450153054E+06     -0.4115802417650257E+09      0.3064907615256282E+12     -0.2283605382986518E+15
  0.23100000E+03     -0.7492474825212619E+03      0.5616725145022763E+06     -0.4212836964986267E+09      0.3161555119114966E+12     -0.2373900566620979E+15
  0.23200000E+03     -0.7550451535056736E+03      0.5703920100151913E+06     -0.4311242977632419E+09      0.3260326603694127E+12     -0.2466892650702540E+15
  0.23300000E+03     -0.7608676072299148E+03      0.5792166594812128E+06     -0.4411606717437125E+09      0.3361841863373367E+12     -0.2563205827588322E+15
  0.23400000E+03     -0.7667228795513207E+03      0.5881591150489452E+06     -0.4514089134822099E+09      0.3466292703594426E+12     -0.2663060696442071E+15
  0.23500000E+03     -0.7726002066047572E+03      0.5972039414462821E+06     -0.4618536732153602E+09      0.3573558582642957E+12     -0.2766387819869566E+15
  0.23600000E+03     -0.7784971827928291E+03      0.6063487862855308E+06     -0.4724950164352670E+09      0.3683681258378024E+12     -0.2873279007270346E+15
  0.23700000E+03     -0.7844147954349064E+03      0.6155954941261431E+06     -0.4833366903599607E+09      0.3796728810172391E+12     -0.2983841087812995E+15
  0.23800000E+03     -0.7903678721019511E+03      0.6249683729405226E+06     -0.4944097802872695E+09      0.3913065297375367E+12     -0.3098481819506756E+15
  0.23900000E+03     -0.7963601577944972E+03      0.6344746312444416E+06     -0.5057256126182994E+09      0.4032852423799940E+12     -0.3217415563408619E+15
  0.24000000E+03     -0.8023718086271666E+03      0.6440838210259795E+06     -0.5172504741682978E+09      0.4155773829734291E+12     -0.3340382032857429E+15
  0.24100000E+03     -0.8084079710978838E+03      0.6538044720014798E+06     -0.5289962227963625E+09      0.4281986763793710E+12     -0.3467582676853556E+15
  0.24200000E+03     -0.8144740973331180E+03      0.6636470692212710E+06     -0.5409789386030928E+09      0.4411715129380040E+12     -0.3599309201264254E+15
  0.24300000E+03     -0.8205691167057796E+03      0.6736107048814109E+06     -0.5531998597538824E+09      0.4545012089727343E+12     -0.3735670518566852E+15
  0.24400000E+03     -0.8266867497018802E+03      0.6836858831735073E+06     -0.5656496179730413E+09      0.4681814817169756E+12     -0.3876657383778037E+15
  0.24500000E+03     -0.8328327484866347E+03      0.6938833498439331E+06     -0.5783444702974706E+09      0.4822350088273679E+12     -0.4022568952017054E+15
  0.24600000E+03     -0.8390134460901135E+03      0.7042144752932625E+06     -0.5913010191113383E+09      0.4966843937177012E+12     -0.4173699432102438E+15
  0.24700000E+03     -0.8452224483080947E+03      0.7146699805140679E+06     -0.6045108155324551E+09      0.5115253492236896E+12     -0.4330074162784341E+15
  0.24800000E+03     -0.8514707555823053E+03      0.7252695039185642E+06     -0.6180015174150559E+09      0.5267937559422123E+12     -0.4492138767468050E+15
  0.24900000E+03     -0.8577410405392374E+03      0.7359847327440405E+06     -0.6317399226767166E+09      0.5424568875182030E+12     -0.4659614759432624E+15
  0.25000000E+03     -0.8640335549302306E+03      0.7468169788310147E+06     -0.6457303149243233E+09      0.5585242650454380E+12     -0.4832671329500501E+15
  0.25100000E+03     -0.8703535096310269E+03      0.7577763628120529E+06     -0.6599887524790297E+09      0.5750194802540715E+12     -0.5011636498970024E+15
  0.25200000E+03     -0.8767116928021458E+03      0.7688827579135416E+06     -0.6745441392833130E+09      0.5919812653543285E+12     -0.5197007054467597E+15
  0.25300000E+03     -0.8830860372578992E+03      0.7800982432590316E+06     -0.6893491246553795E+09      0.6093589478624307E+12     -0.5388297769021349E+15
  0.25400000E+03     -0.8894969204215754E+03      0.7914603540016812E+06     -0.7044570350361235E+09      0.6272213797799557E+12     -0.5586355475816851E+15
  0.25500000E+03     -0.8959429838507191E+03      0.8029675103930481E+06     -0.7198684480207213E+09      0.6455742694941924E+12     -0.5791319739168599E+15
  0.25600000E+03     -0.9024236501241639E+03      0.8146203569849061E+06     -0.7355880882530571E+09      0.6644297633725601E+12     -0.6003420430401099E+15
  0.25700000E+03     -0.9089153765100989E+03      0.8263771763522648E+06     -0.7515621327772048E+09      0.6837281877915370E+12     -0.6222063056807874E+15
  0.25800000E+03     -0.9154522306166400E+03      0.8383010263341120E+06     -0.7678797517399192E+09      0.7035834733928274E+12     -0.6448631092072646E+15
  0.25900000E+03     -0.9220260604843603E+03      0.8503785426699290E+06     -0.7845263910279598E+09      0.7239844869661633E+12     -0.6683095663569582E+15
  0.26000000E+03     -0.9286331639966567E+03      0.8626042864973095E+06     -0.8014981408727614E+09      0.7449329210784443E+12     -0.6925574686721170E+15
  0.26100000E+03     -0.9352601466139206E+03      0.8749544669310118E+06     -0.8187650736654915E+09      0.7663977766345400E+12     -0.7175802544106019E+15
  0.26200000E+03     -0.9419202766254374E+03      0.8874551900403058E+06     -0.8363673795664904E+09      0.7884357893293473E+12     -0.7434545035287935E+15
  0.26300000E+03     -0.9486108651366083E+03      0.9001022250116890E+06     -0.8543020108092877E+09      0.8110489850521583E+12     -0.7701920285313940E+15
  0.26400000E+03     -0.9553402044985661E+03      0.9129130395986125E+06     -0.8725980952312261E+09      0.8342818660467151E+12     -0.7978573345687220E+15
  0.26500000E+03     -0.9620934010373338E+03      0.9258601798139394E+06     -0.8912195156853070E+09      0.8580947856317742E+12     -0.8264133329547590E+15
  0.26600000E+03     -0.9688808403110642E+03      0.9389651558632503E+06     -0.9102013868234951E+09      0.8825403859200643E+12     -0.8559352977337649E+15
  0.26700000E+03     -0.9757008093559874E+03      0.9522256984320114E+06     -0.9295437828118325E+09      0.9076254777059886E+12     -0.8864424393030048E+15
  0.26800000E+03     -0.9825611453353876E+03      0.9656586993055977E+06     -0.9492756740312408E+09      0.9333957344579092E+12     -0.9180031722721385E+15
  0.26900000E+03     -0.9894465883264306E+03      0.9792355624105006E+06     -0.9693588797146658E+09      0.9598088128738682E+12     -0.9505779396421699E+15
  0.27000000E+03     -0.9963648408000297E+03      0.9929724730546987E+06     -0.9898207643328919E+09      0.9869077595663562E+12     -0.9842316790452244E+15
  0.27100000E+03     -0.1003326234557863E+04      0.1006891800091632E+07     -0.1010699409999779E+10      0.1014751961237816E+13     -0.1019052538140440E+16
  0.27200000E+03     -0.1010291358834554E+04      0.1020915257312573E+07     -0.1031880162798047E+10      0.1043194874056049E+13     -0.1054868533430776E+16
  0.27300000E+03     -0.1017304852223625E+04      0.1035134635761312E+07     -0.1053506596931664E+10      0.1072438660484299E+13     -0.1091949458528475E+16
  0.27400000E+03     -0.1024349687217815E+04      0.1049516764014888E+07     -0.1075532402087259E+10      0.1102429113251169E+13     -0.1130240812366455E+16
  0.27500000E+03     -0.1031410115437550E+04      0.1064030259067036E+07     -0.1097912791837652E+10      0.1133112566313380E+13     -0.1169687054866016E+16
  0.27600000E+03     -0.1038516147228167E+04      0.1078738156126104E+07     -0.1120749156479135E+10      0.1164636657863635E+13     -0.1210492796252480E+16
  0.27700000E+03     -0.1045662276754982E+04      0.1093631077292104E+07     -0.1144032227265270E+10      0.1196998873960950E+13     -0.1252671936999306E+16
  0.27800000E+03     -0.1052841242158639E+04      0.1108695070406622E+07     -0.1167744220341385E+10      0.1230183121204001E+13     -0.1296218680678008E+16
  0.27900000E+03     -0.1060051637437735E+04      0.1123928809688974E+07     -0.1191887830879717E+10      0.1264202973128046E+13     -0.1341167776667408E+16
  0.28000000E+03     -0.1067289895589689E+04      0.1139326138582729E+07     -0.1216457727222889E+10      0.1299060303754029E+13     -0.1387538259933824E+16
  0.28100000E+03     -0.1074556925116516E+04      0.1154889980609554E+07     -0.1241462436140246E+10      0.1334775918431562E+13     -0.1435373682365562E+16
  0.28200000E+03     -0.1081852111190788E+04      0.1170620536853695E+07     -0.1266907027202657E+10      0.1371367130140923E+13     -0.1484715125156747E+16
  0.28300000E+03     -0.1089192455077620E+04      0.1186556210283508E+07     -0.1292858786417006E+10      0.1408941506309445E+13     -0.1535726750457341E+16
  0.28400000E+03     -0.1096546540632836E+04      0.1202629528721059E+07     -0.1319211384291939E+10      0.1447353651157831E+13     -0.1588227405824386E+16
  0.28500000E+03     -0.1103938303614847E+04      0.1218894252691401E+07     -0.1346057718050359E+10      0.1486749377637446E+13     -0.1642435343579326E+16
  0.28600000E+03     -0.1111367449963473E+04      0.1235351326624362E+07     -0.1373404408275257E+10      0.1527149397421737E+13     -0.1698399097389428E+16
  0.28700000E+03     -0.1118836355376625E+04      0.1252007856611280E+07     -0.1401268778804815E+10      0.1568591070615949E+13     -0.1756191727212544E+16
  0.28800000E+03     -0.1126333587715099E+04      0.1268840121075179E+07     -0.1429616630917010E+10      0.1611035432382843E+13     -0.1815780697307401E+16
  0.28900000E+03     -0.1133857627218174E+04      0.1285845439023279E+07     -0.1458447218977567E+10      0.1654490807182957E+13     -0.1877196274704600E+16
  0.29000000E+03     -0.1141415983160989E+04      0.1303042428578745E+07     -0.1487797432098528E+10      0.1699024635797882E+13     -0.1940555890376136E+16
  0.29100000E+03     -0.1149007432016369E+04      0.1320429789072173E+07     -0.1517670192117488E+10      0.1744653108920298E+13     -0.2005904927528622E+16
  0.29200000E+03     -0.1156628753278348E+04      0.1338001376752056E+07     -0.1548059687424152E+10      0.1791378603403374E+13     -0.2073268642749869E+16
  0.29300000E+03     -0.1164276777226661E+04      0.1355751385431284E+07     -0.1578961119565980E+10      0.1839205867408311E+13     -0.2142677218075278E+16
  0.29400000E+03     -0.1171979178940963E+04      0.1373746000674999E+07     -0.1610495817809952E+10      0.1888336311320055E+13     -0.2214448773063025E+16
  0.29500000E+03     -0.1179684741107542E+04      0.1391866717507610E+07     -0.1642460861985129E+10      0.1938465458085104E+13     -0.2288161783621142E+16
  0.29600000E+03     -0.1187443349680666E+04      0.1410232076720272E+07     -0.1675070271430622E+10      0.1989940953927976E+13     -0.2364351438134527E+16
  0.29700000E+03     -0.1195227883546419E+04      0.1428779954910933E+07     -0.1708220218637332E+10      0.2042613535311517E+13     -0.2442824984208478E+16
  0.29800000E+03     -0.1203050658183949E+04      0.1447541060730263E+07     -0.1741970870650819E+10      0.2096591709990675E+13     -0.2523770029924296E+16
  0.29900000E+03     -0.1210892150273203E+04      0.1466470058479069E+07     -0.1776246215425299E+10      0.2151767367337516E+13     -0.2607051508393662E+16
  0.30000000E+03     -0.1218750064302874E+04      0.1485562069594627E+07     -0.1811041509777557E+10      0.2208144106130906E+13     -0.2692698820281474E+16
  0.30100000E+03     -0.1226654358962752E+04      0.1504891398530973E+07     -0.1846497875287344E+10      0.2265964574204008E+13     -0.2781109084458933E+16
  0.30200000E+03     -0.1234591145839049E+04      0.1524425790568002E+07     -0.1882562221254753E+10      0.2325156894752859E+13     -0.2872202201946784E+16
  0.30300000E+03     -0.1242558536433762E+04      0.1544162444571129E+07     -0.1919235795433223E+10      0.2385738587290346E+13     -0.2966036534520498E+16
  0.30400000E+03     -0.1250557872094704E+04      0.1564105901423144E+07     -0.1956532329238749E+10      0.2447746081809742E+13     -0.3062697542178016E+16
  0.30500000E+03     -0.1258592725503404E+04      0.1584266867470876E+07     -0.1994478292360307E+10      0.2511239227433432E+13     -0.3162311196688267E+16
  0.30600000E+03     -0.1266652697024668E+04      0.1604620499616428E+07     -0.2033032396020306E+10      0.2576163297036618E+13     -0.3264822330550548E+16
  0.30700000E+03     -0.1274734756214534E+04      0.1625160509416324E+07     -0.2072188434254677E+10      0.2642522701410989E+13     -0.3370269663001776E+16
  0.30800000E+03     -0.1282862618408782E+04      0.1645948825729992E+07     -0.2112070827323661E+10      0.2710544509113823E+13     -0.3479048381782788E+16
  0.30900000E+03     -0.1291022647586859E+04      0.1666952265648634E+07     -0.2152622383729420E+10      0.2780147702362727E+13     -0.3591064129419375E+16
  0.31000000E+03     -0.1299190378584508E+04      0.1688108904466004E+07     -0.2193728803766563E+10      0.2851150675231658E+13     -0.3706057034181868E+16
  0.31100000E+03     -0.1307414551423871E+04      0.1709546365475597E+07     -0.2235644016410625E+10      0.2924008023970908E+13     -0.3824798431883556E+16
  0.31200000E+03     -0.1315631673204422E+04      0.1731100678585203E+07     -0.2278053724136848E+10      0.2998190129602099E+13     -0.3946461722920194E+16
  0.31300000E+03     -0.1323900259163808E+04      0.1752926657806719E+07     -0.2321268499387998E+10      0.3074256547411229E+13     -0.4072000991838596E+16
  0.31400000E+03     -0.1332199891947295E+04      0.1774972046266907E+07     -0.2365191517681254E+10      0.3152054522605099E+13     -0.4201203174281244E+16
  0.31500000E+03     -0.1340531108885743E+04      0.1797239838023506E+07     -0.2409835293828038E+10      0.3231623890735573E+13     -0.4334173842979727E+16
  0.31600000E+03     -0.1348896696632228E+04      0.1819739116637868E+07     -0.2455224786743462E+10      0.3313027343253714E+13     -0.4471058513382938E+16
  0.31700000E+03     -0.1357282190116811E+04      0.1842432489232032E+07     -0.2501291109668622E+10      0.3396159355341124E+13     -0.4611720587327504E+16
  0.31800000E+03     -0.1365704257858524E+04      0.1865366564049024E+07     -0.2548135471451088E+10      0.3481220885065821E+13     -0.4756541923754312E+16
  0.31900000E+03     -0.1374146316968837E+04      0.1888497280506079E+07     -0.2595673699048510E+10      0.3568076168989781E+13     -0.4905331531843452E+16
  0.32000000E+03     -0.1382624349554618E+04      0.1911870197278809E+07     -0.2644006667800038E+10      0.3656929335753196E+13     -0.5058484341168695E+16
  0.32100000E+03     -0.1391137468807567E+04      0.1935484640368269E+07     -0.2693140322180820E+10      0.3747811559590372E+13     -0.5216100624288728E+16
  0.32200000E+03     -0.1399669430673179E+04      0.1959296605962437E+07     -0.2742988992470310E+10      0.3840582092938312E+13     -0.5377978840515123E+16
  0.32300000E+03     -0.1408229523774272E+04      0.1983333413000519E+07     -0.2793616504711270E+10      0.3935378978880966E+13     -0.5544405526516376E+16
  0.32400000E+03     -0.1416826589720357E+04      0.2007621641301525E+07     -0.2845086322554657E+10      0.4032342146292669E+13     -0.5715675827264988E+16
  0.32500000E+03     -0.1425448750372494E+04      0.2032129162878109E+07     -0.2897337194189237E+10      0.4131376233035735E+13     -0.5891669322041819E+16
  0.32600000E+03     -0.1434104869749745E+04      0.2056882661967779E+07     -0.2950433009851956E+10      0.4232622841534131E+13     -0.6072686961588911E+16
  0.32700000E+03     -0.1442796897194457E+04      0.2081890085153981E+07     -0.3004399835993522E+10      0.4336156376437957E+13     -0.6258919333402004E+16
  0.32800000E+03     -0.1451480543808250E+04      0.2107023920690418E+07     -0.3058966214123859E+10      0.4441470682585576E+13     -0.6449495783555444E+16
  0.32900000E+03     -0.1460214833612333E+04      0.2132456836401752E+07     -0.3114514945617944E+10      0.4549327532526311E+13     -0.6645850188472420E+16
  0.33000000E+03     -0.1468973964543982E+04      0.2158115567771768E+07     -0.3170894090483525E+10      0.4659455363158326E+13     -0.6847544995817660E+16
  0.33100000E+03     -0.1477748414150394E+04      0.2183972459749616E+07     -0.3228047418470473E+10      0.4771761023512445E+13     -0.7054454492475737E+16
  0.33200000E+03     -0.1486547141427039E+04      0.2210056188423979E+07     -0.3286047420818798E+10      0.4886412861015367E+13     -0.7266951312443071E+16
  0.33300000E+03     -0.1495371585908706E+04      0.2236371275418734E+07     -0.3344908816070199E+10      0.5003457292413596E+13     -0.7485168603571077E+16
  0.33400000E+03     -0.1504250371131037E+04      0.2263005662230707E+07     -0.3404838206517191E+10      0.5123332998260839E+13     -0.7709991424221408E+16
  0.33500000E+03     -0.1513118267377322E+04      0.2289764355742840E+07     -0.3465402530902440E+10      0.5245193418470192E+13     -0.7939884571981407E+16
  0.33600000E+03     -0.1522041991431354E+04      0.2316850761172838E+07     -0.3527071117313784E+10      0.5370009384681815E+13     -0.8176745574149670E+16
  0.33700000E+03     -0.1530979589459593E+04      0.2344139099788119E+07     -0.3589565428545488E+10      0.5497241615466890E+13     -0.8419613855927795E+16
  0.33800000E+03     -0.1539939631675203E+04      0.2371656555617777E+07     -0.3652954369049245E+10      0.5627052723213745E+13     -0.8668859230440954E+16
  0.33900000E+03     -0.1548924470689442E+04      0.2399410317754132E+07     -0.3717258669021192E+10      0.5759502403341221E+13     -0.8924646130430556E+16
  0.34000000E+03     -0.1557942513090255E+04      0.2427429760153107E+07     -0.3782558671349278E+10      0.5894790489569356E+13     -0.9187444277179060E+16
  0.34100000E+03     -0.1566981974786615E+04      0.2455679055571877E+07     -0.3848777075436602E+10      0.6032778703285711E+13     -0.9457045097649864E+16
  0.34200000E+03     -0.1576026047632037E+04      0.2484106510464913E+07     -0.3915799152257018E+10      0.6173250750685782E+13     -0.9733088779688482E+16
  0.34300000E+03     -0.1585099890792531E+04      0.2512791908579223E+07     -0.3983819090547489E+10      0.6316635671264747E+13     -0.1001647998090683E+17
  0.34400000E+03     -0.1594219670567491E+04      0.2541788396368586E+07     -0.4052972244022690E+10      0.6463247929610963E+13     -0.1030791653274277E+17
  0.34500000E+03     -0.1603387491280007E+04      0.2571105297445253E+07     -0.4123291688671637E+10      0.6613190302760806E+13     -0.1060768686343763E+17
  0.34600000E+03     -0.1612506980162610E+04      0.2600434005770026E+07     -0.4194040720176882E+10      0.6764909082894561E+13     -0.1091273839282308E+17
  0.34700000E+03     -0.1621672072917172E+04      0.2630077797492605E+07     -0.4265958390345034E+10      0.6920015080111388E+13     -0.1122638199748674E+17
  0.34800000E+03     -0.1630904078407668E+04      0.2660107111848172E+07     -0.4339223909773760E+10      0.7078922751017088E+13     -0.1154953250871711E+17
  0.34900000E+03     -0.1640087043228672E+04      0.2690146584714732E+07     -0.4412930503857008E+10      0.7239695036959207E+13     -0.1187833157942113E+17
  0.35000000E+03     -0.1649331302882430E+04      0.2720556452887187E+07     -0.4487965050754188E+10      0.7404283153203723E+13     -0.1221682475063662E+17
  0.35100000E+03     -0.1658575976035724E+04      0.2751138993282336E+07     -0.4563850715770500E+10      0.7571675762600112E+13     -0.1256302462588001E+17
  0.35200000E+03     -0.1667895182478474E+04      0.2782141377554125E+07     -0.4641210517472971E+10      0.7743279146755692E+13     -0.1291992774072478E+17
  0.35300000E+03     -0.1677198219962272E+04      0.2813262875249783E+07     -0.4719301377737063E+10      0.7917471900348646E+13     -0.1328424006610826E+17
  0.35400000E+03     -0.1686537525378065E+04      0.2844680247629861E+07     -0.4798575023141496E+10      0.8095290689740273E+13     -0.1365821290716645E+17
  0.35500000E+03     -0.1695908620032596E+04      0.2876379152931516E+07     -0.4879002047546718E+10      0.8276695873296570E+13     -0.1404184159943419E+17
  0.35600000E+03     -0.1705337166830121E+04      0.2908449810121188E+07     -0.4960824874218078E+10      0.8462275705584694E+13     -0.1443648105353740E+17
  0.35700000E+03     -0.1714757293215182E+04      0.2940669254807137E+07     -0.5043482456626929E+10      0.8650786765347991E+13     -0.1483957307856831E+17
  0.35800000E+03     -0.1724141939844760E+04      0.2972944096917170E+07     -0.5126738034176651E+10      0.8841706894850814E+13     -0.1525006349264019E+17
  0.35900000E+03     -0.1733578858167194E+04      0.3005576487275389E+07     -0.5211377043308697E+10      0.9036862669217148E+13     -0.1567195923215319E+17
  0.36000000E+03     -0.1743034635956217E+04      0.3038452491168321E+07     -0.5297113114518869E+10      0.9235626374794184E+13     -0.1610399856662608E+17
  0.36100000E+03     -0.1752502810977794E+04      0.3071551211401061E+07     -0.5383900936805219E+10      0.9437926059500525E+13     -0.1654612267106270E+17
  0.36200000E+03     -0.1761997408759252E+04      0.3104922416216935E+07     -0.5471878052918109E+10      0.9644110666482570E+13     -0.1699918211307185E+17
  0.36300000E+03     -0.1771563760648150E+04      0.3138727834509433E+07     -0.5561482327823838E+10      0.9855245437986348E+13     -0.1746563003312196E+17
  0.36400000E+03     -0.1781111454582584E+04      0.3172650455382977E+07     -0.5651885315109213E+10      0.1006941847805186E+14     -0.1794135857293390E+17
  0.36500000E+03     -0.1790650586260128E+04      0.3206723929215554E+07     -0.5743175929784024E+10      0.1028685083022348E+14     -0.1842690891045598E+17
  0.36600000E+03     -0.1800205086166117E+04      0.3241034528691201E+07     -0.5835592662884375E+10      0.1050814044861920E+14     -0.1892371090942158E+17
  0.36700000E+03     -0.1809770843357276E+04      0.3275568829357791E+07     -0.5929108227665582E+10      0.1073325585828171E+14     -0.1943179826413679E+17
  0.36800000E+03     -0.1819349715839352E+04      0.3310334838046428E+07     -0.6023753080923827E+10      0.1096230415110246E+14     -0.1995151745532716E+17
  0.36900000E+03     -0.1828984865499705E+04      0.3345489417332197E+07     -0.6119960161363637E+10      0.1119636028152383E+14     -0.2048539863236639E+17
  0.37000000E+03     -0.1838629573489340E+04      0.3380865116052677E+07     -0.6217284773454528E+10      0.1143438837159253E+14     -0.2103121350683777E+17
  0.37100000E+03     -0.1848287492612786E+04      0.3416475737692968E+07     -0.6315771371150067E+10      0.1167652610225877E+14     -0.2158937427051096E+17
  0.37200000E+03     -0.1858006568690577E+04      0.3452499326732365E+07     -0.6415921246412656E+10      0.1192404105927210E+14     -0.2216291443518392E+17
  0.37300000E+03     -0.1867709403383743E+04      0.3488651905009313E+07     -0.6516958422017532E+10      0.1217506235325569E+14     -0.2274763871032205E+17
  0.37400000E+03     -0.1877397983402981E+04      0.3524939479325892E+07     -0.6618901316494967E+10      0.1242965353873095E+14     -0.2334376860067065E+17
  0.37500000E+03     -0.1887156071118588E+04      0.3561677399529655E+07     -0.6722645939253010E+10      0.1269009131115501E+14     -0.2395675868087224E+17
  0.37600000E+03     -0.1896877312258565E+04      0.3598464863651761E+07     -0.6827064803060829E+10      0.1295356983340690E+14     -0.2458009491223270E+17
  0.37700000E+03     -0.1906648270026867E+04      0.3635631509562752E+07     -0.6933105013157495E+10      0.1322252192867438E+14     -0.2521966799859039E+17
  0.37800000E+03     -0.1916418256040755E+04      0.3672985320360901E+07     -0.7040226541639219E+10      0.1349561183439522E+14     -0.2587241566310006E+17
  0.37900000E+03     -0.1926175796644486E+04      0.3710482631367549E+07     -0.7148310335395693E+10      0.1377256599990908E+14     -0.2653778968792225E+17
  0.38000000E+03     -0.1936010017210445E+04      0.3748466756439592E+07     -0.7258354011126593E+10      0.1405597588499082E+14     -0.2722213546947700E+17
  0.38100000E+03     -0.1945778136019235E+04      0.3786387030173208E+07     -0.7368770094425391E+10      0.1434178740202366E+14     -0.2791578066162478E+17
  0.38200000E+03     -0.1955600089361581E+04      0.3824708679873689E+07     -0.7480917961255888E+10      0.1463354655991785E+14     -0.2862743383164658E+17
  0.38300000E+03     -0.1965449567674739E+04      0.3863332654369552E+07     -0.7594523932992981E+10      0.1493059822617316E+14     -0.2935567161752361E+17
  0.38400000E+03     -0.1975313626901524E+04      0.3902206651216392E+07     -0.7709435343172916E+10      0.1523256121713745E+14     -0.3009964027924903E+17
  0.38500000E+03     -0.1985179499382242E+04      0.3941284290273495E+07     -0.7825532446364485E+10      0.1553918149036444E+14     -0.3085890027774195E+17
  0.38600000E+03     -0.1995056431698546E+04      0.3980599439245006E+07     -0.7942913485492206E+10      0.1585072758962814E+14     -0.3163417706817652E+17
  0.38700000E+03     -0.2004956030925210E+04      0.4020200105653055E+07     -0.8061733004757750E+10      0.1616765490509178E+14     -0.3242675484626489E+17
  0.38800000E+03     -0.2014779972440749E+04      0.4059693226548693E+07     -0.8180818030229205E+10      0.1648686677883743E+14     -0.3322900694458404E+17
  0.38900000E+03     -0.2024697874988858E+04      0.4099760242290766E+07     -0.8302227969109889E+10      0.1681391194854240E+14     -0.3405499021003243E+17
  0.39000000E+03     -0.2034625943034283E+04      0.4140064060589708E+07     -0.8424951444550934E+10      0.1714610862021435E+14     -0.3489807808215337E+17
  0.39100000E+03     -0.2044576049122011E+04      0.4180655136988111E+07     -0.8549154769234647E+10      0.1748395700016792E+14     -0.3575970683254448E+17
  0.39200000E+03     -0.2054497141439515E+04      0.4221325421886312E+07     -0.8674207986721712E+10      0.1782577790979475E+14     -0.3663572322715427E+17
  0.39300000E+03     -0.2064445435297576E+04      0.4262306198236426E+07     -0.8800830746326639E+10      0.1817357788908589E+14     -0.3753141228202630E+17
  0.39400000E+03     -0.2074461894460425E+04      0.4303765848832886E+07     -0.8929547975282701E+10      0.1852882743253573E+14     -0.3845067560956663E+17
  0.39500000E+03     -0.2084415612027884E+04      0.4345165423489044E+07     -0.9058701462175528E+10      0.1888700819140237E+14     -0.3938201502229269E+17
  0.39600000E+03     -0.2094373426509650E+04      0.4386779612658496E+07     -0.9189143837947475E+10      0.1925048942373161E+14     -0.4033164642773387E+17
  0.39700000E+03     -0.2104355246076578E+04      0.4428693482339907E+07     -0.9321153421851700E+10      0.1962009540976047E+14     -0.4130189299938911E+17
  0.39800000E+03     -0.2114336861700659E+04      0.4470806395806236E+07     -0.9454422452576385E+10      0.1999500699979338E+14     -0.4229076009463764E+17
  0.39900000E+03     -0.2124255521325110E+04      0.4512851553635967E+07     -0.9588106165349829E+10      0.2037286332097398E+14     -0.4329210645161480E+17
  0.40000000E+03     -0.2134357409717205E+04      0.4555874951479599E+07     -0.9725544080154419E+10      0.2076315949446183E+14     -0.4433128859075278E+17
  0.40100000E+03     -0.2144367799436203E+04      0.4598708487879127E+07     -0.9863016695842859E+10      0.2115538330025093E+14     -0.4538049503140874E+17
  0.40200000E+03     -0.2154377253374759E+04      0.4641741243862621E+07     -0.1000178409287898E+11      0.2155318020790191E+14     -0.4644966020002661E+17
  0.40300000E+03     -0.2164408813249232E+04      0.4685067677679075E+07     -0.1014214192856606E+11      0.2195738904227608E+14     -0.4754106062558070E+17
  0.40400000E+03     -0.2174468865646367E+04      0.4728720035902472E+07     -0.1028421589479716E+11      0.2236845053728148E+14     -0.4865614658003884E+17
  0.40500000E+03     -0.2184482583746541E+04      0.4772374396560538E+07     -0.1042696031510457E+11      0.2278338171018466E+14     -0.4978698917690320E+17
  0.40600000E+03     -0.2194514471127079E+04      0.4816306347202308E+07     -0.1057126404989009E+11      0.2320474827507423E+14     -0.5094057986888369E+17
  0.40700000E+03     -0.2204521986124386E+04      0.4860332457170465E+07     -0.1071653993222589E+11      0.2363089783792436E+14     -0.5211261235486608E+17
  0.40800000E+03     -0.2214583825095921E+04      0.4904800035491815E+07     -0.1086394373858788E+11      0.2406526721032249E+14     -0.5331271592660783E+17
  0.40900000E+03     -0.2224544879783205E+04      0.4949021235684464E+07     -0.1101119354727980E+11      0.2450114439713842E+14     -0.5452242930575594E+17
  0.41000000E+03     -0.2234633110367744E+04      0.4994010004696827E+07     -0.1116167817541730E+11      0.2494861577595114E+14     -0.5576994850204399E+17
  0.41100000E+03     -0.2244741325317857E+04      0.5039291501561416E+07     -0.1131382602236085E+11      0.2540307586886388E+14     -0.5704267287564302E+17
  0.41200000E+03     -0.2254737384244390E+04      0.5084272003941042E+07     -0.1146564243163597E+11      0.2585858618879972E+14     -0.5832407834828089E+17
  0.41300000E+03     -0.2264726768659431E+04      0.5129423861634340E+07     -0.1161871992634324E+11      0.2631993782790747E+14     -0.5962772996697510E+17
  0.41400000E+03     -0.2274842375074312E+04      0.5175346594454692E+07     -0.1177509318285695E+11      0.2679328781042065E+14     -0.6097114789094900E+17
  0.41500000E+03     -0.2284866975553934E+04      0.5221059940922069E+07     -0.1193145030124247E+11      0.2726870751521552E+14     -0.6232647878172378E+17
  0.41600000E+03     -0.2294909183137107E+04      0.5267053730160326E+07     -0.1208945422962476E+11      0.2775123432735881E+14     -0.6370808298714089E+17
  0.41700000E+03     -0.2304982466727663E+04      0.5313393764411539E+07     -0.1224935123998417E+11      0.2824170067617763E+14     -0.6511862727300880E+17
  0.41800000E+03     -0.2315015783987080E+04      0.5359752221026410E+07     -0.1241001283721872E+11      0.2873667201780736E+14     -0.6654836590189725E+17
  0.41900000E+03     -0.2325040273863622E+04      0.5406269996033693E+07     -0.1257192304480115E+11      0.2923764504570541E+14     -0.6800169188495835E+17
  0.42000000E+03     -0.2335156891892401E+04      0.5453418763113877E+07     -0.1273674078998483E+11      0.2974982480295475E+14     -0.6949396881089095E+17
  0.42100000E+03     -0.2345159085564275E+04      0.5500237116266345E+07     -0.1290111577383719E+11      0.3026285178274076E+14     -0.7099521991284848E+17
  0.42200000E+03     -0.2355189217248922E+04      0.5547385865822964E+07     -0.1306735460418211E+11      0.3078390214030405E+14     -0.7252643293007654E+17
  0.42300000E+03     -0.2365314276226889E+04      0.5595184436015964E+07     -0.1323660547972062E+11      0.3131666236288636E+14     -0.7409875412492539E+17
  0.42400000E+03     -0.2375309978472038E+04      0.5642574980142864E+07     -0.1340513218696234E+11      0.3184942113396501E+14     -0.7567782300986827E+17
  0.42500000E+03     -0.2385312984850949E+04      0.5690198169777315E+07     -0.1357519325851611E+11      0.3238927475823524E+14     -0.7728459989449762E+17
  0.42600000E+03     -0.2395467970858915E+04      0.5738752462014610E+07     -0.1374932362686491E+11      0.3294441943245398E+14     -0.7894398186004029E+17
  0.42700000E+03     -0.2405465255630664E+04      0.5786751936043548E+07     -0.1392218159806282E+11      0.3349780399415923E+14     -0.8060499520958866E+17
  0.42800000E+03     -0.2415415821811886E+04      0.5834726452121626E+07     -0.1409567064202306E+11      0.3405552669710052E+14     -0.8228601634603742E+17
  0.42900000E+03     -0.2425384912961909E+04      0.5882988992568828E+07     -0.1427092274787196E+11      0.3462124593072613E+14     -0.8399818695821666E+17
  0.43000000E+03     -0.2435367197689642E+04      0.5931515612691225E+07     -0.1444786379865123E+11      0.3519478341619115E+14     -0.8574121119550048E+17
  0.43100000E+03     -0.2445456276960602E+04      0.5980761829724371E+07     -0.1462816256735982E+11      0.3578159322993573E+14     -0.8753186016696238E+17
  0.43200000E+03     -0.2455294153503436E+04      0.6028976922766692E+07     -0.1480540314061659E+11      0.3636079243025194E+14     -0.8930646308543758E+17
  0.43300000E+03     -0.2465272504039232E+04      0.6078081888524026E+07     -0.1498665836963491E+11      0.3695555047743215E+14     -0.9113624158220035E+17
  0.43400000E+03     -0.2475227595856768E+04      0.6127268275501004E+07     -0.1516894012328148E+11      0.3755606881518488E+14     -0.9299113051813867E+17
  0.43500000E+03     -0.2485163335593314E+04      0.6176557181241992E+07     -0.1535233899114699E+11      0.3816270569564206E+14     -0.9487247974989742E+17
  0.43600000E+03     -0.2495133135182902E+04      0.6226214250528800E+07     -0.1553785192255946E+11      0.3877880670136489E+14     -0.9679087476145808E+17
  0.43700000E+03     -0.2505084225218621E+04      0.6275978712856274E+07     -0.1572451848056872E+11      0.3940124806579005E+14     -0.9873685694976197E+17
  0.43800000E+03     -0.2515097526629600E+04      0.6326250574895665E+07     -0.1591382737316000E+11      0.4003497417073712E+14     -0.1007258830458948E+18
  0.43900000E+03     -0.2524917852654714E+04      0.6375749498790513E+07     -0.1610096629140569E+11      0.4066392567047230E+14     -0.1027077689479626E+18
  0.44000000E+03     -0.2534775064014909E+04      0.6425626201908899E+07     -0.1629026154065022E+11      0.4130258045922106E+14     -0.1047279992204114E+18
  0.44100000E+03     -0.2544744955355035E+04      0.6476272353328725E+07     -0.1648323656670337E+11      0.4195622340865409E+14     -0.1068038141475918E+18
  0.44200000E+03     -0.2554650182416005E+04      0.6526790235965949E+07     -0.1667648869615727E+11      0.4261340904058128E+14     -0.1088991817195312E+18
  0.44300000E+03     -0.2564458099853526E+04      0.6576998967658844E+07     -0.1686927678777330E+11      0.4327146956940599E+14     -0.1110051892982041E+18
  0.44400000E+03     -0.2574326488471465E+04      0.6627717389916050E+07     -0.1706479338695086E+11      0.4394148703263737E+14     -0.1131579559805735E+18
  0.44500000E+03     -0.2584234453598000E+04      0.6678829872108257E+07     -0.1726256675956629E+11      0.4462177562804036E+14     -0.1153519066000549E+18
  0.44600000E+03     -0.2594012227103132E+04      0.6729466860610241E+07     -0.1745926220377630E+11      0.4530098778262067E+14     -0.1175509058375533E+18
  0.44700000E+03     -0.2604018755978378E+04      0.6781485928567638E+07     -0.1766209585792042E+11      0.4600406330287449E+14     -0.1198358322453016E+18
  0.44800000E+03     -0.2613776387742221E+04      0.6832402374942434E+07     -0.1786137874981099E+11      0.4669743545996014E+14     -0.1220977197055284E+18
  0.44900000E+03     -0.2623390311540423E+04      0.6882753946214605E+07     -0.1805917747349197E+11      0.4738818122460126E+14     -0.1243593469811965E+18
  0.45000000E+03     -0.2633188181123793E+04      0.6934263339677336E+07     -0.1826229127195601E+11      0.4810017600026405E+14     -0.1266993818766865E+18
  0.45100000E+03     -0.2642858979679261E+04      0.6985294238607308E+07     -0.1846426859273765E+11      0.4881082751061177E+14     -0.1290437144071563E+18
  0.45200000E+03     -0.2652539229027341E+04      0.7036560026771845E+07     -0.1866791061863754E+11      0.4952993205795955E+14     -0.1314245273895833E+18
  0.45300000E+03     -0.2662245708145315E+04      0.7088151585823683E+07     -0.1887359141315313E+11      0.5025887439626938E+14     -0.1338466756517823E+18
  0.45400000E+03     -0.2671881388784942E+04      0.7139549064070895E+07     -0.1907922769116755E+11      0.5099025316143409E+14     -0.1362855723898208E+18
  0.45500000E+03     -0.2681494795098211E+04      0.7191026749057337E+07     -0.1928598409908701E+11      0.5172846905596037E+14     -0.1387568185925216E+18
  0.45600000E+03     -0.2691222701892057E+04      0.7243292657609502E+07     -0.1949661205347348E+11      0.5248303656218833E+14     -0.1412912966687373E+18
  0.45700000E+03     -0.2700770003214375E+04      0.7294777233652281E+07     -0.1970485579302028E+11      0.5323181141178106E+14     -0.1438155840051035E+18
  0.45800000E+03     -0.2710239100174952E+04      0.7346016494165108E+07     -0.1991282349087408E+11      0.5398217859506088E+14     -0.1463539863349836E+18
  0.45900000E+03     -0.2719893912869116E+04      0.7398450241609780E+07     -0.2012641134479795E+11      0.5475561925077262E+14     -0.1489799335906980E+18
  0.46000000E+03     -0.2729440624806803E+04      0.7450477095245260E+07     -0.2033907817126699E+11      0.5552840047956234E+14     -0.1516127572453574E+18
  0.46100000E+03     -0.2738943240366599E+04      0.7502446202424705E+07     -0.2055225783811153E+11      0.5630577609146870E+14     -0.1542705702370951E+18
  0.46200000E+03     -0.2748471872725656E+04      0.7554736968543169E+07     -0.2076749523321688E+11      0.5709335653029847E+14     -0.1569725391780292E+18
  0.46300000E+03     -0.2757882736061732E+04      0.7606563666836360E+07     -0.2098157539709660E+11      0.5787946831679886E+14     -0.1596789950313050E+18
  0.46400000E+03     -0.2767476991953498E+04      0.7659576117278555E+07     -0.2120128181562122E+11      0.5868892212284582E+14     -0.1624750751739508E+18
  0.46500000E+03     -0.2776850716142019E+04      0.7711555917073311E+07     -0.2141748167571375E+11      0.5948831591512759E+14     -0.1652463172090280E+18
  0.46600000E+03     -0.2786282184785459E+04      0.7764026932043333E+07     -0.2163643831499833E+11      0.6030055047402832E+14     -0.1680712834596475E+18
  0.46700000E+03     -0.2795479176913016E+04      0.7815364862188008E+07     -0.2185138444428912E+11      0.6110057963861998E+14     -0.1708631245351068E+18
  0.46800000E+03     -0.2804765254602733E+04      0.7867380382677438E+07     -0.2206992491841774E+11      0.6191681479190259E+14     -0.1737214189460540E+18
  0.46900000E+03     -0.2814012303840474E+04      0.7919340076798186E+07     -0.2228891723884870E+11      0.6273731037771070E+14     -0.1766036742121432E+18
  0.47000000E+03     -0.2823512919625263E+04      0.7972902206135389E+07     -0.2251541419845108E+11      0.6358874550643029E+14     -0.1796045579018301E+18
  0.47100000E+03     -0.2832957697911914E+04      0.8026330620483778E+07     -0.2274211417687966E+11      0.6444384279374910E+14     -0.1826286025620690E+18
  0.47200000E+03     -0.2842071596668260E+04      0.8078058152327701E+07     -0.2296232462219660E+11      0.6527721471489482E+14     -0.1855855824831311E+18
  0.47300000E+03     -0.2851092106871687E+04      0.8129418994677475E+07     -0.2318167138257488E+11      0.6610996452597282E+14     -0.1885497712560514E+18
  0.47400000E+03     -0.2860139190600301E+04      0.8181094893723475E+07     -0.2340306564413785E+11      0.6695316287369596E+14     -0.1915607103269992E+18
  0.47500000E+03     -0.2869262006055293E+04      0.8233369878017127E+07     -0.2362774199905730E+11      0.6781159396750648E+14     -0.1946358290200358E+18
  0.47600000E+03     -0.2878537672448330E+04      0.8286686087156139E+07     -0.2385760673052594E+11      0.6869258308012270E+14     -0.1978015864158805E+18
  0.47700000E+03     -0.2887612436701037E+04      0.8339014629054612E+07     -0.2408393591018758E+11      0.6956279950301714E+14     -0.2009386445872040E+18
  0.47800000E+03     -0.2896596607940564E+04      0.8390989560070939E+07     -0.2430946814405095E+11      0.7043277756634073E+14     -0.2040850648372824E+18
  0.47900000E+03     -0.2905602415100870E+04      0.8443246606969899E+07     -0.2453690761887366E+11      0.7131275547004833E+14     -0.2072772377002099E+18
  0.48000000E+03     -0.2914334122210129E+04      0.8494071307410615E+07     -0.2475880342056472E+11      0.7217396360048903E+14     -0.2104110696813549E+18
  0.48100000E+03     -0.2923494147269728E+04      0.8547549820509598E+07     -0.2499298936499563E+11      0.7308561194029564E+14     -0.2137384515501474E+18
  0.48200000E+03     -0.2932241777468366E+04      0.8598778559691908E+07     -0.2521801688420480E+11      0.7396431572186773E+14     -0.2169555031467663E+18
  0.48300000E+03     -0.2940991162555193E+04      0.8650175864689728E+07     -0.2544448251172870E+11      0.7485136869145881E+14     -0.2202131641533205E+18
  0.48400000E+03     -0.2949586854923329E+04      0.8700810338968830E+07     -0.2566820550108619E+11      0.7573010783098372E+14     -0.2234492358973392E+18
  0.48500000E+03     -0.2958364953743847E+04      0.8752677483676272E+07     -0.2589807588159887E+11      0.7663575424142609E+14     -0.2267945975465259E+18
  0.48600000E+03     -0.2967145637813093E+04      0.8804712560808402E+07     -0.2612936923906213E+11      0.7754968945114719E+14     -0.2301805177397358E+18
  0.48700000E+03     -0.2975665663287576E+04      0.8855342315225707E+07     -0.2635503679455733E+11      0.7844385305215375E+14     -0.2335023154045606E+18
  0.48800000E+03     -0.2984234355870321E+04      0.8906424746647976E+07     -0.2658345322861791E+11      0.7935181594806925E+14     -0.2368862159264320E+18
  0.48900000E+03     -0.2992927813038400E+04      0.8958392793522656E+07     -0.2681646603040326E+11      0.8028058740557502E+14     -0.2403571582402620E+18
  0.49000000E+03     -0.3001547353360923E+04      0.9010065870284114E+07     -0.2704881640079884E+11      0.8120935580419941E+14     -0.2438379678587879E+18
  0.49100000E+03     -0.3009881663191489E+04      0.9060166968077457E+07     -0.2727472053637814E+11      0.8211485202826769E+14     -0.2472409400241835E+18
  0.49200000E+03     -0.3018215058285576E+04      0.9110412040287601E+07     -0.2750194963822816E+11      0.8302837524352106E+14     -0.2506843136902420E+18
  0.49300000E+03     -0.3026645952214183E+04      0.9161375751540001E+07     -0.2773302173593924E+11      0.8395973868942862E+14     -0.2542039667679910E+18
  0.49400000E+03     -0.3035101621518207E+04      0.9212636880926980E+07     -0.2796611363583206E+11      0.8490195627544070E+14     -0.2577749187431533E+18
  0.49500000E+03     -0.3043200183135026E+04      0.9261872749035487E+07     -0.2819063351592071E+11      0.8581210774426931E+14     -0.2612341689855575E+18
  0.49600000E+03     -0.3051444164090517E+04      0.9312122316556815E+07     -0.2842036829479653E+11      0.8674580573367655E+14     -0.2647920804119292E+18
  0.49700000E+03     -0.3059538052829314E+04      0.9361590089350872E+07     -0.2864713900047298E+11      0.8766994451373514E+14     -0.2683230734029696E+18
  0.49800000E+03     -0.3067790619431458E+04      0.9412155666759435E+07     -0.2887953031592700E+11      0.8861938990166367E+14     -0.2719599538174008E+18
  0.49900000E+03     -0.3075891954138128E+04      0.9461929570395870E+07     -0.2910890535203595E+11      0.8955906148667916E+14     -0.2755691899565910E+18
  0.50000000E+03     -0.3084004411850530E+04      0.9511914406333683E+07     -0.2933991148157370E+11      0.9050812292496125E+14     -0.2792249233155072E+18
  0.50100000E+03     -0.3091897554339175E+04      0.9560671650479142E+07     -0.2956581739010596E+11      0.9143859094928969E+14     -0.2828181491736055E+18
  0.50200000E+03     -0.3099878325726796E+04      0.9610095755932443E+07     -0.2979539670843667E+11      0.9238660087668295E+14     -0.2864884609172017E+18
  0.50300000E+03     -0.3107787634294079E+04      0.9659197835564155E+07     -0.3002404122028334E+11      0.9333307203986034E+14     -0.2901618207111684E+18
  0.50400000E+03     -0.3115143242744156E+04      0.9704974757762246E+07     -0.3023772631417549E+11      0.9421979448891036E+14     -0.2936117547103197E+18
  0.50500000E+03     -0.3122987535976601E+04      0.9753909092748681E+07     -0.3046669356746854E+11      0.9517219374294067E+14     -0.2973260332378494E+18
  0.50600000E+03     -0.3130708737667796E+04      0.9802198057821758E+07     -0.3069321576391780E+11      0.9611681926054142E+14     -0.3010193655606162E+18
  0.50700000E+03     -0.3138467361106239E+04      0.9850854445098195E+07     -0.3092208878582664E+11      0.9707387030040441E+14     -0.3047715581702497E+18
  0.50800000E+03     -0.3145727443132365E+04      0.9896485651470957E+07     -0.3113720935128300E+11      0.9797541577891439E+14     -0.3083140008636063E+18
  0.50900000E+03     -0.3153232867180104E+04      0.9943753285173262E+07     -0.3136049110395554E+11      0.9891304154895566E+14     -0.3120056170452106E+18
  0.51000000E+03     -0.3160652581906361E+04      0.9990605942051366E+07     -0.3158240321553820E+11      0.9984740046420217E+14     -0.3156941712547617E+18
