  0.00000000E+00     -0.4496125775074575E+01
  0.10000000E+01     -0.3057013432717548E+01
  0.20000000E+01     -0.2283910047955808E+01
  0.30000000E+01     -0.1889102183359670E+01
  0.40000000E+01     -0.1754830640526473E+01
  0.50000000E+01     -0.1816572746960743E+01
  0.60000000E+01     -0.2033473204051917E+01
  0.70000000E+01     -0.2377324543927512E+01
  0.80000000E+01     -0.2827614590707559E+01
  0.90000000E+01     -0.3368625427714833E+01
  0.10000000E+02     -0.3987787407141267E+01
  0.11000000E+02     -0.4674955052619713E+01
  0.12000000E+02     -0.5421802193910389E+01
  0.13000000E+02     -0.6221587265109339E+01
  0.14000000E+02     -0.7068459051164560E+01
  0.15000000E+02     -0.7956930769338052E+01
  0.16000000E+02     -0.8882874556242252E+01
  0.17000000E+02     -0.9842146494433686E+01
  0.18000000E+02     -0.1083130354226058E+02
  0.19000000E+02     -0.1184740339786992E+02
  0.20000000E+02     -0.1288739055674858E+02
  0.21000000E+02     -0.1394891350049576E+02
  0.22000000E+02     -0.1502978252933729E+02
  0.23000000E+02     -0.1612788092827619E+02
  0.24000000E+02     -0.1724115808396342E+02
  0.25000000E+02     -0.1836800001231883E+02
  0.26000000E+02     -0.1950643848398092E+02
  0.27000000E+02     -0.2065519019645133E+02
  0.28000000E+02     -0.2181280764695711E+02
  0.29000000E+02     -0.2297799944727430E+02
  0.30000000E+02     -0.2414938465779136E+02
  0.31000000E+02     -0.2532596645411880E+02
  0.32000000E+02     -0.2650672841781289E+02
  0.33000000E+02     -0.2769064030161848E+02
  0.34000000E+02     -0.2887656393459822E+02
  0.35000000E+02     -0.3006373574110204E+02
  0.36000000E+02     -0.3125097605862851E+02
  0.37000000E+02     -0.3243782130744882E+02
  0.38000000E+02     -0.3362352795238822E+02
  0.39000000E+02     -0.3480700807521708E+02
  0.40000000E+02     -0.3598786021421250E+02
  0.41000000E+02     -0.3716550422272782E+02
  0.42000000E+02     -0.3833881867279985E+02
  0.43000000E+02     -0.3950747152619569E+02
  0.44000000E+02     -0.4067067696451262E+02
  0.45000000E+02     -0.4182832307924488E+02
  0.46000000E+02     -0.4297977298039885E+02
  0.47000000E+02     -0.4412423315298110E+02
  0.48000000E+02     -0.4526164358177439E+02
  0.49000000E+02     -0.4639152892416934E+02
  0.50000000E+02     -0.4751307766761783E+02
  0.51000000E+02     -0.4862612420523175E+02
  0.52000000E+02     -0.4973064485842218E+02
  0.53000000E+02     -0.5082596826454130E+02
  0.54000000E+02     -0.5191228430115395E+02
  0.55000000E+02     -0.5298919571070738E+02
  0.56000000E+02     -0.5405665790598966E+02
  0.57000000E+02     -0.5511425075080635E+02
  0.58000000E+02     -0.5616186938399240E+02
  0.59000000E+02     -0.5719958138810672E+02
  0.60000000E+02     -0.5822751137249340E+02
  0.61000000E+02     -0.5924519628159217E+02
  0.62000000E+02     -0.6025258169349597E+02
  0.63000000E+02     -0.6124975115538219E+02
  0.64000000E+02     -0.6223683352037028E+02
  0.65000000E+02     -0.6321352199048137E+02
  0.66000000E+02     -0.6418017232069386E+02
  0.67000000E+02     -0.6513683361043110E+02
  0.68000000E+02     -0.6608327570543662E+02
  0.69000000E+02     -0.6701946178261545E+02
  0.70000000E+02     -0.6794606667263298E+02
  0.71000000E+02     -0.6886256841570943E+02
  0.72000000E+02     -0.6976926228512639E+02
  0.73000000E+02     -0.7066590350500221E+02
  0.74000000E+02     -0.7155312804895533E+02
  0.75000000E+02     -0.7243066660610720E+02
  0.76000000E+02     -0.7329832221552110E+02
  0.77000000E+02     -0.7415619650296622E+02
  0.78000000E+02     -0.7500512679695180E+02
  0.79000000E+02     -0.7584424602521631E+02
  0.80000000E+02     -0.7667429190431494E+02
  0.81000000E+02     -0.7749460753240842E+02
  0.82000000E+02     -0.7830568401310401E+02
  0.83000000E+02     -0.7910820790145817E+02
  0.84000000E+02     -0.7990110291350052E+02
  0.85000000E+02     -0.8068484187189213E+02
  0.86000000E+02     -0.8145984487758139E+02
  0.87000000E+02     -0.8222571805966740E+02
  0.88000000E+02     -0.8298297490441479E+02
  0.89000000E+02     -0.8373137525836756E+02
  0.90000000E+02     -0.8447108381556947E+02
  0.91000000E+02     -0.8520212044107186E+02
  0.92000000E+02     -0.8592412320405566E+02
  0.93000000E+02     -0.8663781499606660E+02
  0.94000000E+02     -0.8734341247376352E+02
  0.95000000E+02     -0.8804038083094562E+02
  0.96000000E+02     -0.8872928316387575E+02
  0.97000000E+02     -0.8941023762297161E+02
  0.98000000E+02     -0.9008265345742527E+02
  0.99000000E+02     -0.9074654885793498E+02
  0.10000000E+03     -0.9140246027863617E+02
  0.10100000E+03     -0.9205035527742007E+02
  0.10200000E+03     -0.9269070514259963E+02
  0.10300000E+03     -0.9332293638720466E+02
  0.10400000E+03     -0.9394706776829489E+02
  0.10500000E+03     -0.9456379334296147E+02
  0.10600000E+03     -0.9517230883721828E+02
  0.10700000E+03     -0.9577288129390163E+02
  0.10800000E+03     -0.9636568781267042E+02
  0.10900000E+03     -0.9695067029804440E+02
  0.11000000E+03     -0.9752809776559258E+02
  0.11100000E+03     -0.9809767241165815E+02
  0.11200000E+03     -0.9865937625468072E+02
  0.11300000E+03     -0.9921371703701288E+02
  0.11400000E+03     -0.9976005567929673E+02
  0.11500000E+03     -0.1002988832085510E+03
  0.11600000E+03     -0.1008298104486250E+03
  0.11700000E+03     -0.1013531146508271E+03
  0.11800000E+03     -0.1018688943253214E+03
  0.11900000E+03     -0.1023766173467075E+03
  0.12000000E+03     -0.1028768373556748E+03
  0.12100000E+03     -0.1033692460318903E+03
  0.12200000E+03     -0.1038541651230874E+03
  0.12300000E+03     -0.1043310333947294E+03
  0.12400000E+03     -0.1048000001131317E+03
  0.12500000E+03     -0.1052614815367781E+03
  0.12600000E+03     -0.1057145387835371E+03
  0.12700000E+03     -0.1061606205310198E+03
  0.12800000E+03     -0.1065985817559681E+03
  0.12900000E+03     -0.1070284597938068E+03
  0.13000000E+03     -0.1074505703628180E+03
  0.13100000E+03     -0.1078650449030846E+03
  0.13200000E+03     -0.1082713411072152E+03
  0.13300000E+03     -0.1086699406013255E+03
  0.13400000E+03     -0.1090603090493840E+03
  0.13500000E+03     -0.1094431674391455E+03
  0.13600000E+03     -0.1098180821911030E+03
  0.13700000E+03     -0.1101850579996566E+03
  0.13800000E+03     -0.1105440972263530E+03
  0.13900000E+03     -0.1108953041983212E+03
  0.14000000E+03     -0.1112384917821867E+03
  0.14100000E+03     -0.1115736652156621E+03
  0.14200000E+03     -0.1119014197106981E+03
  0.14300000E+03     -0.1122209937762431E+03
  0.14400000E+03     -0.1125327967165336E+03
  0.14500000E+03     -0.1128366074211704E+03
  0.14600000E+03     -0.1131321242708510E+03
  0.14700000E+03     -0.1134197423878729E+03
  0.14800000E+03     -0.1137002066605973E+03
  0.14900000E+03     -0.1139734148757595E+03
  0.15000000E+03     -0.1142392958313640E+03
  0.15100000E+03     -0.1144973713400762E+03
  0.15200000E+03     -0.1147475218194759E+03
  0.15300000E+03     -0.1149901463125562E+03
  0.15400000E+03     -0.1152254869998958E+03
  0.15500000E+03     -0.1154545017947603E+03
  0.15600000E+03     -0.1156762155701052E+03
  0.15700000E+03     -0.1158908456861829E+03
  0.15800000E+03     -0.1160988188362382E+03
  0.15900000E+03     -0.1163002956364486E+03
  0.16000000E+03     -0.1164949632687491E+03
  0.16100000E+03     -0.1166829556117542E+03
  0.16200000E+03     -0.1168643327528680E+03
  0.16300000E+03     -0.1170395253076246E+03
  0.16400000E+03     -0.1172090653304258E+03
  0.16500000E+03     -0.1173721392882338E+03
  0.16600000E+03     -0.1175295755231155E+03
  0.16700000E+03     -0.1176817215961728E+03
  0.16800000E+03     -0.1178273709278673E+03
  0.16900000E+03     -0.1179672418938598E+03
  0.17000000E+03     -0.1181019228232716E+03
  0.17100000E+03     -0.1182312946059286E+03
  0.17200000E+03     -0.1183555833397280E+03
  0.17300000E+03     -0.1184740577793471E+03
  0.17400000E+03     -0.1185873691677735E+03
  0.17500000E+03     -0.1186956870925426E+03
  0.17600000E+03     -0.1187992705087857E+03
  0.17700000E+03     -0.1188977658169012E+03
  0.17800000E+03     -0.1189914265032648E+03
  0.17900000E+03     -0.1190806420596707E+03
  0.18000000E+03     -0.1191652664083704E+03
  0.18100000E+03     -0.1192444677572576E+03
  0.18200000E+03     -0.1193185641325292E+03
  0.18300000E+03     -0.1193878859729037E+03
  0.18400000E+03     -0.1194525411630015E+03
  0.18500000E+03     -0.1195121354637037E+03
  0.18600000E+03     -0.1195669357945871E+03
  0.18700000E+03     -0.1196173002280467E+03
  0.18800000E+03     -0.1196633178825587E+03
  0.18900000E+03     -0.1197042586663485E+03
  0.19000000E+03     -0.1197389822314042E+03
  0.19100000E+03     -0.1197691845408502E+03
  0.19200000E+03     -0.1197942505780239E+03
  0.19300000E+03     -0.1198140869410605E+03
  0.19400000E+03     -0.1198291104659747E+03
  0.19500000E+03     -0.1198386260053908E+03
  0.19600000E+03     -0.1198432961556526E+03
  0.19700000E+03     -0.1198420159334226E+03
  0.19800000E+03     -0.1198352815069330E+03
  0.19900000E+03     -0.1198231717347651E+03
  0.20000000E+03     -0.1198049549356868E+03
  0.20100000E+03     -0.1197811213622609E+03
  0.20200000E+03     -0.1197516008616701E+03
  0.20300000E+03     -0.1197160290038187E+03
  0.20400000E+03     -0.1196744894253871E+03
  0.20500000E+03     -0.1196263524234810E+03
  0.20600000E+03     -0.1195714753631594E+03
  0.20700000E+03     -0.1195102605382063E+03
  0.20800000E+03     -0.1194425396826836E+03
  0.20900000E+03     -0.1193683448745321E+03
  0.21000000E+03     -0.1192872095408617E+03
  0.21100000E+03     -0.1191990022775821E+03
  0.21200000E+03     -0.1191038432978647E+03
  0.21300000E+03     -0.1190015104116475E+03
  0.21400000E+03     -0.1188921960954142E+03
  0.21500000E+03     -0.1187750715536761E+03
  0.21600000E+03     -0.1186510280733543E+03
  0.21700000E+03     -0.1185192829186313E+03
  0.21800000E+03     -0.1183798697851835E+03
  0.21900000E+03     -0.1182328826667289E+03
  0.22000000E+03     -0.1180780079358825E+03
  0.22100000E+03     -0.1179152057795477E+03
  0.22200000E+03     -0.1177449517892705E+03
  0.22300000E+03     -0.1175665615577893E+03
  0.22400000E+03     -0.1173805171479697E+03
  0.22500000E+03     -0.1171869680851063E+03
  0.22600000E+03     -0.1169857640498958E+03
  0.22700000E+03     -0.1167767032509081E+03
  0.22800000E+03     -0.1165598340913758E+03
  0.22900000E+03     -0.1163349812239612E+03
  0.23000000E+03     -0.1161021871254219E+03
  0.23100000E+03     -0.1158614482809406E+03
  0.23200000E+03     -0.1156130734226583E+03
  0.23300000E+03     -0.1153570228867694E+03
  0.23400000E+03     -0.1150934861367040E+03
  0.23500000E+03     -0.1148220671127885E+03
  0.23600000E+03     -0.1145429417240260E+03
  0.23700000E+03     -0.1142560119665541E+03
  0.23800000E+03     -0.1139614564475693E+03
  0.23900000E+03     -0.1136597116206290E+03
  0.24000000E+03     -0.1133498668497844E+03
  0.24100000E+03     -0.1130327403152785E+03
  0.24200000E+03     -0.1127080650230381E+03
  0.24300000E+03     -0.1123757092944327E+03
  0.24400000E+03     -0.1120361689661111E+03
  0.24500000E+03     -0.1116887832753153E+03
  0.24600000E+03     -0.1113343425644592E+03
  0.24700000E+03     -0.1109721753440297E+03
  0.24800000E+03     -0.1106019518214529E+03
  0.24900000E+03     -0.1102246667756851E+03
  0.25000000E+03     -0.1098400757465829E+03
  0.25100000E+03     -0.1094476891466113E+03
  0.25200000E+03     -0.1090479556975363E+03
  0.25300000E+03     -0.1086410347883520E+03
  0.25400000E+03     -0.1082260823587307E+03
  0.25500000E+03     -0.1078041393329328E+03
  0.25600000E+03     -0.1073742863685687E+03
  0.25700000E+03     -0.1069366257152618E+03
  0.25800000E+03     -0.1064916838069992E+03
  0.25900000E+03     -0.1060390759515818E+03
  0.26000000E+03     -0.1055788869024584E+03
  0.26100000E+03     -0.1051110364878374E+03
  0.26200000E+03     -0.1046354504803980E+03
  0.26300000E+03     -0.1041523260995817E+03
  0.26400000E+03     -0.1036610302501367E+03
  0.26500000E+03     -0.1031622617081009E+03
  0.26600000E+03     -0.1026554777495490E+03
  0.26700000E+03     -0.1021409436758840E+03
  0.26800000E+03     -0.1016179083883734E+03
  0.26900000E+03     -0.1010869569432962E+03
  0.27000000E+03     -0.1005473326899151E+03
  0.27100000E+03     -0.1000000881186794E+03
  0.27200000E+03     -0.9944431406539286E+02
  0.27300000E+03     -0.9888005318022363E+02
  0.27400000E+03     -0.9830698027621311E+02
  0.27500000E+03     -0.9772583116714081E+02
  0.27600000E+03     -0.9713546127996129E+02
  0.27700000E+03     -0.9653729312158492E+02
  0.27800000E+03     -0.9593071537456419E+02
  0.27900000E+03     -0.9531529971529612E+02
  0.28000000E+03     -0.9469019012944918E+02
  0.28100000E+03     -0.9405715195111621E+02
  0.28200000E+03     -0.9341485665882992E+02
  0.28300000E+03     -0.9276389600895864E+02
  0.28400000E+03     -0.9210329593529258E+02
  0.28500000E+03     -0.9143464307409373E+02
  0.28600000E+03     -0.9075728831713604E+02
  0.28700000E+03     -0.9007057620345729E+02
  0.28800000E+03     -0.8937388467089582E+02
  0.28900000E+03     -0.8866852471666076E+02
  0.29000000E+03     -0.8795309572493971E+02
  0.29100000E+03     -0.8722880526515115E+02
  0.29200000E+03     -0.8649524254161621E+02
  0.29300000E+03     -0.8575197916451695E+02
  0.29400000E+03     -0.8500025704014440E+02
  0.29500000E+03     -0.8423933160374953E+02
  0.29600000E+03     -0.8346876478710843E+02
  0.29700000E+03     -0.8268960453169848E+02
  0.29800000E+03     -0.8190065823026967E+02
  0.29900000E+03     -0.8110317754419511E+02
  0.30000000E+03     -0.8029623098568425E+02
  0.30100000E+03     -0.7948163669173911E+02
  0.30200000E+03     -0.7865776384122103E+02
  0.30300000E+03     -0.7782625865790781E+02
  0.30400000E+03     -0.7698571850300431E+02
  0.30500000E+03     -0.7613844842776942E+02
  0.30600000E+03     -0.7528293656532381E+02
  0.30700000E+03     -0.7442048615657400E+02
  0.30800000E+03     -0.7355209807118582E+02
  0.30900000E+03     -0.7267706871160783E+02
  0.31000000E+03     -0.7179366099848895E+02
  0.31100000E+03     -0.7090485512316260E+02
  0.31200000E+03     -0.7000982742426136E+02
  0.31300000E+03     -0.6910923156067969E+02
  0.31400000E+03     -0.6820424003000777E+02
  0.31500000E+03     -0.6729392182975478E+02
  0.31600000E+03     -0.6637845410154497E+02
  0.31700000E+03     -0.6546045608575803E+02
  0.31800000E+03     -0.6453669072895372E+02
  0.31900000E+03     -0.6361024928600097E+02
  0.32000000E+03     -0.6267996990000903E+02
  0.32100000E+03     -0.6174811917578597E+02
  0.32200000E+03     -0.6081303764950466E+02
  0.32300000E+03     -0.5987692349151590E+02
  0.32400000E+03     -0.5893950769682522E+02
  0.32500000E+03     -0.5799979380799667E+02
  0.32600000E+03     -0.5705986628513836E+02
  0.32700000E+03     -0.5611938475689350E+02
  0.32800000E+03     -0.5517736905141377E+02
  0.32900000E+03     -0.5423534560857109E+02
  0.33000000E+03     -0.5329450822245671E+02
  0.33100000E+03     -0.5235466633832981E+02
  0.33200000E+03     -0.5141482871665672E+02
  0.33300000E+03     -0.5047714807359724E+02
  0.33400000E+03     -0.4954101017470768E+02
  0.33500000E+03     -0.4860836940936102E+02
  0.33600000E+03     -0.4767681049083504E+02
  0.33700000E+03     -0.4674873190176248E+02
  0.33800000E+03     -0.4582497508120260E+02
  0.33900000E+03     -0.4490440799486692E+02
  0.34000000E+03     -0.4398675399209416E+02
  0.34100000E+03     -0.4307370443313626E+02
  0.34200000E+03     -0.4216688563622574E+02
  0.34300000E+03     -0.4126397900487150E+02
  0.34400000E+03     -0.4036576996476514E+02
  0.34500000E+03     -0.3947535748609313E+02
  0.34600000E+03     -0.3859097759796614E+02
  0.34700000E+03     -0.3771248025469933E+02
  0.34800000E+03     -0.3684200272077921E+02
  0.34900000E+03     -0.3597816190151200E+02
  0.35000000E+03     -0.3512273153722636E+02
  0.35100000E+03     -0.3427059279136587E+02
  0.35200000E+03     -0.3342952861049954E+02
  0.35300000E+03     -0.3259983846432467E+02
  0.35400000E+03     -0.3177571267017371E+02
  0.35500000E+03     -0.3096428019556165E+02
  0.35600000E+03     -0.3016247471044318E+02
  0.35700000E+03     -0.2937081623850836E+02
  0.35800000E+03     -0.2858877168134055E+02
  0.35900000E+03     -0.2781710708405754E+02
  0.36000000E+03     -0.2705753594202896E+02
  0.36100000E+03     -0.2630992790882494E+02
  0.36200000E+03     -0.2557583511389887E+02
  0.36300000E+03     -0.2485414356601984E+02
  0.36400000E+03     -0.2414609481162362E+02
  0.36500000E+03     -0.2345230193820034E+02
  0.36600000E+03     -0.2276979653730175E+02
  0.36700000E+03     -0.2210334821470018E+02
  0.36800000E+03     -0.2144907232475281E+02
  0.36900000E+03     -0.2081434988755026E+02
  0.37000000E+03     -0.2019431159363490E+02
  0.37100000E+03     -0.1958833162850839E+02
  0.37200000E+03     -0.1899646545949206E+02
  0.37300000E+03     -0.1842412928501353E+02
  0.37400000E+03     -0.1787015183289620E+02
  0.37500000E+03     -0.1733436743084764E+02
  0.37600000E+03     -0.1681999486213582E+02
  0.37700000E+03     -0.1632026790393900E+02
  0.37800000E+03     -0.1583937643008824E+02
  0.37900000E+03     -0.1538016988009000E+02
  0.38000000E+03     -0.1493826778865112E+02
  0.38100000E+03     -0.1452035139068700E+02
  0.38200000E+03     -0.1412282018621888E+02
  0.38300000E+03     -0.1374475944147195E+02
  0.38400000E+03     -0.1338524265861915E+02
  0.38500000E+03     -0.1305074283441252E+02
  0.38600000E+03     -0.1274418906021692E+02
  0.38700000E+03     -0.1245997884392871E+02
  0.38800000E+03     -0.1219857596078230E+02
  0.38900000E+03     -0.1196224970179990E+02
  0.39000000E+03     -0.1175159124086170E+02
  0.39100000E+03     -0.1156290921178995E+02
  0.39200000E+03     -0.1140390505886119E+02
  0.39300000E+03     -0.1127287962434927E+02
  0.39400000E+03     -0.1116400167085272E+02
  0.39500000E+03     -0.1108720429377076E+02
  0.39600000E+03     -0.1103429356475332E+02
  0.39700000E+03     -0.1101138322017640E+02
  0.39800000E+03     -0.1101568613054074E+02
  0.39900000E+03     -0.1105457711002915E+02
  0.40000000E+03     -0.1111977351871970E+02
  0.40100000E+03     -0.1121576750372532E+02
  0.40200000E+03     -0.1134705035564287E+02
  0.40300000E+03     -0.1150394820820696E+02
  0.40400000E+03     -0.1169113350818488E+02
  0.40500000E+03     -0.1191177987205512E+02
  0.40600000E+03     -0.1217314805434544E+02
  0.40700000E+03     -0.1246439268550849E+02
  0.40800000E+03     -0.1279348621010540E+02
  0.40900000E+03     -0.1315880198363812E+02
  0.41000000E+03     -0.1355440633727695E+02
  0.41100000E+03     -0.1398789288156564E+02
  0.41200000E+03     -0.1445997488707038E+02
  0.41300000E+03     -0.1496360998194741E+02
  0.41400000E+03     -0.1550777100757461E+02
  0.41500000E+03     -0.1609023208089427E+02
  0.41600000E+03     -0.1671483641168435E+02
  0.41700000E+03     -0.1737606296278308E+02
  0.41800000E+03     -0.1807134565530741E+02
  0.41900000E+03     -0.1881119904141879E+02
  0.42000000E+03     -0.1960160406910361E+02
  0.42100000E+03     -0.2042365186793112E+02
  0.42200000E+03     -0.2128901982519880E+02
  0.42300000E+03     -0.2220679098467565E+02
  0.42400000E+03     -0.2316387834959837E+02
  0.42500000E+03     -0.2416867422580455E+02
  0.42600000E+03     -0.2521636825558021E+02
  0.42700000E+03     -0.2631529722820116E+02
  0.42800000E+03     -0.2745333654339908E+02
  0.42900000E+03     -0.2864277857750358E+02
  0.43000000E+03     -0.2986538518304031E+02
  0.43100000E+03     -0.3115240931845263E+02
  0.43200000E+03     -0.3247696584873962E+02
  0.43300000E+03     -0.3385419779978223E+02
  0.43400000E+03     -0.3528137211574124E+02
  0.43500000E+03     -0.3676249920621413E+02
  0.43600000E+03     -0.3830890619432180E+02
  0.43700000E+03     -0.3989593480344677E+02
  0.43800000E+03     -0.4154628137835871E+02
  0.43900000E+03     -0.4323751684977213E+02
  0.44000000E+03     -0.4499089828394633E+02
  0.44100000E+03     -0.4679630975417047E+02
  0.44200000E+03     -0.4864955041308934E+02
  0.44300000E+03     -0.5057544922127666E+02
  0.44400000E+03     -0.5255355426811221E+02
  0.44500000E+03     -0.5459576974150003E+02
  0.44600000E+03     -0.5668323733392194E+02
  0.44700000E+03     -0.5883827281912392E+02
  0.44800000E+03     -0.6104694600908393E+02
  0.44900000E+03     -0.6332970820750457E+02
  0.45000000E+03     -0.6565770031142270E+02
  0.45100000E+03     -0.6805587443612998E+02
  0.45200000E+03     -0.7050954961483663E+02
  0.45300000E+03     -0.7303516152485194E+02
  0.45400000E+03     -0.7562555546695229E+02
  0.45500000E+03     -0.7828102879810999E+02
  0.45600000E+03     -0.8100257243031264E+02
  0.45700000E+03     -0.8379523179334079E+02
  0.45800000E+03     -0.8664881640618528E+02
  0.45900000E+03     -0.8958233628101846E+02
  0.46000000E+03     -0.9258460243078321E+02
  0.46100000E+03     -0.9566210135933956E+02
  0.46200000E+03     -0.9879004113389448E+02
  0.46300000E+03     -0.1020013036855742E+03
  0.46400000E+03     -0.1052966588199780E+03
  0.46500000E+03     -0.1086441149778523E+03
  0.46600000E+03     -0.1120672635861632E+03
  0.46700000E+03     -0.1155828312481210E+03
  0.46800000E+03     -0.1191752733660443E+03
  0.46900000E+03     -0.1228275742973275E+03
  0.47000000E+03     -0.1265427856460894E+03
  0.47100000E+03     -0.1303581048935276E+03
  0.47200000E+03     -0.1342433798332407E+03
  0.47300000E+03     -0.1382130807007225E+03
  0.47400000E+03     -0.1422713540095591E+03
  0.47500000E+03     -0.1464009354242249E+03
  0.47600000E+03     -0.1506119896312169E+03
  0.47700000E+03     -0.1549033697130612E+03
  0.47800000E+03     -0.1592815533194468E+03
  0.47900000E+03     -0.1637455657173932E+03
  0.48000000E+03     -0.1682950401908920E+03
  0.48100000E+03     -0.1729370740971326E+03
  0.48200000E+03     -0.1776742530398347E+03
  0.48300000E+03     -0.1824866138207923E+03
  0.48400000E+03     -0.1873983398218235E+03
  0.48500000E+03     -0.1923962252112667E+03
  0.48600000E+03     -0.1974733958224114E+03
  0.48700000E+03     -0.2026645420215342E+03
  0.48800000E+03     -0.2079526791825719E+03
  0.48900000E+03     -0.2133093111514423E+03
  0.49000000E+03     -0.2187556732711413E+03
  0.49100000E+03     -0.2243143841026651E+03
  0.49200000E+03     -0.2299969256200627E+03
  0.49300000E+03     -0.2357536084755374E+03
  0.49400000E+03     -0.2416123053194218E+03
  0.49500000E+03     -0.2475535643642936E+03
  0.49600000E+03     -0.2535928815921854E+03
  0.49700000E+03     -0.2597647912501197E+03
  0.49800000E+03     -0.2660217417766273E+03
  0.49900000E+03     -0.2723960415296164E+03
  0.50000000E+03     -0.2788595142877248E+03
  0.50100000E+03     -0.2854091531751416E+03
  0.50200000E+03     -0.2921014445644337E+03
  0.50300000E+03     -0.2989014889067874E+03
  0.50400000E+03     -0.3058243294389311E+03
  0.50500000E+03     -0.3110900055583372E+03
  0.50600000E+03     -0.3141581387684943E+03
  0.50700000E+03     -0.3173244908685120E+03
  0.50800000E+03     -0.3208991782062877E+03
  0.50900000E+03     -0.3319718215132056E+03
  0.51000000E+03     -0.3402335059021555E+03
