  0.00000000E+00      0.1438321896482145E-08      0.4004281113380106E-17      0.1056611701704804E-25      0.3019191556352068E-34      0.8869628586957940E-43
  0.10000000E+01     -0.6057385632140751E-03      0.3669192069739726E-06     -0.2222571132505226E-09      0.1346297044452901E-12     -0.8155040374007544E-16
  0.20000000E+01     -0.4686287265899542E-01      0.2940714048395016E-01     -0.2313086999501858E-01      0.2154215313408686E-01     -0.1516051577977294E-01
  0.30000000E+01     -0.1394875339170972E+00      0.1039479069701866E+00     -0.1043147257292944E+00      0.1361315216252619E+00     -0.1973778131180105E+00
  0.40000000E+01     -0.2792908428888247E+00      0.2531953009682882E+00     -0.3209533874862786E+00      0.5408902771615687E+00     -0.1100246099193965E+01
  0.50000000E+01     -0.4671086501640949E+00      0.5214023457523815E+00     -0.8191122252251450E+00      0.1703679784876367E+01     -0.4371073447600026E+01
  0.60000000E+01     -0.7038887337166172E+00      0.9684502403098350E+00     -0.1851556736925180E+01      0.4624143029648448E+01     -0.1427775809094147E+02
  0.70000000E+01     -0.9908878034445910E+00      0.1672123127343133E+01     -0.3838017221327241E+01      0.1132527784034966E+02     -0.4112717184349317E+02
  0.80000000E+01     -0.1329145723309213E+01      0.2727541157834164E+01     -0.7430475586368484E+01      0.2561044232513085E+02     -0.1078554245346576E+03
  0.90000000E+01     -0.1720007945095672E+01      0.4251865640676679E+01     -0.1362495841588595E+02      0.5442706126583759E+02     -0.2635631677523288E+03
  0.10000000E+02     -0.2165615230338195E+01      0.6386979923277613E+01     -0.2388291962797068E+02      0.1097605075170352E+03     -0.6061664154557119E+03
  0.11000000E+02     -0.2666666177827670E+01      0.9294379951982428E+01     -0.4027367071164804E+02      0.2117652312717625E+03     -0.1327029325820533E+04
  0.12000000E+02     -0.3226572798325429E+01      0.1317880708631710E+02     -0.6578429163516627E+02      0.3939686824534133E+03     -0.2790327605171253E+04
  0.13000000E+02     -0.3846846270009782E+01      0.1826154176782893E+02     -0.1043627797829574E+03      0.7080359608497049E+03     -0.5636694421645835E+04
  0.14000000E+02     -0.4530838500872510E+01      0.2482514229714210E+02     -0.1616837849644279E+03      0.1238796606729064E+04     -0.1106147159766591E+05
  0.15000000E+02     -0.5281807678924610E+01      0.3318969085046050E+02     -0.2452259150701427E+03      0.2114507682523432E+04     -0.2111662099725677E+05
  0.16000000E+02     -0.6102645455824439E+01      0.4372291745837185E+02     -0.3649186230943328E+03      0.3528818556227975E+04     -0.3928699953322238E+05
  0.17000000E+02     -0.6998660641206333E+01      0.5688720102842712E+02     -0.5344521319120391E+03      0.5781604803033403E+04     -0.7162321816390898E+05
  0.18000000E+02     -0.7974108628044508E+01      0.7320269996162551E+02     -0.7716072926901744E+03      0.9314180638421956E+04     -0.1281312972596561E+06
  0.19000000E+02     -0.9035094138120227E+01      0.9330348130341885E+02     -0.1100125254482451E+04      0.1478231966631779E+05     -0.2253137491157348E+06
  0.20000000E+02     -0.1019112925423776E+02      0.1180141134111539E+03     -0.1552925571304800E+04      0.2318563734006852E+05     -0.3909500997985519E+06
  0.21000000E+02     -0.1144770752391139E+02      0.1482061158775859E+03     -0.2171457357461158E+04      0.3595355961294215E+05     -0.6694100948131604E+06
  0.22000000E+02     -0.1281730191746486E+02      0.1850771507003405E+03     -0.3013703391512147E+04      0.5524347879515436E+05     -0.1133718143483879E+07
  0.23000000E+02     -0.1431172222613038E+02      0.2300316142662400E+03     -0.4156074113647523E+04      0.8421087236207882E+05     -0.1901683689632495E+07
  0.24000000E+02     -0.1594290415916231E+02      0.2847099900353844E+03     -0.5697883716053871E+04      0.1273883936695445E+06     -0.3159309728447931E+07
  0.25000000E+02     -0.1772565367710681E+02      0.3510983101917228E+03     -0.7768967075940033E+04      0.1912500219541723E+06     -0.5196750872193490E+07
  0.26000000E+02     -0.1967491332947117E+02      0.4315742314052357E+03     -0.1054028997864912E+05      0.2851002601019895E+06     -0.8466967274791677E+07
  0.27000000E+02     -0.2180763588842304E+02      0.5289268067669281E+03     -0.1423120521327031E+05      0.4220248521047209E+06     -0.1366571286047684E+08
  0.28000000E+02     -0.2413755791575256E+02      0.6461988968889585E+03     -0.1911121424190239E+05      0.6196865692607262E+06     -0.2181501818595941E+08
  0.29000000E+02     -0.2667570416774809E+02      0.7866488882841401E+03     -0.2550600504331338E+05      0.9015932762528609E+06     -0.3439714399511214E+08
  0.30000000E+02     -0.2943522993424840E+02      0.9540611823555344E+03     -0.3382139659757976E+05      0.1299366598875021E+07     -0.5356087078100342E+08
  0.31000000E+02     -0.3241559947292580E+02      0.1151703668163611E+04     -0.4449793988450917E+05      0.1851869331971814E+07     -0.8220968622676434E+08
  0.32000000E+02     -0.3560747530417328E+02      0.1382390083659938E+04     -0.5800980103602794E+05      0.2606128258143802E+07     -0.1241949009041062E+09
  0.33000000E+02     -0.3899951447938185E+02      0.1648646528860930E+04     -0.7486133274749039E+05      0.3617506161966024E+07     -0.1844443894515103E+09
  0.34000000E+02     -0.4257021009012860E+02      0.1952256570115458E+04     -0.9557127748180840E+05      0.4950636874352129E+07     -0.2692513253999397E+09
  0.35000000E+02     -0.4629262651757457E+02      0.2293996195114321E+04     -0.1206162956555664E+06      0.6674774728377195E+07     -0.3860655812377966E+09
  0.36000000E+02     -0.5013174592713078E+02      0.2673420279496191E+04     -0.1504069736755136E+06      0.8862303393474035E+07     -0.5435478493159629E+09
  0.37000000E+02     -0.5405896643481407E+02      0.3089909573985155E+04     -0.1853348154117327E+06      0.1159035228457031E+08     -0.7516936209531442E+09
  0.38000000E+02     -0.5804372695117206E+02      0.3542247308229797E+04     -0.2257588652284623E+06      0.1494168468576278E+08     -0.1022183518921353E+10
  0.39000000E+02     -0.6206746907063899E+02      0.4029509549526041E+04     -0.2720190075231199E+06      0.1900128576861740E+08     -0.1367944305841744E+10
  0.40000000E+02     -0.6610575620000458E+02      0.4549763792311308E+04     -0.3243582689155526E+06      0.2385185702362356E+08     -0.1802972172179112E+10
  0.41000000E+02     -0.7014911363873225E+02      0.5102250898086166E+04     -0.3830975477047552E+06      0.2958704202451070E+08     -0.2343460233921256E+10
  0.42000000E+02     -0.7418067777601600E+02      0.5684970557009221E+04     -0.4484152423040237E+06      0.3629193280567152E+08     -0.3006192158943688E+10
  0.43000000E+02     -0.7820453375927261E+02      0.6298446219781519E+04     -0.5207346162747223E+06      0.4407977199073634E+08     -0.3812028036850231E+10
  0.44000000E+02     -0.8221783661465447E+02      0.6942292616627784E+04     -0.6003852385766007E+06      0.5306040199833182E+08     -0.4783094168363867E+10
  0.45000000E+02     -0.8620842257114279E+02      0.7614318880338632E+04     -0.6874434383214880E+06      0.6331809777685122E+08     -0.5940142663023038E+10
  0.46000000E+02     -0.9018733882717190E+02      0.8316000359751204E+04     -0.7824326417874630E+06      0.7499291344723567E+08     -0.7311736706607687E+10
  0.47000000E+02     -0.9415549445743784E+02      0.9047370860091098E+04     -0.8857104533171554E+06      0.8821209417043470E+08     -0.8926801064606262E+10
  0.48000000E+02     -0.9810975131548597E+02      0.9807532588414480E+04     -0.9974853215581730E+06      0.1030881042760932E+09     -0.1081424753963296E+11
  0.49000000E+02     -0.1020602376077827E+03      0.1059835941243059E+05     -0.1118394252519458E+07      0.1197982105579145E+09     -0.1301342080963561E+11
  0.50000000E+02     -0.1060053158881615E+03      0.1141912825201347E+05     -0.1248637141427710E+07      0.1384588668340962E+09     -0.1555682985574245E+11
  0.51000000E+02     -0.1099432640597217E+03      0.1226965182267638E+05     -0.1388583115849351E+07      0.1592284152362747E+09     -0.1848647645809137E+11
  0.52000000E+02     -0.1138791035366720E+03      0.1315083284705847E+05     -0.1538721855237415E+07      0.1822804360067545E+09     -0.2184762519132140E+11
  0.53000000E+02     -0.1178103341802044E+03      0.1406199730872202E+05     -0.1699285889750695E+07      0.2077558202826274E+09     -0.2568318547340158E+11
  0.54000000E+02     -0.1217372647859079E+03      0.1500310830503879E+05     -0.1870617839757333E+07      0.2358181271931298E+09     -0.3004175695681652E+11
  0.55000000E+02     -0.1256759276436894E+03      0.1597807558837855E+05     -0.2053810716219728E+07      0.2667649664747108E+09     -0.3499615196302499E+11
  0.56000000E+02     -0.1296119434838656E+03      0.1698331684686107E+05     -0.2248552260712523E+07      0.3006621056131396E+09     -0.4058453649326940E+11
  0.57000000E+02     -0.1335551655029952E+03      0.1802166838309351E+05     -0.2455820607160793E+07      0.3378142551124543E+09     -0.4688862134540257E+11
  0.58000000E+02     -0.1375083651685634E+03      0.1909391317433532E+05     -0.2676157636889378E+07      0.3784509154158736E+09     -0.5397997353259716E+11
  0.59000000E+02     -0.1414668711688706E+03      0.2019894339057390E+05     -0.2909735309475876E+07      0.4227414159396458E+09     -0.6192274945070010E+11
  0.60000000E+02     -0.1454401837914718E+03      0.2133948910595526E+05     -0.3157519913519479E+07      0.4710097543315315E+09     -0.7081173569601575E+11
  0.61000000E+02     -0.1494254171004197E+03      0.2251535571820288E+05     -0.3419982444489695E+07      0.5235172252005811E+09     -0.8073850170555093E+11
  0.62000000E+02     -0.1534286629597989E+03      0.2372850950999991E+05     -0.3697980591399528E+07      0.5805918063689007E+09     -0.9180775004529665E+11
  0.63000000E+02     -0.1574462163936114E+03      0.2497822622144863E+05     -0.3991824756137831E+07      0.6424706227710903E+09     -0.1041131711886918E+12
  0.64000000E+02     -0.1614762653894669E+03      0.2626428126433635E+05     -0.4301931325409782E+07      0.7094186989886113E+09     -0.1177577365376485E+12
  0.65000000E+02     -0.1655299232648596E+03      0.2759064250736908E+05     -0.4629747272362785E+07      0.7819349300841794E+09     -0.1328970045498743E+12
  0.66000000E+02     -0.1696146715296743E+03      0.2896053266110600E+05     -0.4976666923277160E+07      0.8605462991271924E+09     -0.1497039722700679E+12
  0.67000000E+02     -0.1737196309199149E+03      0.3037087885877286E+05     -0.5342460326020973E+07      0.9454131111074347E+09     -0.1682765939811673E+12
  0.68000000E+02     -0.1778542521669880E+03      0.3182552766976213E+05     -0.5728700540674609E+07      0.1037127732795972E+10     -0.1888141417085011E+12
  0.69000000E+02     -0.1820199491201140E+03      0.3332575635694785E+05     -0.6136357050611494E+07      0.1136167381308339E+10     -0.2114999389352242E+12
  0.70000000E+02     -0.1862236967317185E+03      0.3487496147954184E+05     -0.6567030880378584E+07      0.1243188990435053E+10     -0.2365688491054181E+12
  0.71000000E+02     -0.1904562580352598E+03      0.3647074917153719E+05     -0.7020782127771965E+07      0.1358495096307535E+10     -0.2641835553958023E+12
  0.72000000E+02     -0.1947253490359554E+03      0.3811667102196464E+05     -0.7499267065719315E+07      0.1482785536763693E+10     -0.2946052475803907E+12
  0.73000000E+02     -0.1990249341896366E+03      0.3981125918639308E+05     -0.8002774348460207E+07      0.1616439117622179E+10     -0.3280292388276266E+12
  0.74000000E+02     -0.2033648804159743E+03      0.4155936852801537E+05     -0.8533508169112463E+07      0.1760366045618429E+10     -0.3647945064122426E+12
  0.75000000E+02     -0.2077375416082218E+03      0.4335881905005742E+05     -0.9091576359717516E+07      0.1914935639750419E+10     -0.4051150447339924E+12
  0.76000000E+02     -0.2121510081158754E+03      0.4521395172525559E+05     -0.9679139101285659E+07      0.2081107317591940E+10     -0.4493700299353571E+12
  0.77000000E+02     -0.2165970125300687E+03      0.4712203515998049E+05     -0.1029607985566552E+08      0.2259201862059593E+10     -0.4977761982131991E+12
  0.78000000E+02     -0.2210697941915986E+03      0.4908156328125431E+05     -0.1094275339841557E+08      0.2449714145671947E+10     -0.5506145186086631E+12
  0.79000000E+02     -0.2255706271514694E+03      0.5109401065880036E+05     -0.1162048695541126E+08      0.2653438710090410E+10     -0.6082598389024943E+12
  0.80000000E+02     -0.2300960336874558E+03      0.5315814884771778E+05     -0.1232952578616112E+08      0.2870809096717606E+10     -0.6709815511672421E+12
  0.81000000E+02     -0.2346465208723581E+03      0.5527498932722263E+05     -0.1307102953322027E+08      0.3102593739805190E+10     -0.7391670603295852E+12
  0.82000000E+02     -0.2392195729384906E+03      0.5744429015715215E+05     -0.1384580846447951E+08      0.3349500681189208E+10     -0.8132090669351847E+12
  0.83000000E+02     -0.2438116668808746E+03      0.5966439821139404E+05     -0.1465385432234417E+08      0.3611893083799500E+10     -0.8933793395254664E+12
  0.84000000E+02     -0.2484178539195091E+03      0.6193374477325557E+05     -0.1549546973906426E+08      0.3890336215829241E+10     -0.9800484392011896E+12
  0.85000000E+02     -0.2530344437711691E+03      0.6425075825848127E+05     -0.1637074522306354E+08      0.4185272331376597E+10     -0.1073540493143100E+13
  0.86000000E+02     -0.2576538703135416E+03      0.6661171825370456E+05     -0.1727889018680078E+08      0.4496836126412440E+10     -0.1174085794477096E+13
  0.87000000E+02     -0.2622900036353228E+03      0.6902433549633784E+05     -0.1822370281662063E+08      0.4826816687781530E+10     -0.1282482345376030E+13
  0.88000000E+02     -0.2669363044473671E+03      0.7148508485783172E+05     -0.1920435027364579E+08      0.5175319122482821E+10     -0.1398961001483872E+13
  0.89000000E+02     -0.2715869134833172E+03      0.7399140816391040E+05     -0.2022063298141497E+08      0.5542774883679076E+10     -0.1523903398435493E+13
  0.90000000E+02     -0.2762490064743892E+03      0.7654733149222285E+05     -0.2127484198975164E+08      0.5930462354454309E+10     -0.1657968370432551E+13
  0.91000000E+02     -0.2809149474640142E+03      0.7914880023710079E+05     -0.2236596948436562E+08      0.6338476211412740E+10     -0.1801424810794624E+13
  0.92000000E+02     -0.2855807377423180E+03      0.8179378316227275E+05     -0.2349386073282444E+08      0.6767246076568106E+10     -0.1954673957640978E+13
  0.93000000E+02     -0.2902570711481625E+03      0.8448843587741171E+05     -0.2466178342508445E+08      0.7218484494595788E+10     -0.2118575690127082E+13
  0.94000000E+02     -0.2949208152777418E+03      0.8721925166544373E+05     -0.2586441760098634E+08      0.7690575609831202E+10     -0.2292786469780971E+13
  0.95000000E+02     -0.2995858774683873E+03      0.8999437579354265E+05     -0.2710595698679419E+08      0.8185638388048640E+10     -0.2478348170012320E+13
  0.96000000E+02     -0.3042527668363549E+03      0.9281396994280451E+05     -0.2838702476900780E+08      0.8704382512881805E+10     -0.2675789020447481E+13
  0.97000000E+02     -0.3089188228748393E+03      0.9567659623033812E+05     -0.2970764242365210E+08      0.9247329248991352E+10     -0.2885592637264594E+13
  0.98000000E+02     -0.3135859633179296E+03      0.9858368144713333E+05     -0.3106919984556506E+08      0.9815601139746418E+10     -0.3108501357489261E+13
  0.99000000E+02     -0.3182564663837052E+03      0.1015365509080885E+06     -0.3247289556081678E+08      0.1041019599594675E+11     -0.3345201226516556E+13
  0.10000000E+03     -0.3229187499333932E+03      0.1045275301020096E+06     -0.3391551215201718E+08      0.1103018393377696E+11     -0.3595593094710939E+13
  0.10100000E+03     -0.3275897096327960E+03      0.1075676885677756E+06     -0.3540311344387230E+08      0.1167874315173267E+11     -0.3861295766767743E+13
  0.10200000E+03     -0.3322639337411892E+03      0.1106537176912992E+06     -0.3693479080787826E+08      0.1235604854575869E+11     -0.4142720848233116E+13
  0.10300000E+03     -0.3369259386596512E+03      0.1137751310386372E+06     -0.3850582833726166E+08      0.1306050189159505E+11     -0.4439518081772479E+13
  0.10400000E+03     -0.3415913496902576E+03      0.1169424477141744E+06     -0.4012215542841077E+08      0.1379531586044248E+11     -0.4753386759815169E+13
  0.10500000E+03     -0.3462530119569865E+03      0.1201506172147834E+06     -0.4178170591543977E+08      0.1456005795469584E+11     -0.5084474737941560E+13
  0.10600000E+03     -0.3509051388566153E+03      0.1233955026108795E+06     -0.4348286367461619E+08      0.1535450029211686E+11     -0.5433025216147047E+13
  0.10700000E+03     -0.3555582849746390E+03      0.1266845267273193E+06     -0.4523015946041648E+08      0.1618133852659820E+11     -0.5800597672026497E+13
  0.10800000E+03     -0.3602039396785230E+03      0.1300114484921423E+06     -0.4702075507133418E+08      0.1703973498452235E+11     -0.6187167338319538E+13
  0.10900000E+03     -0.3648575434712660E+03      0.1333872938503142E+06     -0.4886118135501230E+08      0.1793339765637106E+11     -0.6594793876432760E+13
  0.11000000E+03     -0.3694926558814083E+03      0.1367926948811582E+06     -0.5074137433047386E+08      0.1885796716867225E+11     -0.7021859154036368E+13
  0.11100000E+03     -0.3741350134153785E+03      0.1402464774079557E+06     -0.5267228204446765E+08      0.1981939241001801E+11     -0.7471506551231239E+13
  0.11200000E+03     -0.3787650321171266E+03      0.1437340267852517E+06     -0.5464630758685859E+08      0.2081447149208553E+11     -0.7942646824705801E+13
  0.11300000E+03     -0.3833974043838718E+03      0.1472659789607033E+06     -0.5666981904812387E+08      0.2184688599948387E+11     -0.8437385544307803E+13
  0.11400000E+03     -0.3880329437309844E+03      0.1508432478067871E+06     -0.5874409615434591E+08      0.2291797172833121E+11     -0.8956831123017240E+13
  0.11500000E+03     -0.3926708173200219E+03      0.1544653163112923E+06     -0.6086951096814716E+08      0.2402857441115522E+11     -0.9501858228900955E+13
  0.11600000E+03     -0.3973043433484705E+03      0.1581268195217380E+06     -0.6304341824796840E+08      0.2517787978574994E+11     -0.1007249456458605E+14
  0.11700000E+03     -0.4019422230394249E+03      0.1618349426656457E+06     -0.6527086346844395E+08      0.2636927955049945E+11     -0.1067093737782473E+14
  0.11800000E+03     -0.4065805195858298E+03      0.1655861025889439E+06     -0.6755003684555447E+08      0.2760230919192809E+11     -0.1129736568984832E+14
  0.11900000E+03     -0.4112153606812564E+03      0.1693772339940529E+06     -0.6987970525311550E+08      0.2887695822150311E+11     -0.1195226719915918E+14
  0.12000000E+03     -0.4158560700679859E+03      0.1732159976384866E+06     -0.7226517815905057E+08      0.3019677597297099E+11     -0.1263795705190703E+14
  0.12100000E+03     -0.4204906394379547E+03      0.1770928516611135E+06     -0.7470137926721418E+08      0.3155976091483858E+11     -0.1335398749758729E+14
  0.12200000E+03     -0.4251383350914188E+03      0.1810234703490219E+06     -0.7719845412258057E+08      0.3297207246946037E+11     -0.1410401349845653E+14
  0.12300000E+03     -0.4298018387183187E+03      0.1850109334708200E+06     -0.7975948149612546E+08      0.3443642625832916E+11     -0.1489017324194092E+14
  0.12400000E+03     -0.4344715513157479E+03      0.1890470593379643E+06     -0.8237983043347564E+08      0.3595087547071544E+11     -0.1571198131421528E+14
  0.12500000E+03     -0.4391484119666972E+03      0.1931330569722763E+06     -0.8506114270723519E+08      0.3751720734991064E+11     -0.1657104714454817E+14
  0.12600000E+03     -0.4438508340980349E+03      0.1972851968515807E+06     -0.8781483264713192E+08      0.3914287744872856E+11     -0.1747208573972199E+14
  0.12700000E+03     -0.4485765559412982E+03      0.2015022882501596E+06     -0.9064124815153331E+08      0.4082911575072305E+11     -0.1841654082744270E+14
  0.12800000E+03     -0.4533198850835030E+03      0.2057801021637535E+06     -0.9353876565266208E+08      0.4257605476035516E+11     -0.1940531363022671E+14
  0.12900000E+03     -0.4580926945954599E+03      0.2101299766537810E+06     -0.9651613108303197E+08      0.4438999295133237E+11     -0.2044276450288305E+14
  0.13000000E+03     -0.4628897597014799E+03      0.2145474055652437E+06     -0.9957107217697935E+08      0.4627042487600452E+11     -0.2152932456114072E+14
  0.13100000E+03     -0.4677172388558024E+03      0.2190394669467355E+06     -0.1027101167273721E+09      0.4822277710346284E+11     -0.2266917476031214E+14
  0.13200000E+03     -0.4725849309790564E+03      0.2236161797593077E+06     -0.1059415684375596E+09      0.5025343888432963E+11     -0.2386700023380368E+14
  0.13300000E+03     -0.4774855701926108E+03      0.2282721056248517E+06     -0.1092632757655856E+09      0.5236255849716541E+11     -0.2512403066101766E+14
  0.13400000E+03     -0.4824275974821531E+03      0.2330156927196009E+06     -0.1126822806916100E+09      0.5455569862168109E+11     -0.2644449652391239E+14
  0.13500000E+03     -0.4874048044976146E+03      0.2378422935223318E+06     -0.1161968940084763E+09      0.5683329623241766E+11     -0.2782984856515829E+14
  0.13600000E+03     -0.4924287249359301E+03      0.2427644167924540E+06     -0.1198179098796028E+09      0.5920390272893156E+11     -0.2928651507467843E+14
  0.13700000E+03     -0.4974990960259528E+03      0.2477835610954469E+06     -0.1235484928251075E+09      0.6167144062852083E+11     -0.3081834918495825E+14
  0.13800000E+03     -0.5026278601197787E+03      0.2529129391241204E+06     -0.1274002905449656E+09      0.6424534349372218E+11     -0.3243260186969027E+14
  0.13900000E+03     -0.5078057993141141E+03      0.2581443810110785E+06     -0.1313687525379117E+09      0.6692415765610938E+11     -0.3412968570252251E+14
  0.14000000E+03     -0.5130281947092525E+03      0.2634754665278960E+06     -0.1354546543246735E+09      0.6971072693763112E+11     -0.3591322347843438E+14
  0.14100000E+03     -0.5183213819862939E+03      0.2689344173214952E+06     -0.1396815154222251E+09      0.7262296576593480E+11     -0.3779625321356780E+14
  0.14200000E+03     -0.5236705771649819E+03      0.2745082128900721E+06     -0.1440418608527644E+09      0.7565812456993309E+11     -0.3977893777474512E+14
  0.14300000E+03     -0.5290908513423399E+03      0.2802145139828220E+06     -0.1485519702153276E+09      0.7882989575669594E+11     -0.4187218278150388E+14
  0.14400000E+03     -0.5345682724893749E+03      0.2860409253215450E+06     -0.1532047893642479E+09      0.8213591028432086E+11     -0.4407657085929562E+14
  0.14500000E+03     -0.5401079185417772E+03      0.2919946151287312E+06     -0.1580084479942572E+09      0.8558435616721034E+11     -0.4639963529293998E+14
  0.14600000E+03     -0.5457207663156706E+03      0.2980899786554042E+06     -0.1629776932186473E+09      0.8918880899783015E+11     -0.4885303107131334E+14
  0.14700000E+03     -0.5513910300712944E+03      0.3043118573807921E+06     -0.1681028435320152E+09      0.9294495238986226E+11     -0.5143618052135147E+14
  0.14800000E+03     -0.5571086349835417E+03      0.3106505704872230E+06     -0.1733781540313964E+09      0.9685101053960085E+11     -0.5415008471445402E+14
  0.14900000E+03     -0.5628702352258217E+03      0.3171045782015494E+06     -0.1788052746898872E+09      0.1009112058839724E+12     -0.5700033676185573E+14
  0.15000000E+03     -0.5686851491719229E+03      0.3236857107122376E+06     -0.1843964716410480E+09      0.1051373044558160E+12     -0.5999761189278172E+14
  0.15100000E+03     -0.5745237714938868E+03      0.3303617432071139E+06     -0.1901266379420604E+09      0.1095129349949865E+12     -0.6313277557179919E+14
  0.15200000E+03     -0.5804307659587796E+03      0.3371856081961017E+06     -0.1960440217500373E+09      0.1140780158003658E+12     -0.6643729412970345E+14
  0.15300000E+03     -0.5863293139855509E+03      0.3440692548993142E+06     -0.2020740877052316E+09      0.1187773854783395E+12     -0.6987360817828633E+14
  0.15400000E+03     -0.5922474498899486E+03      0.3510456334930389E+06     -0.2082471364992905E+09      0.1236367339391045E+12     -0.7346271805021838E+14
  0.15500000E+03     -0.5982032035022593E+03      0.3581371490314188E+06     -0.2145852553356459E+09      0.1286762036166266E+12     -0.7722225365012603E+14
  0.15600000E+03     -0.6041559083705157E+03      0.3652959502698345E+06     -0.2210474612156393E+09      0.1338656377557783E+12     -0.8113228062530077E+14
  0.15700000E+03     -0.6101012777338768E+03      0.3725168868186314E+06     -0.2276303648820345E+09      0.1392043319239983E+12     -0.8519454378554752E+14
  0.15800000E+03     -0.6160623687743837E+03      0.3798279714016118E+06     -0.2343607888733523E+09      0.1447161126429209E+12     -0.8942953258884300E+14
  0.15900000E+03     -0.6220257336337691E+03      0.3872129462539985E+06     -0.2412252519808394E+09      0.1503921915515934E+12     -0.9383301790981750E+14
  0.16000000E+03     -0.6279869495303309E+03      0.3946662889131040E+06     -0.2482198436402965E+09      0.1562313884568592E+12     -0.9840648326069859E+14
  0.16100000E+03     -0.6339665972280153E+03      0.4022140216297361E+06     -0.2553705317086940E+09      0.1622577341215469E+12     -0.1031714207761972E+15
  0.16200000E+03     -0.6399476525877070E+03      0.4098350491838586E+06     -0.2626589930772888E+09      0.1684582712786007E+12     -0.1081204045306387E+15
  0.16300000E+03     -0.6459186547055981E+03      0.4175145648015529E+06     -0.2700721480173683E+09      0.1748238739311103E+12     -0.1132486089500718E+15
  0.16400000E+03     -0.6518989190817856E+03      0.4252776415565996E+06     -0.2776356920607314E+09      0.1813789746961290E+12     -0.1185784982066303E+15
  0.16500000E+03     -0.6578605616756169E+03      0.4330875577252777E+06     -0.2853146218359420E+09      0.1880950191457433E+12     -0.1240892039833678E+15
  0.16600000E+03     -0.6638306118660106E+03      0.4409798807821915E+06     -0.2931453412438824E+09      0.1950062133733264E+12     -0.1298116466701914E+15
  0.16700000E+03     -0.6698000007971723E+03      0.4489425068972614E+06     -0.3011170108768163E+09      0.2021051533312399E+12     -0.1357424193487901E+15
  0.16800000E+03     -0.6757801766665518E+03      0.4569909652996201E+06     -0.3092466965237318E+09      0.2094095081069474E+12     -0.1418992807259726E+15
  0.16900000E+03     -0.6817499444105044E+03      0.4650966871625169E+06     -0.3175067838032151E+09      0.2168967358821319E+12     -0.1482661116469748E+15
  0.17000000E+03     -0.6877188808481569E+03      0.4732724642719041E+06     -0.3259113585968559E+09      0.2245817008283272E+12     -0.1548583044544772E+15
  0.17100000E+03     -0.6936910867224562E+03      0.4815240408614582E+06     -0.3344677377759226E+09      0.2324735520413026E+12     -0.1616868150618054E+15
  0.17200000E+03     -0.6996589712733353E+03      0.4898410384421211E+06     -0.3431665652274641E+09      0.2405661454937480E+12     -0.1687495040096993E+15
  0.17300000E+03     -0.7056328340216310E+03      0.4982380723010737E+06     -0.3520246738583661E+09      0.2488777610434357E+12     -0.1760656396752775E+15
  0.17400000E+03     -0.7116027424003205E+03      0.5067005902835448E+06     -0.3610273764641073E+09      0.2573964451771905E+12     -0.1836273665283191E+15
  0.17500000E+03     -0.7175712227385627E+03      0.5152322803419036E+06     -0.3701799800438829E+09      0.2661297271763526E+12     -0.1914446548282339E+15
  0.17600000E+03     -0.7235367816596662E+03      0.5238310008950893E+06     -0.3794814594165104E+09      0.2750790610532891E+12     -0.1995220713221657E+15
  0.17700000E+03     -0.7295044540867459E+03      0.5325041068420620E+06     -0.3889411347606267E+09      0.2842559346195033E+12     -0.2078733471603773E+15
  0.17800000E+03     -0.7354763636154819E+03      0.5412548367411253E+06     -0.3985639974112313E+09      0.2936678560568144E+12     -0.2165088760775727E+15
  0.17900000E+03     -0.7414514863897639E+03      0.5500817145166219E+06     -0.4083497461179582E+09      0.3033170880870828E+12     -0.2254342384546992E+15
  0.18000000E+03     -0.7474170236821689E+03      0.5589655162343929E+06     -0.4182779778647807E+09      0.3131856485175161E+12     -0.2346359208638907E+15
  0.18100000E+03     -0.7533867061893412E+03      0.5679265877374174E+06     -0.4283725804674985E+09      0.3232996779562565E+12     -0.2441416979154301E+15
  0.18200000E+03     -0.7593614502421800E+03      0.5769667190467948E+06     -0.4386373288905449E+09      0.3336660111591774E+12     -0.2539620722002592E+15
  0.18300000E+03     -0.7653344695808772E+03      0.5860754555060208E+06     -0.4490614145519676E+09      0.3442760892922464E+12     -0.2640923818209044E+15
  0.18400000E+03     -0.7712977601179061E+03      0.5952407280402582E+06     -0.4596324540668912E+09      0.3551200537815205E+12     -0.2745270664237557E+15
  0.18500000E+03     -0.7772636160195132E+03      0.6044809966291077E+06     -0.4703725126563367E+09      0.3662226392814197E+12     -0.2852932013039001E+15
  0.18600000E+03     -0.7832286683584576E+03      0.6137911523845070E+06     -0.4812770492917014E+09      0.3775819057011126E+12     -0.2963928431963922E+15
  0.18700000E+03     -0.7891890957461609E+03      0.6231653610585444E+06     -0.4923406726765933E+09      0.3891950796397026E+12     -0.3078273669152971E+15
  0.18800000E+03     -0.7951537729227670E+03      0.6326173588978393E+06     -0.5035805910141568E+09      0.4010825871691860E+12     -0.3196205051149192E+15
  0.18900000E+03     -0.8011225076101351E+03      0.6421470454735806E+06     -0.5149982170958264E+09      0.4132489047515735E+12     -0.3317810065981065E+15
  0.19000000E+03     -0.8070929882385178E+03      0.6517510362524394E+06     -0.5265911335035157E+09      0.4256945518878453E+12     -0.3443138306932432E+15
  0.19100000E+03     -0.8130570148401152E+03      0.6614158989029011E+06     -0.5383441179790069E+09      0.4384056274973108E+12     -0.3572088203816383E+15
  0.19200000E+03     -0.8190196580495575E+03      0.6711495808581242E+06     -0.5502677954493965E+09      0.4513960515390903E+12     -0.3704839682610882E+15
  0.19300000E+03     -0.8249822839927718E+03      0.6809542300929842E+06     -0.5623659530071119E+09      0.4646725766684474E+12     -0.3841502553998291E+15
  0.19400000E+03     -0.8309473741741003E+03      0.6908341731127895E+06     -0.5746454973913972E+09      0.4782458872086385E+12     -0.3982232966022315E+15
  0.19500000E+03     -0.8369195814880799E+03      0.7007969358018340E+06     -0.5871168339824654E+09      0.4921300557691547E+12     -0.4127218063853840E+15
  0.19600000E+03     -0.8428789136160639E+03      0.7108093769642736E+06     -0.5997400234048818E+09      0.5062837665338696E+12     -0.4276074144355158E+15
  0.19700000E+03     -0.8488412470072456E+03      0.7208981299620033E+06     -0.6125498480186039E+09      0.5207487755538011E+12     -0.4429284113585424E+15
  0.19800000E+03     -0.8548047194567458E+03      0.7310599420795483E+06     -0.6255433307125102E+09      0.5355244678484819E+12     -0.4586885827871746E+15
  0.19900000E+03     -0.8607689838194808E+03      0.7412942880456772E+06     -0.6387211695057615E+09      0.5506146529963624E+12     -0.4748967613417414E+15
  0.20000000E+03     -0.8667403525540673E+03      0.7516120158163907E+06     -0.6520986295045681E+09      0.5660397559862352E+12     -0.4915796128602706E+15
  0.20100000E+03     -0.8726963554615987E+03      0.7619746980602734E+06     -0.6656276661482790E+09      0.5817478825064015E+12     -0.5086863719462809E+15
  0.20200000E+03     -0.8786603301683259E+03      0.7724216744612403E+06     -0.6793592768132035E+09      0.5977993157318182E+12     -0.5262854788962198E+15
  0.20300000E+03     -0.8846052958940635E+03      0.7829063609270048E+06     -0.6932343641487277E+09      0.6141289188873926E+12     -0.5443114303463946E+15
  0.20400000E+03     -0.8905547438149400E+03      0.7934698704816479E+06     -0.7073081920924717E+09      0.6308042372023668E+12     -0.5628432023830132E+15
  0.20500000E+03     -0.8965008714635850E+03      0.8040983249653925E+06     -0.7215635176349248E+09      0.6478078317940951E+12     -0.5818664193272890E+15
  0.20600000E+03     -0.9024528487892092E+03      0.8148078921349660E+06     -0.7360229741616050E+09      0.6651693172929752E+12     -0.6014188028311885E+15
  0.20700000E+03     -0.9083857091934323E+03      0.8255540611818031E+06     -0.7506283031866502E+09      0.6828224841119048E+12     -0.6214317276396220E+15
  0.20800000E+03     -0.9143151772748491E+03      0.8363640474390838E+06     -0.7654160176286321E+09      0.7008123926851971E+12     -0.6419590316286125E+15
  0.20900000E+03     -0.9202556000935127E+03      0.8472646976439315E+06     -0.7804250539089739E+09      0.7191906385434159E+12     -0.6630661638822952E+15
  0.21000000E+03     -0.9261787303844756E+03      0.8582040474891373E+06     -0.7955849304089258E+09      0.7378737511844232E+12     -0.6846622623554129E+15
  0.21100000E+03     -0.9320882743547801E+03      0.8691879127115479E+06     -0.8109035169518344E+09      0.7568727171184066E+12     -0.7067632708979880E+15
  0.21200000E+03     -0.9380060036663945E+03      0.8802575895701739E+06     -0.8264408314168562E+09      0.7762665488723195E+12     -0.7294682459085296E+15
  0.21300000E+03     -0.9439268525890925E+03      0.8914030871610187E+06     -0.8421833717358932E+09      0.7960405950611359E+12     -0.7527644279052741E+15
  0.21400000E+03     -0.9498344999262283E+03      0.9025937464227045E+06     -0.8580891850017160E+09      0.8161454380690580E+12     -0.7765993197445209E+15
  0.21500000E+03     -0.9557335984456425E+03      0.9138379031474724E+06     -0.8741706785343902E+09      0.8365990323959191E+12     -0.8009987548365082E+15
  0.21600000E+03     -0.9616229706547213E+03      0.9251329748101220E+06     -0.8904248987916267E+09      0.8574001162826647E+12     -0.8259660542393624E+15
  0.21700000E+03     -0.9675077797759192E+03      0.9364887598729950E+06     -0.9068670169443463E+09      0.8785710348142147E+12     -0.8515334256328051E+15
  0.21800000E+03     -0.9733934931667609E+03      0.9479157619208868E+06     -0.9235134339618156E+09      0.9001360629585468E+12     -0.8777359538480505E+15
  0.21900000E+03     -0.9792630418183390E+03      0.9593807551953098E+06     -0.9403168402661552E+09      0.9220369047392155E+12     -0.9045083571862432E+15
  0.22000000E+03     -0.9851552972902620E+03      0.9709594871430764E+06     -0.9573892166603477E+09      0.9444223647622595E+12     -0.9320379795437010E+15
  0.22100000E+03     -0.9910138629745834E+03      0.9825405365036555E+06     -0.9745666233988588E+09      0.9670795457645447E+12     -0.9600675110551561E+15
  0.22200000E+03     -0.9968395372500421E+03      0.9941249574427856E+06     -0.9918510470756844E+09      0.9900132090287965E+12     -0.9886074485744389E+15
  0.22300000E+03     -0.1002756032373242E+04      0.1005959549597370E+07     -0.1009613140718478E+10      0.1013719988734202E+13     -0.1018283874005755E+16
  0.22400000E+03     -0.1008555272004231E+04      0.1017627432295856E+07     -0.1027227388321757E+10      0.1037366806081457E+13     -0.1048058132769380E+16
  0.22500000E+03     -0.1014352916807388E+04      0.1029360224031763E+07     -0.1045043050878468E+10      0.1061423668842374E+13     -0.1078525541997320E+16
  0.22600000E+03     -0.1020158852416872E+04      0.1041177455735462E+07     -0.1063090248723927E+10      0.1085933470777685E+13     -0.1109745255247556E+16
  0.22700000E+03     -0.1025925189893811E+04      0.1052981115991972E+07     -0.1081219631572604E+10      0.1110695402180210E+13     -0.1141466066179834E+16
  0.22800000E+03     -0.1031660165174358E+04      0.1064786631353039E+07     -0.1099453942134885E+10      0.1135740932236353E+13     -0.1173730991847285E+16
  0.22900000E+03     -0.1037376712687481E+04      0.1076619831242413E+07     -0.1117832927216033E+10      0.1161125937105268E+13     -0.1206615581741902E+16
  0.23000000E+03     -0.1043076581174699E+04      0.1088484162349077E+07     -0.1136362749403261E+10      0.1186861537329841E+13     -0.1240139554961536E+16
  0.23100000E+03     -0.1048734619661237E+04      0.1100327053140990E+07     -0.1154962166171352E+10      0.1212837770733667E+13     -0.1274165590238716E+16
  0.23200000E+03     -0.1054355010614473E+04      0.1112154206429887E+07     -0.1173636513254364E+10      0.1239058666969420E+13     -0.1308696620644900E+16
  0.23300000E+03     -0.1059971759027325E+04      0.1124037764769367E+07     -0.1192501666807925E+10      0.1265691165672693E+13     -0.1343960023726308E+16
  0.23400000E+03     -0.1065481859334693E+04      0.1135756312619364E+07     -0.1211201677539502E+10      0.1292227995775335E+13     -0.1379279830603804E+16
  0.23500000E+03     -0.1070969878525095E+04      0.1147489372084594E+07     -0.1230023434291045E+10      0.1319078203144261E+13     -0.1415204823910302E+16
  0.23600000E+03     -0.1076419088750893E+04      0.1159199901618740E+07     -0.1248906535907257E+10      0.1346155749256796E+13     -0.1451622095010984E+16
  0.23700000E+03     -0.1081797233072258E+04      0.1170816995282391E+07     -0.1267735161478007E+10      0.1373293956442498E+13     -0.1488308740716209E+16
  0.23800000E+03     -0.1087098694211209E+04      0.1182325651671635E+07     -0.1286481297615507E+10      0.1400448486065895E+13     -0.1525201322027636E+16
  0.23900000E+03     -0.1092320939853493E+04      0.1193718109529056E+07     -0.1305129531865141E+10      0.1427594335665842E+13     -0.1562264058149062E+16
  0.24000000E+03     -0.1097473448560064E+04      0.1205012814113564E+07     -0.1323707302995445E+10      0.1454768747183455E+13     -0.1599545895351711E+16
  0.24100000E+03     -0.1102569854957491E+04      0.1216236961425056E+07     -0.1342255815304724E+10      0.1482028156305193E+13     -0.1637120829318875E+16
  0.24200000E+03     -0.1107566978457523E+04      0.1227291231928227E+07     -0.1360604757430693E+10      0.1509114356306049E+13     -0.1674623655615582E+16
  0.24300000E+03     -0.1112459216440050E+04      0.1238164573082043E+07     -0.1378738624150131E+10      0.1536009569217934E+13     -0.1712038117378323E+16
  0.24400000E+03     -0.1117261652000786E+04      0.1248884210962062E+07     -0.1396693147006919E+10      0.1562753672546299E+13     -0.1749403157639532E+16
  0.24500000E+03     -0.1121933714469111E+04      0.1259353449509457E+07     -0.1414296754405337E+10      0.1589077778803601E+13     -0.1786325889054444E+16
  0.24600000E+03     -0.1126502314961929E+04      0.1269634336965899E+07     -0.1431657148179090E+10      0.1615148642261106E+13     -0.1823049133788088E+16
  0.24700000E+03     -0.1131010647890255E+04      0.1279817670472562E+07     -0.1448917424051710E+10      0.1641166692309531E+13     -0.1859836106227138E+16
  0.24800000E+03     -0.1135452097165465E+04      0.1289888181536478E+07     -0.1466051613687631E+10      0.1667093346566679E+13     -0.1896634037129606E+16
  0.24900000E+03     -0.1139850399910510E+04      0.1299896799353270E+07     -0.1483141782694094E+10      0.1693046349847973E+13     -0.1933601633782865E+16
  0.25000000E+03     -0.1144252804312315E+04      0.1309949329660821E+07     -0.1500366187465070E+10      0.1719293511725164E+13     -0.1971117351874159E+16
  0.25100000E+03     -0.1148677283261232E+04      0.1320088249470216E+07     -0.1517800262276824E+10      0.1745954111241123E+13     -0.2009358278481055E+16
  0.25200000E+03     -0.1153129723102628E+04      0.1330328226859996E+07     -0.1535471698576115E+10      0.1773074932433330E+13     -0.2048398812769811E+16
  0.25300000E+03     -0.1157659133802738E+04      0.1340786614566436E+07     -0.1553591520760948E+10      0.1800993657733101E+13     -0.2088746029737523E+16
  0.25400000E+03     -0.1162302118497987E+04      0.1351545550014523E+07     -0.1572298298963579E+10      0.1829918607472588E+13     -0.2130694295360483E+16
  0.25500000E+03     -0.1167020174547442E+04      0.1362522139291150E+07     -0.1591459545896427E+10      0.1859663913589245E+13     -0.2174003011651396E+16
  0.25600000E+03     -0.1171858904873226E+04      0.1373825488602738E+07     -0.1611271525789919E+10      0.1890544095440196E+13     -0.2219145645035127E+16
  0.25700000E+03     -0.1176816673094046E+04      0.1385456731831034E+07     -0.1631745608685525E+10      0.1922592572766541E+13     -0.2266195552836984E+16
  0.25800000E+03     -0.1181936289794973E+04      0.1397521155452985E+07     -0.1653076541354697E+10      0.1956130288636171E+13     -0.2315649539703168E+16
  0.25900000E+03     -0.1187145212252246E+04      0.1409851157974285E+07     -0.1674974653110738E+10      0.1990713441382080E+13     -0.2366872029088693E+16
  0.26000000E+03     -0.1192479147436678E+04      0.1422533811486393E+07     -0.1697599991807350E+10      0.2026604707707726E+13     -0.2420268795075392E+16
  0.26100000E+03     -0.1197940598892083E+04      0.1435579122058199E+07     -0.1720978643342603E+10      0.2063860116551680E+13     -0.2475947328766048E+16
  0.26200000E+03     -0.1203628855155932E+04      0.1449230398277807E+07     -0.1745558619163138E+10      0.2103214203873031E+13     -0.2535038435152924E+16
  0.26300000E+03     -0.1209260280597097E+04      0.1462810236683260E+07     -0.1770127263344325E+10      0.2142738505491354E+13     -0.2594668781436368E+16
  0.26400000E+03     -0.1215020843829815E+04      0.1476768235545196E+07     -0.1795501238303619E+10      0.2183753917957865E+13     -0.2656844750717890E+16
  0.26500000E+03     -0.1220926366174486E+04      0.1491147062477924E+07     -0.1821767127054065E+10      0.2226416811668050E+13     -0.2721831038363210E+16
  0.26600000E+03     -0.1226816864635710E+04      0.1505560054484541E+07     -0.1848225123960119E+10      0.2269603165273819E+13     -0.2787937893947730E+16
  0.26700000E+03     -0.1232809781032606E+04      0.1520295796374424E+07     -0.1875408553671463E+10      0.2314191473756785E+13     -0.2856525536625800E+16
  0.26800000E+03     -0.1238842048468562E+04      0.1535202715136732E+07     -0.1903045579318505E+10      0.2359750755234570E+13     -0.2926957240207233E+16
  0.26900000E+03     -0.1244971170349583E+04      0.1550422768154903E+07     -0.1931400463348197E+10      0.2406720630010812E+13     -0.2999922199886784E+16
  0.27000000E+03     -0.1251147989205984E+04      0.1565839107344999E+07     -0.1960266679239878E+10      0.2454779844743972E+13     -0.3074957443765328E+16
  0.27100000E+03     -0.1257396842879414E+04      0.1581513666753506E+07     -0.1989763865164660E+10      0.2504136086164972E+13     -0.3152404230918666E+16
  0.27200000E+03     -0.1263673655075435E+04      0.1597336566139258E+07     -0.2019687985612167E+10      0.2554454984558836E+13     -0.3231752754737782E+16
  0.27300000E+03     -0.1269975936500699E+04      0.1613303012354782E+07     -0.2050034299779806E+10      0.2605738387915909E+13     -0.3313025419727505E+16
  0.27400000E+03     -0.1276336427514577E+04      0.1629499162044093E+07     -0.2080974202873338E+10      0.2658291462267963E+13     -0.3396734560580386E+16
  0.27500000E+03     -0.1282724391426523E+04      0.1645845981632248E+07     -0.2112356811662430E+10      0.2711860732969930E+13     -0.3482485105429382E+16
  0.27600000E+03     -0.1289156271282987E+04      0.1662387787169441E+07     -0.2144272993591141E+10      0.2766613737700289E+13     -0.3570569210081166E+16
  0.27700000E+03     -0.1295634922115866E+04      0.1679135126900551E+07     -0.2176751032657528E+10      0.2822615597506712E+13     -0.3661123146506098E+16
  0.27800000E+03     -0.1302114978192341E+04      0.1695970722966949E+07     -0.2209565084507451E+10      0.2879482401386099E+13     -0.3753539521724554E+16
  0.27900000E+03     -0.1308624281043075E+04      0.1712967198442521E+07     -0.2242858980574663E+10      0.2937470341240687E+13     -0.3848250778183514E+16
  0.28000000E+03     -0.1315127788009952E+04      0.1730032684895674E+07     -0.2276453636698272E+10      0.2996271807748277E+13     -0.3944766062770090E+16
  0.28100000E+03     -0.1321692714219114E+04      0.1747344771084174E+07     -0.2310702698956782E+10      0.3056515788277752E+13     -0.4044138945114208E+16
  0.28200000E+03     -0.1328224819843171E+04      0.1764656877896530E+07     -0.2345123906665286E+10      0.3117366785577022E+13     -0.4145017361748975E+16
  0.28300000E+03     -0.1334761833817461E+04      0.1782067924845906E+07     -0.2379913462729090E+10      0.3179173744826928E+13     -0.4247988119605710E+16
  0.28400000E+03     -0.1341331442478666E+04      0.1799651557313583E+07     -0.2415220067867231E+10      0.3242206683039299E+13     -0.4353515928237543E+16
  0.28500000E+03     -0.1347894628352363E+04      0.1817305026470398E+07     -0.2450842479454619E+10      0.3306118390609322E+13     -0.4461044757018580E+16
  0.28600000E+03     -0.1354433551524147E+04      0.1834977704766846E+07     -0.2486674865257391E+10      0.3370715376868598E+13     -0.4570247994251936E+16
  0.28700000E+03     -0.1360978366444822E+04      0.1852753273690101E+07     -0.2522893068200788E+10      0.3436328918657252E+13     -0.4681715117510397E+16
  0.28800000E+03     -0.1367520270297622E+04      0.1870606963736157E+07     -0.2559446542249671E+10      0.3502870346866866E+13     -0.4795305591672329E+16
  0.28900000E+03     -0.1374063005478752E+04      0.1888548467242206E+07     -0.2596355753359907E+10      0.3570381120040202E+13     -0.4911102597780370E+16
  0.29000000E+03     -0.1380577873616340E+04      0.1906498686799813E+07     -0.2633458878240240E+10      0.3638570031707785E+13     -0.5028620254463682E+16
  0.29100000E+03     -0.1387122067412586E+04      0.1924615519113890E+07     -0.2671084596292226E+10      0.3708048412142574E+13     -0.5148929902900673E+16
  0.29200000E+03     -0.1393652792006704E+04      0.1942780676557771E+07     -0.2708989319137819E+10      0.3778373420154593E+13     -0.5271282189478229E+16
  0.29300000E+03     -0.1400132660012547E+04      0.1960888354151123E+07     -0.2746950149573693E+10      0.3849130672850732E+13     -0.5394960077648791E+16
  0.29400000E+03     -0.1406611132732023E+04      0.1979076908818034E+07     -0.2785259082037728E+10      0.3920871133105902E+13     -0.5520943686661961E+16
  0.29500000E+03     -0.1413178028035305E+04      0.1997597616667395E+07     -0.2824445068816950E+10      0.3994587794105764E+13     -0.5650986307763915E+16
  0.29600000E+03     -0.1419641525680347E+04      0.2015913475151352E+07     -0.2863382161694004E+10      0.4068185158528526E+13     -0.5781437189199595E+16
  0.29700000E+03     -0.1426037844929614E+04      0.2034119636493838E+07     -0.2902258316072185E+10      0.4141994411304673E+13     -0.5912845988961161E+16
  0.29800000E+03     -0.1432443327367292E+04      0.2052435250691503E+07     -0.2941546973116670E+10      0.4216927715043792E+13     -0.6046865523708951E+16
  0.29900000E+03     -0.1438749845449195E+04      0.2070547575540517E+07     -0.2980571302054371E+10      0.4291685999164833E+13     -0.6181163470170768E+16
  0.30000000E+03     -0.1445046868348148E+04      0.2088710952722671E+07     -0.3019875126182760E+10      0.4367305854105556E+13     -0.6317597664768013E+16
  0.30100000E+03     -0.1451366725271272E+04      0.2107021309205141E+07     -0.3059673321084927E+10      0.4444217645764368E+13     -0.6456980406464102E+16
  0.30200000E+03     -0.1457672053022719E+04      0.2125368228439690E+07     -0.3099722655370326E+10      0.4521947902139923E+13     -0.6598452606329482E+16
  0.30300000E+03     -0.1463922107127535E+04      0.2143632935838614E+07     -0.3139764856956664E+10      0.4600000155139048E+13     -0.6741124613854029E+16
  0.30400000E+03     -0.1470210495553975E+04      0.2162089368296464E+07     -0.3180402939874401E+10      0.4679557762445274E+13     -0.6887179750449731E+16
  0.30500000E+03     -0.1476418423427925E+04      0.2180386224190865E+07     -0.3220859069561762E+10      0.4759092388237110E+13     -0.7033807362790349E+16
  0.30600000E+03     -0.1482653251092145E+04      0.2198838440550068E+07     -0.3261827492939349E+10      0.4839967074841815E+13     -0.7183521296359793E+16
  0.30700000E+03     -0.1488801843115820E+04      0.2217112640342647E+07     -0.3302572800342557E+10      0.4920742525644602E+13     -0.7333685822945267E+16
  0.30800000E+03     -0.1494947458193372E+04      0.2235452424192796E+07     -0.3343630969774201E+10      0.5002469892459887E+13     -0.7486239124333813E+16
  0.30900000E+03     -0.1501124689601533E+04      0.2253962474427179E+07     -0.3385241011173844E+10      0.5085636994700064E+13     -0.7642119518053940E+16
  0.31000000E+03     -0.1507247532754171E+04      0.2272383863864121E+07     -0.3426819306346079E+10      0.5169076573090502E+13     -0.7799142174633079E+16
  0.31100000E+03     -0.1513362548286128E+04      0.2290856751899300E+07     -0.3468683950282945E+10      0.5253433638756398E+13     -0.7958539363641342E+16
  0.31200000E+03     -0.1519469268841183E+04      0.2309375968856471E+07     -0.3510815878768603E+10      0.5338657323159964E+13     -0.8120195877217287E+16
  0.31300000E+03     -0.1525619638997799E+04      0.2328104095991556E+07     -0.3553597711793526E+10      0.5425549862691185E+13     -0.8285691821839801E+16
  0.31400000E+03     -0.1531770575633783E+04      0.2346905659601551E+07     -0.3596711734778218E+10      0.5513452338360381E+13     -0.8453752200456785E+16
  0.31500000E+03     -0.1537983667519324E+04      0.2365975871575264E+07     -0.3640622681862949E+10      0.5603349451514095E+13     -0.8626335213632007E+16
  0.31600000E+03     -0.1544201229727482E+04      0.2385136859180877E+07     -0.3684920612279921E+10      0.5694404267784401E+13     -0.8801844489844071E+16
  0.31700000E+03     -0.1550399756774997E+04      0.2404318602192283E+07     -0.3729450846083412E+10      0.5786316932138094E+13     -0.8979743252596745E+16
  0.31800000E+03     -0.1556664583762346E+04      0.2423778593913385E+07     -0.3774797072479486E+10      0.5880265626048242E+13     -0.9162265237862170E+16
  0.31900000E+03     -0.1562959373942655E+04      0.2443413729635964E+07     -0.3820743300394557E+10      0.5975856238242612E+13     -0.9348754467004866E+16
  0.32000000E+03     -0.1569306458621387E+04      0.2463292702268060E+07     -0.3867449600196932E+10      0.6073423693833576E+13     -0.9539874485259786E+16
  0.32100000E+03     -0.1575680552074195E+04      0.2483334088581526E+07     -0.3914720980637769E+10      0.6172556211043343E+13     -0.9734816308580220E+16
  0.32200000E+03     -0.1582127720644594E+04      0.2503693504341002E+07     -0.3962951464485318E+10      0.6274139917963268E+13     -0.9935446514992770E+16
  0.32300000E+03     -0.1588533251876274E+04      0.2524003976781222E+07     -0.4011262132842646E+10      0.6376306843859831E+13     -0.1013804937182658E+17
  0.32400000E+03     -0.1594896115997714E+04      0.2544261766416579E+07     -0.4059644657243681E+10      0.6479044140342048E+13     -0.1034261588949826E+17
  0.32500000E+03     -0.1601369198624601E+04      0.2564954943720827E+07     -0.4109269684345894E+10      0.6584852004164290E+13     -0.1055416070967718E+17
  0.32600000E+03     -0.1607827488071643E+04      0.2585682731606424E+07     -0.4159174810581695E+10      0.6691678785187474E+13     -0.1076858872320032E+17
  0.32700000E+03     -0.1614324987322782E+04      0.2606624875423598E+07     -0.4209809964759684E+10      0.6800527991588479E+13     -0.1098800262833551E+17
  0.32800000E+03     -0.1620720687031360E+04      0.2627322707825441E+07     -0.4260057886902062E+10      0.6908984050318455E+13     -0.1120751328817403E+17
  0.32900000E+03     -0.1627131305407814E+04      0.2648151621852280E+07     -0.4310825827787468E+10      0.7018999749157037E+13     -0.1143106887407363E+17
  0.33000000E+03     -0.1633377957307173E+04      0.2668528085741297E+07     -0.4360687734918808E+10      0.7127480686231864E+13     -0.1165238138146396E+17
  0.33100000E+03     -0.1639711339075441E+04      0.2689269673478918E+07     -0.4411645076692338E+10      0.7238785996468512E+13     -0.1188035934102067E+17
  0.33200000E+03     -0.1645976683261799E+04      0.2709870724066354E+07     -0.4462460343003561E+10      0.7350227078836783E+13     -0.1210953378099615E+17
  0.33300000E+03     -0.1652008750444614E+04      0.2729777280143083E+07     -0.4511742657335121E+10      0.7458703883101552E+13     -0.1233343523160413E+17
  0.33400000E+03     -0.1658097398219501E+04      0.2749944558689420E+07     -0.4561854252127522E+10      0.7569412004543089E+13     -0.1256278299134725E+17
  0.33500000E+03     -0.1664051940089788E+04      0.2769743029384044E+07     -0.4611237809660879E+10      0.7678930218844855E+13     -0.1279053750453764E+17
  0.33600000E+03     -0.1669932397618476E+04      0.2789365153314737E+07     -0.4660357020665713E+10      0.7788253591660383E+13     -0.1301870528497708E+17
  0.33700000E+03     -0.1675628281908401E+04      0.2808431977694473E+07     -0.4708238898050946E+10      0.7895165332593992E+13     -0.1324255908547402E+17
  0.33800000E+03     -0.1681278730655942E+04      0.2827408623943318E+07     -0.4756050535966377E+10      0.8002270717434099E+13     -0.1346755569597171E+17
  0.33900000E+03     -0.1686839180461547E+04      0.2846139405155378E+07     -0.4803385634593231E+10      0.8108630674523199E+13     -0.1369166717748737E+17
  0.34000000E+03     -0.1692357835824115E+04      0.2864782223047819E+07     -0.4850632289854474E+10      0.8215093503964367E+13     -0.1391663278409598E+17
  0.34100000E+03     -0.1697876307592058E+04      0.2883476388469030E+07     -0.4898140984480615E+10      0.8322444555259318E+13     -0.1414410569674713E+17
  0.34200000E+03     -0.1703530439403780E+04      0.2902683068848605E+07     -0.4947086434007428E+10      0.8433344826524582E+13     -0.1437973938604168E+17
  0.34300000E+03     -0.1709282355530994E+04      0.2922279253341726E+07     -0.4997170120096278E+10      0.8547153043268947E+13     -0.1462224839264204E+17
  0.34400000E+03     -0.1715323583718239E+04      0.2942928393829951E+07     -0.5050116460754013E+10      0.8667854927566625E+13     -0.1488027278186248E+17
  0.34500000E+03     -0.1721654903376514E+04      0.2964645018411134E+07     -0.5105993990685735E+10      0.8795679919289183E+13     -0.1515446336358749E+17
  0.34600000E+03     -0.1728274664427584E+04      0.2987435286626686E+07     -0.5164850259793512E+10      0.8930812181790785E+13     -0.1544538286934314E+17
  0.34700000E+03     -0.1735263607524000E+04      0.3011594517745091E+07     -0.5227494669817070E+10      0.9075221742519498E+13     -0.1575752210829078E+17
  0.34800000E+03     -0.1742556555042655E+04      0.3036913100443776E+07     -0.5293426376056819E+10      0.9227856888752715E+13     -0.1608883959969962E+17
  0.34900000E+03     -0.1750252801174046E+04      0.3063753422112208E+07     -0.5363637917889497E+10      0.9391134984195947E+13     -0.1644485611915100E+17
  0.35000000E+03     -0.1758196312148025E+04      0.3091588209869039E+07     -0.5436797308077830E+10      0.9562075695486336E+13     -0.1681934446938823E+17
  0.35100000E+03     -0.1766471672544179E+04      0.3120726161657068E+07     -0.5513751760510500E+10      0.9742750490891627E+13     -0.1721706180933174E+17
  0.35200000E+03     -0.1774986287596325E+04      0.3150853044464922E+07     -0.5593706042886826E+10      0.9931381899189537E+13     -0.1763431052861167E+17
  0.35300000E+03     -0.1783668856807889E+04      0.3181729283416435E+07     -0.5676062209685677E+10      0.1012665832045600E+14     -0.1806843012295339E+17
  0.35400000E+03     -0.1792586791012393E+04      0.3213604015567593E+07     -0.5761514204020239E+10      0.1033030511285869E+14     -0.1852345650443729E+17
  0.35500000E+03     -0.1801682220053499E+04      0.3246279688336812E+07     -0.5849561625442006E+10      0.1054120958786131E+14     -0.1899710468978904E+17
  0.35600000E+03     -0.1810911196656492E+04      0.3279609524349847E+07     -0.5939843859045538E+10      0.1075860340034796E+14     -0.1948789015606283E+17
  0.35700000E+03     -0.1820332311234870E+04      0.3313809325235093E+07     -0.6032961710239655E+10      0.1098398406451231E+14     -0.1999933470496139E+17
  0.35800000E+03     -0.1829823454985727E+04      0.3348445174443691E+07     -0.6127764251709119E+10      0.1121465199604632E+14     -0.2052553537820097E+17
  0.35900000E+03     -0.1839390362951273E+04      0.3383541318903168E+07     -0.6224332203716010E+10      0.1145085133328842E+14     -0.2106718718648390E+17
  0.36000000E+03     -0.1849095652497299E+04      0.3419334101675048E+07     -0.6323339571475205E+10      0.1169430195163346E+14     -0.2162842818522924E+17
  0.36100000E+03     -0.1858898839238814E+04      0.3455679775190250E+07     -0.6424409585380932E+10      0.1194414215026637E+14     -0.2220745210773627E+17
  0.36200000E+03     -0.1868777173605654E+04      0.3492499723844039E+07     -0.6527345337652803E+10      0.1219995310497083E+14     -0.2280347875157788E+17
  0.36300000E+03     -0.1878660676876704E+04      0.3529534187531277E+07     -0.6631429384749967E+10      0.1245998789853508E+14     -0.2341255510426642E+17
  0.36400000E+03     -0.1888679953993357E+04      0.3567278227573989E+07     -0.6738074994899960E+10      0.1272784699642735E+14     -0.2404331263005910E+17
  0.36500000E+03     -0.1898728927588669E+04      0.3605335680916610E+07     -0.6846178522208587E+10      0.1300081286274708E+14     -0.2468951561196614E+17
  0.36600000E+03     -0.1908853087140054E+04      0.3643883277872585E+07     -0.6956260803489911E+10      0.1328026377266869E+14     -0.2535461328397046E+17
  0.36700000E+03     -0.1919030754198044E+04      0.3682841194559993E+07     -0.7068107886366107E+10      0.1356570799846326E+14     -0.2603759538495876E+17
  0.36800000E+03     -0.1929278315596370E+04      0.3722276261051548E+07     -0.7181929778040208E+10      0.1385774400697371E+14     -0.2674008221455148E+17
  0.36900000E+03     -0.1939511333376214E+04      0.3761864486309291E+07     -0.7296800469963555E+10      0.1415403575125966E+14     -0.2745658975869235E+17
  0.37000000E+03     -0.1949793136727410E+04      0.3801853512581863E+07     -0.7413452677299689E+10      0.1445652636075794E+14     -0.2819198604072076E+17
  0.37100000E+03     -0.1960140912320411E+04      0.3842312429532581E+07     -0.7532101087087666E+10      0.1476582372261794E+14     -0.2894791490079847E+17
  0.37200000E+03     -0.1970512145874633E+04      0.3883077737637076E+07     -0.7652280829981910E+10      0.1508077128090733E+14     -0.2972172687516425E+17
  0.37300000E+03     -0.1980917239316571E+04      0.3924192942617365E+07     -0.7774134593968980E+10      0.1540179835337667E+14     -0.3051465601746439E+17
  0.37400000E+03     -0.1991360195247968E+04      0.3965674998652371E+07     -0.7897722753487861E+10      0.1572910846634598E+14     -0.3132735879154329E+17
  0.37500000E+03     -0.2001853024874942E+04      0.4007575192080745E+07     -0.8023215626903972E+10      0.1606321728078925E+14     -0.3216132110877227E+17
  0.37600000E+03     -0.2012420532765595E+04      0.4049996792800605E+07     -0.8150942128498967E+10      0.1640507129297606E+14     -0.3301912860043838E+17
  0.37700000E+03     -0.2022975573116761E+04      0.4092590737177083E+07     -0.8279860605017367E+10      0.1675192634022853E+14     -0.3389405236045442E+17
  0.37800000E+03     -0.2033580545169408E+04      0.4135610835700595E+07     -0.8410752425964075E+10      0.1710593921765833E+14     -0.3479171849551778E+17
  0.37900000E+03     -0.2044213438025414E+04      0.4178970453011974E+07     -0.8543369218518406E+10      0.1746649866619732E+14     -0.3571077944355582E+17
  0.38000000E+03     -0.2054867917822230E+04      0.4222644813520243E+07     -0.8677645661396152E+10      0.1783347518312159E+14     -0.3665107781400151E+17
  0.38100000E+03     -0.2065561743585188E+04      0.4266708203352877E+07     -0.8813821974550848E+10      0.1820757742367020E+14     -0.3761461372522810E+17
  0.38200000E+03     -0.2076308926083135E+04      0.4311223226799461E+07     -0.8952114087915056E+10      0.1858948058112294E+14     -0.3860338969171398E+17
  0.38300000E+03     -0.2087035231053381E+04      0.4355881499222361E+07     -0.9091568551973137E+10      0.1897658475302975E+14     -0.3961081301258157E+17
  0.38400000E+03     -0.2097798011474134E+04      0.4400922952561704E+07     -0.9232945635656763E+10      0.1937105164156773E+14     -0.4064269680490826E+17
  0.38500000E+03     -0.2108558487174019E+04      0.4446186134108066E+07     -0.9375748611924097E+10      0.1977154398767001E+14     -0.4169572439668237E+17
  0.38600000E+03     -0.2119411917497695E+04      0.4492074616084278E+07     -0.9521267326487333E+10      0.2018174686545559E+14     -0.4277981864365701E+17
  0.38700000E+03     -0.2130298572535314E+04      0.4538341401463609E+07     -0.9668743749758173E+10      0.2059961617713202E+14     -0.4388987942626063E+17
  0.38800000E+03     -0.2141177531971523E+04      0.4584810983309185E+07     -0.9817621060624197E+10      0.2102360344497779E+14     -0.4502192901684262E+17
  0.38900000E+03     -0.2152064775667021E+04      0.4631554189649291E+07     -0.9968142147804600E+10      0.2145446792221137E+14     -0.4617823379268718E+17
  0.39000000E+03     -0.2163018019556945E+04      0.4678819466788393E+07     -0.1012111693774982E+11      0.2189457862832752E+14     -0.4736534717776358E+17
  0.39100000E+03     -0.2173920595010819E+04      0.4726103562192054E+07     -0.1027492503008629E+11      0.2233932007850245E+14     -0.4857100520104918E+17
  0.39200000E+03     -0.2184883976316853E+04      0.4773892769792449E+07     -0.1043116537517216E+11      0.2279338798109301E+14     -0.4980819536850790E+17
  0.39300000E+03     -0.2195874318572013E+04      0.4822040121682604E+07     -0.1058936725855512E+11      0.2325546583343193E+14     -0.5107353382234305E+17
  0.39400000E+03     -0.2206888478447294E+04      0.4870533930304079E+07     -0.1074950702265030E+11      0.2372555067912373E+14     -0.5236725677268358E+17
  0.39500000E+03     -0.2217964863025689E+04      0.4919546875917093E+07     -0.1091217480529094E+11      0.2420545698836321E+14     -0.5369464918685806E+17
  0.39600000E+03     -0.2228997851646544E+04      0.4968611170527717E+07     -0.1107582473527404E+11      0.2469066746295336E+14     -0.5504340205170370E+17
  0.39700000E+03     -0.2240098742688510E+04      0.5018223879899001E+07     -0.1124212997441579E+11      0.2518621235491232E+14     -0.5642775857748663E+17
  0.39800000E+03     -0.2251170932184867E+04      0.5067953547281417E+07     -0.1140965335441882E+11      0.2568786064026302E+14     -0.5783611007487109E+17
  0.39900000E+03     -0.2262334971524782E+04      0.5118343489019728E+07     -0.1158023964114689E+11      0.2620120446390918E+14     -0.5928441604737163E+17
  0.40000000E+03     -0.2273442129948050E+04      0.5168724530497588E+07     -0.1175163894345788E+11      0.2671954467007855E+14     -0.6075404761553942E+17
  0.40100000E+03     -0.2284593898240950E+04      0.5219556156251487E+07     -0.1192541981802879E+11      0.2724766620591693E+14     -0.6225875997002038E+17
  0.40200000E+03     -0.2295747523175842E+04      0.5270644954871427E+07     -0.1210093430374479E+11      0.2778366531597112E+14     -0.6379338680551408E+17
  0.40300000E+03     -0.2306956267932393E+04      0.5322237271055825E+07     -0.1227904528741453E+11      0.2833025346884401E+14     -0.6536598347357479E+17
  0.40400000E+03     -0.2318138931618037E+04      0.5373960173966765E+07     -0.1245847656371201E+11      0.2888357457181932E+14     -0.6696570336299240E+17
  0.40500000E+03     -0.2329382090546024E+04      0.5426214090471971E+07     -0.1264062561412167E+11      0.2944798983273963E+14     -0.6860537976202509E+17
  0.40600000E+03     -0.2340609952846649E+04      0.5478648933588162E+07     -0.1282428807736309E+11      0.3001984306167774E+14     -0.7027468701855002E+17
  0.40700000E+03     -0.2351776746372801E+04      0.5531049419501695E+07     -0.1300871299367153E+11      0.3059683206188098E+14     -0.7196708664338286E+17
  0.40800000E+03     -0.2363094407558655E+04      0.5584412249500018E+07     -0.1319742452667945E+11      0.3119006008898960E+14     -0.7371545242842120E+17
  0.40900000E+03     -0.2374332786999338E+04      0.5637654695866293E+07     -0.1338661083290738E+11      0.3178762485692793E+14     -0.7548502203275451E+17
  0.41000000E+03     -0.2385646626217218E+04      0.5691510514261030E+07     -0.1357889016476759E+11      0.3239785847792033E+14     -0.7730073418975877E+17
  0.41100000E+03     -0.2396915891346292E+04      0.5745408451715813E+07     -0.1377223210923174E+11      0.3301437342356871E+14     -0.7914383257028979E+17
  0.41200000E+03     -0.2408233450648418E+04      0.5799792867527632E+07     -0.1396823999032363E+11      0.3364233949825821E+14     -0.8103002588816923E+17
  0.41300000E+03     -0.2419584205135875E+04      0.5854594025908639E+07     -0.1416668131344205E+11      0.3428110001199592E+14     -0.8295769003952117E+17
  0.41400000E+03     -0.2430931464459820E+04      0.5909634898380535E+07     -0.1436692411983687E+11      0.3492867792329799E+14     -0.8492111545955197E+17
  0.41500000E+03     -0.2442369529278324E+04      0.5965378506972186E+07     -0.1457068224542005E+11      0.3559073941754974E+14     -0.8693794432425523E+17
  0.41600000E+03     -0.2453608482823771E+04      0.6020406133889613E+07     -0.1477275741956011E+11      0.3625038189548446E+14     -0.8895673612654147E+17
  0.41700000E+03     -0.2465006933087208E+04      0.6076472729374954E+07     -0.1497959995766866E+11      0.3692870878334860E+14     -0.9104230961237680E+17
  0.41800000E+03     -0.2476356411906723E+04      0.6132556183024892E+07     -0.1518745991306981E+11      0.3761351920931015E+14     -0.9315753739227536E+17
  0.41900000E+03     -0.2487766767885007E+04      0.6189199904242374E+07     -0.1539836237514177E+11      0.3831155070436921E+14     -0.9532352353003786E+17
  0.42000000E+03     -0.2499154437237957E+04      0.6245990821886673E+07     -0.1561078464520838E+11      0.3901784310397670E+14     -0.9752521336976642E+17
  0.42100000E+03     -0.2510566412919540E+04      0.6303163977466349E+07     -0.1582561753802390E+11      0.3973542732921191E+14     -0.9977236445395755E+17
  0.42200000E+03     -0.2522012223278290E+04      0.6360767226688101E+07     -0.1604305004650390E+11      0.4046499442317469E+14     -0.1020674192372786E+18
  0.42300000E+03     -0.2533351147084569E+04      0.6418090425317699E+07     -0.1626040323835254E+11      0.4119759095883252E+14     -0.1043824177739973E+18
  0.42400000E+03     -0.2544748364890916E+04      0.6475969579618524E+07     -0.1648085959247929E+11      0.4194401631653513E+14     -0.1067518116340065E+18
  0.42500000E+03     -0.2556242493729342E+04      0.6534603320253907E+07     -0.1670519419975101E+11      0.4270698776980639E+14     -0.1091846173741332E+18
  0.42600000E+03     -0.2567598130365960E+04      0.6592789159962988E+07     -0.1692880880480182E+11      0.4347090493831461E+14     -0.1116313099946983E+18
  0.42700000E+03     -0.2579028923372332E+04      0.6651621555851680E+07     -0.1715591751084696E+11      0.4425022222470523E+14     -0.1141384691566793E+18
  0.42800000E+03     -0.2590466452464440E+04      0.6710748846094114E+07     -0.1738517358356374E+11      0.4504038585249502E+14     -0.1166917602215823E+18
  0.42900000E+03     -0.2601955293357436E+04      0.6770406419073011E+07     -0.1761751781061513E+11      0.4584476598583029E+14     -0.1193025849669229E+18
  0.43000000E+03     -0.2613274515853888E+04      0.6829440288755151E+07     -0.1784843856781059E+11      0.4664771499148159E+14     -0.1219201652945865E+18
  0.43100000E+03     -0.2624697616405446E+04      0.6889275755326759E+07     -0.1808351565493647E+11      0.4746868078514948E+14     -0.1246081497757329E+18
  0.43200000E+03     -0.2636131492172005E+04      0.6949429523463164E+07     -0.1832087655339787E+11      0.4830124682881370E+14     -0.1273460346273463E+18
  0.43300000E+03     -0.2647640175791273E+04      0.7010240728317484E+07     -0.1856187738618011E+11      0.4915026436886911E+14     -0.1301501879551421E+18
  0.43400000E+03     -0.2659098890211445E+04      0.7071051939610440E+07     -0.1880392920887384E+11      0.5000670292666944E+14     -0.1329911864756475E+18
  0.43500000E+03     -0.2670498450449082E+04      0.7131809194346538E+07     -0.1904680553079861E+11      0.5086975183722449E+14     -0.1358664167122877E+18
  0.43600000E+03     -0.2681944104847388E+04      0.7193072387888249E+07     -0.1929274914652888E+11      0.5174742859728359E+14     -0.1388028528425493E+18
  0.43700000E+03     -0.2693360468748464E+04      0.7254440724112990E+07     -0.1954017085414699E+11      0.5263416464178992E+14     -0.1417823146797854E+18
  0.43800000E+03     -0.2704692495742543E+04      0.7315613730660615E+07     -0.1978784970079912E+11      0.5352558198402654E+14     -0.1447901918909363E+18
  0.43900000E+03     -0.2716273029005417E+04      0.7378394097724769E+07     -0.2004311751118991E+11      0.5444822005743905E+14     -0.1479166570876038E+18
  0.44000000E+03     -0.2727675695737432E+04      0.7440469804580413E+07     -0.2029658004836285E+11      0.5536818007081252E+14     -0.1510471374511974E+18
  0.44100000E+03     -0.2739077485134827E+04      0.7502804226539805E+07     -0.2055217935843024E+11      0.5629983362161297E+14     -0.1542308659630895E+18
  0.44200000E+03     -0.2750540683081891E+04      0.7565734506058119E+07     -0.2081129305269498E+11      0.5724821739483224E+14     -0.1574852192464904E+18
  0.44300000E+03     -0.2761855659583936E+04      0.7628109959723769E+07     -0.2106919261135749E+11      0.5819609117003006E+14     -0.1607513775880759E+18
  0.44400000E+03     -0.2773329367329959E+04      0.7691620101354516E+07     -0.2133286172270176E+11      0.5916914868844911E+14     -0.1641180793302382E+18
  0.44500000E+03     -0.2784652784515230E+04      0.7754559575211266E+07     -0.2159525065918095E+11      0.6014151733751905E+14     -0.1674964180075870E+18
  0.44600000E+03     -0.2796168398764171E+04      0.7818828270808382E+07     -0.2186427324002477E+11      0.6114253343605087E+14     -0.1709884664340523E+18
  0.44700000E+03     -0.2807509874599056E+04      0.7882384167097535E+07     -0.2213140099266341E+11      0.6214056727545638E+14     -0.1744843616603980E+18
  0.44800000E+03     -0.2818736808144241E+04      0.7945550313834270E+07     -0.2239795452165607E+11      0.6314044642852890E+14     -0.1780007546604763E+18
  0.44900000E+03     -0.2830181423525949E+04      0.8010202208123110E+07     -0.2267188357462294E+11      0.6417215712784583E+14     -0.1816437998688158E+18
  0.45000000E+03     -0.2841583721706857E+04      0.8074874902804544E+07     -0.2294700617017786E+11      0.6521254315305545E+14     -0.1853322974043109E+18
  0.45100000E+03     -0.2852829134413640E+04      0.8138912901218499E+07     -0.2322051844809876E+11      0.6625097700677804E+14     -0.1890286004932879E+18
  0.45200000E+03     -0.2864284140323874E+04      0.8204404891409712E+07     -0.2350135766955152E+11      0.6732148580536141E+14     -0.1928542873743580E+18
  0.45300000E+03     -0.2875621010818063E+04      0.8269480198340924E+07     -0.2378152399163899E+11      0.6839369247056599E+14     -0.1967013365412024E+18
  0.45400000E+03     -0.2886848431605826E+04      0.8334181397233465E+07     -0.2406117826819466E+11      0.6946816079595212E+14     -0.2005717073546908E+18
  0.45500000E+03     -0.2898134979712256E+04      0.8399475729962332E+07     -0.2434449133636821E+11      0.7056091050924523E+14     -0.2045232034800120E+18
  0.45600000E+03     -0.2909514242845386E+04      0.8465563458925553E+07     -0.2463236656893509E+11      0.7167559194420217E+14     -0.2085697451571861E+18
  0.45700000E+03     -0.2920676975504686E+04      0.8530646188701812E+07     -0.2491696838644712E+11      0.7278189078568645E+14     -0.2126014981526081E+18
  0.45800000E+03     -0.2931926665268512E+04      0.8596488304150296E+07     -0.2520599886681491E+11      0.7390972783950820E+14     -0.2167275597703471E+18
  0.45900000E+03     -0.2943213509637992E+04      0.8662804015507167E+07     -0.2549823709125501E+11      0.7505450381594641E+14     -0.2209318305849529E+18
  0.46000000E+03     -0.2954322614676014E+04      0.8728321078707708E+07     -0.2578804248028968E+11      0.7619402232791703E+14     -0.2251325434467036E+18
  0.46100000E+03     -0.2965500393228802E+04      0.8794494402185084E+07     -0.2608186636548928E+11      0.7735374502868662E+14     -0.2294240316435721E+18
  0.46200000E+03     -0.2976641002480415E+04      0.8860696421269858E+07     -0.2637692624544758E+11      0.7852273807439089E+14     -0.2337661366821228E+18
  0.46300000E+03     -0.2988021513956938E+04      0.8928581786623934E+07     -0.2668064198821220E+11      0.7973061148206222E+14     -0.2382697625029365E+18
  0.46400000E+03     -0.2999100144333127E+04      0.8994911176646601E+07     -0.2697849548863054E+11      0.8091955820471189E+14     -0.2427192383310140E+18
  0.46500000E+03     -0.3010211406747950E+04      0.9061682703275716E+07     -0.2727944658933393E+11      0.8212532550463944E+14     -0.2472483996979397E+18
  0.46600000E+03     -0.3021220674291013E+04      0.9128088116877954E+07     -0.2757986404080986E+11      0.8333344431974939E+14     -0.2518033196557590E+18
  0.46700000E+03     -0.3032277626955914E+04      0.9195021917620160E+07     -0.2788376501706699E+11      0.8455998366336377E+14     -0.2564443824383403E+18
  0.46800000E+03     -0.3043299027362932E+04      0.9261988220572375E+07     -0.2818894251310727E+11      0.8579624854789841E+14     -0.2611396159805266E+18
  0.46900000E+03     -0.3054412905572205E+04      0.9329759200902423E+07     -0.2849889754519919E+11      0.8705638220633320E+14     -0.2659427125820957E+18
  0.47000000E+03     -0.3065331299622887E+04      0.9396575148093095E+07     -0.2880557230174261E+11      0.8830761659185333E+14     -0.2707288575240445E+18
  0.47100000E+03     -0.3076416305978792E+04      0.9464661414786851E+07     -0.2911923266548634E+11      0.8959208229986783E+14     -0.2756602768266253E+18
  0.47200000E+03     -0.3087261507464483E+04      0.9531509811763154E+07     -0.2942827708718334E+11      0.9086211109344377E+14     -0.2805534745450366E+18
  0.47300000E+03     -0.3098313473379874E+04      0.9599876476796428E+07     -0.2974547176199860E+11      0.9217029927376066E+14     -0.2856117349885592E+18
  0.47400000E+03     -0.3109178399411470E+04      0.9667320964372564E+07     -0.3005948118013086E+11      0.9346987510324977E+14     -0.2906542489000478E+18
  0.47500000E+03     -0.3120072684249393E+04      0.9735186586174976E+07     -0.3037656749637571E+11      0.9478682100909681E+14     -0.2957822124722833E+18
  0.47600000E+03     -0.3130923353193636E+04      0.9803019015902402E+07     -0.3069461712905016E+11      0.9611242955327325E+14     -0.3009621241452692E+18
  0.47700000E+03     -0.3141757364807052E+04      0.9870980155119853E+07     -0.3101436574954185E+11      0.9744970106251822E+14     -0.3062055747392533E+18
  0.47800000E+03     -0.3152545053126494E+04      0.9938882333816400E+07     -0.3133493042353995E+11      0.9879497415400242E+14     -0.3114984527249200E+18
  0.47900000E+03     -0.3163277140134028E+04      0.1000666781926346E+08     -0.3165604940305590E+11      0.1001472278767122E+15     -0.3168371726144791E+18
  0.48000000E+03     -0.3173877076403880E+04      0.1007384012587656E+08     -0.3197531621028591E+11      0.1014961285885644E+15     -0.3221802651747212E+18
  0.48100000E+03     -0.3184768265715098E+04      0.1014309337329773E+08     -0.3230559558372733E+11      0.1028963136544979E+15     -0.3277454027224440E+18
  0.48200000E+03     -0.3195362752911941E+04      0.1021069484202858E+08     -0.3262912135624207E+11      0.1042726494401194E+15     -0.3332348229893153E+18
  0.48300000E+03     -0.3206218758965374E+04      0.1028020239308822E+08     -0.3296291028180490E+11      0.1056975223763326E+15     -0.3389373646695112E+18
  0.48400000E+03     -0.3220521451708326E+04      0.1037263285206848E+08     -0.3341099348435189E+11      0.1076287633362559E+15     -0.3467423864217391E+18
  0.48500000E+03     -0.3227294270026719E+04      0.1041578767142606E+08     -0.3361713100829958E+11      0.1085035994411224E+15     -0.3502213418754682E+18
  0.48600000E+03     -0.3237699980469092E+04      0.1048306988092218E+08     -0.3394342323962486E+11      0.1099102216238876E+15     -0.3559064178793961E+18
  0.48700000E+03     -0.3248334030481692E+04      0.1055209521780691E+08     -0.3427947701787270E+11      0.1113646295246448E+15     -0.3618079565305562E+18
  0.48800000E+03     -0.3296850778007670E+04      0.1087523154929525E+08     -0.3589424907246486E+11      0.1185401714477499E+15     -0.3917127265539491E+18
  0.48900000E+03     -0.3388405450716453E+04      0.1148788543463755E+08     -0.3896988204566656E+11      0.1322687192826648E+15     -0.4491784873352208E+18
  0.49000000E+03     -0.3437618864521547E+04      0.1182041121060269E+08     -0.4065559033772208E+11      0.1398674340333037E+15     -0.4813018741518829E+18
  0.49100000E+03     -0.3348594809448989E+04      0.1122069071926254E+08     -0.3762494417851235E+11      0.1262513441995381E+15     -0.4239399148346909E+18
  0.49200000E+03     -0.3467503693644193E+04      0.1202735182191988E+08     -0.4173053498996267E+11      0.1448316963231388E+15     -0.5027985903968765E+18
  0.49300000E+03     -0.3494843173474202E+04      0.1221587464449289E+08     -0.4270589356583768E+11      0.1493188879484665E+15     -0.5221590507847772E+18
  0.49400000E+03     -0.3513227677567336E+04      0.1234419654654372E+08     -0.4337781039691585E+11      0.1524469774233768E+15     -0.5358147032370340E+18
  0.49500000E+03     -0.3531925945815402E+04      0.1247487930194324E+08     -0.4406302236918075E+11      0.1556414878907189E+15     -0.5497808625683615E+18
  0.49600000E+03     -0.3545115969326266E+04      0.1256822469212177E+08     -0.4455848961642186E+11      0.1579792375519279E+15     -0.5601219407718573E+18
  0.49700000E+03     -0.3554333941101675E+04      0.1263368737481456E+08     -0.4490717005396169E+11      0.1596301457776551E+15     -0.5674502474987316E+18
  0.49800000E+03     -0.3581364596555514E+04      0.1282669368869312E+08     -0.4594079800460291E+11      0.1645507786768162E+15     -0.5894119229508078E+18
  0.49900000E+03     -0.3596027694313906E+04      0.1293196540886375E+08     -0.4650766004818337E+11      0.1672641478574589E+15     -0.6015886344124385E+18
  0.50000000E+03     -0.3606766211599309E+04      0.1300925001563964E+08     -0.4692483842268169E+11      0.1692659303005449E+15     -0.6105940145140017E+18
  0.50100000E+03     -0.3623320711975095E+04      0.1312877421113499E+08     -0.4757208689801388E+11      0.1723815748376800E+15     -0.6246548206397210E+18
  0.50200000E+03     -0.3631060318061355E+04      0.1318494395140950E+08     -0.4787783115796652E+11      0.1738609310372588E+15     -0.6313655471599290E+18
  0.50300000E+03     -0.3640220078166568E+04      0.1325162798702588E+08     -0.4824194152667974E+11      0.1756282047679764E+15     -0.6394074346646135E+18
  0.50400000E+03     -0.3653761938224632E+04      0.1335048257226071E+08     -0.4878318305294128E+11      0.1782623966020737E+15     -0.6514270196499890E+18
  0.50500000E+03     -0.3666647180603236E+04      0.1344462170764065E+08     -0.4929903165831705E+11      0.1807750637779141E+15     -0.6629014758995076E+18
  0.50600000E+03     -0.3674510983828458E+04      0.1350235173200389E+08     -0.4961689658782536E+11      0.1823308197149645E+15     -0.6700402245770232E+18
  0.50700000E+03     -0.3682581701091739E+04      0.1356173221918514E+08     -0.4994457451737631E+11      0.1839381630224530E+15     -0.6774320536721996E+18
  0.50800000E+03     -0.3690238569437346E+04      0.1361818778734881E+08     -0.5025677541755105E+11      0.1854728488934088E+15     -0.6845047760031004E+18
  0.50900000E+03     -0.3697874616678476E+04      0.1367460443646482E+08     -0.5056939611436617E+11      0.1870127262543353E+15     -0.6916158681117445E+18
  0.51000000E+03     -0.3705575216085743E+04      0.1373161978491429E+08     -0.5088601079639715E+11      0.1885756167195100E+15     -0.6988486946681402E+18
