  0.00000000E+00     -0.1032579391074937E-08      0.1523030074213936E-17     -0.2418679603191559E-26      0.4164362214773607E-35     -0.7488952428038584E-44
  0.10000000E+01     -0.6057410342507543E-03      0.3669222005814399E-06     -0.2222598332714234E-09      0.1346319012786933E-12     -0.8155206712475118E-16
  0.20000000E+01     -0.3495013337187589E-01      0.2046803503485412E-01     -0.1339161293325108E-01      0.2005110509822011E-01      0.1796496486577661E-01
  0.30000000E+01     -0.1030997647899764E+00      0.6874328342765196E-01     -0.5501844455357716E-01      0.8927740978889155E-01      0.2567025478899666E-01
  0.40000000E+01     -0.2050262203962207E+00      0.1592665142875567E+00     -0.1567434932687498E+00      0.2687329657472674E+00     -0.1985909885346489E+00
  0.50000000E+01     -0.3405814796240025E+00      0.3125107200692760E+00     -0.3748066501876924E+00      0.6941707770356355E+00     -0.1033246414418978E+01
  0.60000000E+01     -0.5102741961476697E+00      0.5576304724914677E+00     -0.8006936084240176E+00      0.1644961655429862E+01     -0.3277057382108467E+01
  0.70000000E+01     -0.7136548719388068E+00      0.9276960020329433E+00     -0.1574011518631791E+01      0.3591518122870077E+01     -0.8882247600985686E+01
  0.80000000E+01     -0.9505906767626803E+00      0.1465797671429568E+01     -0.2904464820498299E+01      0.7426200182803002E+01     -0.2148025616405209E+02
  0.90000000E+01     -0.1221782453685671E+01      0.2220900388348205E+01     -0.5092651136403416E+01      0.1458844662038065E+02     -0.4816370824608505E+02
  0.10000000E+02     -0.1526517742149116E+01      0.3247382005542362E+01     -0.8546230770890480E+01      0.2740314148500766E+02     -0.1016315660540899E+03
  0.11000000E+02     -0.1865554062933780E+01      0.4608570904447258E+01     -0.1381816695893188E+02      0.4943273996532292E+02     -0.2036333724874034E+03
  0.12000000E+02     -0.2237898377097754E+01      0.6372338525120904E+01     -0.2164218964667391E+02      0.8623312192614098E+02     -0.3932580380895737E+03
  0.13000000E+02     -0.2644932953402456E+01      0.8620367055016823E+01     -0.3297996637125497E+02      0.1458966231706656E+03     -0.7329972547354520E+03
  0.14000000E+02     -0.3085069631989413E+01      0.1142620975699498E+02     -0.4896905306694896E+02      0.2396222220678710E+03     -0.1321030304920048E+04
  0.15000000E+02     -0.3559141343943198E+01      0.1488585044350287E+02     -0.7111680252455450E+02      0.3836843203020815E+03     -0.2313781970056972E+04
  0.16000000E+02     -0.4066805755895485E+01      0.1909239025076473E+02     -0.1012129224906919E+03      0.5999664949552046E+03     -0.3944083926537714E+04
  0.17000000E+02     -0.4609768020447278E+01      0.2416789903977037E+02     -0.1416329998001704E+03      0.9201797254927577E+03     -0.6584440511560329E+04
  0.18000000E+02     -0.5186250132989743E+01      0.3020363204365667E+02     -0.1948413267287775E+03      0.1382652481325586E+04     -0.1073618583495605E+05
  0.19000000E+02     -0.5796528905055015E+01      0.3732268411166974E+02     -0.2640537253880360E+03      0.2040805167620189E+04     -0.1715586498283641E+05
  0.20000000E+02     -0.6441447716878522E+01      0.4566024490444423E+02     -0.3531056844786721E+03      0.2964794287647643E+04     -0.2693330843904168E+05
  0.21000000E+02     -0.7120146457055324E+01      0.5533977926058966E+02     -0.4662705568573033E+03      0.4242041897477355E+04     -0.4155663442291332E+05
  0.22000000E+02     -0.7832841577520105E+01      0.6650341484409455E+02     -0.6086098306695491E+03      0.5983759220156164E+04     -0.6305929321626891E+05
  0.23000000E+02     -0.8579038224697884E+01      0.7928299478101364E+02     -0.7856942131002118E+03      0.8326819381209920E+04     -0.9419807697972284E+05
  0.24000000E+02     -0.9359002560797730E+01      0.9383575029293060E+02     -0.1004210797590684E+04      0.1144577337470090E+05     -0.1387390490979544E+06
  0.25000000E+02     -0.1017224262347507E+02      0.1103158948106584E+03     -0.1271616112321399E+04      0.1555126700630187E+05     -0.2015235560777376E+06
  0.26000000E+02     -0.1101961467617700E+02      0.1288961233770158E+03     -0.1596443162370967E+04      0.2090513415077022E+05     -0.2891443677415543E+06
  0.27000000E+02     -0.1190282297288042E+02      0.1498035227370956E+03     -0.1989545376457164E+04      0.2784962395839859E+05     -0.4105732743185539E+06
  0.28000000E+02     -0.1281767338869521E+02      0.1731091654541880E+03     -0.2459398919373393E+04      0.3672043059138325E+05     -0.5758313499034268E+06
  0.29000000E+02     -0.1376822277843258E+02      0.1991052844408553E+03     -0.3020279930664161E+04      0.4802107496689247E+05     -0.7999138582160231E+06
  0.30000000E+02     -0.1475250098460744E+02      0.2279398772944858E+03     -0.3684686964877397E+04      0.6227777911881799E+05     -0.1100194167414233E+07
  0.31000000E+02     -0.1576926024478990E+02      0.2597615197022095E+03     -0.4466002192152698E+04      0.8009944662303141E+05     -0.1498303852362030E+07
  0.32000000E+02     -0.1682145249423501E+02      0.2948875767302475E+03     -0.5383746882535186E+04      0.1023262527781178E+06     -0.2024405177845518E+07
  0.33000000E+02     -0.1790627018648754E+02      0.3334295061449325E+03     -0.6453067343761827E+04      0.1297698747097551E+06     -0.2711379771526568E+07
  0.34000000E+02     -0.1902683988578560E+02      0.3757266468105109E+03     -0.7697234233233623E+04      0.1635572368576493E+06     -0.3604645818452263E+07
  0.35000000E+02     -0.2018377660154734E+02      0.4220422816020405E+03     -0.9139640483390538E+04      0.2049621502853997E+06     -0.4759972346436304E+07
  0.36000000E+02     -0.2137001496674375E+02      0.4723175999303681E+03     -0.1079418590989815E+05      0.2550624890668704E+06     -0.6232105266667057E+07
  0.37000000E+02     -0.2259036447909746E+02      0.5269811203992419E+03     -0.1269252383565572E+05      0.3156290069914210E+06     -0.8104478608752212E+07
  0.38000000E+02     -0.2384633017354166E+02      0.5863638622805300E+03     -0.1486615400545086E+05      0.3886256341795558E+06     -0.1047666427550629E+08
  0.39000000E+02     -0.2513542063017406E+02      0.6506008460698019E+03     -0.1734081727194592E+05      0.4759740476097018E+06     -0.1345633908842065E+08
  0.40000000E+02     -0.2645688887016290E+02      0.7199189733468093E+03     -0.2014830945365202E+05      0.5800296698220967E+06     -0.1717905561764652E+08
  0.41000000E+02     -0.2781217384563879E+02      0.7946428717296773E+03     -0.2332549687878175E+05      0.7035078809514201E+06     -0.2180592327148081E+08
  0.42000000E+02     -0.2920155111122173E+02      0.8750808487567675E+03     -0.2691283664361631E+05      0.8495830990718101E+06     -0.2753475631559294E+08
  0.43000000E+02     -0.3062426222532919E+02      0.9614651521647277E+03     -0.3094918996693288E+05      0.1021616670787723E+07     -0.3458988577367241E+08
  0.44000000E+02     -0.3208362616394698E+02      0.1054299805783251E+04     -0.3548915334373728E+05      0.1223936707686074E+07     -0.4325720174065125E+08
  0.45000000E+02     -0.3357509150789543E+02      0.1153586314046756E+04     -0.4056601489789660E+05      0.1460301372150858E+07     -0.5382702717693216E+08
  0.46000000E+02     -0.3510140031194834E+02      0.1259817656654265E+04     -0.4623999603802076E+05      0.1735982142948138E+07     -0.6668064795434614E+08
  0.47000000E+02     -0.3666067265807982E+02      0.1373171782268113E+04     -0.5255911292764028E+05      0.2056196495681421E+07     -0.8224062030134971E+08
  0.48000000E+02     -0.3825145628012440E+02      0.1493818449246641E+04     -0.5957015660343140E+05      0.2426266253642375E+07     -0.1009580063443220E+09
  0.49000000E+02     -0.3987987952460466E+02      0.1622618088057452E+04     -0.6737073895433900E+05      0.2855089226408485E+07     -0.1235313887725625E+09
  0.50000000E+02     -0.4153725439255606E+02      0.1759112579317954E+04     -0.7597181246784955E+05      0.3346681382371248E+07     -0.1504155144670781E+09
  0.51000000E+02     -0.4322557038050724E+02      0.1903831845023021E+04     -0.8545743100551229E+05      0.3910244381584522E+07     -0.1824322726086212E+09
  0.52000000E+02     -0.4494660778937796E+02      0.2057241641643187E+04     -0.9590739414371559E+05      0.4555083180380213E+07     -0.2204589043133765E+09
  0.53000000E+02     -0.4670535988684583E+02      0.2220128355882295E+04     -0.1074288598661055E+06      0.5292897343719150E+07     -0.2655850419769034E+09
  0.54000000E+02     -0.4849686828729902E+02      0.2392470263525725E+04     -0.1200844029162671E+06      0.6133838091635250E+07     -0.3189270889795985E+09
  0.55000000E+02     -0.5032047333437467E+02      0.2574474312299236E+04     -0.1339429481939148E+06      0.7088207258043990E+07     -0.3816317817395275E+09
  0.56000000E+02     -0.5217463616439224E+02      0.2766375233565465E+04     -0.1490877904670150E+06      0.8168605999134684E+07     -0.4551260403354758E+09
  0.57000000E+02     -0.5406652382734143E+02      0.2969277070569749E+04     -0.1656735093438817E+06      0.9393545744995711E+07     -0.5413537208561099E+09
  0.58000000E+02     -0.5598788868860900E+02      0.3182690591968542E+04     -0.1837329882459839E+06      0.1077372822285135E+08     -0.6418471606778494E+09
  0.59000000E+02     -0.5794188309384353E+02      0.3407335430237513E+04     -0.2034010093132980E+06      0.1232822383488122E+08     -0.7588511671443360E+09
  0.60000000E+02     -0.5992826122479133E+02      0.3643505651005814E+04     -0.2247751975135395E+06      0.1407375495230461E+08     -0.8945434435071251E+09
  0.61000000E+02     -0.6194650651609459E+02      0.3891583369604487E+04     -0.2479775674976921E+06      0.1603114961289784E+08     -0.1051666364525849E+10
  0.62000000E+02     -0.6399482310366984E+02      0.4151649244928965E+04     -0.2730927212862673E+06      0.1821803650401535E+08     -0.1232787956328670E+10
  0.63000000E+02     -0.6607715437274091E+02      0.4424714145947630E+04     -0.3003194574462510E+06      0.2066488977185886E+08     -0.1441868748095823E+10
  0.64000000E+02     -0.6819358126330850E+02      0.4711111950437049E+04     -0.3297772934328167E+06      0.2339490047251908E+08     -0.1682343495481873E+10
  0.65000000E+02     -0.7034296520539559E+02      0.5011183401977445E+04     -0.3616073411562204E+06      0.2643589126782000E+08     -0.1958377429847478E+10
  0.66000000E+02     -0.7252195804956195E+02      0.5324818381845856E+04     -0.3958971408222453E+06      0.2981140603047303E+08     -0.2273989876982724E+10
  0.67000000E+02     -0.7472992689946622E+02      0.5652307400989068E+04     -0.4327806427312992E+06      0.3355043966164887E+08     -0.2633887572315217E+10
  0.68000000E+02     -0.7697138295799574E+02      0.5994783179480600E+04     -0.4725043891967377E+06      0.3769664609023213E+08     -0.3044688884640450E+10
  0.69000000E+02     -0.7924665125854276E+02      0.6352730045688614E+04     -0.5152414910380252E+06      0.4228705578062297E+08     -0.3512593018519021E+10
  0.70000000E+02     -0.8155247140905981E+02      0.6726032073831755E+04     -0.5610947197458425E+06      0.4735240592564688E+08     -0.4043445323673830E+10
  0.71000000E+02     -0.8388550480680956E+02      0.7114493227895032E+04     -0.6101555935955361E+06      0.5292350174845109E+08     -0.4643457381473009E+10
  0.72000000E+02     -0.8625087903906604E+02      0.7519541770803399E+04     -0.6627520688859704E+06      0.5906256952021059E+08     -0.5322876778486084E+10
  0.73000000E+02     -0.8864494107728613E+02      0.7940827402068136E+04     -0.7189549046167040E+06      0.6580060599197448E+08     -0.6088640362130217E+10
  0.74000000E+02     -0.9106876060734162E+02      0.8379044280376675E+04     -0.7790038323660797E+06      0.7319323834560613E+08     -0.6951142448888873E+10
  0.75000000E+02     -0.9352586105313776E+02      0.8835352469155885E+04     -0.8432176582288126E+06      0.8131001312417868E+08     -0.7923244405969085E+10
  0.76000000E+02     -0.9600478799521986E+02      0.9307886592500819E+04     -0.9114563948965843E+06      0.9015923708278489E+08     -0.9010278258395016E+10
  0.77000000E+02     -0.9852084296339770E+02      0.9800114903563133E+04     -0.9843942563440449E+06      0.9986265692615686E+08     -0.1023282619470578E+11
  0.78000000E+02     -0.1010656357077245E+03      0.1031083134509814E+05     -0.1062009385533469E+07      0.1104501895535477E+09     -0.1160025923941398E+11
  0.79000000E+02     -0.1036415652850535E+03      0.1084093950178505E+05     -0.1144603959033149E+07      0.1219989808012618E+09     -0.1312887794050145E+11
  0.80000000E+02     -0.1062451293095342E+03      0.1139026040729922E+05     -0.1232335855700511E+07      0.1345709687531262E+09     -0.1483395987937993E+11
  0.81000000E+02     -0.1088771343243888E+03      0.1195938446889924E+05     -0.1325470517508588E+07      0.1482431999123060E+09     -0.1673315114335897E+11
  0.82000000E+02     -0.1115396493157793E+03      0.1254917521535942E+05     -0.1424326174153065E+07      0.1631039413174137E+09     -0.1884659448208633E+11
  0.83000000E+02     -0.1142313360236187E+03      0.1315989183460730E+05     -0.1529155748456177E+07      0.1792398781923093E+09     -0.2119593731173912E+11
  0.84000000E+02     -0.1169492639540277E+03      0.1379120139284518E+05     -0.1640071589152368E+07      0.1967111996411818E+09     -0.2379855867450536E+11
  0.85000000E+02     -0.1196950333741294E+03      0.1444405560603774E+05     -0.1757466692220645E+07      0.2156346148796530E+09     -0.2668283419353535E+11
  0.86000000E+02     -0.1224690918223046E+03      0.1511888265758621E+05     -0.1881594012493310E+07      0.2360977790060787E+09     -0.2987201558117006E+11
  0.87000000E+02     -0.1252710709834584E+03      0.1581605316774792E+05     -0.2012736875373615E+07      0.2582039533036671E+09     -0.3339422846874826E+11
  0.88000000E+02     -0.1281037081374975E+03      0.1653690222898265E+05     -0.2151399637782594E+07      0.2821022625156100E+09     -0.3728677457561370E+11
  0.89000000E+02     -0.1309646894621262E+03      0.1728113815093256E+05     -0.2297717748677616E+07      0.3078716756057295E+09     -0.4157516718502275E+11
  0.90000000E+02     -0.1338438229560543E+03      0.1804664931804988E+05     -0.2451520487483060E+07      0.3355490761645193E+09     -0.4628058843307889E+11
  0.91000000E+02     -0.1367553939952179E+03      0.1883762669394037E+05     -0.2613874020568530E+07      0.3653922618899744E+09     -0.5146234038971587E+11
  0.92000000E+02     -0.1396930908679098E+03      0.1965282485485292E+05     -0.2784764966202199E+07      0.3974696082200642E+09     -0.5714907108808453E+11
  0.93000000E+02     -0.1426544030934093E+03      0.2049216708213642E+05     -0.2964457824371143E+07      0.4319111477214730E+09     -0.6338289881987962E+11
  0.94000000E+02     -0.1456519404578141E+03      0.2135966337384280E+05     -0.3154063179235513E+07      0.4690078380613237E+09     -0.7023589196538477E+11
  0.95000000E+02     -0.1486689538713650E+03      0.2225085518517575E+05     -0.3352851599725504E+07      0.5086957586590668E+09     -0.7771641175575203E+11
  0.96000000E+02     -0.1517145293934191E+03      0.2316897313081483E+05     -0.3561826916909179E+07      0.5512632816161487E+09     -0.8590116340799744E+11
  0.97000000E+02     -0.1547857985004717E+03      0.2411352092997587E+05     -0.3781127263704183E+07      0.5968231070858315E+09     -0.9483437058157430E+11
  0.98000000E+02     -0.1578838461515254E+03      0.2508540804627962E+05     -0.4011270186303346E+07      0.6455816595965393E+09     -0.1045826937856314E+12
  0.99000000E+02     -0.1610032025969585E+03      0.2608332113484387E+05     -0.4252220393022276E+07      0.6976273953199067E+09     -0.1151903609972086E+12
  0.10000000E+03     -0.1641460558049617E+03      0.2710866687784645E+05     -0.4504670021996553E+07      0.7532246134999603E+09     -0.1267423896684176E+12
  0.10100000E+03     -0.1673150026516905E+03      0.2816228745271770E+05     -0.4769007066360943E+07      0.8125377413130060E+09     -0.1392973225630454E+12
  0.10200000E+03     -0.1705146593735286E+03      0.2924653666722242E+05     -0.5046220200820789E+07      0.8759205318676403E+09     -0.1529668308957073E+12
  0.10300000E+03     -0.1737412570112724E+03      0.3036072156702800E+05     -0.5336478672571593E+07      0.9435352814245850E+09     -0.1678220104941482E+12
  0.10400000E+03     -0.1769856277471661E+03      0.3150197202213243E+05     -0.5639309757558343E+07      0.1015381002858989E+10     -0.1838962876525531E+12
  0.10500000E+03     -0.1802499897251179E+03      0.3267126843258164E+05     -0.5955221354244825E+07      0.1091682444950237E+10     -0.2012732914000247E+12
  0.10600000E+03     -0.1835465394747027E+03      0.3387381538413728E+05     -0.6286062854185495E+07      0.1173044968967454E+10     -0.2201385814434767E+12
  0.10700000E+03     -0.1868671260541831E+03      0.3510703628647017E+05     -0.6631441522512276E+07      0.1259499694624405E+10     -0.2405403479153970E+12
  0.10800000E+03     -0.1902095588949025E+03      0.3637047328760634E+05     -0.6991543919392456E+07      0.1351224972168450E+10     -0.2625639800714922E+12
  0.10900000E+03     -0.1935682279831055E+03      0.3766274202735181E+05     -0.7366417443865031E+07      0.1448403908588475E+10     -0.2863083876340325E+12
  0.11000000E+03     -0.1969574130528690E+03      0.3898940884120843E+05     -0.7757916717635612E+07      0.1551635142843049E+10     -0.3119619840697497E+12
  0.11100000E+03     -0.2003588680471867E+03      0.4034389709087956E+05     -0.8164494499682064E+07      0.1660673057736579E+10     -0.3395183417684002E+12
  0.11200000E+03     -0.2037927606560211E+03      0.4173500169983030E+05     -0.8589261234182565E+07      0.1776541475635346E+10     -0.3692998720226772E+12
  0.11300000E+03     -0.2072438544963428E+03      0.4315674137601315E+05     -0.9030692044017363E+07      0.1898972328916239E+10     -0.4012923969815461E+12
  0.11400000E+03     -0.2107173948852171E+03      0.4461186423839137E+05     -0.9490071263453754E+07      0.2028508957966653E+10     -0.4357040734042501E+12
  0.11500000E+03     -0.2142226534667892E+03      0.4610459315841544E+05     -0.9969088687019246E+07      0.2165798124164650E+10     -0.4727702823754531E+12
  0.11600000E+03     -0.2177458590865073E+03      0.4762972938318500E+05     -0.1046653846959407E+08      0.2310696681639579E+10     -0.5125255391146071E+12
  0.11700000E+03     -0.2212825164682775E+03      0.4918560744081415E+05     -0.1098223233432215E+08      0.2463328658057341E+10     -0.5550733085997450E+12
  0.11800000E+03     -0.2248437770752186E+03      0.5077740925567711E+05     -0.1151824505635814E+08      0.2624491704933875E+10     -0.6007085922664536E+12
  0.11900000E+03     -0.2284460427638788E+03      0.5241335918238373E+05     -0.1207791120300271E+08      0.2795436265133617E+10     -0.6498772572386238E+12
  0.12000000E+03     -0.2320530618226492E+03      0.5407762167825839E+05     -0.1265631104917851E+08      0.2974897067684667E+10     -0.7023079403283518E+12
  0.12100000E+03     -0.2356762035040657E+03      0.5577500127267621E+05     -0.1325522742721392E+08      0.3163543492224297E+10     -0.7582534202909967E+12
  0.12200000E+03     -0.2393190670248103E+03      0.5750824019805185E+05     -0.1387629296515872E+08      0.3362190157958224E+10     -0.8180709714017242E+12
  0.12300000E+03     -0.2429890506424383E+03      0.5928124615134398E+05     -0.1452133492651102E+08      0.3571648771655400E+10     -0.8821003110765983E+12
  0.12400000E+03     -0.2466702903177802E+03      0.6108662298975630E+05     -0.1518804506957367E+08      0.3791385065572360E+10     -0.9502712751176667E+12
  0.12500000E+03     -0.2503782994375512E+03      0.6293268536458654E+05     -0.1588007549849462E+08      0.4022899229312755E+10     -0.1023173561169454E+13
  0.12600000E+03     -0.2540983670376246E+03      0.6481222873962623E+05     -0.1659505584852304E+08      0.4265602471759119E+10     -0.1100714952992721E+13
  0.12700000E+03     -0.2578496772906977E+03      0.6673550848319288E+05     -0.1733740912984908E+08      0.4521276488007186E+10     -0.1183586748428157E+13
  0.12800000E+03     -0.2616252444192876E+03      0.6869995162283871E+05     -0.1810686516586460E+08      0.4790191265575980E+10     -0.1272030843800917E+13
  0.12900000E+03     -0.2654150346561373E+03      0.7070002128299342E+05     -0.1890143454287092E+08      0.5071818267054709E+10     -0.1365961844625002E+13
  0.13000000E+03     -0.2692331859170504E+03      0.7274438145513088E+05     -0.1972535604931086E+08      0.5368053420311042E+10     -0.1466179725221313E+13
  0.13100000E+03     -0.2730695089935857E+03      0.7482760174565396E+05     -0.2057679448748670E+08      0.5678485938368931E+10     -0.1572670575504646E+13
  0.13200000E+03     -0.2769070402870703E+03      0.7694087816048776E+05     -0.2145265035580799E+08      0.6002287223120202E+10     -0.1685294086176178E+13
  0.13300000E+03     -0.2807776727128852E+03      0.7910215155834025E+05     -0.2236085533511075E+08      0.6342696717044040E+10     -0.1805326255992656E+13
  0.13400000E+03     -0.2846650144003476E+03      0.8130295245761811E+05     -0.2329848472099482E+08      0.6698984872231975E+10     -0.1932684182239397E+13
  0.13500000E+03     -0.2885702070673084E+03      0.8354419600658008E+05     -0.2426638328304086E+08      0.7071772704751885E+10     -0.2067741764679280E+13
  0.13600000E+03     -0.2925018528466456E+03      0.8583151268565163E+05     -0.2526765582600075E+08      0.7462657969017627E+10     -0.2211274701506958E+13
  0.13700000E+03     -0.2964391380543589E+03      0.8815298041052400E+05     -0.2629751467126170E+08      0.7870074431203858E+10     -0.2362867727934439E+13
  0.13800000E+03     -0.3004079385562259E+03      0.9052444272197640E+05     -0.2736360916687934E+08      0.8297434425502884E+10     -0.2523985821101912E+13
  0.13900000E+03     -0.3043995689733140E+03      0.9294126283531041E+05     -0.2846449090700265E+08      0.8744565909042286E+10     -0.2694775413250619E+13
  0.14000000E+03     -0.3083951980987380E+03      0.9539228845196872E+05     -0.2959555808059695E+08      0.9209940404025450E+10     -0.2874838050455800E+13
  0.14100000E+03     -0.3124116507973044E+03      0.9788810837117383E+05     -0.3076220213267655E+08      0.9696138571162125E+10     -0.3065371290529139E+13
  0.14200000E+03     -0.3164516506245066E+03      0.1004308768551914E+06     -0.3196603112628623E+08      0.1020424034374605E+11     -0.3267020921339125E+13
  0.14300000E+03     -0.3205145663494847E+03      0.1030210522361387E+06     -0.3320804975062443E+08      0.1073516077367681E+11     -0.3480406667215608E+13
  0.14400000E+03     -0.3245934434373955E+03      0.1056545410008101E+06     -0.3448686966222882E+08      0.1128872629398057E+11     -0.3705696970649775E+13
  0.14500000E+03     -0.3286949638332330E+03      0.1083364803988075E+06     -0.3580579510146792E+08      0.1186689320852089E+11     -0.3943972752111877E+13
  0.14600000E+03     -0.3328061634602014E+03      0.1110580877585452E+06     -0.3716075114643799E+08      0.1246815274264037E+11     -0.4194795801158156E+13
  0.14700000E+03     -0.3369344738312183E+03      0.1138253553625132E+06     -0.3855568981535174E+08      0.1309487926713834E+11     -0.4459494230948052E+13
  0.14800000E+03     -0.3410791831308134E+03      0.1166378302596862E+06     -0.3999081391910765E+08      0.1374754392897317E+11     -0.4738505428600028E+13
  0.14900000E+03     -0.3452470605594565E+03      0.1195003057794833E+06     -0.4146909446244041E+08      0.1442792793108811E+11     -0.5032856001246991E+13
  0.15000000E+03     -0.3494460342583075E+03      0.1224194164704811E+06     -0.4299499161013501E+08      0.1513874976435671E+11     -0.5344090728640146E+13
  0.15100000E+03     -0.3536568712244140E+03      0.1253820980943778E+06     -0.4456226767170020E+08      0.1587757714311146E+11     -0.5671437383468839E+13
  0.15200000E+03     -0.3578813720063652E+03      0.1283898379726210E+06     -0.4617230357134304E+08      0.1664556493792709E+11     -0.6015729521790278E+13
  0.15300000E+03     -0.3621162922458631E+03      0.1314409897897818E+06     -0.4782500508040994E+08      0.1744324724795239E+11     -0.6377556387767695E+13
  0.15400000E+03     -0.3663748218668489E+03      0.1345451051659123E+06     -0.4952602485943791E+08      0.1827379978006247E+11     -0.6758658622946911E+13
  0.15500000E+03     -0.3706442955390120E+03      0.1376933870387112E+06     -0.5127123141128160E+08      0.1913575881015501E+11     -0.7158716722139365E+13
  0.15600000E+03     -0.3749282995116943E+03      0.1408890220324958E+06     -0.5306316010181291E+08      0.2003098552070539E+11     -0.7578982561665271E+13
  0.15700000E+03     -0.3792362742406266E+03      0.1441394532355657E+06     -0.5490667847900435E+08      0.2096249018566700E+11     -0.8021248572960149E+13
  0.15800000E+03     -0.3835558675839137E+03      0.1474359472569241E+06     -0.5679763343670750E+08      0.2192881192235793E+11     -0.8485233333559210E+13
  0.15900000E+03     -0.3878931505145225E+03      0.1507835340618968E+06     -0.5873963978447862E+08      0.2293242494797034E+11     -0.8972546836281070E+13
  0.16000000E+03     -0.3922503530259528E+03      0.1541843007255594E+06     -0.6073460329735754E+08      0.2397492018181310E+11     -0.9484374396172691E+13
  0.16100000E+03     -0.3966237589318423E+03      0.1576359813422001E+06     -0.6278206524341050E+08      0.2505677127065160E+11     -0.1002142481957752E+14
  0.16200000E+03     -0.4010144896269668E+03      0.1611397428144128E+06     -0.6488337193351062E+08      0.2617928939894616E+11     -0.1058477138747703E+14
  0.16300000E+03     -0.4054375885157403E+03      0.1647080753612686E+06     -0.6704680973178048E+08      0.2734759276486824E+11     -0.1117746221057568E+14
  0.16400000E+03     -0.4098587605703407E+03      0.1683140768915225E+06     -0.6925706018042822E+08      0.2855422751409597E+11     -0.1179627336819724E+14
  0.16500000E+03     -0.4142943906151827E+03      0.1719708010998264E+06     -0.7152242870814840E+08      0.2980416072322120E+11     -0.1244410941103125E+14
  0.16600000E+03     -0.4187561104231495E+03      0.1756891491726059E+06     -0.7385101095672962E+08      0.3110288864486647E+11     -0.1312450050273777E+14
  0.16700000E+03     -0.4232501470121665E+03      0.1794747298618880E+06     -0.7624713462031764E+08      0.3245358541550566E+11     -0.1383966679902893E+14
  0.16800000E+03     -0.4277665404961907E+03      0.1833197483373255E+06     -0.7870678139867927E+08      0.3385480365209030E+11     -0.1458943350577442E+14
  0.16900000E+03     -0.4322763939288434E+03      0.1871991431040896E+06     -0.8121414801772572E+08      0.3529796502572691E+11     -0.1536959328397740E+14
  0.17000000E+03     -0.4368279089088282E+03      0.1911560130037393E+06     -0.8379871089883716E+08      0.3680128984895606E+11     -0.1619084699686053E+14
  0.17100000E+03     -0.4413680962476871E+03      0.1951440265342168E+06     -0.8643059112103656E+08      0.3834794327386169E+11     -0.1704446894843364E+14
  0.17200000E+03     -0.4459346385501833E+03      0.1991969017656938E+06     -0.8913301144380501E+08      0.3995247089375225E+11     -0.1793916269308435E+14
  0.17300000E+03     -0.4505164314825337E+03      0.2033051636211268E+06     -0.9190046901898268E+08      0.4161241971400493E+11     -0.1887419694925585E+14
  0.17400000E+03     -0.4551075815597181E+03      0.2074635919490474E+06     -0.9473004652095146E+08      0.4332672849759770E+11     -0.1984954491584694E+14
  0.17500000E+03     -0.4597276053666943E+03      0.2116910444645045E+06     -0.9763598524885067E+08      0.4510524463153611E+11     -0.2087170948383285E+14
  0.17600000E+03     -0.4643641016417870E+03      0.2159760158329754E+06     -0.1006108303810157E+09      0.4694402364341856E+11     -0.2193897217539221E+14
  0.17700000E+03     -0.4690165399466183E+03      0.2203192176111062E+06     -0.1036565255757649E+09      0.4884554017447861E+11     -0.2305372543960684E+14
  0.17800000E+03     -0.4736797111807587E+03      0.2247157046515169E+06     -0.1067701383170389E+09      0.5080866501570177E+11     -0.2421593245793196E+14
  0.17900000E+03     -0.4783700327787847E+03      0.2291818686927182E+06     -0.1099645554601498E+09      0.5284272428839487E+11     -0.2543205762225461E+14
  0.18000000E+03     -0.4830758453891088E+03      0.2337069417254788E+06     -0.1132329025594133E+09      0.5494423887575504E+11     -0.2670077800441682E+14
  0.18100000E+03     -0.4877888470945606E+03      0.2382828178843835E+06     -0.1165698549254275E+09      0.5711051996457076E+11     -0.2802114973427012E+14
  0.18200000E+03     -0.4925318322906280E+03      0.2429330124829259E+06     -0.1199942133507371E+09      0.5935525942512941E+11     -0.2940267486858423E+14
  0.18300000E+03     -0.4972907376858404E+03      0.2476437948899890E+06     -0.1234965244066913E+09      0.6167309037882081E+11     -0.3084280396405779E+14
  0.18400000E+03     -0.5020732171863779E+03      0.2524233072918624E+06     -0.1270839182233405E+09      0.6406987554769920E+11     -0.3234615683478984E+14
  0.18500000E+03     -0.5068703332937292E+03      0.2572633999079521E+06     -0.1307515122960555E+09      0.6654360688417383E+11     -0.3391252765508585E+14
  0.18600000E+03     -0.5116902818671343E+03      0.2621729073757630E+06     -0.1345070912648794E+09      0.6910071332548114E+11     -0.3554701176977552E+14
  0.18700000E+03     -0.5165210662043236E+03      0.2671408063856930E+06     -0.1383438371796449E+09      0.7173812558105444E+11     -0.3724895395498917E+14
  0.18800000E+03     -0.5213717049744829E+03      0.2721755513308558E+06     -0.1422683006689585E+09      0.7446080719748428E+11     -0.3902213968663278E+14
  0.18900000E+03     -0.5262467000127511E+03      0.2772825662993274E+06     -0.1462859606288757E+09      0.7727388487466023E+11     -0.4087106670511820E+14
  0.19000000E+03     -0.5311454296642204E+03      0.2824622282964436E+06     -0.1503986152048036E+09      0.8018014944842169E+11     -0.4279888891117818E+14
  0.19100000E+03     -0.5360558372929841E+03      0.2877023236131659E+06     -0.1545976945751314E+09      0.8317483691828366E+11     -0.4480363008686637E+14
  0.19200000E+03     -0.5409653322782854E+03      0.2929900034941917E+06     -0.1588740777524879E+09      0.8625277842521823E+11     -0.4688305460945821E+14
  0.19300000E+03     -0.5458932749589853E+03      0.2983457960402319E+06     -0.1632448251853091E+09      0.8942709818315979E+11     -0.4904694546427873E+14
  0.19400000E+03     -0.5508408971221965E+03      0.3037715184392710E+06     -0.1677124979082819E+09      0.9270093392090779E+11     -0.5129864673080252E+14
  0.19500000E+03     -0.5558185473123208E+03      0.3092799934455450E+06     -0.1722896163637777E+09      0.9608544221810605E+11     -0.5364756642029890E+14
  0.19600000E+03     -0.5608244464726586E+03      0.3148693299292575E+06     -0.1769754175315715E+09      0.9958120388179442E+11     -0.5609528020142081E+14
  0.19700000E+03     -0.5658510230157337E+03      0.3205322966701295E+06     -0.1817655923060119E+09      0.1031868505609486E+12     -0.5864249663623407E+14
  0.19800000E+03     -0.5709019930394084E+03      0.3262735374137780E+06     -0.1866652151044712E+09      0.1069076323120082E+12     -0.6129433307933421E+14
  0.19900000E+03     -0.5759811513138657E+03      0.3320982067483145E+06     -0.1916801967224886E+09      0.1107497857196990E+12     -0.6405690553356394E+14
  0.20000000E+03     -0.5810736457356313E+03      0.3379899988312385E+06     -0.1967978737803660E+09      0.1147052331114157E+12     -0.6692598033526132E+14
  0.20100000E+03     -0.5861882869867178E+03      0.3439593819445851E+06     -0.2020283911962083E+09      0.1187832535561829E+12     -0.6990978170937781E+14
  0.20200000E+03     -0.5913054195783476E+03      0.3499836728851551E+06     -0.2073528619061791E+09      0.1229704824639959E+12     -0.7299995500314611E+14
  0.20300000E+03     -0.5964507092680366E+03      0.3560938790006011E+06     -0.2128002122491435E+09      0.1272915059008382E+12     -0.7621647195567873E+14
  0.20400000E+03     -0.6015988047116459E+03      0.3622606764533691E+06     -0.2183458090523720E+09      0.1317286221587997E+12     -0.7954799813274727E+14
  0.20500000E+03     -0.6067831929407091E+03      0.3685241997535488E+06     -0.2240265762337572E+09      0.1363126871091266E+12     -0.8301916887385588E+14
  0.20600000E+03     -0.6119810843776063E+03      0.3748585143601162E+06     -0.2298212802411443E+09      0.1410290851274610E+12     -0.8662133022480961E+14
  0.20700000E+03     -0.6172150585887813E+03      0.3812910445376449E+06     -0.2357557784311001E+09      0.1459001777354699E+12     -0.9037308878637322E+14
  0.20800000E+03     -0.6224619143501701E+03      0.3877946017739547E+06     -0.2418070519155297E+09      0.1509094521346716E+12     -0.9426408618181211E+14
  0.20900000E+03     -0.6277294175332410E+03      0.3943788904270824E+06     -0.2479850615549807E+09      0.1560666310882174E+12     -0.9830356709176344E+14
  0.21000000E+03     -0.6329975920271833E+03      0.4010196134591810E+06     -0.2542685236697785E+09      0.1613559433408484E+12     -0.1024813102319557E+15
  0.21100000E+03     -0.6383127093048437E+03      0.4077758064770269E+06     -0.2607148625436718E+09      0.1668277942862407E+12     -0.1068393499433134E+15
  0.21200000E+03     -0.6436350543187142E+03      0.4145982727096488E+06     -0.2672792615161746E+09      0.1724467012297645E+12     -0.1113520628020126E+15
  0.21300000E+03     -0.6489994984487764E+03      0.4215312639257906E+06     -0.2740047487262800E+09      0.1782506295052449E+12     -0.1160514487176754E+15
  0.21400000E+03     -0.6543773695345492E+03      0.4285390597634020E+06     -0.2808588899034535E+09      0.1842142936599692E+12     -0.1209198617105498E+15
  0.21500000E+03     -0.6597678579501048E+03      0.4356217801792565E+06     -0.2878438722431324E+09      0.1903421937383005E+12     -0.1259637412068361E+15
  0.21600000E+03     -0.6651779959666580E+03      0.4427887169997672E+06     -0.2949698713256046E+09      0.1966449831271524E+12     -0.1311939637181979E+15
  0.21700000E+03     -0.6706274374680722E+03      0.4500667146542767E+06     -0.3022653315751429E+09      0.2031502060057608E+12     -0.1366360546935750E+15
  0.21800000E+03     -0.6760876450630649E+03      0.4574184953879651E+06     -0.3096946694178060E+09      0.2098285630235669E+12     -0.1422682344598421E+15
  0.21900000E+03     -0.6815656743159379E+03      0.4648542974684674E+06     -0.3172699485862967E+09      0.2166933099953250E+12     -0.1481044432591017E+15
  0.22000000E+03     -0.6870682672117438E+03      0.4723839442409566E+06     -0.3250028597775307E+09      0.2237574671906063E+12     -0.1541585756308560E+15
  0.22100000E+03     -0.6926137006659222E+03      0.4800333084216225E+06     -0.3329218535294017E+09      0.2310496428625675E+12     -0.1604581606168027E+15
  0.22200000E+03     -0.6981546450598655E+03      0.4877375650724329E+06     -0.3409612928688766E+09      0.2385116632130937E+12     -0.1669556849167297E+15
  0.22300000E+03     -0.7037285116922933E+03      0.4955493993428523E+06     -0.3491778863686824E+09      0.2461987263932149E+12     -0.1737022715301200E+15
  0.22400000E+03     -0.7093222529182838E+03      0.5034514829634140E+06     -0.3575554387836687E+09      0.2540985329023493E+12     -0.1806904598943109E+15
  0.22500000E+03     -0.7149425987164145E+03      0.5114544971878060E+06     -0.3661075678146341E+09      0.2622270709924910E+12     -0.1879380433520058E+15
  0.22600000E+03     -0.7205852785255165E+03      0.5195528729088841E+06     -0.3748299554397559E+09      0.2705828171859490E+12     -0.1954468779746695E+15
  0.22700000E+03     -0.7262599333697411E+03      0.5277611993178121E+06     -0.3837401805715824E+09      0.2791854033481507E+12     -0.2032380120784238E+15
  0.22800000E+03     -0.7319536133549741E+03      0.5360622456828607E+06     -0.3928222760988243E+09      0.2880231198028749E+12     -0.2113051552083780E+15
  0.22900000E+03     -0.7376741037859351E+03      0.5444675395478648E+06     -0.4020901659768637E+09      0.2971118759146284E+12     -0.2196659689587838E+15
  0.23000000E+03     -0.7434241791188680E+03      0.5529819427687947E+06     -0.4115511746297408E+09      0.3064618516323563E+12     -0.2283335559447949E+15
  0.23100000E+03     -0.7491928187508186E+03      0.5615904611913825E+06     -0.4211912648673731E+09      0.3160629008927002E+12     -0.2373030105247932E+15
  0.23200000E+03     -0.7549790304927071E+03      0.5702919509298074E+06     -0.4310106766596748E+09      0.3259179114780073E+12     -0.2465805596663695E+15
  0.23300000E+03     -0.7608150983888834E+03      0.5791364209430423E+06     -0.4410686513081150E+09      0.3360903164553327E+12     -0.2562307496028298E+15
  0.23400000E+03     -0.7666603112531797E+03      0.5880630113580403E+06     -0.4512981400651450E+09      0.3465157091030381E+12     -0.2661968624919466E+15
  0.23500000E+03     -0.7725413260148487E+03      0.5971130642812058E+06     -0.4617484198487102E+09      0.3572474393978576E+12     -0.2765340237684107E+15
  0.23600000E+03     -0.7784448203776678E+03      0.6062670646727089E+06     -0.4723993121547423E+09      0.3682684495952721E+12     -0.2872305264438730E+15
  0.23700000E+03     -0.7843727781543022E+03      0.6155297744160321E+06     -0.4832595631780776E+09      0.3795923895009132E+12     -0.2983053229791976E+15
  0.23800000E+03     -0.7903272537432075E+03      0.6249042013179463E+06     -0.4943337105839302E+09      0.3912263404084238E+12     -0.3097688983417340E+15
  0.23900000E+03     -0.7963190942322329E+03      0.6344092508510303E+06     -0.5056475039974154E+09      0.4032022573630085E+12     -0.3216588619499132E+15
  0.24000000E+03     -0.8023271175328098E+03      0.6440119629939867E+06     -0.5171637755966837E+09      0.4154843537427987E+12     -0.3339445713601734E+15
  0.24100000E+03     -0.8083765072656834E+03      0.6537535260957936E+06     -0.5289343268592634E+09      0.4281318020165906E+12     -0.3466904990117226E+15
  0.24200000E+03     -0.8144378366584193E+03      0.6635878537334641E+06     -0.5409063799417146E+09      0.4410924477655829E+12     -0.3598501132472382E+15
  0.24300000E+03     -0.8205423432119499E+03      0.6735668872805220E+06     -0.5531460534950024E+09      0.4544424537888184E+12     -0.3735068770086971E+15
  0.24400000E+03     -0.8266704597707832E+03      0.6836590833938756E+06     -0.5656165414339943E+09      0.4681451844916539E+12     -0.3876283861436414E+15
  0.24500000E+03     -0.8328165077927350E+03      0.6938567970086816E+06     -0.5783119094537134E+09      0.4821995161035618E+12     -0.4022206241761104E+15
  0.24600000E+03     -0.8390116573983495E+03      0.7042119377809057E+06     -0.5912983971734211E+09      0.4966820867980504E+12     -0.4173681672622331E+15
  0.24700000E+03     -0.8452300090618683E+03      0.7146828013763160E+06     -0.6045271093676349E+09      0.5115437427972112E+12     -0.4330268682669023E+15
  0.24800000E+03     -0.8514551310196417E+03      0.7252426757275626E+06     -0.6179669470347463E+09      0.5267541341922309E+12     -0.4491712772050631E+15
  0.24900000E+03     -0.8577192948711172E+03      0.7359471413945545E+06     -0.6316911537192612E+09      0.5424006109401025E+12     -0.4659005550414198E+15
  0.25000000E+03     -0.8640177646089041E+03      0.7467892746794302E+06     -0.6456938380055940E+09      0.5584815485865765E+12     -0.4832202086292513E+15
  0.25100000E+03     -0.8703377965371295E+03      0.7577484048474637E+06     -0.6599514330742180E+09      0.5749751872748539E+12     -0.5011143518838696E+15
  0.25200000E+03     -0.8766966243425123E+03      0.7688555265062834E+06     -0.6745072417942790E+09      0.5919368378323074E+12     -0.5196505665040238E+15
  0.25300000E+03     -0.8830799562584983E+03      0.7800867730269282E+06     -0.6893329527965006E+09      0.6093387404456125E+12     -0.5388061664028864E+15
  0.25400000E+03     -0.8894909148000871E+03      0.7914489215920165E+06     -0.7044407719801193E+09      0.6272008802969260E+12     -0.5586113898850950E+15
  0.25500000E+03     -0.8959421767249812E+03      0.8029651698342963E+06     -0.7198640968235335E+09      0.6455676248868940E+12     -0.5791229029970189E+15
  0.25600000E+03     -0.9024207461249246E+03      0.8146140444326713E+06     -0.7355780805666928E+09      0.6644159441758271E+12     -0.6003244268904895E+15
  0.25700000E+03     -0.9089187422264048E+03      0.8263823494568090E+06     -0.7515678866064783E+09      0.6837335719411040E+12     -0.6222105988776309E+15
  0.25800000E+03     -0.9154726258297785E+03      0.8383379149564625E+06     -0.7679297950100306E+09      0.7036438222965353E+12     -0.6449313402994191E+15
  0.25900000E+03     -0.9220307444274991E+03      0.8503867411482455E+06     -0.7845371120453399E+09      0.7239968935537324E+12     -0.6683229567675825E+15
  0.26000000E+03     -0.9286245046449145E+03      0.8625875906939742E+06     -0.8014740036536736E+09      0.7449019098748740E+12     -0.6925201236880371E+15
  0.26100000E+03     -0.9352610191045871E+03      0.8749558518691169E+06     -0.8187666612284776E+09      0.7663993021012167E+12     -0.7175814934793826E+15
  0.26200000E+03     -0.9419199112699615E+03      0.8874544705688220E+06     -0.8363663051875721E+09      0.7884343499347930E+12     -0.7434526819945041E+15
  0.26300000E+03     -0.9486174579975047E+03      0.9001149140784550E+06     -0.8543203245214132E+09      0.8110724761124202E+12     -0.7702202730604230E+15
  0.26400000E+03     -0.9553458942947450E+03      0.9129238376257819E+06     -0.8726134495896696E+09      0.8343012535724192E+12     -0.7978802598640112E+15
  0.26500000E+03     -0.9620982843445934E+03      0.9258697687333893E+06     -0.8912336263760779E+09      0.8581132295475948E+12     -0.8264359181282869E+15
  0.26600000E+03     -0.9688850448781109E+03      0.9389735689269712E+06     -0.9102139951726382E+09      0.8825571611072007E+12     -0.8559561978246596E+15
  0.26700000E+03     -0.9757157307767463E+03      0.9522551208603058E+06     -0.9295873025054804E+09      0.9076827071767412E+12     -0.8865130069159084E+15
  0.26800000E+03     -0.9825693026503518E+03      0.9656749332215579E+06     -0.9492999091873168E+09      0.9334279009412429E+12     -0.9180432056982486E+15
  0.26900000E+03     -0.9894620458216207E+03      0.9792663877883647E+06     -0.9694049874507089E+09      0.9598701217512723E+12     -0.9506543729536668E+15
  0.27000000E+03     -0.9963800586913867E+03      0.9930031752484163E+06     -0.9898672258489799E+09      0.9869702643717947E+12     -0.9843105203980180E+15
  0.27100000E+03     -0.1003332366372153E+04      0.1006904501324591E+07     -0.1010719124942680E+10      0.1014779141494885E+13     -0.1019087643271103E+16
  0.27200000E+03     -0.1010303995403329E+04      0.1020941252943083E+07     -0.1031920266578434E+10      0.1043249863196748E+13     -0.1054939214872154E+16
  0.27300000E+03     -0.1017313514725137E+04      0.1035152583127934E+07     -0.1053534479349712E+10      0.1072477157381391E+13     -0.1091999280048944E+16
  0.27400000E+03     -0.1024354309854620E+04      0.1049526339119193E+07     -0.1075547274836083E+10      0.1102449644833925E+13     -0.1130267380669748E+16
  0.27500000E+03     -0.1031435387086199E+04      0.1064081972248761E+07     -0.1097992164920721E+10      0.1133220867863961E+13     -0.1169825605381925E+16
  0.27600000E+03     -0.1038541995295696E+04      0.1078791351224363E+07     -0.1120831270547596E+10      0.1164749338906932E+13     -0.1210637771521660E+16
  0.27700000E+03     -0.1045675891321338E+04      0.1093658906718130E+07     -0.1144074875884475E+10      0.1197056947596429E+13     -0.1252746040012670E+16
  0.27800000E+03     -0.1052850161917531E+04      0.1108713346792917E+07     -0.1167772295409892E+10      0.1230221440616057E+13     -0.1296267691867656E+16
  0.27900000E+03     -0.1060055939976908E+04      0.1123937713337312E+07     -0.1191901643631003E+10      0.1264222011744391E+13     -0.1341192365843697E+16
  0.28000000E+03     -0.1067283256966008E+04      0.1139311911866419E+07     -0.1216434859994483E+10      0.1299027630634759E+13     -0.1387494491660451E+16
  0.28100000E+03     -0.1074558592888938E+04      0.1154893671935089E+07     -0.1241468564083897E+10      0.1334784961674752E+13     -0.1435386194701089E+16
  0.28200000E+03     -0.1081854155680774E+04      0.1170625077210001E+07     -0.1266914588368713E+10      0.1371378321330905E+13     -0.1484730652050315E+16
  0.28300000E+03     -0.1089194342452046E+04      0.1186560055929590E+07     -0.1292864638080152E+10      0.1408949382108968E+13     -0.1535736631297572E+16
  0.28400000E+03     -0.1096565174601930E+04      0.1202670170028537E+07     -0.1319277876900407E+10      0.1447450369776448E+13     -0.1588359323534469E+16
  0.28500000E+03     -0.1103959633183291E+04      0.1218941313636399E+07     -0.1346135613078275E+10      0.1486864012285575E+13     -0.1642593542412049E+16
  0.28600000E+03     -0.1111381218410883E+04      0.1235381945931628E+07     -0.1373455491760750E+10      0.1527225172540974E+13     -0.1698504501475648E+16
  0.28700000E+03     -0.1118836762953732E+04      0.1252008930871378E+07     -0.1401270865359277E+10      0.1568594623811071E+13     -0.1756197337327554E+16
  0.28800000E+03     -0.1126326579673950E+04      0.1268824405549503E+07     -0.1429590199985121E+10      0.1610995920399702E+13     -0.1815725324439102E+16
  0.28900000E+03     -0.1133855769983767E+04      0.1285841023706689E+07     -0.1458439354325373E+10      0.1654478367031744E+13     -0.1877177843927938E+16
  0.29000000E+03     -0.1141412539361174E+04      0.1303034304347478E+07     -0.1487783065806066E+10      0.1699002065981672E+13     -0.1940522664871641E+16
  0.29100000E+03     -0.1148997798075802E+04      0.1320407219688596E+07     -0.1517630548326562E+10      0.1744591227004997E+13     -0.2005814392668051E+16
  0.29200000E+03     -0.1156620271364197E+04      0.1337981327500176E+07     -0.1548024152612879E+10      0.1791322633685685E+13     -0.2073186015266613E+16
  0.29300000E+03     -0.1164273992164388E+04      0.1355744746777185E+07     -0.1578949258854469E+10      0.1839187042629722E+13     -0.2142649223317586E+16
  0.29400000E+03     -0.1171967054899721E+04      0.1373717251392054E+07     -0.1610444689009494E+10      0.1888255485495680E+13     -0.2214328987295433E+16
  0.29500000E+03     -0.1179688776539996E+04      0.1391875896744832E+07     -0.1642476500891317E+10      0.1938489107800431E+13     -0.2288195259593486E+16
  0.29600000E+03     -0.1187429849588513E+04      0.1410199672893582E+07     -0.1675011934777778E+10      0.1989847594376791E+13     -0.2364211359450306E+16
  0.29700000E+03     -0.1195221293360420E+04      0.1428763840772177E+07     -0.1708190682129210E+10      0.2042565434612693E+13     -0.2442751580464272E+16
  0.29800000E+03     -0.1203028562728369E+04      0.1447487493395831E+07     -0.1741873469629527E+10      0.2096434282384957E+13     -0.2523531481148826E+16
  0.29900000E+03     -0.1210861757674069E+04      0.1466396152646798E+07     -0.1776111418302332E+10      0.2151548812545428E+13     -0.2606719275894542E+16
  0.30000000E+03     -0.1218746534335858E+04      0.1485553478904654E+07     -0.1811025837753645E+10      0.2208118705383865E+13     -0.2692660244573597E+16
  0.30100000E+03     -0.1226651613332386E+04      0.1504884580662082E+07     -0.1846485186452662E+10      0.2265943596440363E+13     -0.2781076591029960E+16
  0.30200000E+03     -0.1234591240575065E+04      0.1524426275209416E+07     -0.1882563594321114E+10      0.2325159956631057E+13     -0.2872208193763926E+16
  0.30300000E+03     -0.1242555361569807E+04      0.1544154152711759E+07     -0.1919219593127305E+10      0.2385710507590670E+13     -0.2965991002730134E+16
  0.30400000E+03     -0.1250551669358002E+04      0.1564090158338655E+07     -0.1956502371415933E+10      0.2447695424897746E+13     -0.3062617262307028E+16
  0.30500000E+03     -0.1258575532803362E+04      0.1584223096046597E+07     -0.1994394717245763E+10      0.2511097389908028E+13     -0.3162085534490513E+16
  0.30600000E+03     -0.1266631199714438E+04      0.1604565890952128E+07     -0.2032928335162637E+10      0.2575986999400725E+13     -0.3264542263942725E+16
  0.30700000E+03     -0.1274720073300463E+04      0.1625122980901083E+07     -0.2072116480940545E+10      0.2642400051762154E+13     -0.3370073629032544E+16
  0.30800000E+03     -0.1282849298705416E+04      0.1645914487359947E+07     -0.2112004425578273E+10      0.2710430357826956E+13     -0.3478864385990478E+16
  0.30900000E+03     -0.1291010639999715E+04      0.1666920979341903E+07     -0.2152561231314379E+10      0.2780041430301923E+13     -0.3590890951097988E+16
  0.31000000E+03     -0.1299199586327419E+04      0.1688132625531815E+07     -0.2193774637545843E+10      0.2851229396648687E+13     -0.3706183793134258E+16
  0.31100000E+03     -0.1307416242056596E+04      0.1709550656622606E+07     -0.2235652176348453E+10      0.2924021800495459E+13     -0.3824820209698398E+16
  0.31200000E+03     -0.1315652113105672E+04      0.1731154328971287E+07     -0.2278159346572351E+10      0.2998374977659088E+13     -0.3946765023162643E+16
  0.31300000E+03     -0.1323919688166982E+04      0.1752977939642710E+07     -0.2321370018409166E+10      0.3074435191302758E+13     -0.4072295711780880E+16
  0.31400000E+03     -0.1332204930853221E+04      0.1774985254447571E+07     -0.2365217468539256E+10      0.3152099815987456E+13     -0.4201277237152608E+16
  0.31500000E+03     -0.1340539463124380E+04      0.1797261987803451E+07     -0.2409879333123426E+10      0.3231701712807554E+13     -0.4334302750158516E+16
  0.31600000E+03     -0.1348896303572725E+04      0.1819738081783258E+07     -0.2455222739531660E+10      0.3313023736223269E+13     -0.4471052542860244E+16
  0.31700000E+03     -0.1357291369796255E+04      0.1842457640519246E+07     -0.2501342789104599E+10      0.3396253737102693E+13     -0.4611882170685421E+16
  0.31800000E+03     -0.1365713686601668E+04      0.1865392435382681E+07     -0.2548188714367067E+10      0.3481318287443106E+13     -0.4756708981301067E+16
  0.31900000E+03     -0.1374179303018019E+04      0.1888588168254425E+07     -0.2595861532062756E+10      0.3568421246152438E+13     -0.4905925908709264E+16
  0.32000000E+03     -0.1382663911031617E+04      0.1911979512015347E+07     -0.2644233227726957E+10      0.3657346754147358E+13     -0.5059205394981746E+16
  0.32100000E+03     -0.1391165594773634E+04      0.1935562836234495E+07     -0.2693303392638436E+10      0.3748113880424105E+13     -0.5216626140048959E+16
  0.32200000E+03     -0.1399699749415232E+04      0.1959381389658066E+07     -0.2743166828875938E+10      0.3840913698615651E+13     -0.5378558588926265E+16
  0.32300000E+03     -0.1408250928998287E+04      0.1983393389169517E+07     -0.2793742560450933E+10      0.3935614514998019E+13     -0.5544818181433214E+16
  0.32400000E+03     -0.1416833690038354E+04      0.2007641291501147E+07     -0.2845127082495609E+10      0.4032417247076340E+13     -0.5715805456396403E+16
  0.32500000E+03     -0.1425470223522379E+04      0.2032190839527091E+07     -0.2897470050107910E+10      0.4131630601626507E+13     -0.5892125877312202E+16
  0.32600000E+03     -0.1434100342601892E+04      0.2056870248171197E+07     -0.2950407546058630E+10      0.4232576545961152E+13     -0.6072608306259406E+16
  0.32700000E+03     -0.1442771617669647E+04      0.2081817619138305E+07     -0.3004244044007200E+10      0.4335858671428693E+13     -0.6258386022992746E+16
  0.32800000E+03     -0.1451481114540505E+04      0.2107026326305947E+07     -0.3058973086704145E+10      0.4441487157519948E+13     -0.6449531454440445E+16
  0.32900000E+03     -0.1460211725373663E+04      0.2132448160980748E+07     -0.3114496815422573E+10      0.4549293914852864E+13     -0.6645791866524957E+16
  0.33000000E+03     -0.1468952268200426E+04      0.2158051831486534E+07     -0.3170753650613732E+10      0.4659180267198411E+13     -0.6847039762066502E+16
  0.33100000E+03     -0.1477744175045845E+04      0.2183960269166298E+07     -0.3228021151034402E+10      0.4771710764940446E+13     -0.7054364440571393E+16
  0.33200000E+03     -0.1486581876291418E+04      0.2210159106190290E+07     -0.3286276158815282E+10      0.4886864817174941E+13     -0.7267788627230769E+16
  0.33300000E+03     -0.1495425195308037E+04      0.2236531263861072E+07     -0.3345266952087479E+10      0.5004169990113765E+13     -0.7486498398046767E+16
  0.33400000E+03     -0.1504274437016868E+04      0.2263077679111475E+07     -0.3404999854668314E+10      0.5123655548501681E+13     -0.7710594869597638E+16
  0.33500000E+03     -0.1513141902123569E+04      0.2289836248288855E+07     -0.3465566575181876E+10      0.5245526206971908E+13     -0.7940517608583147E+16
  0.33600000E+03     -0.1522038750042764E+04      0.2316840967909355E+07     -0.3527048929120337E+10      0.5369964706650901E+13     -0.8176661248358235E+16
  0.33700000E+03     -0.1530983529557412E+04      0.2344151313206174E+07     -0.3589593831154086E+10      0.5497300344711206E+13     -0.8419727735976851E+16
  0.33800000E+03     -0.1539959671464898E+04      0.2371717978292308E+07     -0.3653095579930101E+10      0.5627341323956140E+13     -0.8669412249529571E+16
  0.33900000E+03     -0.1548969572669570E+04      0.2399550251203917E+07     -0.3717584319638550E+10      0.5760176113081674E+13     -0.8925952927131235E+16
  0.34000000E+03     -0.1557969089647098E+04      0.2427512571481753E+07     -0.3782752187621912E+10      0.5895192435845570E+13     -0.9188226922439880E+16
  0.34100000E+03     -0.1566983521938853E+04      0.2455684273052499E+07     -0.3848790183201897E+10      0.6032807806909239E+13     -0.9457105378238474E+16
  0.34200000E+03     -0.1576012731299061E+04      0.2484063832012474E+07     -0.3915696573514196E+10      0.6173031612604020E+13     -0.9732649931032906E+16
  0.34300000E+03     -0.1585113710108953E+04      0.2512835367941807E+07     -0.3983921592370983E+10      0.6316850561450354E+13     -0.1001690231992204E+17
  0.34400000E+03     -0.1594192904194887E+04      0.2541702897799429E+07     -0.4052767395903587E+10      0.6462811619694315E+13     -0.1030704522436120E+17
  0.34500000E+03     -0.1603333714978191E+04      0.2570932445969683E+07     -0.4122874956246388E+10      0.6612297141653775E+13     -0.1060589207010605E+17
  0.34600000E+03     -0.1612459498207783E+04      0.2600280820650978E+07     -0.4193670027492600E+10      0.6764111626224302E+13     -0.1091112989832515E+17
  0.34700000E+03     -0.1621669405061037E+04      0.2630069164819063E+07     -0.4265937437010304E+10      0.6919969865832444E+13     -0.1122629051458835E+17
  0.34800000E+03     -0.1630873284592103E+04      0.2660006234022706E+07     -0.4338976029218668E+10      0.7078381261614023E+13     -0.1154842343091100E+17
  0.34900000E+03     -0.1640091213841145E+04      0.2690160163302901E+07     -0.4412963647707567E+10      0.7239766919582571E+13     -0.1187847767377622E+17
  0.35000000E+03     -0.1649356196769589E+04      0.2720638527512568E+07     -0.4488168021345476E+10      0.7404729376019238E+13     -0.1221774454104512E+17
  0.35100000E+03     -0.1658652524108781E+04      0.2751393141910186E+07     -0.4564483633942376E+10      0.7573076961262171E+13     -0.1256593311786523E+17
  0.35200000E+03     -0.1667952704611422E+04      0.2782333197571789E+07     -0.4641690309997029E+10      0.7744345987775508E+13     -0.1292215185089175E+17
  0.35300000E+03     -0.1677234690298052E+04      0.2813385203697735E+07     -0.4719609124598563E+10      0.7918160116085985E+13     -0.1328568299279058E+17
  0.35400000E+03     -0.1686569611179139E+04      0.2844787666948720E+07     -0.4798844748167333E+10      0.8095892715140526E+13     -0.1365947266211433E+17
  0.35500000E+03     -0.1695936528705499E+04      0.2876473230048156E+07     -0.4879239879804380E+10      0.8277230295989188E+13     -0.1404296736864412E+17
  0.35600000E+03     -0.1705313815434140E+04      0.2908369851934377E+07     -0.4960619508922709E+10      0.8461806794407431E+13     -0.1443547718571534E+17
  0.35700000E+03     -0.1714710976710766E+04      0.2940510545568788E+07     -0.5043074536294458E+10      0.8649854711022889E+13     -0.1483757632986038E+17
  0.35800000E+03     -0.1724111442371553E+04      0.2972838948856281E+07     -0.5126466125978294E+10      0.8841081846844215E+13     -0.1524871639688880E+17
  0.35900000E+03     -0.1733556584982950E+04      0.3005498721055910E+07     -0.5211173406229689E+10      0.9036388681619348E+13     -0.1567092493349781E+17
  0.36000000E+03     -0.1743054124813055E+04      0.3038520783280047E+07     -0.5297292609096697E+10      0.9236045761419287E+13     -0.1610491728773430E+17
  0.36100000E+03     -0.1752559859381489E+04      0.3071751292245984E+07     -0.5384427256327162E+10      0.9439156785965965E+13     -0.1654882081675263E+17
  0.36200000E+03     -0.1762055264316364E+04      0.3105125651181267E+07     -0.5472413523558871E+10      0.9645364797439590E+13     -0.1700193598538182E+17
  0.36300000E+03     -0.1771554046509184E+04      0.3138692849303741E+07     -0.5561387829451738E+10      0.9855018550411262E+13     -0.1746511933060690E+17
  0.36400000E+03     -0.1781076383702172E+04      0.3172525087387507E+07     -0.5651549146946413E+10      0.1006861709056363E+14     -0.1793956727274672E+17
  0.36500000E+03     -0.1790654847545753E+04      0.3206739479904153E+07     -0.5743218446944319E+10      0.1028695405712521E+14     -0.1842714364641964E+17
  0.36600000E+03     -0.1800232065883387E+04      0.3241131898292621E+07     -0.5835856228068696E+10      0.1050877463734957E+14     -0.1892514157963322E+17
  0.36700000E+03     -0.1809829303394399E+04      0.3275780620150244E+07     -0.5929683729355576E+10      0.1073464601499753E+14     -0.1943494660842636E+17
  0.36800000E+03     -0.1819395623144072E+04      0.3310501691634166E+07     -0.6024207972421193E+10      0.1096340666629918E+14     -0.1995402292635908E+17
  0.36900000E+03     -0.1829013434424354E+04      0.3345593374158470E+07     -0.6120243904277334E+10      0.1119704876825983E+14     -0.2048696497907547E+17
  0.37000000E+03     -0.1838624537834464E+04      0.3380846139364992E+07     -0.6217231153988825E+10      0.1143425373679989E+14     -0.2103089665430901E+17
  0.37100000E+03     -0.1848288326259413E+04      0.3416478209759262E+07     -0.6315776497844181E+10      0.1167653438805592E+14     -0.2158938315054077E+17
  0.37200000E+03     -0.1857976551011801E+04      0.3452388266411179E+07     -0.6415613034952783E+10      0.1192328067445288E+14     -0.2216115555104444E+17
  0.37300000E+03     -0.1867688310777598E+04      0.3488574088872186E+07     -0.6516743106708755E+10      0.1217453277374431E+14     -0.2274641758231609E+17
  0.37400000E+03     -0.1877417032504273E+04      0.3525011652702210E+07     -0.6619106376638371E+10      0.1243017135585334E+14     -0.2334499431470650E+17
  0.37500000E+03     -0.1887118396846387E+04      0.3561535331510000E+07     -0.6722244101377370E+10      0.1268908090923267E+14     -0.2395437663873240E+17
  0.37600000E+03     -0.1896861704522672E+04      0.3598405062526322E+07     -0.6826892960471897E+10      0.1295313090733834E+14     -0.2457904388094525E+17
  0.37700000E+03     -0.1906584951961120E+04      0.3635390024888013E+07     -0.6932414237681400E+10      0.1322076539728102E+14     -0.2521548034813500E+17
  0.37800000E+03     -0.1916368706974640E+04      0.3672795076830985E+07     -0.7039678660037187E+10      0.1349420917546109E+14     -0.2586904876678053E+17
  0.37900000E+03     -0.1926163873808467E+04      0.3710436314006601E+07     -0.7148175358286300E+10      0.1377221628597935E+14     -0.2653694006867614E+17
  0.38000000E+03     -0.1935950241606950E+04      0.3748235439741205E+07     -0.7257682538762124E+10      0.1405424298556562E+14     -0.2721794207105082E+17
  0.38100000E+03     -0.1945743160377330E+04      0.3786251424757579E+07     -0.7368375760332661E+10      0.1434076807527615E+14     -0.2791331037266170E+17
  0.38200000E+03     -0.1955589419711383E+04      0.3824667975428937E+07     -0.7480801584982328E+10      0.1463325104290356E+14     -0.2862673092756495E+17
  0.38300000E+03     -0.1965385892470114E+04      0.3863081821611004E+07     -0.7593782806273414E+10      0.1492865160665718E+14     -0.2935087788623097E+17
  0.38400000E+03     -0.1975310463285736E+04      0.3902195264211419E+07     -0.7709404865717894E+10      0.1523248945893005E+14     -0.3009948392353892E+17
  0.38500000E+03     -0.1985213955586649E+04      0.3941420569844690E+07     -0.7825936730393797E+10      0.1554024764678974E+14     -0.3086153635057708E+17
  0.38600000E+03     -0.1995078151455165E+04      0.3980686227648837E+07     -0.7943173629796724E+10      0.1585142085418726E+14     -0.3163590943352570E+17
  0.38700000E+03     -0.2004945783451205E+04      0.4020158986999042E+07     -0.8061609222863191E+10      0.1616732357759746E+14     -0.3242592315248360E+17
  0.38800000E+03     -0.2014791199777487E+04      0.4059737726450205E+07     -0.8180950227460298E+10      0.1648721562874399E+14     -0.3322986935909100E+17
  0.38900000E+03     -0.2024717891280990E+04      0.4099839199602109E+07     -0.8302461398158150E+10      0.1681452491563271E+14     -0.3405649799996312E+17
  0.39000000E+03     -0.2034667323480917E+04      0.4140231460235822E+07     -0.8425459359330739E+10      0.1714747852253011E+14     -0.3490154205016404E+17
  0.39100000E+03     -0.2044558285477012E+04      0.4180583150666218E+07     -0.8548936020575626E+10      0.1748336625179692E+14     -0.3575821148192949E+17
  0.39200000E+03     -0.2054512890976906E+04      0.4221390921607635E+07     -0.8674412289067097E+10      0.1782634435187738E+14     -0.3663719557207801E+17
  0.39300000E+03     -0.2064436716898553E+04      0.4262268378686414E+07     -0.8800707954647141E+10      0.1817322416901384E+14     -0.3753045864814214E+17
  0.39400000E+03     -0.2074439377801738E+04      0.4303671602918461E+07     -0.8929252170295147E+10      0.1852800230440560E+14     -0.3844851818199602E+17
  0.39500000E+03     -0.2084319966054381E+04      0.4344766286457783E+07     -0.9057452175159939E+10      0.1888353224233515E+14     -0.3937294769620041E+17
  0.39600000E+03     -0.2094339721406052E+04      0.4386637844992299E+07     -0.9188696587620815E+10      0.1924923511995084E+14     -0.4032834837500546E+17
  0.39700000E+03     -0.2104363510467903E+04      0.4428727355649754E+07     -0.9321257466632318E+10      0.1962037924096404E+14     -0.4130261822574477E+17
  0.39800000E+03     -0.2114303150384448E+04      0.4470663279243981E+07     -0.9453966726849092E+10      0.1999371696101157E+14     -0.4228733627192620E+17
  0.39900000E+03     -0.2124341881474777E+04      0.4513218221294131E+07     -0.9589273880610638E+10      0.2037616924550702E+14     -0.4330088180491470E+17
  0.40000000E+03     -0.2134353763831823E+04      0.4555858145363559E+07     -0.9725486234522026E+10      0.2076298320185819E+14     -0.4433078662206126E+17
  0.40100000E+03     -0.2144414159921212E+04      0.4598905388718766E+07     -0.9863643883792662E+10      0.2115715905975720E+14     -0.4538520838717502E+17
  0.40200000E+03     -0.2154421064136101E+04      0.4641929508905264E+07     -0.1000239086777334E+11      0.2155491857046706E+14     -0.4645432928040324E+17
  0.40300000E+03     -0.2164315342151750E+04      0.4684662535216489E+07     -0.1014082477554742E+11      0.2195358233738557E+14     -0.4753074558974405E+17
  0.40400000E+03     -0.2174422808129450E+04      0.4728519471178427E+07     -0.1028356079466838E+11      0.2236654837882890E+14     -0.4865096817617543E+17
  0.40500000E+03     -0.2184449903969764E+04      0.4772229051890251E+07     -0.1042647565850448E+11      0.2278194563296920E+14     -0.4978300112423705E+17
  0.40600000E+03     -0.2194433710313881E+04      0.4815951208977077E+07     -0.1057009270384634E+11      0.2320131388028500E+14     -0.5093113890890961E+17
  0.40700000E+03     -0.2204438758482210E+04      0.4859966413591154E+07     -0.1071533238331404E+11      0.2362735648272030E+14     -0.5210287478171094E+17
  0.40800000E+03     -0.2214538242174043E+04      0.4904600118069730E+07     -0.1086328613091355E+11      0.2406334440001994E+14     -0.5330744505407714E+17
  0.40900000E+03     -0.2224569275979443E+04      0.4949133168195743E+07     -0.1101157835571596E+11      0.2450231929505682E+14     -0.5452578955197866E+17
  0.41000000E+03     -0.2234667020789258E+04      0.4994160911341727E+07     -0.1116218184639481E+11      0.2495011006507108E+14     -0.5577410468643269E+17
  0.41100000E+03     -0.2244646435930092E+04      0.5038866792229429E+07     -0.1131240025954096E+11      0.2539882115560770E+14     -0.5703076910307842E+17
  0.41200000E+03     -0.2254818210287743E+04      0.5084637600927660E+07     -0.1146688280065732E+11      0.2586232714237974E+14     -0.5833465676096230E+17
  0.41300000E+03     -0.2264864532205132E+04      0.5130047020546532E+07     -0.1162083421057857E+11      0.2632631479532389E+14     -0.5964576326155948E+17
  0.41400000E+03     -0.2274926388386406E+04      0.5175729143425797E+07     -0.1177639972565827E+11      0.2679725464574037E+14     -0.6098243993259545E+17
  0.41500000E+03     -0.2284960223782005E+04      0.5221485747411995E+07     -0.1193290872867002E+11      0.2727314814131821E+14     -0.6233915570891215E+17
  0.41600000E+03     -0.2295022820297771E+04      0.5267577226484546E+07     -0.1209126308079489E+11      0.2775679047925375E+14     -0.6372408413691911E+17
  0.41700000E+03     -0.2304998032312097E+04      0.5313467598476972E+07     -0.1224961373487914E+11      0.2824252968767412E+14     -0.6512108037172228E+17
  0.41800000E+03     -0.2315088239108332E+04      0.5360087720814382E+07     -0.1241117807055123E+11      0.2874026965378842E+14     -0.6655878017527846E+17
  0.41900000E+03     -0.2325122100288707E+04      0.5406649060785005E+07     -0.1257324018406250E+11      0.2924171354727145E+14     -0.6801347460069731E+17
  0.42000000E+03     -0.2335160854594764E+04      0.5453436318227528E+07     -0.1273679901758920E+11      0.2974999615455919E+14     -0.6949444058174452E+17
  0.42100000E+03     -0.2345178094219411E+04      0.5500326490062966E+07     -0.1290143093522458E+11      0.3026383966868511E+14     -0.7099812297395423E+17
  0.42200000E+03     -0.2355223100237033E+04      0.5547542905908450E+07     -0.1306790035045588E+11      0.3078558754186805E+14     -0.7253131120831021E+17
  0.42300000E+03     -0.2365190287160382E+04      0.5594598223754983E+07     -0.1323452655464204E+11      0.3131010814005371E+14     -0.7407937984513770E+17
  0.42400000E+03     -0.2375229066553867E+04      0.5642190637902942E+07     -0.1340376277432267E+11      0.3184508356069562E+14     -0.7566494114188176E+17
  0.42500000E+03     -0.2385297222419621E+04      0.5690124092122660E+07     -0.1357493217483492E+11      0.3238845688717836E+14     -0.7728219816445250E+17
  0.42600000E+03     -0.2395405339103020E+04      0.5738451222675079E+07     -0.1374823692850891E+11      0.3294093467390292E+14     -0.7893350511324094E+17
  0.42700000E+03     -0.2405357503238485E+04      0.5786233521669186E+07     -0.1392031082362263E+11      0.3349180268044217E+14     -0.8058694527847603E+17
  0.42800000E+03     -0.2415403084057019E+04      0.5834667006144467E+07     -0.1409546282496297E+11      0.3405488176923295E+14     -0.8228414270366157E+17
  0.42900000E+03     -0.2425479977866563E+04      0.5883450484449008E+07     -0.1427260317945323E+11      0.3462668565147929E+14     -0.8401469726117517E+17
  0.43000000E+03     -0.2435415018669597E+04      0.5931747703603237E+07     -0.1444870872896668E+11      0.3519751800920502E+14     -0.8574950964756173E+17
  0.43100000E+03     -0.2445490289941135E+04      0.5980926605506456E+07     -0.1462876123109962E+11      0.3578352652439506E+14     -0.8753771292622811E+17
  0.43200000E+03     -0.2455451050515729E+04      0.6029751322874644E+07     -0.1480827008764239E+11      0.3637022789928749E+14     -0.8933557833359907E+17
  0.43300000E+03     -0.2465366402813484E+04      0.6078545698806295E+07     -0.1498837681681162E+11      0.3696121070074204E+14     -0.9115372218047002E+17
  0.43400000E+03     -0.2475287613354737E+04      0.6127565579469060E+07     -0.1517004478852310E+11      0.3755971764912072E+14     -0.9300243094310253E+17
  0.43500000E+03     -0.2485184638267178E+04      0.6176663584431234E+07     -0.1535273762930025E+11      0.3816403336905602E+14     -0.9487662560321411E+17
  0.43600000E+03     -0.2495190768604422E+04      0.6226503324602790E+07     -0.1553893934446002E+11      0.3878244273775383E+14     -0.9680227264345312E+17
  0.43700000E+03     -0.2505087926123059E+04      0.6275994690047525E+07     -0.1572456880683183E+11      0.3940138347916358E+14     -0.9873717782869635E+17
  0.43800000E+03     -0.2515164571015785E+04      0.6326587827692869E+07     -0.1591509987994872E+11      0.4003924254648309E+14     -0.1007393072125032E+18
  0.43900000E+03     -0.2525122719947270E+04      0.6376781379247460E+07     -0.1610486470810818E+11      0.4067701856074873E+14     -0.1027489972141057E+18
  0.44000000E+03     -0.2534940436479616E+04      0.6426464919325946E+07     -0.1629345216510509E+11      0.4131337065705245E+14     -0.1047622129582696E+18
  0.44100000E+03     -0.2544831620715413E+04      0.6476715180595425E+07     -0.1648493374137988E+11      0.4196200581182378E+14     -0.1068222857117269E+18
  0.44200000E+03     -0.2554674272065362E+04      0.6526909485158813E+07     -0.1667693094379566E+11      0.4261486520583032E+14     -0.1089036709753801E+18
  0.44300000E+03     -0.2564561593637862E+04      0.6577529167385679E+07     -0.1687131410174261E+11      0.4327842871167052E+14     -0.1110274765435558E+18
  0.44400000E+03     -0.2574327268224861E+04      0.6627716898785605E+07     -0.1706477407874044E+11      0.4394136093309941E+14     -0.1131573574395049E+18
  0.44500000E+03     -0.2584088623138848E+04      0.6678074822226972E+07     -0.1725963451929702E+11      0.4461165269955328E+14     -0.1153191409130218E+18
  0.44600000E+03     -0.2593947093315202E+04      0.6729127175410648E+07     -0.1745793326095375E+11      0.4529636524461221E+14     -0.1175358285950112E+18
  0.44700000E+03     -0.2603906044617578E+04      0.6780895957409980E+07     -0.1765977947948187E+11      0.4599597812037870E+14     -0.1198093719169221E+18
  0.44800000E+03     -0.2613636112164510E+04      0.6831669671417804E+07     -0.1785850819608237E+11      0.4668743821718718E+14     -0.1220650762963217E+18
  0.44900000E+03     -0.2623418114449059E+04      0.6882904775323955E+07     -0.1805979069382295E+11      0.4739039579152513E+14     -0.1243668397538298E+18
  0.45000000E+03     -0.2633158038721449E+04      0.6934103973348212E+07     -0.1826165938110687E+11      0.4809794909936983E+14     -0.1266920249381121E+18
  0.45100000E+03     -0.2642806035246315E+04      0.6985012634347432E+07     -0.1846314514541005E+11      0.4880684325653177E+14     -0.1290304665395768E+18
  0.45200000E+03     -0.2652436519782636E+04      0.7036011234054352E+07     -0.1866571115741678E+11      0.4952209560996881E+14     -0.1313983491408727E+18
  0.45300000E+03     -0.2662359857105582E+04      0.7088758861014384E+07     -0.1887601459706810E+11      0.5026746968554103E+14     -0.1338752602111181E+18
  0.45400000E+03     -0.2671895229951844E+04      0.7139625125023232E+07     -0.1907954087800526E+11      0.5099139843753023E+14     -0.1362894954897676E+18
  0.45500000E+03     -0.2681643790350189E+04      0.7191824319895414E+07     -0.1928918642289688E+11      0.5173989906294510E+14     -0.1387950690593474E+18
  0.45600000E+03     -0.2691363414776397E+04      0.7244045257407371E+07     -0.1949963134265861E+11      0.5249380473829840E+14     -0.1413273047880201E+18
  0.45700000E+03     -0.2700954780390205E+04      0.7295772258876891E+07     -0.1970887498037157E+11      0.5324624408702625E+14     -0.1438641780966937E+18
  0.45800000E+03     -0.2710343903454474E+04      0.7346582664094003E+07     -0.1991511765602370E+11      0.5399044268245288E+14     -0.1463818977235906E+18
  0.45900000E+03     -0.2720007797951746E+04      0.7399067122219279E+07     -0.2012891757654268E+11      0.5476467060462300E+14     -0.1490105815836009E+18
  0.46000000E+03     -0.2729428357985242E+04      0.7450409080641678E+07     -0.2033879532814405E+11      0.5552735491476727E+14     -0.1516091336129398E+18
  0.46100000E+03     -0.2738941913122638E+04      0.7502436418755565E+07     -0.2055220723582674E+11      0.5630555298519127E+14     -0.1542696741607493E+18
  0.46200000E+03     -0.2748696630272550E+04      0.7555977643438306E+07     -0.2077263203401579E+11      0.5711226274346468E+14     -0.1570377796558568E+18
  0.46300000E+03     -0.2758128770306344E+04      0.7607918762800766E+07     -0.2098717337013673E+11      0.5790002550729505E+14     -0.1597497720815053E+18
  0.46400000E+03     -0.2767374573067787E+04      0.7659011740095587E+07     -0.2119894921356644E+11      0.5868035215225867E+14     -0.1624455556923134E+18
  0.46500000E+03     -0.2776849180789992E+04      0.7711546265125113E+07     -0.2141743679868578E+11      0.5948813249301955E+14     -0.1652456207203445E+18
  0.46600000E+03     -0.2786248722686706E+04      0.7763841138756242E+07     -0.2163566453246093E+11      0.6029768559705782E+14     -0.1680613382295553E+18
  0.46700000E+03     -0.2795705046956999E+04      0.7816632954375822E+07     -0.2185672432161925E+11      0.6112056842195426E+14     -0.1709332765287168E+18
  0.46800000E+03     -0.2805079310320628E+04      0.7869140146566337E+07     -0.2207732095457008E+11      0.6194444770070841E+14     -0.1738182156905940E+18
  0.46900000E+03     -0.2814301980618472E+04      0.7920967982112628E+07     -0.2229577882889533E+11      0.6276301946655708E+14     -0.1766939847851285E+18
  0.47000000E+03     -0.2823477479695369E+04      0.7972699149346231E+07     -0.2251454168842467E+11      0.6358541324428927E+14     -0.1795926276714990E+18
  0.47100000E+03     -0.2832516529012060E+04      0.8023831778701117E+07     -0.2273149798364751E+11      0.6440374862880936E+14     -0.1824866315967342E+18
  0.47200000E+03     -0.2841891818393908E+04      0.8077033814102248E+07     -0.2295794683757101E+11      0.6526058225984562E+14     -0.1855263345804181E+18
  0.47300000E+03     -0.2851012447754720E+04      0.8128967351300197E+07     -0.2317975095990549E+11      0.6610270640310543E+14     -0.1885240554022484E+18
  0.47400000E+03     -0.2860165013975727E+04      0.8181238975267055E+07     -0.2340366820466135E+11      0.6695540137645427E+14     -0.1915685011417684E+18
  0.47500000E+03     -0.2869300128940746E+04      0.8233587467925716E+07     -0.2362867358874607E+11      0.6781513990178391E+14     -0.1946484845841869E+18
  0.47600000E+03     -0.2878263412078660E+04      0.8285107980623583E+07     -0.2385079598417185E+11      0.6866645397275640E+14     -0.1977076032969384E+18
  0.47700000E+03     -0.2887405439037651E+04      0.8337823178169136E+07     -0.2407879220332066E+11      0.6954305928871103E+14     -0.2008676170247471E+18
  0.47800000E+03     -0.2896460835167110E+04      0.8390203745472504E+07     -0.2430605674754532E+11      0.7041961213162538E+14     -0.2040374269075707E+18
  0.47900000E+03     -0.2905326292989054E+04      0.8441643982054161E+07     -0.2452993069297099E+11      0.7128575421116922E+14     -0.2071792626837709E+18
  0.48000000E+03     -0.2914392960390778E+04      0.8494417286276443E+07     -0.2476032930742747E+11      0.7217994583527025E+14     -0.2104330582237161E+18
  0.48100000E+03     -0.2923366278235011E+04      0.8546801331454625E+07     -0.2498970322646442E+11      0.7307278707474009E+14     -0.2136915259221492E+18
  0.48200000E+03     -0.2932372082190503E+04      0.8599548598248884E+07     -0.2522142994246006E+11      0.7397776317671873E+14     -0.2170051767295844E+18
  0.48300000E+03     -0.2941208284278844E+04      0.8651448659133855E+07     -0.2545007885437038E+11      0.7487324265396266E+14     -0.2202933229993876E+18
  0.48400000E+03     -0.2949682473387250E+04      0.8701372085721580E+07     -0.2567068072756206E+11      0.7573980290525692E+14     -0.2234848377839005E+18
  0.48500000E+03     -0.2958370884789325E+04      0.8752713860568438E+07     -0.2589824305117706E+11      0.7663643649242067E+14     -0.2267972057345468E+18
  0.48600000E+03     -0.2966987101062797E+04      0.8803772276888134E+07     -0.2612518611629775E+11      0.7753314543309145E+14     -0.2301191692344853E+18
  0.48700000E+03     -0.2975718499218351E+04      0.8855661583747633E+07     -0.2635648355034023E+11      0.7844967991404236E+14     -0.2335243142608502E+18
  0.48800000E+03     -0.2984686514327440E+04      0.8909125527440891E+07     -0.2659555333240228E+11      0.7940000807913706E+14     -0.2370661751965222E+18
  0.48900000E+03     -0.2993280307932353E+04      0.8960505869871087E+07     -0.2682596702743554E+11      0.8031856268454450E+14     -0.2404994678759372E+18
  0.49000000E+03     -0.3001424012388567E+04      0.9009325848553661E+07     -0.2704548621219502E+11      0.8119603389290917E+14     -0.2437880033903523E+18
  0.49100000E+03     -0.3009987908321344E+04      0.9060814851718957E+07     -0.2727768326369708E+11      0.8212689355206225E+14     -0.2472868167301556E+18
  0.49200000E+03     -0.3018098348359129E+04      0.9109706891597226E+07     -0.2749875388126571E+11      0.8301549947101023E+14     -0.2506356725984355E+18
  0.49300000E+03     -0.3026788444652554E+04      0.9162242373508452E+07     -0.2773697510744603E+11      0.8397577082968905E+14     -0.2542649239387187E+18
  0.49400000E+03     -0.3035177009649805E+04      0.9213098055863936E+07     -0.2796822984310877E+11      0.8491058936378712E+14     -0.2578079414685788E+18
  0.49500000E+03     -0.3043560404984593E+04      0.9264071196842976E+07     -0.2820069708584942E+11      0.8585305870901009E+14     -0.2613904032579011E+18
  0.49600000E+03     -0.3051713165164918E+04      0.9313764738049490E+07     -0.2842788995708829E+11      0.8677642733021177E+14     -0.2649089631518392E+18
  0.49700000E+03     -0.3059789864293924E+04      0.9363128704654509E+07     -0.2865419048055537E+11      0.8769867297067741E+14     -0.2684328095669543E+18
  0.49800000E+03     -0.3067906520556277E+04      0.9412874268236337E+07     -0.2888287194642297E+11      0.8863320281506391E+14     -0.2720134832878459E+18
  0.49900000E+03     -0.3075792306516550E+04      0.9461332436829494E+07     -0.2910622313183220E+11      0.8954835845681861E+14     -0.2755291756124542E+18
  0.50000000E+03     -0.3083933232367509E+04      0.9511468479357423E+07     -0.2933781637536731E+11      0.9049937373341814E+14     -0.2791906723190432E+18
  0.50100000E+03     -0.3092034672376479E+04      0.9561517480560768E+07     -0.2956973099469861E+11      0.9145468860871380E+14     -0.2828802310416187E+18
  0.50200000E+03     -0.3100029023854133E+04      0.9611025860428113E+07     -0.2979970217990942E+11      0.9240431667526711E+14     -0.2865568009752066E+18
  0.50300000E+03     -0.3107607302864400E+04      0.9658067173883749E+07     -0.3001872428481708E+11      0.9331084691551222E+14     -0.2900747232878262E+18
  0.50400000E+03     -0.3115352451543617E+04      0.9706271223925184E+07     -0.3024375236045758E+11      0.9424469337565930E+14     -0.2937082102837822E+18
  0.50500000E+03     -0.3123284724851206E+04      0.9755764131590966E+07     -0.3047537874004580E+11      0.9520834266011064E+14     -0.2974671009191250E+18
  0.50600000E+03     -0.3130711547419872E+04      0.9802220934025757E+07     -0.3069334802183573E+11      0.9611747511310347E+14     -0.3010223389145548E+18
  0.50700000E+03     -0.3138133044136373E+04      0.9848747378392629E+07     -0.3091212804875861E+11      0.9703201173758195E+14     -0.3046066353721807E+18
  0.50800000E+03     -0.3146012653097385E+04      0.9898275853564827E+07     -0.3114563796893636E+11      0.9801069458205639E+14     -0.3084524525912916E+18
  0.50900000E+03     -0.3153520317670077E+04      0.9945571222029569E+07     -0.3136911497904186E+11      0.9894940959958478E+14     -0.3121494157780778E+18
  0.51000000E+03     -0.3160956744896697E+04      0.9992533369646577E+07     -0.3159156394520889E+11      0.9988610382622633E+14     -0.3158474768013004E+18
