  0.00000000E+00     -0.1988260446413747E-09      0.5792997397484009E-18     -0.7527223961267029E-27      0.1581548307318583E-35     -0.2924390393070564E-44
  0.10000000E+01     -0.6057402006373832E-03      0.3669211906673504E-06     -0.2222589156542110E-09      0.1346311601620301E-12     -0.8155150596885552E-16
  0.20000000E+01     -0.3353046035634621E-01      0.1955858785414578E-01     -0.1180800761857617E-01      0.2223286758771138E-01      0.3505907438493176E-01
  0.30000000E+01     -0.9873898599824232E-01      0.6538368720109579E-01     -0.4846394773699625E-01      0.9294116047977691E-01      0.8531819272255928E-01
  0.40000000E+01     -0.1963478262817323E+00      0.1502704848309570E+00     -0.1385793718149990E+00      0.2640063254359224E+00     -0.2459826118679064E-01
  0.50000000E+01     -0.3261313644465241E+00      0.2933213864921688E+00     -0.3330491484293658E+00      0.6439822603401223E+00     -0.6939231045007989E+00
  0.60000000E+01     -0.4881807533748400E+00      0.5201787296694694E+00     -0.7100193221190793E+00      0.1478645223016495E+01     -0.2466479645991172E+01
  0.70000000E+01     -0.6828592633131353E+00      0.8630898914306812E+00     -0.1397908307175203E+01      0.3173175743220656E+01     -0.7090365676249641E+01
  0.80000000E+01     -0.9097380193618887E+00      0.1359417604722322E+01     -0.2578159840608228E+01      0.6461066788231372E+01     -0.1738843398936224E+02
  0.90000000E+01     -0.1168584356968047E+01      0.2052157676506577E+01     -0.4505505287885527E+01      0.1253186817480790E+02     -0.3907578380998729E+02
  0.10000000E+02     -0.1459808625689631E+01      0.2993541907087221E+01     -0.7547514614930289E+01      0.2336097791991302E+02     -0.8232387841910689E+02
  0.11000000E+02     -0.1782904978674906E+01      0.4238035877286622E+01     -0.1217574235122772E+02      0.4192285204846836E+02     -0.1647901802114624E+03
  0.12000000E+02     -0.2138454447203156E+01      0.5849520606690298E+01     -0.1902339800009620E+02      0.7271054566422437E+02     -0.3162128949966017E+03
  0.13000000E+02     -0.2526233121509881E+01      0.7897218897012166E+01     -0.2890228074043165E+02      0.1223542650895099E+03     -0.5854659375619732E+03
  0.14000000E+02     -0.2946136531276392E+01      0.1045692695281141E+02     -0.4285222688419218E+02      0.2004182984785547E+03     -0.1051776660869821E+04
  0.15000000E+02     -0.3398554430387527E+01      0.1361071169699508E+02     -0.6215534903558324E+02      0.3202478334939528E+03     -0.1838529892723635E+04
  0.16000000E+02     -0.3882118497826999E+01      0.1743611075756317E+02     -0.8830967650045430E+02      0.4996551057768806E+03     -0.3128363010447149E+04
  0.17000000E+02     -0.4399141500900289E+01      0.2204655018829316E+02     -0.1233446924810830E+03      0.7640568765909856E+03     -0.5201064363972766E+04
  0.18000000E+02     -0.4947723730778904E+01      0.2752418434901412E+02     -0.1694027675616103E+03      0.1145383050738445E+04     -0.8457019295694203E+04
  0.19000000E+02     -0.5528182686979833E+01      0.3397949900154858E+02     -0.2292331883250444E+03      0.1686905875733470E+04     -0.1347480086860101E+05
  0.20000000E+02     -0.6140278721153224E+01      0.4151803089909195E+02     -0.3059072705761473E+03      0.2443146445526548E+04     -0.2106445182409207E+05
  0.21000000E+02     -0.6785038899585659E+01      0.5027301533605657E+02     -0.4033268579030685E+03      0.3487907221178127E+04     -0.3240389967193860E+05
  0.22000000E+02     -0.7461200062482030E+01      0.6034997401049647E+02     -0.5255332042137260E+03      0.4908320359054846E+04     -0.4903206328454442E+05
  0.23000000E+02     -0.8169217387838122E+01      0.7188479853971542E+02     -0.6774868820049162E+03      0.6816648653186892E+04     -0.7305419352072793E+05
  0.24000000E+02     -0.8908723683893085E+01      0.8500697504808264E+02     -0.8647066889217012E+03      0.9351076468089232E+04     -0.1072967283683031E+06
  0.25000000E+02     -0.9681643332398872E+01      0.9989512101616850E+02     -0.1094203531384284E+04      0.1269391524720689E+05     -0.1557116700249055E+06
  0.26000000E+02     -0.1048602852151112E+02      0.1166644667423066E+03     -0.1372713093623344E+04      0.1704815535148041E+05     -0.2231698627809552E+06
  0.27000000E+02     -0.1132172212754702E+02      0.1354572500296256E+03     -0.1708061160088304E+04      0.2266172310522761E+05     -0.3159931558651865E+06
  0.28000000E+02     -0.1218905312905773E+02      0.1564436904007478E+03     -0.2109556449234284E+04      0.2984423056210483E+05     -0.4425438304896339E+06
  0.29000000E+02     -0.1308862713390711E+02      0.1798028826858167E+03     -0.2587583786568810E+04      0.3896509734353610E+05     -0.6134813158252856E+06
  0.30000000E+02     -0.1402063870936016E+02      0.2057173714034296E+03     -0.3153763776263889E+04      0.5046755487717423E+05     -0.8424408591267022E+06
  0.31000000E+02     -0.1498204656905958E+02      0.2342692377828794E+03     -0.3818210577737689E+04      0.6480983960014721E+05     -0.1145048754093090E+07
  0.32000000E+02     -0.1597676168811200E+02      0.2657626003134824E+03     -0.4597604596291885E+04      0.8265941767648298E+05     -0.1543749936298098E+07
  0.33000000E+02     -0.1700080955573071E+02      0.3002530918198130E+03     -0.5503645030767088E+04      0.1046411194828731E+06     -0.2062928031960188E+07
  0.34000000E+02     -0.1805861611819537E+02      0.3380898524155792E+03     -0.6557003507974086E+04      0.1316718755022254E+06     -0.2736973204348004E+07
  0.35000000E+02     -0.1914699882293185E+02      0.3793703668029022E+03     -0.7773359489571157E+04      0.1646510050034685E+06     -0.3604398482627648E+07
  0.36000000E+02     -0.2026732600891417E+02      0.4243306807591341E+03     -0.9172575331845446E+04      0.2046517536104549E+06     -0.4711949208567204E+07
  0.37000000E+02     -0.2141878248395243E+02      0.4731717133134850E+03     -0.1077653867412737E+05      0.2529657076047153E+06     -0.6119384411251729E+07
  0.38000000E+02     -0.2260234329070921E+02      0.5261365997528177E+03     -0.1260883256751360E+05      0.3110216868174536E+06     -0.7895962248409229E+07
  0.39000000E+02     -0.2381751288530734E+02      0.5834337108941399E+03     -0.1469452192462013E+05      0.3804679422789338E+06     -0.1012639813844768E+08
  0.40000000E+02     -0.2506433743638582E+02      0.6453054035397903E+03     -0.1706172416878381E+05      0.4632092800591790E+06     -0.1291271155951093E+08
  0.41000000E+02     -0.2633955073502841E+02      0.7118021197925966E+03     -0.1973199876570926E+05      0.5610587514819762E+06     -0.1636335788356684E+08
  0.42000000E+02     -0.2764797725195940E+02      0.7834151639032629E+03     -0.2274693413244223E+05      0.6767582691164152E+06     -0.2063163861128627E+08
  0.43000000E+02     -0.2898625929848230E+02      0.8602101360215316E+03     -0.2613299427595175E+05      0.8127065828842128E+06     -0.2587348847568751E+08
  0.44000000E+02     -0.3035751415678261E+02      0.9426184439491745E+03     -0.2993467569462885E+05      0.9722540404843051E+06     -0.3229801934723261E+08
  0.45000000E+02     -0.3175718178677576E+02      0.1030616835640313E+04     -0.3417770773233267E+05      0.1158203083594030E+07     -0.4010992811803554E+08
  0.46000000E+02     -0.3318969977051295E+02      0.1124761282172636E+04     -0.3891883195503899E+05      0.1375041156498013E+07     -0.4960930952421499E+08
  0.47000000E+02     -0.3465214997516459E+02      0.1225104223925363E+04     -0.4419030467332153E+05      0.1626345196141470E+07     -0.6107586341504180E+08
  0.48000000E+02     -0.3614531124155918E+02      0.1331956896462523E+04     -0.5004011182653703E+05      0.1916725476264877E+07     -0.7486101138315013E+08
  0.49000000E+02     -0.3766755023235566E+02      0.1445481521397349E+04     -0.5651257094993143E+05      0.2251088022123803E+07     -0.9136874852806863E+08
  0.50000000E+02     -0.3922174434740672E+02      0.1566189352042596E+04     -0.6367447487259755E+05      0.2635843332562650E+07     -0.1111092285743906E+09
  0.51000000E+02     -0.4080389527123084E+02      0.1694045303215983E+04     -0.7156321314191319E+05      0.3076312441725044E+07     -0.1345841665640776E+09
  0.52000000E+02     -0.4241829271844146E+02      0.1829635503870104E+04     -0.8025207212247592E+05      0.3579840506361605E+07     -0.1624179276409299E+09
  0.53000000E+02     -0.4406165651605212E+02      0.1973077508177330E+04     -0.8980006138642457E+05      0.4154296056537978E+07     -0.1953694699678459E+09
  0.54000000E+02     -0.4573670389056974E+02      0.2124787057428710E+04     -0.1002720873709220E+06      0.4807268484501696E+07     -0.2341638325212335E+09
  0.55000000E+02     -0.4744369937819231E+02      0.2285221469607702E+04     -0.1117584854781505E+06      0.5549794412414493E+07     -0.2798778604376795E+09
  0.56000000E+02     -0.4917998894678283E+02      0.2454355854619565E+04     -0.1243029129422665E+06      0.6389447885761524E+07     -0.3333771780613375E+09
  0.57000000E+02     -0.5094515757431824E+02      0.2632490503195063E+04     -0.1379834896360820E+06      0.7337162112642701E+07     -0.3958422156222810E+09
  0.58000000E+02     -0.5274169604338509E+02      0.2820198389840280E+04     -0.1529017320950928E+06      0.8406131471232416E+07     -0.4686862656398942E+09
  0.59000000E+02     -0.5456480188138670E+02      0.3017276833849642E+04     -0.1691003781798264E+06      0.9606056444323841E+07     -0.5531818088844066E+09
  0.60000000E+02     -0.5642006977619396E+02      0.3224683591727027E+04     -0.1867231147337735E+06      0.1095496416790472E+08     -0.6512929304251518E+09
  0.61000000E+02     -0.5830061890414654E+02      0.3441928275107764E+04     -0.2057901336464174E+06      0.1246196116137193E+08     -0.7644310694218205E+09
  0.62000000E+02     -0.6021469096091665E+02      0.3670313834241044E+04     -0.2264861035416648E+06      0.1415020550570422E+08     -0.8951943882536577E+09
  0.63000000E+02     -0.6215774805772197E+02      0.3909657487218404E+04     -0.2488685050381598E+06      0.1603371123702390E+08     -0.1045637787510783E+10
  0.64000000E+02     -0.6413167282748418E+02      0.4160551676054595E+04     -0.2730702437310530E+06      0.1813373479877104E+08     -0.1218536431803878E+10
  0.65000000E+02     -0.6612809454575711E+02      0.4422228806687323E+04     -0.2990922544723664E+06      0.2046077961540698E+08     -0.1415927156896439E+10
  0.66000000E+02     -0.6815631708387915E+02      0.4696227923647016E+04     -0.3271657732057820E+06      0.2304651532565210E+08     -0.1641755596246530E+10
  0.67000000E+02     -0.7021415365066633E+02      0.4982628477392896E+04     -0.3573881385307987E+06      0.2591266717651963E+08     -0.1899418541044890E+10
  0.68000000E+02     -0.7230313552088056E+02      0.5282023469626440E+04     -0.3899130517257415E+06      0.2908716722212241E+08     -0.2193041022925387E+10
  0.69000000E+02     -0.7442167598271408E+02      0.5594590807299248E+04     -0.4248585678203292E+06      0.3259634191121952E+08     -0.2526889877856379E+10
  0.70000000E+02     -0.7656499772676896E+02      0.5919931425273435E+04     -0.4622708920641074E+06      0.3645948272923779E+08     -0.2904706202098217E+10
  0.71000000E+02     -0.7874207904129810E+02      0.6259857296034863E+04     -0.5024696489444629E+06      0.4072708803772483E+08     -0.3333712884685680E+10
  0.72000000E+02     -0.8094416098465693E+02      0.6613316536880711E+04     -0.5454298143966380E+06      0.4541346595260068E+08     -0.3817682344218510E+10
  0.73000000E+02     -0.8317128156923593E+02      0.6980601412116654E+04     -0.5912824544984200E+06      0.5054976693142249E+08     -0.4362215382092969E+10
  0.74000000E+02     -0.8542879528273745E+02      0.7363020912725581E+04     -0.6403115782711398E+06      0.5618868659706253E+08     -0.4975876479706288E+10
  0.75000000E+02     -0.8771829272275448E+02      0.7761319199380059E+04     -0.6927427298111714E+06      0.6237890184979684E+08     -0.5667261729240018E+10
  0.76000000E+02     -0.9003047582248512E+02      0.8174154703955164E+04     -0.7485057232240753E+06      0.6913274483538151E+08     -0.6440927201759725E+10
  0.77000000E+02     -0.9237487317680809E+02      0.8603708044480429E+04     -0.8080346898747785E+06      0.7652855708234733E+08     -0.7309787998962492E+10
  0.78000000E+02     -0.9474383589254184E+02      0.9048886145936771E+04     -0.8712973035934683E+06      0.8458640254284692E+08     -0.8280095735534715E+10
  0.79000000E+02     -0.9714215065204534E+02      0.9511052565014230E+04     -0.9386324002852821E+06      0.9337774463566872E+08     -0.9365018098659985E+10
  0.80000000E+02     -0.9956705352279751E+02      0.9989998045031727E+04     -0.1010139821059563E+07      0.1029432461379954E+09     -0.1057426100672566E+11
  0.81000000E+02     -0.1020194638561040E+03      0.1048634628448522E+05     -0.1086062951882803E+07      0.1133466264239042E+09     -0.1192119179272801E+11
  0.82000000E+02     -0.1044988070425634E+03      0.1100040539707392E+05     -0.1166603069403990E+07      0.1246485276720516E+09     -0.1341945152938425E+11
  0.83000000E+02     -0.1070093683368403E+03      0.1153340124120217E+05     -0.1252094259737295E+07      0.1369280224387580E+09     -0.1508538398286764E+11
  0.84000000E+02     -0.1095397087548505E+03      0.1208336037999522E+05     -0.1342388677031372E+07      0.1502015750226921E+09     -0.1692812765475060E+11
  0.85000000E+02     -0.1120968260494964E+03      0.1265216618504578E+05     -0.1437950373360149E+07      0.1645738634176229E+09     -0.1896913654513841E+11
  0.86000000E+02     -0.1146801911153984E+03      0.1324002717218289E+05     -0.1538968234210254E+07      0.1801109736528119E+09     -0.2122515965104158E+11
  0.87000000E+02     -0.1172904943242335E+03      0.1384756487362957E+05     -0.1645733121673222E+07      0.1969017486696272E+09     -0.2371776189475323E+11
  0.88000000E+02     -0.1199307587534583E+03      0.1447599508955095E+05     -0.1758655554597284E+07      0.2150582035381026E+09     -0.2647302008404176E+11
  0.89000000E+02     -0.1225951087094678E+03      0.1512427433777828E+05     -0.1877720383876576E+07      0.2346227087408005E+09     -0.2950670451249390E+11
  0.90000000E+02     -0.1252844015133466E+03      0.1579295160254008E+05     -0.2003203453994077E+07      0.2556874580816240E+09     -0.3284312712226981E+11
  0.91000000E+02     -0.1279964289623716E+03      0.1648196781409359E+05     -0.2135301144270740E+07      0.2783392627776163E+09     -0.3650752041900608E+11
  0.92000000E+02     -0.1307396581371510E+03      0.1719386397414357E+05     -0.2274695259012774E+07      0.3027486283468770E+09     -0.4053935001704589E+11
  0.93000000E+02     -0.1335060719563957E+03      0.1792697572740794E+05     -0.2421264002209008E+07      0.3289510302492868E+09     -0.4495727253589562E+11
  0.94000000E+02     -0.1362965553883445E+03      0.1868196998850350E+05     -0.2575353133124756E+07      0.3570683508198034E+09     -0.4979562127763844E+11
  0.95000000E+02     -0.1391107385412532E+03      0.1945916104838123E+05     -0.2737241678299589E+07      0.3872141507052293E+09     -0.5508869101232683E+11
  0.96000000E+02     -0.1419504571723523E+03      0.2025942824086362E+05     -0.2907323566653282E+07      0.4195253459965281E+09     -0.6087586672242814E+11
  0.97000000E+02     -0.1448214909735773E+03      0.2108501647400911E+05     -0.3086346344876252E+07      0.4542214874165648E+09     -0.6721498483282818E+11
  0.98000000E+02     -0.1477166295980910E+03      0.2193408912785387E+05     -0.3274100097788702E+07      0.4913244135024409E+09     -0.7412611494349904E+11
  0.99000000E+02     -0.1506327497860137E+03      0.2280636557501357E+05     -0.3470810531977384E+07      0.5309643212635390E+09     -0.8165473724556180E+11
  0.10000000E+03     -0.1535771849122938E+03      0.2370427095159870E+05     -0.3677224528126682E+07      0.5733612685647913E+09     -0.8986131280693839E+11
  0.10100000E+03     -0.1565452714862734E+03      0.2462694998962734E+05     -0.3893426266691874E+07      0.6186206353204782E+09     -0.9878908281089975E+11
  0.10200000E+03     -0.1595367378888643E+03      0.2557464899829628E+05     -0.4119705637997065E+07      0.6668835124187511E+09     -0.1084878978567911E+12
  0.10300000E+03     -0.1625551894013649E+03      0.2654905003112591E+05     -0.4356756191344220E+07      0.7183943989026357E+09     -0.1190331027573862E+12
  0.10400000E+03     -0.1655920814472963E+03      0.2754783006452143E+05     -0.4604280857112405E+07      0.7731816754437869E+09     -0.1304565201412520E+12
  0.10500000E+03     -0.1686624491149140E+03      0.2857631654338160E+05     -0.4863862829407183E+07      0.8316906410648644E+09     -0.1428783187536534E+12
  0.10600000E+03     -0.1717505054772994E+03      0.2962969765100769E+05     -0.5134581627995658E+07      0.8938186825963808E+09     -0.1563070495395875E+12
  0.10700000E+03     -0.1748667720246215E+03      0.3071199744715104E+05     -0.5417752997404191E+07      0.9599706559563848E+09     -0.1708605948773011E+12
  0.10800000E+03     -0.1780071060436314E+03      0.3182234729672809E+05     -0.5713485774716737E+07      0.1030293756861234E+10     -0.1866075569084964E+12
  0.10900000E+03     -0.1811697515499434E+03      0.3296053386612512E+05     -0.6022013994370921E+07      0.1104955344803687E+10     -0.2036197672466875E+12
  0.11000000E+03     -0.1843606397540088E+03      0.3412911933191277E+05     -0.6344340654613270E+07      0.1184318952280990E+10     -0.2220180187062381E+12
  0.11100000E+03     -0.1875680005172864E+03      0.3532417591085358E+05     -0.6679674574613419E+07      0.1268306739716206E+10     -0.2418215922322643E+12
  0.11200000E+03     -0.1907993846964799E+03      0.3654898043172573E+05     -0.7029265056007436E+07      0.1357363861530898E+10     -0.2631782586483074E+12
  0.11300000E+03     -0.1940537660195127E+03      0.3780349652278134E+05     -0.7393404771645058E+07      0.1451692771084934E+10     -0.2861791844696116E+12
  0.11400000E+03     -0.1973264305543440E+03      0.3908645118234257E+05     -0.7772080716357882E+07      0.1551433235359174E+10     -0.3109055822232157E+12
  0.11500000E+03     -0.2006281875137959E+03      0.4040246041441665E+05     -0.8166980174727725E+07      0.1657170479159503E+10     -0.3375509162986909E+12
  0.11600000E+03     -0.2039518605021038E+03      0.4174926587985275E+05     -0.8577822552206272E+07      0.1768992937057745E+10     -0.3661929424964485E+12
  0.11700000E+03     -0.2072978058434797E+03      0.4312748593963635E+05     -0.9005162567078941E+07      0.1887210850223312E+10     -0.3969670187998769E+12
  0.11800000E+03     -0.2106667137972786E+03      0.4453761365170152E+05     -0.9449437092181230E+07      0.2012083443850082E+10     -0.4299919952659588E+12
  0.11900000E+03     -0.2140567004972201E+03      0.4597964944499557E+05     -0.9911127087043645E+07      0.2143945608181283E+10     -0.4654261418613270E+12
  0.12000000E+03     -0.2174711440954309E+03      0.4745517565470204E+05     -0.1039101753147198E+08      0.2283166357968987E+10     -0.5034248472661738E+12
  0.12100000E+03     -0.2209047103693223E+03      0.4896243805017211E+05     -0.1088894925275130E+08      0.2429885340649621E+10     -0.5440948555858786E+12
  0.12200000E+03     -0.2243689759451851E+03      0.5050714205411574E+05     -0.1140726320511170E+08      0.2584999615805283E+10     -0.5877622561008334E+12
  0.12300000E+03     -0.2278467343828006E+03      0.5208185907210787E+05     -0.1194379158920738E+08      0.2748029652543936E+10     -0.6343597709968062E+12
  0.12400000E+03     -0.2313573710946977E+03      0.5369600100927750E+05     -0.1250221091505265E+08      0.2920311399266923E+10     -0.6843532282091559E+12
  0.12500000E+03     -0.2348820692912936E+03      0.5534136036833156E+05     -0.1308008506076772E+08      0.3101293749584060E+10     -0.7376626721750513E+12
  0.12600000E+03     -0.2384350144941052E+03      0.5702491730370538E+05     -0.1368025703817499E+08      0.3292072057163512E+10     -0.7946951394806251E+12
  0.12700000E+03     -0.2420045892336545E+03      0.5874173538921807E+05     -0.1430143703540398E+08      0.3492469753405156E+10     -0.8554924702258743E+12
  0.12800000E+03     -0.2455914522581114E+03      0.6049268991278666E+05     -0.1494441410859594E+08      0.3702979828821637E+10     -0.9203023237460038E+12
  0.12900000E+03     -0.2492099012805115E+03      0.6228505401165016E+05     -0.1561224545829457E+08      0.3924819963397334E+10     -0.9895938130251420E+12
  0.13000000E+03     -0.2528404326038047E+03      0.6410958048689039E+05     -0.1630192216863299E+08      0.4157228548131395E+10     -0.1063232073474496E+13
  0.13100000E+03     -0.2564929799251286E+03      0.6597193704841990E+05     -0.1701612130323090E+08      0.4401380839549582E+10     -0.1141705118155565E+13
  0.13200000E+03     -0.2601701279284180E+03      0.6787369382494705E+05     -0.1775584585000069E+08      0.4657859774115465E+10     -0.1225310284501660E+13
  0.13300000E+03     -0.2638691541339249E+03      0.6981396476861545E+05     -0.1852123479323259E+08      0.4926977182525405E+10     -0.1314266002748776E+13
  0.13400000E+03     -0.2675874590178175E+03      0.7179203521509316E+05     -0.1931257477325876E+08      0.5209142834269993E+10     -0.1408845645141362E+13
  0.13500000E+03     -0.2713284049680246E+03      0.7380984389063840E+05     -0.2013100727609630E+08      0.5505001884410493E+10     -0.1509380911849333E+13
  0.13600000E+03     -0.2750860385561435E+03      0.7586471217339870E+05     -0.2097596346076951E+08      0.5814643575134580E+10     -0.1616038514196200E+13
  0.13700000E+03     -0.2788584341181611E+03      0.7795611127076819E+05     -0.2184777307659841E+08      0.6138509910492208E+10     -0.1729122589150049E+13
  0.13800000E+03     -0.2826663688225615E+03      0.8009619972430037E+05     -0.2275208298172274E+08      0.6479027994498179E+10     -0.1849635088127478E+13
  0.13900000E+03     -0.2864967204133906E+03      0.8227793075280104E+05     -0.2368638464560243E+08      0.6835553269306192E+10     -0.1977497365598119E+13
  0.14000000E+03     -0.2903497597300132E+03      0.8450241967905642E+05     -0.2465190579987695E+08      0.7208968302432070E+10     -0.2113219805051029E+13
  0.14100000E+03     -0.2942251126086995E+03      0.8676956686646026E+05     -0.2564899694930162E+08      0.7599692409101850E+10     -0.2257105280099945E+13
  0.14200000E+03     -0.2981120525725573E+03      0.8907353145273720E+05     -0.2667561819393950E+08      0.8007264579976792E+10     -0.2409156409273324E+13
  0.14300000E+03     -0.3020164680296892E+03      0.9141838488703122E+05     -0.2773420011744384E+08      0.8433035026608060E+10     -0.2570072574837131E+13
  0.14400000E+03     -0.3059447403344090E+03      0.9380820117803746E+05     -0.2882704887949532E+08      0.8878261784680647E+10     -0.2740507585125157E+13
  0.14500000E+03     -0.3099005911215439E+03      0.9624597908759327E+05     -0.2995622578313161E+08      0.9344208447277420E+10     -0.2921161434742611E+13
  0.14600000E+03     -0.3138715852488880E+03      0.9872442671814314E+05     -0.3111889585131921E+08      0.9830080593038143E+10     -0.3111929844982164E+13
  0.14700000E+03     -0.3178673404635375E+03      0.1012502759433653E+06     -0.3231893526587464E+08      0.1033795401921196E+11     -0.3313867530278466E+13
  0.14800000E+03     -0.3218854648370069E+03      0.1038224189809696E+06     -0.3355639319969593E+08      0.1086825398730249E+11     -0.3527367828301952E+13
  0.14900000E+03     -0.3259223916814491E+03      0.1064390310646645E+06     -0.3483100273761459E+08      0.1142129377171171E+11     -0.3752795207563084E+13
  0.15000000E+03     -0.3299778033906364E+03      0.1091005331888518E+06     -0.3614365757447202E+08      0.1199792484405112E+11     -0.3990752425628049E+13
  0.15100000E+03     -0.3340623437663612E+03      0.1118143683846063E+06     -0.3749866314285187E+08      0.1260049524586365E+11     -0.4242469714871328E+13
  0.15200000E+03     -0.3381644992309226E+03      0.1145734077144827E+06     -0.3889312608372454E+08      0.1322819359067774E+11     -0.4507880865796404E+13
  0.15300000E+03     -0.3422839118471256E+03      0.1173778058300465E+06     -0.4032773020007040E+08      0.1388178165341338E+11     -0.4787576081119759E+13
  0.15400000E+03     -0.3464165657707843E+03      0.1202251975922248E+06     -0.4180186297961164E+08      0.1456143664651876E+11     -0.5081904317477673E+13
  0.15500000E+03     -0.3505710692716244E+03      0.1231220097012114E+06     -0.4331953951939350E+08      0.1526952436783684E+11     -0.5392197873650387E+13
  0.15600000E+03     -0.3547422634770691E+03      0.1260652865198199E+06     -0.4487997775307678E+08      0.1600623692301838E+11     -0.5718871807782371E+13
  0.15700000E+03     -0.3589396964998493E+03      0.1290623342949269E+06     -0.4648778329078794E+08      0.1677429541449960E+11     -0.6063463333418701E+13
  0.15800000E+03     -0.3631657420296235E+03      0.1321152877289771E+06     -0.4814478358057794E+08      0.1757511056788594E+11     -0.6426941075040646E+13
  0.15900000E+03     -0.3674079178970977E+03      0.1352157066914025E+06     -0.4984716371053127E+08      0.1840742595115334E+11     -0.6809099071359245E+13
  0.16000000E+03     -0.3716694139644296E+03      0.1383663022401448E+06     -0.5159706250370993E+08      0.1927281946753093E+11     -0.7211003818759390E+13
  0.16100000E+03     -0.3759529565762633E+03      0.1415699745539252E+06     -0.5339704725953031E+08      0.2017326157193580E+11     -0.7634000648828812E+13
  0.16200000E+03     -0.3802558786620652E+03      0.1448249261078839E+06     -0.5524670110292292E+08      0.2110908039969687E+11     -0.8078608001455305E+13
  0.16300000E+03     -0.3845856935717929E+03      0.1481376436973868E+06     -0.5715062836742949E+08      0.2208330131502289E+11     -0.8546702607404892E+13
  0.16400000E+03     -0.3889322188276690E+03      0.1515008094827118E+06     -0.5910538854730529E+08      0.2309480637475071E+11     -0.9038175841452678E+13
  0.16500000E+03     -0.3932979081423770E+03      0.1549166766333883E+06     -0.6111297829698908E+08      0.2414523085578102E+11     -0.9554233487095039E+13
  0.16600000E+03     -0.3976821435819328E+03      0.1583854479506345E+06     -0.6317442477145002E+08      0.2523584985529897E+11     -0.1009599270042514E+14
  0.16700000E+03     -0.4020888301492561E+03      0.1619105336817483E+06     -0.6529243675664628E+08      0.2636871486379374E+11     -0.1066490637871993E+14
  0.16800000E+03     -0.4065078589268256E+03      0.1654842700325761E+06     -0.6746318261097336E+08      0.2754246609770018E+11     -0.1126077595456717E+14
  0.16900000E+03     -0.4109466529018825E+03      0.1691136019026893E+06     -0.6969196547465858E+08      0.2876083236884243E+11     -0.1188606998645953E+14
  0.17000000E+03     -0.4154086270959738E+03      0.1728017246339070E+06     -0.7198152787328050E+08      0.3002602903727774E+11     -0.1254244084243872E+14
  0.17100000E+03     -0.4198968694525113E+03      0.1765514819549947E+06     -0.7433433784188028E+08      0.3134009400185847E+11     -0.1323144240345285E+14
  0.17200000E+03     -0.4244016173432669E+03      0.1803555069751090E+06     -0.7674681252522881E+08      0.3270190906257582E+11     -0.1395310889718566E+14
  0.17300000E+03     -0.4289235435098654E+03      0.1842151071135539E+06     -0.7922079724976659E+08      0.3411339625281245E+11     -0.1470908678987085E+14
  0.17400000E+03     -0.4334785822403484E+03      0.1881440414277601E+06     -0.8176576790776281E+08      0.3558065059772701E+11     -0.1550317648913306E+14
  0.17500000E+03     -0.4380447851012131E+03      0.1921240498048595E+06     -0.8437088291923448E+08      0.3709830575768109E+11     -0.1633312159376499E+14
  0.17600000E+03     -0.4426316377873343E+03      0.1961642319412326E+06     -0.8704322510611501E+08      0.3867148171607487E+11     -0.1720244907015297E+14
  0.17700000E+03     -0.4472394971053987E+03      0.2002652527501085E+06     -0.8978403970599958E+08      0.4030172068643709E+11     -0.1811264193592407E+14
  0.17800000E+03     -0.4518636707019015E+03      0.2044234313508006E+06     -0.9259178465388756E+08      0.4198899864517068E+11     -0.1906437828908344E+14
  0.17900000E+03     -0.4565013999721612E+03      0.2086365888782812E+06     -0.9546577619900385E+08      0.4373372617725227E+11     -0.2005854807671149E+14
  0.18000000E+03     -0.4611757136399827E+03      0.2129265955704433E+06     -0.9842218415379147E+08      0.4554684306665466E+11     -0.2110223125632210E+14
  0.18100000E+03     -0.4658765827259776E+03      0.2172849101977714E+06     -0.1014561836707840E+09      0.4742640936277408E+11     -0.2219510836770039E+14
  0.18200000E+03     -0.4705937714383965E+03      0.2217029391084825E+06     -0.1045630459464185E+09      0.4937065990936636E+11     -0.2333705416665520E+14
  0.18300000E+03     -0.4753329508277673E+03      0.2261862481705887E+06     -0.1077474918754622E+09      0.5138344484482337E+11     -0.2453108462415326E+14
  0.18400000E+03     -0.4800970807664665E+03      0.2307385036285130E+06     -0.1110133732712871E+09      0.5346838429783330E+11     -0.2578028429272889E+14
  0.18500000E+03     -0.4848809272975396E+03      0.2353553981505052E+06     -0.1143587535867771E+09      0.5562539503336842E+11     -0.2708554249307987E+14
  0.18600000E+03     -0.4896748602474473E+03      0.2400277163724414E+06     -0.1177776561612156E+09      0.5785148784661062E+11     -0.2844582161835198E+14
  0.18700000E+03     -0.4944883896038280E+03      0.2447651946022227E+06     -0.1212782080274736E+09      0.6015303460033725E+11     -0.2986593494815160E+14
  0.18800000E+03     -0.4993367734525528E+03      0.2495836903759579E+06     -0.1248734098286380E+09      0.6253985972481208E+11     -0.3135299776059741E+14
  0.18900000E+03     -0.5042011342691158E+03      0.2544653131768345E+06     -0.1285512412209657E+09      0.6500531294385635E+11     -0.3290397305789773E+14
  0.19000000E+03     -0.5090923750975778E+03      0.2594215698707167E+06     -0.1323214861342137E+09      0.6755715909168424E+11     -0.3452479125285868E+14
  0.19100000E+03     -0.5139933072945528E+03      0.2644356576678301E+06     -0.1361725271305316E+09      0.7018879246360846E+11     -0.3621235172072368E+14
  0.19200000E+03     -0.5189184682283272E+03      0.2695226953152795E+06     -0.1401168718594844E+09      0.7290985296773695E+11     -0.3797384342051746E+14
  0.19300000E+03     -0.5238665578117498E+03      0.2746826313468335E+06     -0.1441561987956683E+09      0.7572317592766972E+11     -0.3981250438936850E+14
  0.19400000E+03     -0.5288428882244056E+03      0.2799210923226133E+06     -0.1482957024610852E+09      0.7863342932482910E+11     -0.4173239658627251E+14
  0.19500000E+03     -0.5338379200012474E+03      0.2852292207806917E+06     -0.1525300542988898E+09      0.8163855516380490E+11     -0.4373361298242775E+14
  0.19600000E+03     -0.5388505056423107E+03      0.2906062271332173E+06     -0.1568597272042634E+09      0.8474020834219434E+11     -0.4581848984932326E+14
  0.19700000E+03     -0.5438947349343989E+03      0.2960677865475024E+06     -0.1612985454450057E+09      0.8794968836359877E+11     -0.4799591869892319E+14
  0.19800000E+03     -0.5489521348032252E+03      0.3015946937812779E+06     -0.1658323090105697E+09      0.9125829451998283E+11     -0.5026142930971825E+14
  0.19900000E+03     -0.5540415247664006E+03      0.3072083070881804E+06     -0.1704799699156031E+09      0.9468147056195743E+11     -0.5262708850793164E+14
  0.20000000E+03     -0.5591514524156090E+03      0.3128966473960648E+06     -0.1752329448667137E+09      0.9821445929008519E+11     -0.5509109014090630E+14
  0.20100000E+03     -0.5642786511699309E+03      0.3186567908711169E+06     -0.1800901869731276E+09      0.1018581132072765E+12     -0.5765557790476298E+14
  0.20200000E+03     -0.5694360380327876E+03      0.3245036602985579E+06     -0.1850654227177621E+09      0.1056241803773136E+12     -0.6033025735369975E+14
  0.20300000E+03     -0.5746181818429201E+03      0.3304319837470807E+06     -0.1901557413094413E+09      0.1095122695716274E+12     -0.6311657610616369E+14
  0.20400000E+03     -0.5798254870944461E+03      0.3364431756912655E+06     -0.1953639922620286E+09      0.1135264272745734E+12     -0.6601921668897636E+14
  0.20500000E+03     -0.5850538935212438E+03      0.3425332582566814E+06     -0.2006881971254265E+09      0.1176669151311367E+12     -0.6904013165736036E+14
  0.20600000E+03     -0.5902965308339335E+03      0.3486949371702246E+06     -0.2061234488282429E+09      0.1219317183316071E+12     -0.7217964303144845E+14
  0.20700000E+03     -0.5955719701662233E+03      0.3549506683076243E+06     -0.2116909844282670E+09      0.1263393039010210E+12     -0.7545317257757503E+14
  0.20800000E+03     -0.6008758634728639E+03      0.3612962238676242E+06     -0.2173887495734092E+09      0.1308900936460547E+12     -0.7886306947121969E+14
  0.20900000E+03     -0.6061953696477693E+03      0.3677167101510720E+06     -0.2232046725334940E+09      0.1355761845885981E+12     -0.8240523582672775E+14
  0.21000000E+03     -0.6115263715849313E+03      0.3742079617574534E+06     -0.2291366125775285E+09      0.1403978935678849E+12     -0.8608200185880892E+14
  0.21100000E+03     -0.6168964884195226E+03      0.3808044154735126E+06     -0.2352176929473323E+09      0.1453842300251855E+12     -0.8991764155112623E+14
  0.21200000E+03     -0.6222954406807995E+03      0.3874943027846659E+06     -0.2414387847699031E+09      0.1505298779247491E+12     -0.9391031615717823E+14
  0.21300000E+03     -0.6277024438533957E+03      0.3942524136838940E+06     -0.2477778652727045E+09      0.1558185493033111E+12     -0.9804946419630397E+14
  0.21400000E+03     -0.6331470229541677E+03      0.4011170318547841E+06     -0.2542731217604984E+09      0.1612848201030454E+12     -0.1023649090364433E+15
  0.21500000E+03     -0.6385985848680848E+03      0.4080495835492421E+06     -0.2608890070286498E+09      0.1669003729318320E+12     -0.1068361841614824E+15
  0.21600000E+03     -0.6440822423507456E+03      0.4150827362664221E+06     -0.2676583656867453E+09      0.1726953235011894E+12     -0.1114897007210078E+15
  0.21700000E+03     -0.6495975606570805E+03      0.4222172658896551E+06     -0.2745842105312086E+09      0.1786750288415594E+12     -0.1163326618678862E+15
  0.21800000E+03     -0.6551232041504701E+03      0.4294259728047211E+06     -0.2816415300312711E+09      0.1848199600134388E+12     -0.1213516206048080E+15
  0.21900000E+03     -0.6606754647188747E+03      0.4367310071713861E+06     -0.2888538906003590E+09      0.1911531458973188E+12     -0.1265681441072645E+15
  0.22000000E+03     -0.6662725064744815E+03      0.4441574278494833E+06     -0.2962482304318578E+09      0.1977010905756724E+12     -0.1320071659867131E+15
  0.22100000E+03     -0.6718806349134989E+03      0.4516614241902906E+06     -0.3037828513576687E+09      0.2044294808414378E+12     -0.1376431058428165E+15
  0.22200000E+03     -0.6775113425115640E+03      0.4592588824046253E+06     -0.3114752786209131E+09      0.2113563187691331E+12     -0.1434938029586616E+15
  0.22300000E+03     -0.6831655618077463E+03      0.4669517849941543E+06     -0.3193293213906676E+09      0.2184876158331164E+12     -0.1495673223140970E+15
  0.22400000E+03     -0.6888492629292516E+03      0.4747492036582216E+06     -0.3273562817777750E+09      0.2258364555254061E+12     -0.1558780312737479E+15
  0.22500000E+03     -0.6945482773513551E+03      0.4826323000507907E+06     -0.3355384975399387E+09      0.2333892692057452E+12     -0.1624173831435776E+15
  0.22600000E+03     -0.7002812826246892E+03      0.4906280928938824E+06     -0.3439063368316837E+09      0.2411772424112792E+12     -0.1692159785852832E+15
  0.22700000E+03     -0.7060364372102097E+03      0.4987210751795768E+06     -0.3524457657478232E+09      0.2491904134117207E+12     -0.1762687472138578E+15
  0.22800000E+03     -0.7118807053378656E+03      0.5070075612213814E+06     -0.3612618473131347E+09      0.2575316874519342E+12     -0.1836710191251237E+15
  0.22900000E+03     -0.7177021958024613E+03      0.5153293061304654E+06     -0.3701878246733033E+09      0.2660459097254341E+12     -0.1912884101168048E+15
  0.23000000E+03     -0.7235454569743393E+03      0.5237502072486456E+06     -0.3792936460438508E+09      0.2748022693712230E+12     -0.1991860289625943E+15
  0.23100000E+03     -0.7294327728480823E+03      0.5323038579686912E+06     -0.3886184512058037E+09      0.2838422751323576E+12     -0.2074058532879009E+15
  0.23200000E+03     -0.7353125316991359E+03      0.5409153451151869E+06     -0.3980818457425120E+09      0.2930903740335361E+12     -0.2158823986647542E+15
  0.23300000E+03     -0.7412368362160028E+03      0.5496621342090158E+06     -0.4077714580977556E+09      0.3026358411162486E+12     -0.2247019228940735E+15
  0.23400000E+03     -0.7471803695541737E+03      0.5585080955499562E+06     -0.4176499063255064E+09      0.3124456900525898E+12     -0.2338386351367365E+15
  0.23500000E+03     -0.7531556862470137E+03      0.5674724432376112E+06     -0.4277404961372693E+09      0.3225461472878863E+12     -0.2433209911793870E+15
  0.23600000E+03     -0.7591571623426555E+03      0.5765479812978209E+06     -0.4380377934290305E+09      0.3329357082825059E+12     -0.2531524580497743E+15
  0.23700000E+03     -0.7651829472605145E+03      0.5857326704310577E+06     -0.4485416529376315E+09      0.3436177298772421E+12     -0.2633407690271451E+15
  0.23800000E+03     -0.7712350150884068E+03      0.5950306401725375E+06     -0.4592593827912510E+09      0.3546035959049974E+12     -0.2739018087280202E+15
  0.23900000E+03     -0.7773163605336631E+03      0.6044472035916164E+06     -0.4701992604690699E+09      0.3659053598885097E+12     -0.2848519014750608E+15
  0.24000000E+03     -0.7834238586453682E+03      0.6139787301460541E+06     -0.4813598135615679E+09      0.3775257191163157E+12     -0.2961990831062973E+15
  0.24100000E+03     -0.7895546927052476E+03      0.6236217970854340E+06     -0.4927395462354769E+09      0.3894671570778779E+12     -0.3079511133895037E+15
  0.24200000E+03     -0.7957098309204571E+03      0.6333786747384643E+06     -0.5043434030366892E+09      0.4017386876593790E+12     -0.3201220496756065E+15
  0.24300000E+03     -0.8018971974887477E+03      0.6432629664487949E+06     -0.5161901965890712E+09      0.4143644626650994E+12     -0.3327415227422897E+15
  0.24400000E+03     -0.8081225837005101E+03      0.6532855340340952E+06     -0.5282963009176423E+09      0.4273670250043281E+12     -0.3458386657324656E+15
  0.24500000E+03     -0.8143712940299239E+03      0.6634233511831423E+06     -0.5406361154733126E+09      0.4407228065301465E+12     -0.3593952550057757E+15
  0.24600000E+03     -0.8206404120361092E+03      0.6736728104182025E+06     -0.5532080723744166E+09      0.4544347370381190E+12     -0.3734205520411766E+15
  0.24700000E+03     -0.8269533430537191E+03      0.6840734565106308E+06     -0.5660637353419350E+09      0.4685640117810600E+12     -0.3879838733408849E+15
  0.24800000E+03     -0.8332790343372557E+03      0.6945751042850622E+06     -0.5791437804059972E+09      0.4830500525990181E+12     -0.4030292396021838E+15
  0.24900000E+03     -0.8396387242139316E+03      0.7052136940470702E+06     -0.5924953423274108E+09      0.4979493674001193E+12     -0.4186215560033337E+15
  0.25000000E+03     -0.8460271273100542E+03      0.7159817964682105E+06     -0.6061124100404037E+09      0.5132606609494483E+12     -0.4347669235739459E+15
  0.25100000E+03     -0.8524422424846490E+03      0.7268772252591260E+06     -0.6199952808159524E+09      0.5289894622406792E+12     -0.4514784936079396E+15
  0.25200000E+03     -0.8588904490580154E+03      0.7379117525813505E+06     -0.6341617485952852E+09      0.5451609049290873E+12     -0.4687901721255114E+15
  0.25300000E+03     -0.8653636014366307E+03      0.7490725912645665E+06     -0.6485984681295035E+09      0.5617650752395886E+12     -0.4866989802007512E+15
  0.25400000E+03     -0.8718705482375005E+03      0.7603762798087499E+06     -0.6633301244599726E+09      0.5788360263183901E+12     -0.5052497724087508E+15
  0.25500000E+03     -0.8784131250068767E+03      0.7718270529384241E+06     -0.6783652473517644E+09      0.5963890366283844E+12     -0.5244670799230069E+15
  0.25600000E+03     -0.8849591470653655E+03      0.7833696401712435E+06     -0.6936343316495792E+09      0.6143484935411536E+12     -0.5442763113820267E+15
  0.25700000E+03     -0.8915447546127662E+03      0.7950685422674816E+06     -0.7092254219506326E+09      0.6328231441050217E+12     -0.5648053294376321E+15
  0.25800000E+03     -0.8981468543670671E+03      0.8068838010693392E+06     -0.7250883976107901E+09      0.6517593328820623E+12     -0.5860031304744972E+15
  0.25900000E+03     -0.9047808689217967E+03      0.8188439464205226E+06     -0.7412645339211557E+09      0.6712119335190210E+12     -0.6079397091379952E+15
  0.26000000E+03     -0.9114460476443820E+03      0.8309490822458481E+06     -0.7577576907328799E+09      0.6911921592648124E+12     -0.6306374842896019E+15
  0.26100000E+03     -0.9181433732363026E+03      0.8432020640512896E+06     -0.7745750016960206E+09      0.7117147380058824E+12     -0.6541225469563460E+15
  0.26200000E+03     -0.9248710183479577E+03      0.8556009605496268E+06     -0.7917175615132827E+09      0.7327877786637848E+12     -0.6784144439342078E+15
  0.26300000E+03     -0.9316269217832324E+03      0.8681429809275384E+06     -0.8091847343893645E+09      0.7544167064075162E+12     -0.7035291679083728E+15
  0.26400000E+03     -0.9384207798372021E+03      0.8808476298238171E+06     -0.8270076274027774E+09      0.7766472084826659E+12     -0.7295307439302516E+15
  0.26500000E+03     -0.9452367311435629E+03      0.8936863007281626E+06     -0.8451494603862662E+09      0.7994399187837391E+12     -0.7563834630838370E+15
  0.26600000E+03     -0.9520818054935544E+03      0.9066732774451019E+06     -0.8636337954209049E+09      0.8228310738780411E+12     -0.7841406435443980E+15
  0.26700000E+03     -0.9589616248141713E+03      0.9198205498806309E+06     -0.8824815034818724E+09      0.8468543298940083E+12     -0.8128536986369652E+15
  0.26800000E+03     -0.9658756633037307E+03      0.9331285686919201E+06     -0.9016972718438812E+09      0.8715233001185416E+12     -0.8425509990209050E+15
  0.26900000E+03     -0.9728050051927117E+03      0.9465623947615140E+06     -0.9212347615790397E+09      0.8967863217469735E+12     -0.8731828386461089E+15
  0.27000000E+03     -0.9797753080426741E+03      0.9601724539872707E+06     -0.9411703080308964E+09      0.9227485648682906E+12     -0.9048877089748586E+15
  0.27100000E+03     -0.9867607010417264E+03      0.9739091805679795E+06     -0.9614347184263325E+09      0.9493269852494296E+12     -0.9375760281064210E+15
  0.27200000E+03     -0.9937973892911198E+03      0.9878456087611733E+06     -0.9821404969424415E+09      0.9766780806655690E+12     -0.9714545703355398E+15
  0.27300000E+03     -0.1000850623852602E+04      0.1001914301772422E+07     -0.1003191590438270E+10      0.1004683185919799E+13     -0.1006389924318344E+16
  0.27400000E+03     -0.1007935419868316E+04      0.1016146151760569E+07     -0.1024637753821240E+10      0.1033416006803020E+13     -0.1042486920674838E+16
  0.27500000E+03     -0.1015050467723669E+04      0.1030539723309839E+07     -0.1046480756978709E+10      0.1062887036773561E+13     -0.1079772526974652E+16
  0.27600000E+03     -0.1022189304968661E+04      0.1045083402579816E+07     -0.1068707348779100E+10      0.1093087207110203E+13     -0.1118250092608930E+16
  0.27700000E+03     -0.1029367404045951E+04      0.1059809829330394E+07     -0.1091371315160888E+10      0.1124097881352665E+13     -0.1158037624115956E+16
  0.27800000E+03     -0.1036566547127975E+04      0.1074683014204487E+07     -0.1114421610080851E+10      0.1155858173316545E+13     -0.1199072366540969E+16
  0.27900000E+03     -0.1043809125638569E+04      0.1089750386266339E+07     -0.1137935802176134E+10      0.1188483660696592E+13     -0.1241518886182941E+16
  0.28000000E+03     -0.1051074731751265E+04      0.1104971174104089E+07     -0.1161855158464560E+10      0.1221902784507876E+13     -0.1285301085659143E+16
  0.28100000E+03     -0.1058355257623908E+04      0.1120329134150001E+07     -0.1186157623922305E+10      0.1256092799756948E+13     -0.1330403951796388E+16
  0.28200000E+03     -0.1065672797116505E+04      0.1135871980383372E+07     -0.1210922774637991E+10      0.1291174649952473E+13     -0.1377003190292630E+16
  0.28300000E+03     -0.1073023041058021E+04      0.1151592265061292E+07     -0.1236143814983310E+10      0.1327149224226302E+13     -0.1425118371961286E+16
  0.28400000E+03     -0.1080404213935820E+04      0.1167487551383066E+07     -0.1261821405667734E+10      0.1364027385875681E+13     -0.1474781841206140E+16
  0.28500000E+03     -0.1087811240325818E+04      0.1183547879351523E+07     -0.1287943434703526E+10      0.1401800911448440E+13     -0.1525999529298049E+16
  0.28600000E+03     -0.1095254864418694E+04      0.1199798196967419E+07     -0.1314555609177208E+10      0.1440546841412260E+13     -0.1578895519540496E+16
  0.28700000E+03     -0.1102726724538236E+04      0.1216221437294095E+07     -0.1341634384394936E+10      0.1480240887644531E+13     -0.1633455175959591E+16
  0.28800000E+03     -0.1110226293647976E+04      0.1232818000430371E+07     -0.1369185503667776E+10      0.1520902602897034E+13     -0.1689725733886402E+16
  0.28900000E+03     -0.1117736272456107E+04      0.1249550366362111E+07     -0.1397150467265096E+10      0.1562454949471658E+13     -0.1747618587606630E+16
  0.29000000E+03     -0.1125283893349245E+04      0.1266480157383271E+07     -0.1425636401586130E+10      0.1605067037953314E+13     -0.1807388465083470E+16
  0.29100000E+03     -0.1132863618528037E+04      0.1283596894318290E+07     -0.1454631533533282E+10      0.1648733894125246E+13     -0.1869051542670437E+16
  0.29200000E+03     -0.1140482166025312E+04      0.1300916977890800E+07     -0.1484168335903835E+10      0.1693515409608941E+13     -0.1932713446615004E+16
  0.29300000E+03     -0.1148130260325324E+04      0.1318421032071666E+07     -0.1514219345568101E+10      0.1739382439453294E+13     -0.1998356233354706E+16
  0.29400000E+03     -0.1155801603518962E+04      0.1336095969319966E+07     -0.1544767049633029E+10      0.1786319903407147E+13     -0.2065980836721926E+16
  0.29500000E+03     -0.1163511451623459E+04      0.1353978126908198E+07     -0.1575879007538926E+10      0.1834443072728292E+13     -0.2135775829357488E+16
  0.29600000E+03     -0.1171233725174407E+04      0.1372008341552733E+07     -0.1607457345503297E+10      0.1883612643786461E+13     -0.2207562871460929E+16
  0.29700000E+03     -0.1178978588728880E+04      0.1390211121069477E+07     -0.1639549114444916E+10      0.1933912615085969E+13     -0.2281486565056246E+16
  0.29800000E+03     -0.1186780779222315E+04      0.1408669944516729E+07     -0.1672307517811708E+10      0.1985596934683883E+13     -0.2357946857602801E+16
  0.29900000E+03     -0.1194595038417047E+04      0.1427279250352958E+07     -0.1705550742053541E+10      0.2038391939026815E+13     -0.2436565031384870E+16
  0.30000000E+03     -0.1202428863354619E+04      0.1446057740889543E+07     -0.1739316567675634E+10      0.2092369103083332E+13     -0.2517471352581119E+16
  0.30100000E+03     -0.1210294131857827E+04      0.1465035253463709E+07     -0.1773664000214465E+10      0.2147635944909710E+13     -0.2600853696615254E+16
  0.30200000E+03     -0.1218186728680642E+04      0.1484203189575566E+07     -0.1808582805525931E+10      0.2204189265418560E+13     -0.2686734333769637E+16
  0.30300000E+03     -0.1226114346043558E+04      0.1503581397595595E+07     -0.1844114225089590E+10      0.2262108876469637E+13     -0.2775261498092899E+16
  0.30400000E+03     -0.1234075829698261E+04      0.1523168913841017E+07     -0.1880262873353820E+10      0.2321417549346427E+13     -0.2866500706408820E+16
  0.30500000E+03     -0.1242046817324125E+04      0.1542907216413618E+07     -0.1916926401437396E+10      0.2381961619341062E+13     -0.2960245160250562E+16
  0.30600000E+03     -0.1250048426789304E+04      0.1562849078497712E+07     -0.1954206783068981E+10      0.2443921046627812E+13     -0.3056799222343492E+16
  0.30700000E+03     -0.1258090190774441E+04      0.1583019850932322E+07     -0.1992157454556859E+10      0.2507399779272549E+13     -0.3156356401743080E+16
  0.30800000E+03     -0.1266159003767811E+04      0.1603388694478194E+07     -0.2030727338563640E+10      0.2572329218582353E+13     -0.3258843698386186E+16
  0.30900000E+03     -0.1274253234873209E+04      0.1623952496028795E+07     -0.2069915593202086E+10      0.2638721756697297E+13     -0.3364310836083587E+16
  0.31000000E+03     -0.1282373179112537E+04      0.1644713223700695E+07     -0.2109731469489240E+10      0.2706607767370791E+13     -0.3472837963295273E+16
  0.31100000E+03     -0.1290527774364600E+04      0.1665695323057993E+07     -0.2150228130240763E+10      0.2776094094147411E+13     -0.3584630565677502E+16
  0.31200000E+03     -0.1298701080057890E+04      0.1686859060367109E+07     -0.2191334608221299E+10      0.2847074353306417E+13     -0.3699551198222816E+16
  0.31300000E+03     -0.1306900979685067E+04      0.1708225856876607E+07     -0.2233097733613294E+10      0.2919644064047300E+13     -0.3817787358978678E+16
  0.31400000E+03     -0.1315137449411969E+04      0.1729823509565340E+07     -0.2275578697963575E+10      0.2993927275423431E+13     -0.3939579473784646E+16
  0.31500000E+03     -0.1323402140413772E+04      0.1751631472622513E+07     -0.2318743071383722E+10      0.3069880069717100E+13     -0.4064891788944392E+16
  0.31600000E+03     -0.1331686206457171E+04      0.1773627778082469E+07     -0.2362553492678583E+10      0.3147453453649753E+13     -0.4193680966837310E+16
  0.31700000E+03     -0.1339995531354637E+04      0.1795828962134533E+07     -0.2407048122605486E+10      0.3226730278579067E+13     -0.4326119936123289E+16
  0.31800000E+03     -0.1348329413662907E+04      0.1818234334009219E+07     -0.2452231379119002E+10      0.3307734863842371E+13     -0.4462287004263628E+16
  0.31900000E+03     -0.1356683661108189E+04      0.1840834083673258E+07     -0.2498089913458776E+10      0.3390461065001868E+13     -0.4602212247158287E+16
  0.32000000E+03     -0.1365069423239014E+04      0.1863659396127985E+07     -0.2544692577475886E+10      0.3475049443703827E+13     -0.4746171741641304E+16
  0.32100000E+03     -0.1373469980303189E+04      0.1886666263168660E+07     -0.2591956130879305E+10      0.3561367344631661E+13     -0.4893982039494318E+16
  0.32200000E+03     -0.1381910586512949E+04      0.1909924798919185E+07     -0.2640030128612183E+10      0.3649704491760335E+13     -0.5046178822318316E+16
  0.32300000E+03     -0.1390383983803914E+04      0.1933417216979877E+07     -0.2688885984544155E+10      0.3740029999428228E+13     -0.5202757559144313E+16
  0.32400000E+03     -0.1398882245293220E+04      0.1957122550656856E+07     -0.2738485854980198E+10      0.3832291311020559E+13     -0.5363669039816036E+16
  0.32500000E+03     -0.1407417901162611E+04      0.1981078044617783E+07     -0.2788916145626215E+10      0.3926671761616926E+13     -0.5529284382774146E+16
  0.32600000E+03     -0.1415951870454185E+04      0.2005174277200195E+07     -0.2839950791289670E+10      0.4022763284359402E+13     -0.5698926144812071E+16
  0.32700000E+03     -0.1424527344485115E+04      0.2029534240562789E+07     -0.2891856176897910E+10      0.4121085495883112E+13     -0.5873555799340327E+16
  0.32800000E+03     -0.1433105969497200E+04      0.2054050380655301E+07     -0.2944409922553718E+10      0.4221237247908565E+13     -0.6052509396791462E+16
  0.32900000E+03     -0.1441734433064321E+04      0.2078857867122844E+07     -0.2997909320467639E+10      0.4323806689782101E+13     -0.6236889379697458E+16
  0.33000000E+03     -0.1450359353867826E+04      0.2103803761090163E+07     -0.3052029552110757E+10      0.4428188053087831E+13     -0.6425650582340962E+16
  0.33100000E+03     -0.1459025736556074E+04      0.2129019252806096E+07     -0.3107061283402132E+10      0.4534960991108538E+13     -0.6619889033365006E+16
  0.33200000E+03     -0.1467745358939277E+04      0.2154540657256601E+07     -0.3163092179269678E+10      0.4644319553464267E+13     -0.6820015237771165E+16
  0.33300000E+03     -0.1476451192413290E+04      0.2180174287689350E+07     -0.3219706402184747E+10      0.4755478079939282E+13     -0.7024652880697523E+16
  0.33400000E+03     -0.1485188808889881E+04      0.2206054091134259E+07     -0.3277203296639108E+10      0.4869039116997370E+13     -0.7234953025961057E+16
  0.33500000E+03     -0.1493943018800494E+04      0.2232135523559652E+07     -0.3335488866755284E+10      0.4984834679225698E+13     -0.7450651840122640E+16
  0.33600000E+03     -0.1502745118925303E+04      0.2258515094575251E+07     -0.3394790126333164E+10      0.5103346318028662E+13     -0.7672718163512904E+16
  0.33700000E+03     -0.1511549258785311E+04      0.2285055009988816E+07     -0.3454800569375008E+10      0.5223976215804143E+13     -0.7900074797198933E+16
  0.33800000E+03     -0.1520372429741934E+04      0.2311808185321222E+07     -0.3515647745295495E+10      0.5347004819942403E+13     -0.8133311054002359E+16
  0.33900000E+03     -0.1529207359604170E+04      0.2338753730639346E+07     -0.3577290926989153E+10      0.5472371881753799E+13     -0.8372370494164432E+16
  0.34000000E+03     -0.1538101605614317E+04      0.2366036881448604E+07     -0.3640066960464716E+10      0.5600780246533984E+13     -0.8618643366972092E+16
  0.34100000E+03     -0.1547002543796330E+04      0.2393498629944006E+07     -0.3703619711400723E+10      0.5731529863069493E+13     -0.8870857902691782E+16
  0.34200000E+03     -0.1555885169187538E+04      0.2421063259027732E+07     -0.3767781486626692E+10      0.5864299918423467E+13     -0.9128458678067116E+16
  0.34300000E+03     -0.1564841621281781E+04      0.2449015702087441E+07     -0.3833217513479403E+10      0.6000480000647078E+13     -0.9394184341546124E+16
  0.34400000E+03     -0.1573822513096135E+04      0.2477205382515393E+07     -0.3899587834285468E+10      0.6139397480009847E+13     -0.9666807538996602E+16
  0.34500000E+03     -0.1582817913804177E+04      0.2505603099707835E+07     -0.3966832703713440E+10      0.6280955286370037E+13     -0.9946210599088110E+16
  0.34600000E+03     -0.1591813527936704E+04      0.2534163098284064E+07     -0.4034846670258665E+10      0.6424946741880925E+13     -0.1023203398436201E+17
  0.34700000E+03     -0.1600856883935588E+04      0.2563037476702449E+07     -0.4103999214479891E+10      0.6572178778228555E+13     -0.1052594700752697E+17
  0.34800000E+03     -0.1609891316029685E+04      0.2592047039222750E+07     -0.4173869680110669E+10      0.6721783179333272E+13     -0.1082628972054356E+17
  0.34900000E+03     -0.1618953566217664E+04      0.2621309698723384E+07     -0.4244746388979407E+10      0.6874396145152726E+13     -0.1113439644980337E+17
  0.35000000E+03     -0.1628064910520001E+04      0.2650896503861388E+07     -0.4316811588450542E+10      0.7030441613258770E+13     -0.1145120616813472E+17
  0.35100000E+03     -0.1637197601083906E+04      0.2680720388631431E+07     -0.4389865151072958E+10      0.7189521930077819E+13     -0.1177600396954963E+17
  0.35200000E+03     -0.1646291734625787E+04      0.2710583033209701E+07     -0.4463419226430648E+10      0.7350580148794694E+13     -0.1210666304191702E+17
  0.35300000E+03     -0.1655447847341383E+04      0.2740816293060673E+07     -0.4538299969249468E+10      0.7515454375763113E+13     -0.1244703720546304E+17
  0.35400000E+03     -0.1664635696916974E+04      0.2771323253371124E+07     -0.4614279240756298E+10      0.7683678618006768E+13     -0.1279626035798620E+17
  0.35500000E+03     -0.1673839951280384E+04      0.2802053538802241E+07     -0.4691237566858297E+10      0.7855011930326267E+13     -0.1315390268811106E+17
  0.35600000E+03     -0.1683023015830917E+04      0.2832882288170676E+07     -0.4768868536115243E+10      0.8028796447497730E+13     -0.1351866322905985E+17
  0.35700000E+03     -0.1692241170864961E+04      0.2863998068824910E+07     -0.4847650693438308E+10      0.8206122134919823E+13     -0.1389289079616501E+17
  0.35800000E+03     -0.1701452572464411E+04      0.2895262669808305E+07     -0.4927246585241655E+10      0.8386268352227257E+13     -0.1427516949584908E+17
  0.35900000E+03     -0.1710731395376056E+04      0.2926926039204226E+07     -0.5008292621102907E+10      0.8570686211943936E+13     -0.1466862393949733E+17
  0.36000000E+03     -0.1720032176773358E+04      0.2958836924411264E+07     -0.5090416323722894E+10      0.8758572285046472E+13     -0.1507165710231206E+17
  0.36100000E+03     -0.1729305849473484E+04      0.2990828027949796E+07     -0.5173194677917812E+10      0.8948987042536037E+13     -0.1548233790049362E+17
  0.36200000E+03     -0.1738594450130342E+04      0.3023042553675551E+07     -0.5256998406561771E+10      0.9142794834384930E+13     -0.1590257959872146E+17
  0.36300000E+03     -0.1747967727903444E+04      0.3055725827322197E+07     -0.5342479370508872E+10      0.9341545784759803E+13     -0.1633585964435317E+17
  0.36400000E+03     -0.1757318562470396E+04      0.3088506253799130E+07     -0.5428675657035072E+10      0.9543038053987689E+13     -0.1677747871997919E+17
  0.36500000E+03     -0.1766666123319730E+04      0.3121449126741325E+07     -0.5515758836604218E+10      0.9747683866955775E+13     -0.1722838985206408E+17
  0.36600000E+03     -0.1776031722932961E+04      0.3154631163073474E+07     -0.5603940871490242E+10      0.9956014426189883E+13     -0.1768986185282344E+17
  0.36700000E+03     -0.1785411615080902E+04      0.3188040786570943E+07     -0.5693200405304648E+10      0.1016801307378538E+14     -0.1816195831105292E+17
  0.36800000E+03     -0.1794814119592728E+04      0.3221706201521102E+07     -0.5783613972143205E+10      0.1038387626147702E+14     -0.1864517580665883E+17
  0.36900000E+03     -0.1804217586046627E+04      0.3255552417471646E+07     -0.5874991928127478E+10      0.1060319113278376E+14     -0.1913870605979183E+17
  0.37000000E+03     -0.1813675922249070E+04      0.3289775070763212E+07     -0.5967871821492205E+10      0.1082728242723967E+14     -0.1964563518040920E+17
  0.37100000E+03     -0.1823145567285333E+04      0.3324215917431497E+07     -0.6061827443985658E+10      0.1105514170300037E+14     -0.2016375399942906E+17
  0.37200000E+03     -0.1832629370784100E+04      0.3358890020644421E+07     -0.6156917839986411E+10      0.1128696813437057E+14     -0.2069367099935985E+17
  0.37300000E+03     -0.1842125902423047E+04      0.3393790713775412E+07     -0.6253125953218444E+10      0.1152273572375221E+14     -0.2123539116215168E+17
  0.37400000E+03     -0.1851625380968696E+04      0.3428882397094261E+07     -0.6350359732201258E+10      0.1176224635988001E+14     -0.2178855126911032E+17
  0.37500000E+03     -0.1861164578420954E+04      0.3464302352390968E+07     -0.6449008754791122E+10      0.1200649509453480E+14     -0.2235556079030237E+17
  0.37600000E+03     -0.1870678137128256E+04      0.3499808228606345E+07     -0.6548404053132020E+10      0.1225385310100717E+14     -0.2293273160181438E+17
  0.37700000E+03     -0.1880249996462474E+04      0.3535715949398567E+07     -0.6649442735966330E+10      0.1250659774885257E+14     -0.2352551284073310E+17
  0.37800000E+03     -0.1889800758776424E+04      0.3571725438658545E+07     -0.6751279358351156E+10      0.1276262445211764E+14     -0.2412902292392536E+17
  0.37900000E+03     -0.1899360677013568E+04      0.3607952310656998E+07     -0.6854250546298716E+10      0.1302281707909238E+14     -0.2474546511916881E+17
  0.38000000E+03     -0.1908916865005507E+04      0.3644347881714537E+07     -0.6958223482777020E+10      0.1328686706729692E+14     -0.2537420325462702E+17
  0.38100000E+03     -0.1918477940343644E+04      0.3680945135303509E+07     -0.7063298165376187E+10      0.1355505650123328E+14     -0.2601600805296331E+17
  0.38200000E+03     -0.1928085868415295E+04      0.3717905980422180E+07     -0.7169948410361692E+10      0.1382863111010160E+14     -0.2667398005928008E+17
  0.38300000E+03     -0.1937738272415102E+04      0.3755224292338531E+07     -0.7278170580585415E+10      0.1410763122850256E+14     -0.2734836858591552E+17
  0.38400000E+03     -0.1947309647566884E+04      0.3792412292524564E+07     -0.7386548082209062E+10      0.1438841333079703E+14     -0.2803042047815243E+17
  0.38500000E+03     -0.1956973855319781E+04      0.3830147264231710E+07     -0.7497065143464251E+10      0.1467615867727192E+14     -0.2873285315817297E+17
  0.38600000E+03     -0.1966540963355148E+04      0.3867687528538647E+07     -0.7607554779395597E+10      0.1496525294632653E+14     -0.2944206321413993E+17
  0.38700000E+03     -0.1976220603607734E+04      0.3905855069432491E+07     -0.7720439846885238E+10      0.1526205870478838E+14     -0.3017375030840717E+17
  0.38800000E+03     -0.1985917104213881E+04      0.3944276671393708E+07     -0.7834633827077375E+10      0.1556377891943499E+14     -0.3092120143281383E+17
  0.38900000E+03     -0.1995553005555309E+04      0.3982645932275300E+07     -0.7949233088496035E+10      0.1586805909312342E+14     -0.3167870151333759E+17
  0.39000000E+03     -0.2005246914015333E+04      0.4021432840844410E+07     -0.8065639931182706E+10      0.1617863309513584E+14     -0.3245560786078816E+17
  0.39100000E+03     -0.2014978690541387E+04      0.4060560435892229E+07     -0.8183639750960418E+10      0.1649498674438770E+14     -0.3325081708291251E+17
  0.39200000E+03     -0.2024646342489736E+04      0.4099616618523801E+07     -0.8301989021209165E+10      0.1681379865376324E+14     -0.3405604790210724E+17
  0.39300000E+03     -0.2034341163061278E+04      0.4138972013517709E+07     -0.8421821885781018E+10      0.1713816883835092E+14     -0.3487928129150281E+17
  0.39400000E+03     -0.2044049424762463E+04      0.4178569501412369E+07     -0.8542965507086210E+10      0.1746764680777128E+14     -0.3571945456342643E+17
  0.39500000E+03     -0.2053783215945991E+04      0.4218460792638942E+07     -0.8665591106113668E+10      0.1780274904341698E+14     -0.3657805357732348E+17
  0.39600000E+03     -0.2063418588186490E+04      0.4258134967746072E+07     -0.8788124415549082E+10      0.1813917804433525E+14     -0.3744411647638684E+17
  0.39700000E+03     -0.2073151757847977E+04      0.4298400668780476E+07     -0.8913070614248095E+10      0.1848384829630977E+14     -0.3833557526090022E+17
  0.39800000E+03     -0.2082862433356820E+04      0.4338761875622434E+07     -0.9038900957304861E+10      0.1883258632851900E+14     -0.3924178700072591E+17
  0.39900000E+03     -0.2092676312633365E+04      0.4379744187212180E+07     -0.9167269580829571E+10      0.1919003539587394E+14     -0.4017501131256888E+17
  0.40000000E+03     -0.2102454740436425E+04      0.4420770732263481E+07     -0.9296381864671015E+10      0.1955124812360246E+14     -0.4112250239682901E+17
  0.40100000E+03     -0.2112123852774032E+04      0.4461524330554144E+07     -0.9425222230336660E+10      0.1991334996132412E+14     -0.4207667302417330E+17
  0.40200000E+03     -0.2121870557487614E+04      0.4502796502836701E+07     -0.9556310340723598E+10      0.2028348644569139E+14     -0.4305656195121574E+17
  0.40300000E+03     -0.2131583945382634E+04      0.4544115143325130E+07     -0.9688144391944359E+10      0.2065742617816614E+14     -0.4405103223469274E+17
  0.40400000E+03     -0.2141339058530782E+04      0.4585801886686292E+07     -0.9821763921220051E+10      0.2103817132346696E+14     -0.4506825254241296E+17
  0.40500000E+03     -0.2151097531297845E+04      0.4627694102704788E+07     -0.9956657590686527E+10      0.2142430947684416E+14     -0.4610461224130504E+17
  0.40600000E+03     -0.2160944729802225E+04      0.4670157909093899E+07     -0.1009400843634731E+11      0.2181925400487035E+14     -0.4716938505584118E+17
  0.40700000E+03     -0.2170697540336897E+04      0.4712406466060219E+07     -0.1023128617917728E+11      0.2221578824796579E+14     -0.4824331840078126E+17
  0.40800000E+03     -0.2180486162579015E+04      0.4755003722095069E+07     -0.1037032879106219E+11      0.2261925393744142E+14     -0.4934101278670822E+17
  0.40900000E+03     -0.2190247135421931E+04      0.4797671662525845E+07     -0.1051022839354846E+11      0.2302703181950584E+14     -0.5045542786976089E+17
  0.41000000E+03     -0.2199965880635968E+04      0.4840342351775663E+07     -0.1065075392592317E+11      0.2343844017235144E+14     -0.5158472182634686E+17
  0.41100000E+03     -0.2209720877268921E+04      0.4883361797155850E+07     -0.1079305514481064E+11      0.2385689128413046E+14     -0.5273843240005226E+17
  0.41200000E+03     -0.2219551290817622E+04      0.4926906295618439E+07     -0.1093773253464476E+11      0.2428421802075742E+14     -0.5392184242295152E+17
  0.41300000E+03     -0.2229248244039948E+04      0.4970050654443072E+07     -0.1108171790631987E+11      0.2471139173324300E+14     -0.5511008800139102E+17
  0.41400000E+03     -0.2238935114195782E+04      0.5013338791721800E+07     -0.1122681548999605E+11      0.2514374971999258E+14     -0.5631802021113666E+17
  0.41500000E+03     -0.2248683706654186E+04      0.5057089359920034E+07     -0.1137409141191236E+11      0.2558447932989045E+14     -0.5755461916983570E+17
  0.41600000E+03     -0.2258561644959314E+04      0.5101619204867889E+07     -0.1152466259782241E+11      0.2603708973841842E+14     -0.5883024389873988E+17
  0.41700000E+03     -0.2268298043790488E+04      0.5145696604519784E+07     -0.1167433419721592E+11      0.2648889867932341E+14     -0.6010899487222229E+17
  0.41800000E+03     -0.2278005672287389E+04      0.5189835243664602E+07     -0.1182486680517410E+11      0.2694528671412014E+14     -0.6140633448315270E+17
  0.41900000E+03     -0.2287737616783007E+04      0.5234273515682921E+07     -0.1197706898448820E+11      0.2740870899486357E+14     -0.6272930153725656E+17
  0.42000000E+03     -0.2297593319451974E+04      0.5279470126120230E+07     -0.1213253298105449E+11      0.2788409418324036E+14     -0.6409224258404750E+17
  0.42100000E+03     -0.2307262080540147E+04      0.5323994845191614E+07     -0.1228632622561929E+11      0.2835633683517638E+14     -0.6545183517086149E+17
  0.42200000E+03     -0.2316986875366243E+04      0.5368970015876950E+07     -0.1244234283286307E+11      0.2883746484218055E+14     -0.6684295965792630E+17
  0.42300000E+03     -0.2326733188696964E+04      0.5414232132102566E+07     -0.1260000767009337E+11      0.2932569713535955E+14     -0.6826049391493792E+17
  0.42400000E+03     -0.2336525217113174E+04      0.5459901381408066E+07     -0.1275977244031533E+11      0.2982255283058389E+14     -0.6970925037591403E+17
  0.42500000E+03     -0.2346194091343662E+04      0.5505181753214729E+07     -0.1291882826966000E+11      0.3031923765721476E+14     -0.7116346209109322E+17
  0.42600000E+03     -0.2355793170574983E+04      0.5550321818045400E+07     -0.1307804928586149E+11      0.3081850180256166E+14     -0.7263129252175904E+17
  0.42700000E+03     -0.2365494999659477E+04      0.5596132537253209E+07     -0.1324029988799495E+11      0.3132935651742654E+14     -0.7413937163969808E+17
  0.42800000E+03     -0.2375151299352537E+04      0.5641912558415253E+07     -0.1340309715748152E+11      0.3184400450877317E+14     -0.7566479093261843E+17
  0.42900000E+03     -0.2384886207302753E+04      0.5688257683709199E+07     -0.1356859098727236E+11      0.3236935755183466E+14     -0.7722842868905144E+17
  0.43000000E+03     -0.2394599769513719E+04      0.5734686670084341E+07     -0.1373504933554453E+11      0.3289989229574391E+14     -0.7881382449386395E+17
  0.43100000E+03     -0.2404316957592686E+04      0.5781322859333301E+07     -0.1390293406992305E+11      0.3343716060792491E+14     -0.8042590549643110E+17
  0.43200000E+03     -0.2413868039261660E+04      0.5827348638045928E+07     -0.1406929649838715E+11      0.3397172625345080E+14     -0.8203641124065178E+17
  0.43300000E+03     -0.2423516654510620E+04      0.5874025854574637E+07     -0.1423867207037337E+11      0.3451809849443899E+14     -0.8368891422892666E+17
  0.43400000E+03     -0.2433273345866977E+04      0.5921416285241328E+07     -0.1441132910553545E+11      0.3507730163900649E+14     -0.8538704208128520E+17
  0.43500000E+03     -0.2442948147660472E+04      0.5968596471927882E+07     -0.1458390604822548E+11      0.3563847569858592E+14     -0.8709795479153360E+17
  0.43600000E+03     -0.2452555607795767E+04      0.6015634530099554E+07     -0.1475664711262753E+11      0.3620241631815422E+14     -0.8882413643390355E+17
  0.43700000E+03     -0.2462169989286311E+04      0.6062892704816819E+07     -0.1493088325331964E+11      0.3677348903735977E+14     -0.9057906808386326E+17
  0.43800000E+03     -0.2471604772079458E+04      0.6109444760696774E+07     -0.1510316970069940E+11      0.3734032163571657E+14     -0.9232760062684106E+17
  0.43900000E+03     -0.2481235879053109E+04      0.6157151051552552E+07     -0.1528041742936598E+11      0.3792575498228899E+14     -0.9414056695742203E+17
  0.44000000E+03     -0.2490759303754252E+04      0.6204507511538099E+07     -0.1545705005036101E+11      0.3851142685642262E+14     -0.9596132965284086E+17
  0.44100000E+03     -0.2500265426793257E+04      0.6251954549260106E+07     -0.1563468168722914E+11      0.3910261163413802E+14     -0.9780609712065704E+17
  0.44200000E+03     -0.2509878356083285E+04      0.6300123147457509E+07     -0.1581572291599935E+11      0.3970750992064076E+14     -0.9970106718200746E+17
  0.44300000E+03     -0.2519376584971986E+04      0.6347898708393427E+07     -0.1599597252673014E+11      0.4031206297845376E+14     -0.1016021883999015E+18
  0.44400000E+03     -0.2528866748232645E+04      0.6395812154361060E+07     -0.1617741828458792E+11      0.4092290384856655E+14     -0.1035302680123996E+18
  0.44500000E+03     -0.2538525732734826E+04      0.6444760187058853E+07     -0.1636347454511554E+11      0.4155160574963086E+14     -0.1055221355228290E+18
  0.44600000E+03     -0.2547865491544836E+04      0.6492275071712307E+07     -0.1654478775706005E+11      0.4216667093495534E+14     -0.1074784042527519E+18
  0.44700000E+03     -0.2557271898723679E+04      0.6540298547693308E+07     -0.1672869079716359E+11      0.4279273084626198E+14     -0.1094766932916214E+18
  0.44800000E+03     -0.2566765559108467E+04      0.6588950247324248E+07     -0.1691570201613240E+11      0.4343177194197459E+14     -0.1115241048255350E+18
  0.44900000E+03     -0.2576037831605927E+04      0.6636638338411433E+07     -0.1709966868752571E+11      0.4406267115969224E+14     -0.1135527038127393E+18
  0.45000000E+03     -0.2585597006074459E+04      0.6685984561166836E+07     -0.1729073891086941E+11      0.4472036511019789E+14     -0.1156753136737646E+18
  0.45100000E+03     -0.2594954285725154E+04      0.6734466239298386E+07     -0.1747915210342682E+11      0.4537129882744348E+14     -0.1177838339029651E+18
  0.45200000E+03     -0.2604272493897845E+04      0.6782917790553994E+07     -0.1766812004749594E+11      0.4602647777734558E+14     -0.1199136731978630E+18
  0.45300000E+03     -0.2613621321780817E+04      0.6831705304888092E+07     -0.1785909036329718E+11      0.4669100817641823E+14     -0.1220817736548040E+18
  0.45400000E+03     -0.2622843490891155E+04      0.6880003381713585E+07     -0.1804881862327724E+11      0.4735356908167827E+14     -0.1242511501899203E+18
  0.45500000E+03     -0.2632141343942712E+04      0.6928870805690481E+07     -0.1824146533230897E+11      0.4802871134387108E+14     -0.1264695729007157E+18
  0.45600000E+03     -0.2641429354567097E+04      0.6977855528691858E+07     -0.1843524328355587E+11      0.4871017072657276E+14     -0.1287165117332276E+18
  0.45700000E+03     -0.2650677526311690E+04      0.7026800350384461E+07     -0.1862953899711067E+11      0.4939583490636587E+14     -0.1309852021219561E+18
  0.45800000E+03     -0.2659815313468281E+04      0.7075334144086593E+07     -0.1882289302018895E+11      0.5008061972878965E+14     -0.1332590988333699E+18
  0.45900000E+03     -0.2668862874407973E+04      0.7123553165386736E+07     -0.1901565027937496E+11      0.5076562629926510E+14     -0.1355415112798825E+18
  0.46000000E+03     -0.2678219950361179E+04      0.7173590609422675E+07     -0.1921635431049344E+11      0.5148129044061464E+14     -0.1379341567758016E+18
  0.46100000E+03     -0.2687443146101450E+04      0.7223088603515842E+07     -0.1941560503423214E+11      0.5219431505627273E+14     -0.1403265094613689E+18
  0.46200000E+03     -0.2696391518860797E+04      0.7271265363521426E+07     -0.1961015751005121E+11      0.5289275288167427E+14     -0.1426774102945829E+18
  0.46300000E+03     -0.2705624872404479E+04      0.7321150717926362E+07     -0.1981231607807985E+11      0.5362104047258068E+14     -0.1451373762256516E+18
  0.46400000E+03     -0.2714842157753616E+04      0.7371120412048604E+07     -0.2001551269376300E+11      0.5435558569563296E+14     -0.1476270167776115E+18
  0.46500000E+03     -0.2723653119643466E+04      0.7419039533635523E+07     -0.2021099171526487E+11      0.5506448314844586E+14     -0.1500373793780296E+18
  0.46600000E+03     -0.2732524788372176E+04      0.7467449320602607E+07     -0.2040912905599089E+11      0.5578540959889484E+14     -0.1524967886968574E+18
  0.46700000E+03     -0.2741518744742687E+04      0.7516687349220372E+07     -0.2061131752439376E+11      0.5652349076335988E+14     -0.1550229881041026E+18
  0.46800000E+03     -0.2750376525551463E+04      0.7565342420363121E+07     -0.2081178205466541E+11      0.5725773303807025E+14     -0.1575444789883553E+18
  0.46900000E+03     -0.2759299171835979E+04      0.7614514350317458E+07     -0.2101503968707789E+11      0.5800464372082591E+14     -0.1601178738773531E+18
  0.47000000E+03     -0.2768405572736847E+04      0.7664855649827308E+07     -0.2122378078610826E+11      0.5877409932764173E+14     -0.1627772207475573E+18
  0.47100000E+03     -0.2777177285907972E+04      0.7713501432308073E+07     -0.2142613497286708E+11      0.5952239217046730E+14     -0.1653716816790444E+18
  0.47200000E+03     -0.2786030659348229E+04      0.7762763893023865E+07     -0.2163173780987039E+11      0.6028523305466183E+14     -0.1680253976193597E+18
  0.47300000E+03     -0.2794850782887377E+04      0.7811991889173244E+07     -0.2183782736827595E+11      0.6105222769224832E+14     -0.1707017600626352E+18
  0.47400000E+03     -0.2803407714909330E+04      0.7859901109914381E+07     -0.2203902652728270E+11      0.6180337551270457E+14     -0.1733310629004892E+18
  0.47500000E+03     -0.2812140215493435E+04      0.7908943606349212E+07     -0.2224561818989531E+11      0.6257702716285072E+14     -0.1760474666307828E+18
  0.47600000E+03     -0.2820847526828075E+04      0.7957992018747739E+07     -0.2245285726194904E+11      0.6335544055531555E+14     -0.1787888179317025E+18
  0.47700000E+03     -0.2829559130879610E+04      0.8007226768754110E+07     -0.2266157128515121E+11      0.6414198627288983E+14     -0.1815679712744897E+18
  0.47800000E+03     -0.2838126421389682E+04      0.8055789196361518E+07     -0.2286804439095237E+11      0.6492238935284836E+14     -0.1843335791393069E+18
  0.47900000E+03     -0.2846642134694739E+04      0.8104207596106355E+07     -0.2307453770239726E+11      0.6570526696541985E+14     -0.1871164806859219E+18
  0.48000000E+03     -0.2855190331964751E+04      0.8152954610211975E+07     -0.2328304817121254E+11      0.6649813379091241E+14     -0.1899432405990434E+18
  0.48100000E+03     -0.2863732414960644E+04      0.8201805679704122E+07     -0.2349259953567237E+11      0.6729723024226601E+14     -0.1928003308053691E+18
  0.48200000E+03     -0.2872108250754957E+04      0.8249856871354145E+07     -0.2369936900298116E+11      0.6808820216764458E+14     -0.1956372822492924E+18
  0.48300000E+03     -0.2880484286083202E+04      0.8298045693026314E+07     -0.2390731990437703E+11      0.6888595465666639E+14     -0.1985066891635732E+18
  0.48400000E+03     -0.2888745286415145E+04      0.8345716055659248E+07     -0.2411365370220690E+11      0.6967988894873943E+14     -0.2013709645982803E+18
  0.48500000E+03     -0.2897206679795514E+04      0.8394676279051023E+07     -0.2432615013976886E+11      0.7049977377071464E+14     -0.2043369617260501E+18
  0.48600000E+03     -0.2905427125587376E+04      0.8442377530859778E+07     -0.2453377079633193E+11      0.7130312208679128E+14     -0.2072513909301549E+18
  0.48700000E+03     -0.2913740307259134E+04      0.8490763913309058E+07     -0.2474501519505036E+11      0.7212298188195633E+14     -0.2102347812373637E+18
  0.48800000E+03     -0.2921768013439666E+04      0.8537607825897288E+07     -0.2495004709255978E+11      0.7292076059516412E+14     -0.2131452299720849E+18
  0.48900000E+03     -0.2929757592257509E+04      0.8584373090637431E+07     -0.2515536614849068E+11      0.7372212055342833E+14     -0.2160777587908363E+18
  0.49000000E+03     -0.2937866807166421E+04      0.8631964596956110E+07     -0.2536486759176332E+11      0.7454197675620197E+14     -0.2190859484217288E+18
  0.49100000E+03     -0.2946049245562791E+04      0.8680110410471056E+07     -0.2557735899565142E+11      0.7537569138902633E+14     -0.2221529249964228E+18
  0.49200000E+03     -0.2954203617190105E+04      0.8728228215963911E+07     -0.2579033362278387E+11      0.7621368910009003E+14     -0.2252444621056229E+18
  0.49300000E+03     -0.2961796143217002E+04      0.8773147413609441E+07     -0.2598966925352372E+11      0.7700006700140573E+14     -0.2281531347740162E+18
  0.49400000E+03     -0.2969900298531883E+04      0.8821225632281667E+07     -0.2620361058260632E+11      0.7784638367036130E+14     -0.2312921017388667E+18
  0.49500000E+03     -0.2977628358902517E+04      0.8867199090348795E+07     -0.2640875067856133E+11      0.7866012583181911E+14     -0.2343185950175231E+18
  0.49600000E+03     -0.2985429594756071E+04      0.8913725960652869E+07     -0.2661688884161352E+11      0.7948786443269597E+14     -0.2374049940034589E+18
  0.49700000E+03     -0.2993237819490621E+04      0.8960417954081981E+07     -0.2682631914158525E+11      0.8032294768783097E+14     -0.2405270231709636E+18
  0.49800000E+03     -0.3001100543522415E+04      0.9007555094380165E+07     -0.2703828240091688E+11      0.8117027513376206E+14     -0.2437028662767050E+18
  0.49900000E+03     -0.3008382630083110E+04      0.9051322894201517E+07     -0.2723559788630601E+11      0.8196106549752833E+14     -0.2466743890487281E+18
  0.50000000E+03     -0.3016366709909016E+04      0.9099437393905634E+07     -0.2745308553677367E+11      0.8283501617452092E+14     -0.2499671234017496E+18
  0.50100000E+03     -0.3023930312466893E+04      0.9145121214973537E+07     -0.2766005390221651E+11      0.8366858126450020E+14     -0.2531148197125357E+18
  0.50200000E+03     -0.3031042819240928E+04      0.9188193941696296E+07     -0.2785570788068372E+11      0.8445865535330925E+14     -0.2561061442269420E+18
  0.50300000E+03     -0.3038668112050983E+04      0.9234485990256594E+07     -0.2806650487653846E+11      0.8531198481364350E+14     -0.2593449664747420E+18
  0.50400000E+03     -0.3045999062707506E+04      0.9279093727918738E+07     -0.2827009995500335E+11      0.8613805643558080E+14     -0.2624875384967915E+18
  0.50500000E+03     -0.3053253233108477E+04      0.9323352285918573E+07     -0.2847264177680594E+11      0.8696205467186039E+14     -0.2656306206169788E+18
  0.50600000E+03     -0.3060322189201956E+04      0.9366556148254445E+07     -0.2867070236541220E+11      0.8776923010009225E+14     -0.2687149157853774E+18
  0.50700000E+03     -0.3067825329179910E+04      0.9412562234434441E+07     -0.2888229202817784E+11      0.8863433086793397E+14     -0.2720312309907674E+18
  0.50800000E+03     -0.3074903192221448E+04      0.9456034404428506E+07     -0.2908256744711952E+11      0.8945456401618845E+14     -0.2751808939290727E+18
  0.50900000E+03     -0.3082350415691463E+04      0.9501909119871749E+07     -0.2929453033223988E+11      0.9032520654750419E+14     -0.2785339229659149E+18
  0.51000000E+03     -0.3089367307965544E+04      0.9545223064808106E+07     -0.2949507910470385E+11      0.9115068884756833E+14     -0.2817196954009528E+18
