  0.00000000E+00     -0.4495719686315043E+01
  0.10000000E+01     -0.3056762309751377E+01
  0.20000000E+01     -0.2283699018196980E+01
  0.30000000E+01     -0.1889103605769049E+01
  0.40000000E+01     -0.1755076616743240E+01
  0.50000000E+01     -0.1816800643346256E+01
  0.60000000E+01     -0.2033453862867675E+01
  0.70000000E+01     -0.2377148051050491E+01
  0.80000000E+01     -0.2827446840495178E+01
  0.90000000E+01     -0.3368273031662942E+01
  0.10000000E+02     -0.3987250421877826E+01
  0.11000000E+02     -0.4674549993430426E+01
  0.12000000E+02     -0.5421514290635639E+01
  0.13000000E+02     -0.6221473074475196E+01
  0.14000000E+02     -0.7068277105504394E+01
  0.15000000E+02     -0.7956855743072304E+01
  0.16000000E+02     -0.8882637133189496E+01
  0.17000000E+02     -0.9842038347807138E+01
  0.18000000E+02     -0.1083145710728003E+02
  0.19000000E+02     -0.1184746162999232E+02
  0.20000000E+02     -0.1288753040757677E+02
  0.21000000E+02     -0.1394900203041749E+02
  0.22000000E+02     -0.1502977815284892E+02
  0.23000000E+02     -0.1612772275655252E+02
  0.24000000E+02     -0.1724095850749731E+02
  0.25000000E+02     -0.1836761042432056E+02
  0.26000000E+02     -0.1950624402867780E+02
  0.27000000E+02     -0.2065505738177043E+02
  0.28000000E+02     -0.2181262737486260E+02
  0.29000000E+02     -0.2297769248125542E+02
  0.30000000E+02     -0.2414934975566037E+02
  0.31000000E+02     -0.2532615435664829E+02
  0.32000000E+02     -0.2650681274104473E+02
  0.33000000E+02     -0.2769068778334930E+02
  0.34000000E+02     -0.2887648836793324E+02
  0.35000000E+02     -0.3006364708634209E+02
  0.36000000E+02     -0.3125108753817016E+02
  0.37000000E+02     -0.3243798240409987E+02
  0.38000000E+02     -0.3362359070584203E+02
  0.39000000E+02     -0.3480704939657827E+02
  0.40000000E+02     -0.3598775585125348E+02
  0.41000000E+02     -0.3716517166803332E+02
  0.42000000E+02     -0.3833839736215411E+02
  0.43000000E+02     -0.3950705619945555E+02
  0.44000000E+02     -0.4067043373598725E+02
  0.45000000E+02     -0.4182780350890283E+02
  0.46000000E+02     -0.4297913358911386E+02
  0.47000000E+02     -0.4412355706423082E+02
  0.48000000E+02     -0.4526090331208212E+02
  0.49000000E+02     -0.4639089410904143E+02
  0.50000000E+02     -0.4751274452487071E+02
  0.51000000E+02     -0.4862603294115041E+02
  0.52000000E+02     -0.4973071093690113E+02
  0.53000000E+02     -0.5082648776353975E+02
  0.54000000E+02     -0.5191310615323351E+02
  0.55000000E+02     -0.5299012490195856E+02
  0.56000000E+02     -0.5405765630332375E+02
  0.57000000E+02     -0.5511519281978973E+02
  0.58000000E+02     -0.5616303452748847E+02
  0.59000000E+02     -0.5720095831967944E+02
  0.60000000E+02     -0.5822875751060303E+02
  0.61000000E+02     -0.5924650142656203E+02
  0.62000000E+02     -0.6025430100703350E+02
  0.63000000E+02     -0.6125171428309018E+02
  0.64000000E+02     -0.6223893486188256E+02
  0.65000000E+02     -0.6321583479089568E+02
  0.66000000E+02     -0.6418268283824432E+02
  0.67000000E+02     -0.6513930084714411E+02
  0.68000000E+02     -0.6608585316901838E+02
  0.69000000E+02     -0.6702242014118326E+02
  0.70000000E+02     -0.6794925896318826E+02
  0.71000000E+02     -0.6886553218715140E+02
  0.72000000E+02     -0.6977200008402096E+02
  0.73000000E+02     -0.7066893398540391E+02
  0.74000000E+02     -0.7155605895223118E+02
  0.75000000E+02     -0.7243378269412504E+02
  0.76000000E+02     -0.7330168504285568E+02
  0.77000000E+02     -0.7415981446235455E+02
  0.78000000E+02     -0.7500812633989663E+02
  0.79000000E+02     -0.7584734204622710E+02
  0.80000000E+02     -0.7667735338378405E+02
  0.81000000E+02     -0.7749796423257074E+02
  0.82000000E+02     -0.7830925118315666E+02
  0.83000000E+02     -0.7911106597966698E+02
  0.84000000E+02     -0.7990398495410352E+02
  0.85000000E+02     -0.8068792270131541E+02
  0.86000000E+02     -0.8146243148246577E+02
  0.87000000E+02     -0.8222866176741915E+02
  0.88000000E+02     -0.8298561924459138E+02
  0.89000000E+02     -0.8373421250016008E+02
  0.90000000E+02     -0.8447414073459005E+02
  0.91000000E+02     -0.8520520939070521E+02
  0.92000000E+02     -0.8592751079150938E+02
  0.93000000E+02     -0.8664154047297821E+02
  0.94000000E+02     -0.8734718023825057E+02
  0.95000000E+02     -0.8804422108161459E+02
  0.96000000E+02     -0.8873294000942289E+02
  0.97000000E+02     -0.8941372284920541E+02
  0.98000000E+02     -0.9008607574400131E+02
  0.99000000E+02     -0.9075014747576424E+02
  0.10000000E+03     -0.9140621684833486E+02
  0.10100000E+03     -0.9205439590607808E+02
  0.10200000E+03     -0.9269422700093996E+02
  0.10300000E+03     -0.9332677214902245E+02
  0.10400000E+03     -0.9395129374398221E+02
  0.10500000E+03     -0.9456746816916647E+02
  0.10600000E+03     -0.9517578965725991E+02
  0.10700000E+03     -0.9577634688487358E+02
  0.10800000E+03     -0.9636922917627447E+02
  0.10900000E+03     -0.9695412293743529E+02
  0.11000000E+03     -0.9753158919375402E+02
  0.11100000E+03     -0.9810117195168320E+02
  0.11200000E+03     -0.9866293584168243E+02
  0.11300000E+03     -0.9921692355140199E+02
  0.11400000E+03     -0.9976349640812828E+02
  0.11500000E+03     -0.1003024942397459E+03
  0.11600000E+03     -0.1008337105676402E+03
  0.11700000E+03     -0.1013570132728604E+03
  0.11800000E+03     -0.1018727180511315E+03
  0.11900000E+03     -0.1023806613251509E+03
  0.12000000E+03     -0.1028804762175875E+03
  0.12100000E+03     -0.1033728438448563E+03
  0.12200000E+03     -0.1038579261127155E+03
  0.12300000E+03     -0.1043345810117456E+03
  0.12400000E+03     -0.1048040308616254E+03
  0.12500000E+03     -0.1052656944846884E+03
  0.12600000E+03     -0.1057192087121922E+03
  0.12700000E+03     -0.1061649856226786E+03
  0.12800000E+03     -0.1066030583347883E+03
  0.12900000E+03     -0.1070330163170161E+03
  0.13000000E+03     -0.1074550592712163E+03
  0.13100000E+03     -0.1078693755811728E+03
  0.13200000E+03     -0.1082762507338856E+03
  0.13300000E+03     -0.1086747475388765E+03
  0.13400000E+03     -0.1090658739467329E+03
  0.13500000E+03     -0.1094483554667490E+03
  0.13600000E+03     -0.1098231437455137E+03
  0.13700000E+03     -0.1101896842004178E+03
  0.13800000E+03     -0.1105486464750038E+03
  0.13900000E+03     -0.1108997188993899E+03
  0.14000000E+03     -0.1112427183895222E+03
  0.14100000E+03     -0.1115775720256653E+03
  0.14200000E+03     -0.1119046411152350E+03
  0.14300000E+03     -0.1122238534717229E+03
  0.14400000E+03     -0.1125352139296947E+03
  0.14500000E+03     -0.1128388003937985E+03
  0.14600000E+03     -0.1131341946500377E+03
  0.14700000E+03     -0.1134223905465750E+03
  0.14800000E+03     -0.1137025987810508E+03
  0.14900000E+03     -0.1139753421755465E+03
  0.15000000E+03     -0.1142408198738839E+03
  0.15100000E+03     -0.1144984076914437E+03
  0.15200000E+03     -0.1147487809333589E+03
  0.15300000E+03     -0.1149915251817197E+03
  0.15400000E+03     -0.1152273059042351E+03
  0.15500000E+03     -0.1154557699513243E+03
  0.15600000E+03     -0.1156773345986656E+03
  0.15700000E+03     -0.1158920701491487E+03
  0.15800000E+03     -0.1161002469496318E+03
  0.15900000E+03     -0.1163016090069333E+03
  0.16000000E+03     -0.1164962918336147E+03
  0.16100000E+03     -0.1166842622992706E+03
  0.16200000E+03     -0.1168660976896802E+03
  0.16300000E+03     -0.1170415485136154E+03
  0.16400000E+03     -0.1172113089352886E+03
  0.16500000E+03     -0.1173751250471385E+03
  0.16600000E+03     -0.1175327953754307E+03
  0.16700000E+03     -0.1176845423009316E+03
  0.16800000E+03     -0.1178308633664950E+03
  0.16900000E+03     -0.1179714488124833E+03
  0.17000000E+03     -0.1181060938880658E+03
  0.17100000E+03     -0.1182359777237246E+03
  0.17200000E+03     -0.1183604372412186E+03
  0.17300000E+03     -0.1184794033540626E+03
  0.17400000E+03     -0.1185937164814070E+03
  0.17500000E+03     -0.1187029754687344E+03
  0.17600000E+03     -0.1188075071664867E+03
  0.17700000E+03     -0.1189068157931252E+03
  0.17800000E+03     -0.1190010365334836E+03
  0.17900000E+03     -0.1190901956660351E+03
  0.18000000E+03     -0.1191743239406916E+03
  0.18100000E+03     -0.1192534414669226E+03
  0.18200000E+03     -0.1193283789406974E+03
  0.18300000E+03     -0.1193977801534128E+03
  0.18400000E+03     -0.1194622307665784E+03
  0.18500000E+03     -0.1195220495159603E+03
  0.18600000E+03     -0.1195769491040380E+03
  0.18700000E+03     -0.1196276772361582E+03
  0.18800000E+03     -0.1196732116933851E+03
  0.18900000E+03     -0.1197137859318744E+03
  0.19000000E+03     -0.1197495460879719E+03
  0.19100000E+03     -0.1197800030482272E+03
  0.19200000E+03     -0.1198050748087535E+03
  0.19300000E+03     -0.1198249361473471E+03
  0.19400000E+03     -0.1198398055864748E+03
  0.19500000E+03     -0.1198492925062533E+03
  0.19600000E+03     -0.1198534622308052E+03
  0.19700000E+03     -0.1198522560674877E+03
  0.19800000E+03     -0.1198456147287555E+03
  0.19900000E+03     -0.1198330326626466E+03
  0.20000000E+03     -0.1198151603448717E+03
  0.20100000E+03     -0.1197913689670004E+03
  0.20200000E+03     -0.1197615823857620E+03
  0.20300000E+03     -0.1197261037821597E+03
  0.20400000E+03     -0.1196841890287652E+03
  0.20500000E+03     -0.1196356168867393E+03
  0.20600000E+03     -0.1195813662281042E+03
  0.20700000E+03     -0.1195202356383603E+03
  0.20800000E+03     -0.1194524227876305E+03
  0.20900000E+03     -0.1193777846695601E+03
  0.21000000E+03     -0.1192959440413103E+03
  0.21100000E+03     -0.1192077350502620E+03
  0.21200000E+03     -0.1191122506035485E+03
  0.21300000E+03     -0.1190096869743476E+03
  0.21400000E+03     -0.1188997908567869E+03
  0.21500000E+03     -0.1187824385547293E+03
  0.21600000E+03     -0.1186579123325884E+03
  0.21700000E+03     -0.1185256891843270E+03
  0.21800000E+03     -0.1183860220532942E+03
  0.21900000E+03     -0.1182385259535001E+03
  0.22000000E+03     -0.1180834262147735E+03
  0.22100000E+03     -0.1179208217242159E+03
  0.22200000E+03     -0.1177503627239063E+03
  0.22300000E+03     -0.1175718864033280E+03
  0.22400000E+03     -0.1173860683946747E+03
  0.22500000E+03     -0.1171920122151886E+03
  0.22600000E+03     -0.1169901872371272E+03
  0.22700000E+03     -0.1167806085419631E+03
  0.22800000E+03     -0.1165629929734684E+03
  0.22900000E+03     -0.1163380760300751E+03
  0.23000000E+03     -0.1161051724660728E+03
  0.23100000E+03     -0.1158646935564954E+03
  0.23200000E+03     -0.1156164570767951E+03
  0.23300000E+03     -0.1153601772006584E+03
  0.23400000E+03     -0.1150960747557753E+03
  0.23500000E+03     -0.1148245359594688E+03
  0.23600000E+03     -0.1145454259374521E+03
  0.23700000E+03     -0.1142582863101334E+03
  0.23800000E+03     -0.1139637666007743E+03
  0.23900000E+03     -0.1136618818358802E+03
  0.24000000E+03     -0.1133524708507105E+03
  0.24100000E+03     -0.1130351743756572E+03
  0.24200000E+03     -0.1127105370998733E+03
  0.24300000E+03     -0.1123783373435864E+03
  0.24400000E+03     -0.1120389083525526E+03
  0.24500000E+03     -0.1116918057021448E+03
  0.24600000E+03     -0.1113372252035324E+03
  0.24700000E+03     -0.1109749884231570E+03
  0.24800000E+03     -0.1106050989108745E+03
  0.24900000E+03     -0.1102284543737501E+03
  0.25000000E+03     -0.1098435862091301E+03
  0.25100000E+03     -0.1094514543180138E+03
  0.25200000E+03     -0.1090522980908029E+03
  0.25300000E+03     -0.1086455871591682E+03
  0.25400000E+03     -0.1082309411585630E+03
  0.25500000E+03     -0.1078090933972623E+03
  0.25600000E+03     -0.1073794047398125E+03
  0.25700000E+03     -0.1069422214123898E+03
  0.25800000E+03     -0.1064972517575011E+03
  0.25900000E+03     -0.1060446598469168E+03
  0.26000000E+03     -0.1055841991104836E+03
  0.26100000E+03     -0.1051163836420174E+03
  0.26200000E+03     -0.1046409783245216E+03
  0.26300000E+03     -0.1041579981810115E+03
  0.26400000E+03     -0.1036667849130629E+03
  0.26500000E+03     -0.1031679816705605E+03
  0.26600000E+03     -0.1026612144785021E+03
  0.26700000E+03     -0.1021462798450298E+03
  0.26800000E+03     -0.1016231651390179E+03
  0.26900000E+03     -0.1010921434753593E+03
  0.27000000E+03     -0.1005528941295487E+03
  0.27100000E+03     -0.1000055434695066E+03
  0.27200000E+03     -0.9944972443427653E+02
  0.27300000E+03     -0.9888534045981946E+02
  0.27400000E+03     -0.9831265540229874E+02
  0.27500000E+03     -0.9773204615510129E+02
  0.27600000E+03     -0.9714243726249586E+02
  0.27700000E+03     -0.9654496744883390E+02
  0.27800000E+03     -0.9593759020054161E+02
  0.27900000E+03     -0.9532236086884306E+02
  0.28000000E+03     -0.9469727382821178E+02
  0.28100000E+03     -0.9406366951426601E+02
  0.28200000E+03     -0.9342114227087048E+02
  0.28300000E+03     -0.9277019132474099E+02
  0.28400000E+03     -0.9211050985383244E+02
  0.28500000E+03     -0.9144151061775267E+02
  0.28600000E+03     -0.9076280255429977E+02
  0.28700000E+03     -0.9007514699159712E+02
  0.28800000E+03     -0.8937764977938056E+02
  0.28900000E+03     -0.8867313839709576E+02
  0.29000000E+03     -0.8795785361157111E+02
  0.29100000E+03     -0.8723335602642913E+02
  0.29200000E+03     -0.8650034772656528E+02
  0.29300000E+03     -0.8575727545845632E+02
  0.29400000E+03     -0.8500551004820116E+02
  0.29500000E+03     -0.8424471640584247E+02
  0.29600000E+03     -0.8347438518017903E+02
  0.29700000E+03     -0.8269452438748174E+02
  0.29800000E+03     -0.8190640103146647E+02
  0.29900000E+03     -0.8110884594966527E+02
  0.30000000E+03     -0.8030323738404441E+02
  0.30100000E+03     -0.7948864126491294E+02
  0.30200000E+03     -0.7866552063641556E+02
  0.30300000E+03     -0.7783392751680256E+02
  0.30400000E+03     -0.7699472006177670E+02
  0.30500000E+03     -0.7614739852455759E+02
  0.30600000E+03     -0.7529211777621073E+02
  0.30700000E+03     -0.7442940931263371E+02
  0.30800000E+03     -0.7356020934290777E+02
  0.30900000E+03     -0.7268472286916824E+02
  0.31000000E+03     -0.7180190589388540E+02
  0.31100000E+03     -0.7091343056190560E+02
  0.31200000E+03     -0.7001817995047377E+02
  0.31300000E+03     -0.6911819934610234E+02
  0.31400000E+03     -0.6821279306455300E+02
  0.31500000E+03     -0.6730276966927015E+02
  0.31600000E+03     -0.6638777276482362E+02
  0.31700000E+03     -0.6546877215245284E+02
  0.31800000E+03     -0.6454600272934627E+02
  0.31900000E+03     -0.6362015396434074E+02
  0.32000000E+03     -0.6268983506960767E+02
  0.32100000E+03     -0.6175706547623005E+02
  0.32200000E+03     -0.6082235361144291E+02
  0.32300000E+03     -0.5988561892042730E+02
  0.32400000E+03     -0.5894717413109078E+02
  0.32500000E+03     -0.5800680415893753E+02
  0.32600000E+03     -0.5706615526269163E+02
  0.32700000E+03     -0.5612595616734225E+02
  0.32800000E+03     -0.5518486660776216E+02
  0.32900000E+03     -0.5424260951475509E+02
  0.33000000E+03     -0.5330242398470107E+02
  0.33100000E+03     -0.5236209387660257E+02
  0.33200000E+03     -0.5142357756549678E+02
  0.33300000E+03     -0.5048606687143558E+02
  0.33400000E+03     -0.4955189628649138E+02
  0.33500000E+03     -0.4861824886634841E+02
  0.33600000E+03     -0.4768921971326137E+02
  0.33700000E+03     -0.4675894421057922E+02
  0.33800000E+03     -0.4583344582723542E+02
  0.33900000E+03     -0.4491147775648598E+02
  0.34000000E+03     -0.4399557735950172E+02
  0.34100000E+03     -0.4308389719809097E+02
  0.34200000E+03     -0.4217540220674201E+02
  0.34300000E+03     -0.4127384577341441E+02
  0.34400000E+03     -0.4037768633550257E+02
  0.34500000E+03     -0.3948681435616486E+02
  0.34600000E+03     -0.3860279718683581E+02
  0.34700000E+03     -0.3772483408340372E+02
  0.34800000E+03     -0.3685506764141880E+02
  0.34900000E+03     -0.3598859294650651E+02
  0.35000000E+03     -0.3513126533397232E+02
  0.35100000E+03     -0.3428367897274885E+02
  0.35200000E+03     -0.3344355531845296E+02
  0.35300000E+03     -0.3261301759512659E+02
  0.35400000E+03     -0.3179127813267584E+02
  0.35500000E+03     -0.3097999973892711E+02
  0.35600000E+03     -0.3017792795520759E+02
  0.35700000E+03     -0.2938463149245262E+02
  0.35800000E+03     -0.2860548118127811E+02
  0.35900000E+03     -0.2783545205428384E+02
  0.36000000E+03     -0.2707496842011401E+02
  0.36100000E+03     -0.2633176008129435E+02
  0.36200000E+03     -0.2560026780947126E+02
  0.36300000E+03     -0.2487898786482839E+02
  0.36400000E+03     -0.2416709322176368E+02
  0.36500000E+03     -0.2346826071535515E+02
  0.36600000E+03     -0.2278132602974259E+02
  0.36700000E+03     -0.2211576647008068E+02
  0.36800000E+03     -0.2146079302673174E+02
  0.36900000E+03     -0.2082568741073375E+02
  0.37000000E+03     -0.2021070453732851E+02
  0.37100000E+03     -0.1960642444833620E+02
  0.37200000E+03     -0.1901750214302374E+02
  0.37300000E+03     -0.1844856278157595E+02
  0.37400000E+03     -0.1789211397068134E+02
  0.37500000E+03     -0.1735048743417673E+02
  0.37600000E+03     -0.1683387227042936E+02
  0.37700000E+03     -0.1633510856966165E+02
  0.37800000E+03     -0.1585685999896166E+02
  0.37900000E+03     -0.1540051380945039E+02
  0.38000000E+03     -0.1496273284715297E+02
  0.38100000E+03     -0.1454644877518430E+02
  0.38200000E+03     -0.1415151798782560E+02
  0.38300000E+03     -0.1377663907030930E+02
  0.38400000E+03     -0.1342528534635191E+02
  0.38500000E+03     -0.1309831905062459E+02
  0.38600000E+03     -0.1278356539652107E+02
  0.38700000E+03     -0.1250179410348052E+02
  0.38800000E+03     -0.1223926424711494E+02
  0.38900000E+03     -0.1200354898197938E+02
  0.39000000E+03     -0.1180400601414540E+02
  0.39100000E+03     -0.1161738967207251E+02
  0.39200000E+03     -0.1146294889727095E+02
  0.39300000E+03     -0.1132864613215953E+02
  0.39400000E+03     -0.1122555865512219E+02
  0.39500000E+03     -0.1114725119840952E+02
  0.39600000E+03     -0.1109531345353340E+02
  0.39700000E+03     -0.1107752664198586E+02
  0.39800000E+03     -0.1108392361413084E+02
  0.39900000E+03     -0.1111926001851916E+02
  0.40000000E+03     -0.1118612431341107E+02
  0.40100000E+03     -0.1128181258289478E+02
  0.40200000E+03     -0.1140954681630296E+02
  0.40300000E+03     -0.1156917052327752E+02
  0.40400000E+03     -0.1176975888038512E+02
  0.40500000E+03     -0.1198879976748870E+02
  0.40600000E+03     -0.1224083381320189E+02
  0.40700000E+03     -0.1253200627490187E+02
  0.40800000E+03     -0.1286958796113449E+02
  0.40900000E+03     -0.1322228717634144E+02
  0.41000000E+03     -0.1362123490326534E+02
  0.41100000E+03     -0.1405748052835237E+02
  0.41200000E+03     -0.1452657359358982E+02
  0.41300000E+03     -0.1504147510027891E+02
  0.41400000E+03     -0.1559217112570636E+02
  0.41500000E+03     -0.1617500712517589E+02
  0.41600000E+03     -0.1679480004672453E+02
  0.41700000E+03     -0.1745542079682015E+02
  0.41800000E+03     -0.1815599425953221E+02
  0.41900000E+03     -0.1889087667926924E+02
  0.42000000E+03     -0.1967099598974620E+02
  0.42100000E+03     -0.2048918277583791E+02
  0.42200000E+03     -0.2136044022941807E+02
  0.42300000E+03     -0.2227697456818908E+02
  0.42400000E+03     -0.2322774572700557E+02
  0.42500000E+03     -0.2422353191575518E+02
  0.42600000E+03     -0.2527152171888140E+02
  0.42700000E+03     -0.2636399941281474E+02
  0.42800000E+03     -0.2749217420248677E+02
  0.42900000E+03     -0.2868036705882885E+02
  0.43000000E+03     -0.2992212197632431E+02
  0.43100000E+03     -0.3119640355233435E+02
  0.43200000E+03     -0.3251544527344808E+02
  0.43300000E+03     -0.3388732743059272E+02
  0.43400000E+03     -0.3531703922757607E+02
  0.43500000E+03     -0.3680232451710175E+02
  0.43600000E+03     -0.3834333388832448E+02
  0.43700000E+03     -0.3993214701805174E+02
  0.43800000E+03     -0.4158757385625092E+02
  0.43900000E+03     -0.4328219016178517E+02
  0.44000000E+03     -0.4504404809192417E+02
  0.44100000E+03     -0.4685168175736440E+02
  0.44200000E+03     -0.4871553685337263E+02
  0.44300000E+03     -0.5062929136942736E+02
  0.44400000E+03     -0.5259746430985827E+02
  0.44500000E+03     -0.5463574094207164E+02
  0.44600000E+03     -0.5672241884866470E+02
  0.44700000E+03     -0.5887282597591035E+02
  0.44800000E+03     -0.6110649606269488E+02
  0.44900000E+03     -0.6338483386679968E+02
  0.45000000E+03     -0.6572904444040377E+02
  0.45100000E+03     -0.6812436495648423E+02
  0.45200000E+03     -0.7057164557940490E+02
  0.45300000E+03     -0.7309525916984778E+02
  0.45400000E+03     -0.7568635421565700E+02
  0.45500000E+03     -0.7834306053108662E+02
  0.45600000E+03     -0.8105717058212814E+02
  0.45700000E+03     -0.8384003207529030E+02
  0.45800000E+03     -0.8670680720270796E+02
  0.45900000E+03     -0.8962980724481092E+02
  0.46000000E+03     -0.9263936988395632E+02
  0.46100000E+03     -0.9566723157747555E+02
  0.46200000E+03     -0.9877872566074772E+02
  0.46300000E+03     -0.1019884307363702E+03
  0.46400000E+03     -0.1052812661334194E+03
  0.46500000E+03     -0.1086355899812210E+03
  0.46600000E+03     -0.1120683036448138E+03
  0.46700000E+03     -0.1155527982456712E+03
  0.46800000E+03     -0.1191411075758773E+03
  0.46900000E+03     -0.1227798417544244E+03
  0.47000000E+03     -0.1265015665142769E+03
  0.47100000E+03     -0.1303141981250073E+03
  0.47200000E+03     -0.1342251918418534E+03
  0.47300000E+03     -0.1382147117570718E+03
  0.47400000E+03     -0.1422748764652731E+03
  0.47500000E+03     -0.1464192799498833E+03
  0.47600000E+03     -0.1506112174610420E+03
  0.47700000E+03     -0.1549373461087568E+03
  0.47800000E+03     -0.1593161398589612E+03
  0.47900000E+03     -0.1637833222573497E+03
  0.48000000E+03     -0.1683394954554127E+03
  0.48100000E+03     -0.1729832475306846E+03
  0.48200000E+03     -0.1777207182978094E+03
  0.48300000E+03     -0.1825462483809239E+03
  0.48400000E+03     -0.1874524368490623E+03
  0.48500000E+03     -0.1924532914870220E+03
  0.48600000E+03     -0.1975443320077959E+03
  0.48700000E+03     -0.2027208298050651E+03
  0.48800000E+03     -0.2079893933858002E+03
  0.48900000E+03     -0.2133693035144206E+03
  0.49000000E+03     -0.2188478574051137E+03
  0.49100000E+03     -0.2243997081880783E+03
  0.49200000E+03     -0.2300375955134618E+03
  0.49300000E+03     -0.2358014288568968E+03
  0.49400000E+03     -0.2416503914005020E+03
  0.49500000E+03     -0.2476145010173755E+03
  0.49600000E+03     -0.2536592307668862E+03
  0.49700000E+03     -0.2598219045503579E+03
  0.49800000E+03     -0.2660667625919789E+03
  0.49900000E+03     -0.2706827772922805E+03
  0.50000000E+03     -0.2732792603111182E+03
  0.50100000E+03     -0.2762629711706653E+03
  0.50200000E+03     -0.2840768111188765E+03
  0.50300000E+03     -0.2889888630273981E+03
  0.50400000E+03     -0.2958819314768038E+03
  0.50500000E+03     -0.3027948547620136E+03
  0.50600000E+03     -0.3080335560601523E+03
  0.50700000E+03     -0.3116763193013877E+03
  0.50800000E+03     -0.3154173935634111E+03
  0.50900000E+03     -0.3274753131116752E+03
  0.51000000E+03     -0.3358528781163405E+03
