  0.00000000E+00     -0.2304523547783777E+02
  0.10000000E+01     -0.2018645631187260E+02
  0.20000000E+01     -0.1800343091717353E+02
  0.30000000E+01     -0.1620829523958631E+02
  0.40000000E+01     -0.1468357885349976E+02
  0.50000000E+01     -0.1336490509043911E+02
  0.60000000E+01     -0.1221107762127136E+02
  0.70000000E+01     -0.1119416764166702E+02
  0.80000000E+01     -0.1029349298970274E+02
  0.90000000E+01     -0.9493513226415430E+01
  0.10000000E+02     -0.8781687930782093E+01
  0.11000000E+02     -0.8147853807367555E+01
  0.12000000E+02     -0.7583728458664231E+01
  0.13000000E+02     -0.7082627673354891E+01
  0.14000000E+02     -0.6638814318109913E+01
  0.15000000E+02     -0.6247108991295526E+01
  0.16000000E+02     -0.5902832335754756E+01
  0.17000000E+02     -0.5602310741801535E+01
  0.18000000E+02     -0.5341855101420180E+01
  0.19000000E+02     -0.5118797581760826E+01
  0.20000000E+02     -0.4930364501305863E+01
  0.21000000E+02     -0.4773714626523383E+01
  0.22000000E+02     -0.4646969444854623E+01
  0.23000000E+02     -0.4547824665731393E+01
  0.24000000E+02     -0.4474469328132592E+01
  0.25000000E+02     -0.4425531712641251E+01
  0.26000000E+02     -0.4399155763590819E+01
  0.27000000E+02     -0.4393916405229862E+01
  0.28000000E+02     -0.4408585196782119E+01
  0.29000000E+02     -0.4441878646371855E+01
  0.30000000E+02     -0.4492694003814619E+01
  0.31000000E+02     -0.4559964069335003E+01
  0.32000000E+02     -0.4642470159611872E+01
  0.33000000E+02     -0.4739451785395644E+01
  0.34000000E+02     -0.4850152119230881E+01
  0.35000000E+02     -0.4973505945662267E+01
  0.36000000E+02     -0.5108808515347839E+01
  0.37000000E+02     -0.5255148773923001E+01
  0.38000000E+02     -0.5412317690853214E+01
  0.39000000E+02     -0.5579615200111999E+01
  0.40000000E+02     -0.5755910278596339E+01
  0.41000000E+02     -0.5941073251554851E+01
  0.42000000E+02     -0.6134325776679796E+01
  0.43000000E+02     -0.6335141004206626E+01
  0.44000000E+02     -0.6543177264254258E+01
  0.45000000E+02     -0.6758130754205357E+01
  0.46000000E+02     -0.6979360737951534E+01
  0.47000000E+02     -0.7206398252317122E+01
  0.48000000E+02     -0.7439168001601200E+01
  0.49000000E+02     -0.7676569763644469E+01
  0.50000000E+02     -0.7918874460834633E+01
  0.51000000E+02     -0.8165302695634875E+01
  0.52000000E+02     -0.8415674799127689E+01
  0.53000000E+02     -0.8669349480034093E+01
  0.54000000E+02     -0.8926592617134695E+01
  0.55000000E+02     -0.9187297892743143E+01
  0.56000000E+02     -0.9450719281754989E+01
  0.57000000E+02     -0.9716541170762994E+01
  0.58000000E+02     -0.9984503700585723E+01
  0.59000000E+02     -0.1025443006803192E+02
  0.60000000E+02     -0.1052615837442550E+02
  0.61000000E+02     -0.1079963237213928E+02
  0.62000000E+02     -0.1107491166817760E+02
  0.63000000E+02     -0.1135102859891358E+02
  0.64000000E+02     -0.1162796462983240E+02
  0.65000000E+02     -0.1190553016702380E+02
  0.66000000E+02     -0.1218377143339741E+02
  0.67000000E+02     -0.1246223656136694E+02
  0.68000000E+02     -0.1274093984515808E+02
  0.69000000E+02     -0.1301994526979199E+02
  0.70000000E+02     -0.1329880841743742E+02
  0.71000000E+02     -0.1357777622327883E+02
  0.72000000E+02     -0.1385610524498310E+02
  0.73000000E+02     -0.1413372878600605E+02
  0.74000000E+02     -0.1441117305686384E+02
  0.75000000E+02     -0.1468790818759558E+02
  0.76000000E+02     -0.1496379903525533E+02
  0.77000000E+02     -0.1523863406068907E+02
  0.78000000E+02     -0.1551205795197692E+02
  0.79000000E+02     -0.1578420205551926E+02
  0.80000000E+02     -0.1605551811843904E+02
  0.81000000E+02     -0.1632524318106370E+02
  0.82000000E+02     -0.1659338088320848E+02
  0.83000000E+02     -0.1685972506355221E+02
  0.84000000E+02     -0.1712438614182572E+02
  0.85000000E+02     -0.1738728041473292E+02
  0.86000000E+02     -0.1764837663221746E+02
  0.87000000E+02     -0.1790786357547486E+02
  0.88000000E+02     -0.1816558088184745E+02
  0.89000000E+02     -0.1842120394858066E+02
  0.90000000E+02     -0.1867475818495188E+02
  0.91000000E+02     -0.1892591528060318E+02
  0.92000000E+02     -0.1917467939660885E+02
  0.93000000E+02     -0.1942139212629518E+02
  0.94000000E+02     -0.1966538721040209E+02
  0.95000000E+02     -0.1990738763483586E+02
  0.96000000E+02     -0.2014670235675737E+02
  0.97000000E+02     -0.2038332571102056E+02
  0.98000000E+02     -0.2061756758783274E+02
  0.99000000E+02     -0.2084927967367163E+02
  0.10000000E+03     -0.2107862186814743E+02
  0.10100000E+03     -0.2130501688405424E+02
  0.10200000E+03     -0.2152880525233852E+02
  0.10300000E+03     -0.2174979746246395E+02
  0.10400000E+03     -0.2196763462648741E+02
  0.10500000E+03     -0.2218258119829522E+02
  0.10600000E+03     -0.2239504172064296E+02
  0.10700000E+03     -0.2260475025976336E+02
  0.10800000E+03     -0.2281113488555466E+02
  0.10900000E+03     -0.2301510111245586E+02
  0.11000000E+03     -0.2321624427756454E+02
  0.11100000E+03     -0.2341443514233016E+02
  0.11200000E+03     -0.2360923623305258E+02
  0.11300000E+03     -0.2380154093054181E+02
  0.11400000E+03     -0.2399008782493736E+02
  0.11500000E+03     -0.2417547090299242E+02
  0.11600000E+03     -0.2435782750693426E+02
  0.11700000E+03     -0.2453663356819887E+02
  0.11800000E+03     -0.2471246243929308E+02
  0.11900000E+03     -0.2488537246748607E+02
  0.12000000E+03     -0.2505514304117463E+02
  0.12100000E+03     -0.2522140483603030E+02
  0.12200000E+03     -0.2538477812741104E+02
  0.12300000E+03     -0.2554510355567925E+02
  0.12400000E+03     -0.2570218060679033E+02
  0.12500000E+03     -0.2585652401907991E+02
  0.12600000E+03     -0.2600689883485740E+02
  0.12700000E+03     -0.2615429847106653E+02
  0.12800000E+03     -0.2629826587875158E+02
  0.12900000E+03     -0.2643887318232397E+02
  0.13000000E+03     -0.2657620262684092E+02
  0.13100000E+03     -0.2671055920545698E+02
  0.13200000E+03     -0.2684173493252182E+02
  0.13300000E+03     -0.2696937820391415E+02
  0.13400000E+03     -0.2709307617736528E+02
  0.13500000E+03     -0.2721361720230361E+02
  0.13600000E+03     -0.2733131922147180E+02
  0.13700000E+03     -0.2744527522730493E+02
  0.13800000E+03     -0.2755615096538583E+02
  0.13900000E+03     -0.2766321913240159E+02
  0.14000000E+03     -0.2776741264713881E+02
  0.14100000E+03     -0.2786787834104228E+02
  0.14200000E+03     -0.2796586291689179E+02
  0.14300000E+03     -0.2806076526930179E+02
  0.14400000E+03     -0.2815116929817194E+02
  0.14500000E+03     -0.2823796381521567E+02
  0.14600000E+03     -0.2832151916534933E+02
  0.14700000E+03     -0.2840207894766030E+02
  0.14800000E+03     -0.2847856124353124E+02
  0.14900000E+03     -0.2855206426702709E+02
  0.15000000E+03     -0.2862214915242119E+02
  0.15100000E+03     -0.2868895349243490E+02
  0.15200000E+03     -0.2875198265250491E+02
  0.15300000E+03     -0.2881145626254311E+02
  0.15400000E+03     -0.2886807850435353E+02
  0.15500000E+03     -0.2892154110378005E+02
  0.15600000E+03     -0.2897144531415827E+02
  0.15700000E+03     -0.2901842043497780E+02
  0.15800000E+03     -0.2906105094507639E+02
  0.15900000E+03     -0.2910040955361066E+02
  0.16000000E+03     -0.2913607862911530E+02
  0.16100000E+03     -0.2916916233112134E+02
  0.16200000E+03     -0.2919800987765885E+02
  0.16300000E+03     -0.2922344591262122E+02
  0.16400000E+03     -0.2924571084035676E+02
  0.16500000E+03     -0.2926466980945231E+02
  0.16600000E+03     -0.2928057116550747E+02
  0.16700000E+03     -0.2929233361257788E+02
  0.16800000E+03     -0.2930112570360072E+02
  0.16900000E+03     -0.2930622136684313E+02
  0.17000000E+03     -0.2930787937705280E+02
  0.17100000E+03     -0.2930645872625453E+02
  0.17200000E+03     -0.2930139051739494E+02
  0.17300000E+03     -0.2929346355501551E+02
  0.17400000E+03     -0.2928200687564699E+02
  0.17500000E+03     -0.2926673101613797E+02
  0.17600000E+03     -0.2924754537677325E+02
  0.17700000E+03     -0.2922584237660531E+02
  0.17800000E+03     -0.2919984500856299E+02
  0.17900000E+03     -0.2917021212098068E+02
  0.18000000E+03     -0.2913794148621178E+02
  0.18100000E+03     -0.2910246060434272E+02
  0.18200000E+03     -0.2906315721703547E+02
  0.18300000E+03     -0.2902089729115626E+02
  0.18400000E+03     -0.2897541315571835E+02
  0.18500000E+03     -0.2892691320688197E+02
  0.18600000E+03     -0.2887463485603029E+02
  0.18700000E+03     -0.2881851393220840E+02
  0.18800000E+03     -0.2875949275813811E+02
  0.18900000E+03     -0.2869686625393067E+02
  0.19000000E+03     -0.2863102861218265E+02
  0.19100000E+03     -0.2856216542187566E+02
  0.19200000E+03     -0.2849022399079151E+02
  0.19300000E+03     -0.2841442310686189E+02
  0.19400000E+03     -0.2833558303189959E+02
  0.19500000E+03     -0.2825274987485876E+02
  0.19600000E+03     -0.2816699909432596E+02
  0.19700000E+03     -0.2807779343983867E+02
  0.19800000E+03     -0.2798584560371538E+02
  0.19900000E+03     -0.2789008171568491E+02
  0.20000000E+03     -0.2779178175026335E+02
  0.20100000E+03     -0.2768995657852979E+02
  0.20200000E+03     -0.2758454292763661E+02
  0.20300000E+03     -0.2747646884798396E+02
  0.20400000E+03     -0.2736442149844556E+02
  0.20500000E+03     -0.2724996809861610E+02
  0.20600000E+03     -0.2713154829084849E+02
  0.20700000E+03     -0.2701053037462659E+02
  0.20800000E+03     -0.2688606089771860E+02
  0.20900000E+03     -0.2675802632945743E+02
  0.21000000E+03     -0.2662731477050249E+02
  0.21100000E+03     -0.2649367935312861E+02
  0.21200000E+03     -0.2635580721929762E+02
  0.21300000E+03     -0.2621567314617712E+02
  0.21400000E+03     -0.2607113462730764E+02
  0.21500000E+03     -0.2592488120725003E+02
  0.21600000E+03     -0.2577495367336431E+02
  0.21700000E+03     -0.2562211210234358E+02
  0.21800000E+03     -0.2546730979679147E+02
  0.21900000E+03     -0.2530962986867672E+02
  0.22000000E+03     -0.2514781111021224E+02
  0.22100000E+03     -0.2498384639494038E+02
  0.22200000E+03     -0.2481634047735467E+02
  0.22300000E+03     -0.2464611356578514E+02
  0.22400000E+03     -0.2447275643457944E+02
  0.22500000E+03     -0.2429634947886053E+02
  0.22600000E+03     -0.2411753312619954E+02
  0.22700000E+03     -0.2393613042321459E+02
  0.22800000E+03     -0.2375158802807381E+02
  0.22900000E+03     -0.2356403849058309E+02
  0.23000000E+03     -0.2337395810733281E+02
  0.23100000E+03     -0.2318085007945687E+02
  0.23200000E+03     -0.2298536883287664E+02
  0.23300000E+03     -0.2278810858139640E+02
  0.23400000E+03     -0.2258743423038525E+02
  0.23500000E+03     -0.2238480740590672E+02
  0.23600000E+03     -0.2217931070545087E+02
  0.23700000E+03     -0.2197228161796857E+02
  0.23800000E+03     -0.2176148380051125E+02
  0.23900000E+03     -0.2154885468772946E+02
  0.24000000E+03     -0.2133394678268681E+02
  0.24100000E+03     -0.2111688483634108E+02
  0.24200000E+03     -0.2089764750111991E+02
  0.24300000E+03     -0.2067625225640746E+02
  0.24400000E+03     -0.2045360885495402E+02
  0.24500000E+03     -0.2022788103091596E+02
  0.24600000E+03     -0.2000043236857456E+02
  0.24700000E+03     -0.1977036087550041E+02
  0.24800000E+03     -0.1953880757366171E+02
  0.24900000E+03     -0.1930537928342876E+02
  0.25000000E+03     -0.1907038210148784E+02
  0.25100000E+03     -0.1883313336774206E+02
  0.25200000E+03     -0.1859446344526821E+02
  0.25300000E+03     -0.1835443736011471E+02
  0.25400000E+03     -0.1811325359483996E+02
  0.25500000E+03     -0.1787008910220404E+02
  0.25600000E+03     -0.1762599574628733E+02
  0.25700000E+03     -0.1738007147340630E+02
  0.25800000E+03     -0.1713297835365205E+02
  0.25900000E+03     -0.1688477145376913E+02
  0.26000000E+03     -0.1663613659580143E+02
  0.26100000E+03     -0.1638606561245280E+02
  0.26200000E+03     -0.1613513651200027E+02
  0.26300000E+03     -0.1588305771651735E+02
  0.26400000E+03     -0.1563025364915821E+02
  0.26500000E+03     -0.1537676840515513E+02
  0.26600000E+03     -0.1512281163451683E+02
  0.26700000E+03     -0.1486775209986972E+02
  0.26800000E+03     -0.1461220844546265E+02
  0.26900000E+03     -0.1435707125763925E+02
  0.27000000E+03     -0.1410216663999167E+02
  0.27100000E+03     -0.1384643305096428E+02
  0.27200000E+03     -0.1359052188047342E+02
  0.27300000E+03     -0.1333561480048010E+02
  0.27400000E+03     -0.1308048805988090E+02
  0.27500000E+03     -0.1282562489021524E+02
  0.27600000E+03     -0.1257098449972615E+02
  0.27700000E+03     -0.1231736043852374E+02
  0.27800000E+03     -0.1206429891555662E+02
  0.27900000E+03     -0.1181141324652398E+02
  0.28000000E+03     -0.1156048765570574E+02
  0.28100000E+03     -0.1131016420995253E+02
  0.28200000E+03     -0.1106110463673619E+02
  0.28300000E+03     -0.1081351246000138E+02
  0.28400000E+03     -0.1056711171419322E+02
  0.28500000E+03     -0.1032269100815425E+02
  0.28600000E+03     -0.1007992175015037E+02
  0.28700000E+03     -0.9838636680815913E+01
  0.28800000E+03     -0.9599674288277019E+01
  0.28900000E+03     -0.9363214428664151E+01
  0.29000000E+03     -0.9128758105733198E+01
  0.29100000E+03     -0.8896426335291348E+01
  0.29200000E+03     -0.8666341150550352E+01
  0.29300000E+03     -0.8439510967458425E+01
  0.29400000E+03     -0.8214727739960011E+01
  0.29500000E+03     -0.7993037985265392E+01
  0.29600000E+03     -0.7775140118978195E+01
  0.29700000E+03     -0.7560102275291296E+01
  0.29800000E+03     -0.7349121140319575E+01
  0.29900000E+03     -0.7140966318522221E+01
  0.30000000E+03     -0.6936453363946693E+01
  0.30100000E+03     -0.6735878871103076E+01
  0.30200000E+03     -0.6539670179892835E+01
  0.30300000E+03     -0.6348200590648437E+01
  0.30400000E+03     -0.6160672226937153E+01
  0.30500000E+03     -0.5977816174121686E+01
  0.30600000E+03     -0.5799332473064437E+01
  0.30700000E+03     -0.5626368776420358E+01
  0.30800000E+03     -0.5458444604467194E+01
  0.30900000E+03     -0.5295991750964193E+01
  0.31000000E+03     -0.5139421938913374E+01
  0.31100000E+03     -0.4987708157746708E+01
  0.31200000E+03     -0.4843165105436531E+01
  0.31300000E+03     -0.4704904383763191E+01
  0.31400000E+03     -0.4571446887099737E+01
  0.31500000E+03     -0.4444808526267613E+01
  0.31600000E+03     -0.4325651098084497E+01
  0.31700000E+03     -0.4212218330212066E+01
  0.31800000E+03     -0.4105975985923779E+01
  0.31900000E+03     -0.4008112098001364E+01
  0.32000000E+03     -0.3917529811520550E+01
  0.32100000E+03     -0.3835362267007332E+01
  0.32200000E+03     -0.3760982099915969E+01
  0.32300000E+03     -0.3695033620041741E+01
  0.32400000E+03     -0.3636020930596064E+01
  0.32500000E+03     -0.3586632850110828E+01
  0.32600000E+03     -0.3546928123126975E+01
  0.32700000E+03     -0.3517020150493373E+01
  0.32800000E+03     -0.3496358759086494E+01
  0.32900000E+03     -0.3484552985069836E+01
  0.33000000E+03     -0.3483683728197242E+01
  0.33100000E+03     -0.3491287463968223E+01
  0.33200000E+03     -0.3509049601930616E+01
  0.33300000E+03     -0.3538005807456009E+01
  0.33400000E+03     -0.3576990277128164E+01
  0.33500000E+03     -0.3624758894012423E+01
  0.33600000E+03     -0.3685472095183456E+01
  0.33700000E+03     -0.3759178381820337E+01
  0.33800000E+03     -0.3844547167284311E+01
  0.33900000E+03     -0.3938818017889975E+01
  0.34000000E+03     -0.4047423239821530E+01
  0.34100000E+03     -0.4169434680431088E+01
  0.34200000E+03     -0.4306706492771781E+01
  0.34300000E+03     -0.4455249114317066E+01
  0.34400000E+03     -0.4617151046715356E+01
  0.34500000E+03     -0.4792184205644527E+01
  0.34600000E+03     -0.4980551923716014E+01
  0.34700000E+03     -0.5183445026560477E+01
  0.34800000E+03     -0.5401075213766580E+01
  0.34900000E+03     -0.5635130519919544E+01
  0.35000000E+03     -0.5881507484416089E+01
  0.35100000E+03     -0.6143792992632607E+01
  0.35200000E+03     -0.6421642952271059E+01
  0.35300000E+03     -0.6714016817260889E+01
  0.35400000E+03     -0.7024636918008595E+01
  0.35500000E+03     -0.7352965866292505E+01
  0.35600000E+03     -0.7698357732505373E+01
  0.35700000E+03     -0.8059159237298198E+01
  0.35800000E+03     -0.8434183151656748E+01
  0.35900000E+03     -0.8830548045749826E+01
  0.36000000E+03     -0.9243697840192453E+01
  0.36100000E+03     -0.9673910469048742E+01
  0.36200000E+03     -0.1012471552938959E+02
  0.36300000E+03     -0.1059449688285201E+02
  0.36400000E+03     -0.1108326291018071E+02
  0.36500000E+03     -0.1159021541547480E+02
  0.36600000E+03     -0.1211773611286217E+02
  0.36700000E+03     -0.1266561066278435E+02
  0.36800000E+03     -0.1323392191663865E+02
  0.36900000E+03     -0.1382290538441646E+02
  0.37000000E+03     -0.1443281355902875E+02
  0.37100000E+03     -0.1506425775452220E+02
  0.37200000E+03     -0.1571719250004294E+02
  0.37300000E+03     -0.1639413319362557E+02
  0.37400000E+03     -0.1709062435655246E+02
  0.37500000E+03     -0.1781043801305206E+02
  0.37600000E+03     -0.1855720854478668E+02
  0.37700000E+03     -0.1933032128120747E+02
  0.37800000E+03     -0.2012542512758736E+02
  0.37900000E+03     -0.2094187884898044E+02
  0.38000000E+03     -0.2178336842105472E+02
  0.38100000E+03     -0.2265120683445805E+02
  0.38200000E+03     -0.2354431181031492E+02
  0.38300000E+03     -0.2446334177391603E+02
  0.38400000E+03     -0.2540776728973250E+02
  0.38500000E+03     -0.2637840662892039E+02
  0.38600000E+03     -0.2737964085384468E+02
  0.38700000E+03     -0.2840620722646499E+02
  0.38800000E+03     -0.2945898945210634E+02
  0.38900000E+03     -0.3054338081503897E+02
  0.39000000E+03     -0.3165679832161983E+02
  0.39100000E+03     -0.3279618778096148E+02
  0.39200000E+03     -0.3396981863023009E+02
  0.39300000E+03     -0.3516922098468751E+02
  0.39400000E+03     -0.3640068522714693E+02
  0.39500000E+03     -0.3765719755301903E+02
  0.39600000E+03     -0.3894976429797157E+02
  0.39700000E+03     -0.4027231827716720E+02
  0.39800000E+03     -0.4161991210949815E+02
  0.39900000E+03     -0.4300136136846092E+02
  0.40000000E+03     -0.4442412164797820E+02
  0.40100000E+03     -0.4587512740666578E+02
  0.40200000E+03     -0.4735660267487644E+02
  0.40300000E+03     -0.4887506192485249E+02
  0.40400000E+03     -0.5043534886238981E+02
  0.40500000E+03     -0.5202517162108497E+02
  0.40600000E+03     -0.5364460590359845E+02
  0.40700000E+03     -0.5530477860331061E+02
  0.40800000E+03     -0.5700355612911763E+02
  0.40900000E+03     -0.5873713343389839E+02
  0.41000000E+03     -0.6050971668379414E+02
  0.41100000E+03     -0.6232386627274358E+02
  0.41200000E+03     -0.6416636416053312E+02
  0.41300000E+03     -0.6604582561796953E+02
  0.41400000E+03     -0.6797065173248431E+02
  0.41500000E+03     -0.6992623908763075E+02
  0.41600000E+03     -0.7192870075564886E+02
  0.41700000E+03     -0.7397138167642954E+02
  0.41800000E+03     -0.7604947542983844E+02
  0.41900000E+03     -0.7817282742410551E+02
  0.42000000E+03     -0.8034034408508626E+02
  0.42100000E+03     -0.8255164560441111E+02
  0.42200000E+03     -0.8480991569923111E+02
  0.42300000E+03     -0.8710100834481375E+02
  0.42400000E+03     -0.8944861517186501E+02
  0.42500000E+03     -0.9183528346941637E+02
  0.42600000E+03     -0.9426937760576301E+02
  0.42700000E+03     -0.9674284397927543E+02
  0.42800000E+03     -0.9926449924588242E+02
  0.42900000E+03     -0.1018301226891282E+03
  0.43000000E+03     -0.1044485485762652E+03
  0.43100000E+03     -0.1071020693257003E+03
  0.43200000E+03     -0.1098036790345251E+03
  0.43300000E+03     -0.1125588207770762E+03
  0.43400000E+03     -0.1153651683872969E+03
  0.43500000E+03     -0.1182167266516479E+03
  0.43600000E+03     -0.1211281417850776E+03
  0.43700000E+03     -0.1240768428172104E+03
  0.43800000E+03     -0.1270723704428345E+03
  0.43900000E+03     -0.1301282691980041E+03
  0.44000000E+03     -0.1332363000126511E+03
  0.44100000E+03     -0.1364079130246065E+03
  0.44200000E+03     -0.1396142403240717E+03
  0.44300000E+03     -0.1428892916745382E+03
  0.44400000E+03     -0.1462168465845241E+03
  0.44500000E+03     -0.1495919486528390E+03
  0.44600000E+03     -0.1530170946525957E+03
  0.44700000E+03     -0.1565157618957029E+03
  0.44800000E+03     -0.1600607997374732E+03
  0.44900000E+03     -0.1636647002781757E+03
  0.45000000E+03     -0.1673331990649951E+03
  0.45100000E+03     -0.1710488658555818E+03
  0.45200000E+03     -0.1748202120070044E+03
  0.45300000E+03     -0.1786625774171832E+03
  0.45400000E+03     -0.1825633770888544E+03
  0.45500000E+03     -0.1865181620715736E+03
  0.45600000E+03     -0.1905392209235791E+03
  0.45700000E+03     -0.1946212097547537E+03
  0.45800000E+03     -0.1987608133907675E+03
  0.45900000E+03     -0.2029703050459612E+03
  0.46000000E+03     -0.2072491953950959E+03
  0.46100000E+03     -0.2115732019884825E+03
  0.46200000E+03     -0.2159685150021163E+03
  0.46300000E+03     -0.2204368631472063E+03
  0.46400000E+03     -0.2249477851952982E+03
  0.46500000E+03     -0.2295389108722812E+03
  0.46600000E+03     -0.2342102146310887E+03
  0.46700000E+03     -0.2389354661247660E+03
  0.46800000E+03     -0.2437419996864342E+03
  0.46900000E+03     -0.2486094328772440E+03
  0.47000000E+03     -0.2535318983438513E+03
  0.47100000E+03     -0.2585299343337447E+03
  0.47200000E+03     -0.2636062366742141E+03
  0.47300000E+03     -0.2687601165327931E+03
  0.47400000E+03     -0.2739820733667673E+03
  0.47500000E+03     -0.2792918319053420E+03
  0.47600000E+03     -0.2846676708566939E+03
  0.47700000E+03     -0.2901173196113867E+03
  0.47800000E+03     -0.2956447392911609E+03
  0.47900000E+03     -0.3012586796692975E+03
  0.48000000E+03     -0.3069362039845814E+03
  0.48100000E+03     -0.3126794468516291E+03
  0.48200000E+03     -0.3185189784051962E+03
  0.48300000E+03     -0.3244487935073500E+03
  0.48400000E+03     -0.3304555976956941E+03
  0.48500000E+03     -0.3365211432069223E+03
  0.48600000E+03     -0.3426447323994877E+03
  0.48700000E+03     -0.3488882835069636E+03
  0.48800000E+03     -0.3552012379731971E+03
  0.48900000E+03     -0.3615935381327855E+03
  0.49000000E+03     -0.3680888635732937E+03
  0.49100000E+03     -0.3746380166949480E+03
  0.49200000E+03     -0.3812920885325686E+03
  0.49300000E+03     -0.3880347060203814E+03
  0.49400000E+03     -0.3948422799993164E+03
  0.49500000E+03     -0.4017669252008441E+03
  0.49600000E+03     -0.4087370301841933E+03
  0.49700000E+03     -0.4158399607380130E+03
  0.49800000E+03     -0.4230268740464661E+03
  0.49900000E+03     -0.4302944313765075E+03
  0.50000000E+03     -0.4376319984847963E+03
  0.50100000E+03     -0.4450690361038715E+03
  0.50200000E+03     -0.4526022558583052E+03
  0.50300000E+03     -0.4602338309068212E+03
  0.50400000E+03     -0.4679349130878413E+03
  0.50500000E+03     -0.4757454278293237E+03
  0.50600000E+03     -0.4836586179157793E+03
  0.50700000E+03     -0.4916932492759154E+03
  0.50800000E+03     -0.4998310758829822E+03
  0.50900000E+03     -0.5080160500899547E+03
  0.51000000E+03     -0.5163183298296558E+03
