  0.00000000E+00     -0.2305436415481153E+02
  0.10000000E+01     -0.2019566807128588E+02
  0.20000000E+01     -0.1801274479951368E+02
  0.30000000E+01     -0.1621769943294469E+02
  0.40000000E+01     -0.1469287906081891E+02
  0.50000000E+01     -0.1337381097317616E+02
  0.60000000E+01     -0.1221985458962046E+02
  0.70000000E+01     -0.1120277073550525E+02
  0.80000000E+01     -0.1030197919866298E+02
  0.90000000E+01     -0.9501854419755107E+01
  0.10000000E+02     -0.8789984784121179E+01
  0.11000000E+02     -0.8156122370549371E+01
  0.12000000E+02     -0.7592326861701247E+01
  0.13000000E+02     -0.7091551090078886E+01
  0.14000000E+02     -0.6647630988464787E+01
  0.15000000E+02     -0.6255651836965033E+01
  0.16000000E+02     -0.5911219395725205E+01
  0.17000000E+02     -0.5610744519319223E+01
  0.18000000E+02     -0.5350438066198105E+01
  0.19000000E+02     -0.5127390417391439E+01
  0.20000000E+02     -0.4938880828729733E+01
  0.21000000E+02     -0.4782327300123960E+01
  0.22000000E+02     -0.4655652481766694E+01
  0.23000000E+02     -0.4556590094729188E+01
  0.24000000E+02     -0.4483211672414473E+01
  0.25000000E+02     -0.4434263943590679E+01
  0.26000000E+02     -0.4407901384491588E+01
  0.27000000E+02     -0.4402922326866044E+01
  0.28000000E+02     -0.4417602773836702E+01
  0.29000000E+02     -0.4450817631346105E+01
  0.30000000E+02     -0.4501457349522962E+01
  0.31000000E+02     -0.4568678022635993E+01
  0.32000000E+02     -0.4651413762603170E+01
  0.33000000E+02     -0.4748483657058131E+01
  0.34000000E+02     -0.4858906936246541E+01
  0.35000000E+02     -0.4982233116743526E+01
  0.36000000E+02     -0.5117672517164984E+01
  0.37000000E+02     -0.5264170908216730E+01
  0.38000000E+02     -0.5421167641929159E+01
  0.39000000E+02     -0.5588376909532780E+01
  0.40000000E+02     -0.5764447095244773E+01
  0.41000000E+02     -0.5949615550434213E+01
  0.42000000E+02     -0.6143093704051278E+01
  0.43000000E+02     -0.6344166472372823E+01
  0.44000000E+02     -0.6552428593707528E+01
  0.45000000E+02     -0.6767326846027391E+01
  0.46000000E+02     -0.6988306928130250E+01
  0.47000000E+02     -0.7215199400265870E+01
  0.48000000E+02     -0.7447835653287562E+01
  0.49000000E+02     -0.7685291055527106E+01
  0.50000000E+02     -0.7927111664107720E+01
  0.51000000E+02     -0.8173508222235871E+01
  0.52000000E+02     -0.8423910826885709E+01
  0.53000000E+02     -0.8677856920346603E+01
  0.54000000E+02     -0.8935326797933261E+01
  0.55000000E+02     -0.9195701591136164E+01
  0.56000000E+02     -0.9458951356202860E+01
  0.57000000E+02     -0.9724642444131327E+01
  0.58000000E+02     -0.9992662280042829E+01
  0.59000000E+02     -0.1026289313985573E+02
  0.60000000E+02     -0.1053464068890703E+02
  0.61000000E+02     -0.1080825929449038E+02
  0.62000000E+02     -0.1108338861462965E+02
  0.63000000E+02     -0.1135944881663338E+02
  0.64000000E+02     -0.1163627096923682E+02
  0.65000000E+02     -0.1191384878007818E+02
  0.66000000E+02     -0.1219206610024439E+02
  0.67000000E+02     -0.1247075454470310E+02
  0.68000000E+02     -0.1274955052987252E+02
  0.69000000E+02     -0.1302864213631426E+02
  0.70000000E+02     -0.1330764517565472E+02
  0.71000000E+02     -0.1358624753299201E+02
  0.72000000E+02     -0.1386448147199069E+02
  0.73000000E+02     -0.1414211168899392E+02
  0.74000000E+02     -0.1441924116134899E+02
  0.75000000E+02     -0.1469583484326967E+02
  0.76000000E+02     -0.1497149731289638E+02
  0.77000000E+02     -0.1524623587280948E+02
  0.78000000E+02     -0.1551956133247260E+02
  0.79000000E+02     -0.1579191576233550E+02
  0.80000000E+02     -0.1606273877764596E+02
  0.81000000E+02     -0.1633233708808356E+02
  0.82000000E+02     -0.1660070708793396E+02
  0.83000000E+02     -0.1686713392014876E+02
  0.84000000E+02     -0.1713184224254649E+02
  0.85000000E+02     -0.1739498512942416E+02
  0.86000000E+02     -0.1765629563823381E+02
  0.87000000E+02     -0.1791533559591943E+02
  0.88000000E+02     -0.1817247217666121E+02
  0.89000000E+02     -0.1842752544007530E+02
  0.90000000E+02     -0.1868051184142827E+02
  0.91000000E+02     -0.1893160373981712E+02
  0.92000000E+02     -0.1918066898473349E+02
  0.93000000E+02     -0.1942743332646215E+02
  0.94000000E+02     -0.1967165440654160E+02
  0.95000000E+02     -0.1991337190113365E+02
  0.96000000E+02     -0.2015243171574943E+02
  0.97000000E+02     -0.2038921943228648E+02
  0.98000000E+02     -0.2062341418536375E+02
  0.99000000E+02     -0.2085519280198489E+02
  0.10000000E+03     -0.2108415704338619E+02
  0.10100000E+03     -0.2131067251517114E+02
  0.10200000E+03     -0.2153444653542514E+02
  0.10300000E+03     -0.2175562279555070E+02
  0.10400000E+03     -0.2197353195764006E+02
  0.10500000E+03     -0.2218892439781875E+02
  0.10600000E+03     -0.2240143095911143E+02
  0.10700000E+03     -0.2261119731367605E+02
  0.10800000E+03     -0.2281825857022782E+02
  0.10900000E+03     -0.2302205543330914E+02
  0.11000000E+03     -0.2322256858384911E+02
  0.11100000E+03     -0.2342031987100600E+02
  0.11200000E+03     -0.2361517476601341E+02
  0.11300000E+03     -0.2380685112794760E+02
  0.11400000E+03     -0.2399560549514872E+02
  0.11500000E+03     -0.2418109917438589E+02
  0.11600000E+03     -0.2436346207074242E+02
  0.11700000E+03     -0.2454314948413811E+02
  0.11800000E+03     -0.2471963939272968E+02
  0.11900000E+03     -0.2489284402792520E+02
  0.12000000E+03     -0.2506293443944245E+02
  0.12100000E+03     -0.2522978550787321E+02
  0.12200000E+03     -0.2539291355093632E+02
  0.12300000E+03     -0.2555298627877351E+02
  0.12400000E+03     -0.2571026856548019E+02
  0.12500000E+03     -0.2586397679600988E+02
  0.12600000E+03     -0.2601463330655777E+02
  0.12700000E+03     -0.2616129066152210E+02
  0.12800000E+03     -0.2630448697351769E+02
  0.12900000E+03     -0.2644534464771128E+02
  0.13000000E+03     -0.2658263157391063E+02
  0.13100000E+03     -0.2671652364481312E+02
  0.13200000E+03     -0.2684766154256218E+02
  0.13300000E+03     -0.2697546755944034E+02
  0.13400000E+03     -0.2709945116089158E+02
  0.13500000E+03     -0.2722065535708846E+02
  0.13600000E+03     -0.2733782835490959E+02
  0.13700000E+03     -0.2745175611599157E+02
  0.13800000E+03     -0.2756269166061726E+02
  0.13900000E+03     -0.2767016650896730E+02
  0.14000000E+03     -0.2777410003181926E+02
  0.14100000E+03     -0.2787480010557597E+02
  0.14200000E+03     -0.2797175399595158E+02
  0.14300000E+03     -0.2806547270706283E+02
  0.14400000E+03     -0.2815608662123332E+02
  0.14500000E+03     -0.2824237433880544E+02
  0.14600000E+03     -0.2832545702402980E+02
  0.14700000E+03     -0.2840589058847935E+02
  0.14800000E+03     -0.2848272262688360E+02
  0.14900000E+03     -0.2855653115449199E+02
  0.15000000E+03     -0.2862672215216795E+02
  0.15100000E+03     -0.2869358495257643E+02
  0.15200000E+03     -0.2875735364201815E+02
  0.15300000E+03     -0.2881705429255043E+02
  0.15400000E+03     -0.2887353974189542E+02
  0.15500000E+03     -0.2892657890900864E+02
  0.15600000E+03     -0.2897620917786901E+02
  0.15700000E+03     -0.2902270732048958E+02
  0.15800000E+03     -0.2906589383213731E+02
  0.15900000E+03     -0.2910464335967255E+02
  0.16000000E+03     -0.2914046671733768E+02
  0.16100000E+03     -0.2917266035966999E+02
  0.16200000E+03     -0.2920206818513214E+02
  0.16300000E+03     -0.2922782666830311E+02
  0.16400000E+03     -0.2924999219537841E+02
  0.16500000E+03     -0.2926918864416847E+02
  0.16600000E+03     -0.2928451602571826E+02
  0.16700000E+03     -0.2929674057729670E+02
  0.16800000E+03     -0.2930570331937607E+02
  0.16900000E+03     -0.2931069944606675E+02
  0.17000000E+03     -0.2931234744014764E+02
  0.17100000E+03     -0.2931057807565966E+02
  0.17200000E+03     -0.2930530033903352E+02
  0.17300000E+03     -0.2929683663369173E+02
  0.17400000E+03     -0.2928514924849240E+02
  0.17500000E+03     -0.2926984991332823E+02
  0.17600000E+03     -0.2925144437614599E+02
  0.17700000E+03     -0.2923014446976795E+02
  0.17800000E+03     -0.2920433828160590E+02
  0.17900000E+03     -0.2917520296396840E+02
  0.18000000E+03     -0.2914328129368439E+02
  0.18100000E+03     -0.2910744279261570E+02
  0.18200000E+03     -0.2906837589989386E+02
  0.18300000E+03     -0.2902560762825373E+02
  0.18400000E+03     -0.2897950353681014E+02
  0.18500000E+03     -0.2893021225349207E+02
  0.18600000E+03     -0.2887808542833246E+02
  0.18700000E+03     -0.2882199405876191E+02
  0.18800000E+03     -0.2876312441422314E+02
  0.18900000E+03     -0.2870061612504238E+02
  0.19000000E+03     -0.2863426627389272E+02
  0.19100000E+03     -0.2856479775774116E+02
  0.19200000E+03     -0.2849221181801198E+02
  0.19300000E+03     -0.2841601282822912E+02
  0.19400000E+03     -0.2833702147337530E+02
  0.19500000E+03     -0.2825446560158105E+02
  0.19600000E+03     -0.2816911312037039E+02
  0.19700000E+03     -0.2808005099329216E+02
  0.19800000E+03     -0.2798777905930026E+02
  0.19900000E+03     -0.2789219024969858E+02
  0.20000000E+03     -0.2779322862379675E+02
  0.20100000E+03     -0.2769099683643788E+02
  0.20200000E+03     -0.2758643454353970E+02
  0.20300000E+03     -0.2747781897541590E+02
  0.20400000E+03     -0.2736620102016859E+02
  0.20500000E+03     -0.2725102272034436E+02
  0.20600000E+03     -0.2713241178220881E+02
  0.20700000E+03     -0.2701049936061520E+02
  0.20800000E+03     -0.2688581558024328E+02
  0.20900000E+03     -0.2675761344071592E+02
  0.21000000E+03     -0.2662681036041541E+02
  0.21100000E+03     -0.2649292700455919E+02
  0.21200000E+03     -0.2635615663064705E+02
  0.21300000E+03     -0.2621479921335893E+02
  0.21400000E+03     -0.2607148056237979E+02
  0.21500000E+03     -0.2592502510245176E+02
  0.21600000E+03     -0.2577508839644716E+02
  0.21700000E+03     -0.2562216931120659E+02
  0.21800000E+03     -0.2546693512573016E+02
  0.21900000E+03     -0.2530809259087649E+02
  0.22000000E+03     -0.2514661556148878E+02
  0.22100000E+03     -0.2498186617805593E+02
  0.22200000E+03     -0.2481480770858991E+02
  0.22300000E+03     -0.2464495236540403E+02
  0.22400000E+03     -0.2447167439035507E+02
  0.22500000E+03     -0.2429561323999875E+02
  0.22600000E+03     -0.2411667889373694E+02
  0.22700000E+03     -0.2393513343513843E+02
  0.22800000E+03     -0.2375024609459183E+02
  0.22900000E+03     -0.2356360239445859E+02
  0.23000000E+03     -0.2337331713328932E+02
  0.23100000E+03     -0.2318079657169653E+02
  0.23200000E+03     -0.2298552998600699E+02
  0.23300000E+03     -0.2278754837293594E+02
  0.23400000E+03     -0.2258696648088191E+02
  0.23500000E+03     -0.2238427216318471E+02
  0.23600000E+03     -0.2217854808897824E+02
  0.23700000E+03     -0.2197068383571558E+02
  0.23800000E+03     -0.2175963169317466E+02
  0.23900000E+03     -0.2154711579087197E+02
  0.24000000E+03     -0.2133255266711643E+02
  0.24100000E+03     -0.2111527962950188E+02
  0.24200000E+03     -0.2089570530696264E+02
  0.24300000E+03     -0.2067394452073011E+02
  0.24400000E+03     -0.2045046484836905E+02
  0.24500000E+03     -0.2022492888113136E+02
  0.24600000E+03     -0.1999705844894374E+02
  0.24700000E+03     -0.1976723235829905E+02
  0.24800000E+03     -0.1953550424809734E+02
  0.24900000E+03     -0.1930173460508182E+02
  0.25000000E+03     -0.1906636455275390E+02
  0.25100000E+03     -0.1882925546679080E+02
  0.25200000E+03     -0.1859049404031848E+02
  0.25300000E+03     -0.1835043788778132E+02
  0.25400000E+03     -0.1810902195408773E+02
  0.25500000E+03     -0.1786592557038759E+02
  0.25600000E+03     -0.1762123518867035E+02
  0.25700000E+03     -0.1737531262975659E+02
  0.25800000E+03     -0.1712816485503002E+02
  0.25900000E+03     -0.1687959359753108E+02
  0.26000000E+03     -0.1663009658856755E+02
  0.26100000E+03     -0.1637944373168912E+02
  0.26200000E+03     -0.1612840183837478E+02
  0.26300000E+03     -0.1587653843356007E+02
  0.26400000E+03     -0.1562417070894204E+02
  0.26500000E+03     -0.1537082571824219E+02
  0.26600000E+03     -0.1511706545298890E+02
  0.26700000E+03     -0.1486275425851408E+02
  0.26800000E+03     -0.1460808740065981E+02
  0.26900000E+03     -0.1435318135785086E+02
  0.27000000E+03     -0.1409739945564320E+02
  0.27100000E+03     -0.1384248846306578E+02
  0.27200000E+03     -0.1358692783829312E+02
  0.27300000E+03     -0.1333197429520457E+02
  0.27400000E+03     -0.1307715308842672E+02
  0.27500000E+03     -0.1282229329412524E+02
  0.27600000E+03     -0.1256812394607970E+02
  0.27700000E+03     -0.1231495280011369E+02
  0.27800000E+03     -0.1206181895967378E+02
  0.27900000E+03     -0.1180973367656475E+02
  0.28000000E+03     -0.1155842486799038E+02
  0.28100000E+03     -0.1130821684346405E+02
  0.28200000E+03     -0.1105912170500873E+02
  0.28300000E+03     -0.1081144504785667E+02
  0.28400000E+03     -0.1056592771961922E+02
  0.28500000E+03     -0.1032130135358152E+02
  0.28600000E+03     -0.1007847183441840E+02
  0.28700000E+03     -0.9836865837645288E+01
  0.28800000E+03     -0.9596877652821529E+01
  0.28900000E+03     -0.9359814065551227E+01
  0.29000000E+03     -0.9125247049353113E+01
  0.29100000E+03     -0.8892798509926561E+01
  0.29200000E+03     -0.8662589226656063E+01
  0.29300000E+03     -0.8435735865774962E+01
  0.29400000E+03     -0.8210852900074888E+01
  0.29500000E+03     -0.7989890695350528E+01
  0.29600000E+03     -0.7770927618531928E+01
  0.29700000E+03     -0.7555747187935065E+01
  0.29800000E+03     -0.7344419178851865E+01
  0.29900000E+03     -0.7136613004596567E+01
  0.30000000E+03     -0.6932221611385371E+01
  0.30100000E+03     -0.6732017716608022E+01
  0.30200000E+03     -0.6536010001366234E+01
  0.30300000E+03     -0.6344382443009961E+01
  0.30400000E+03     -0.6156825590974874E+01
  0.30500000E+03     -0.5974573715284672E+01
  0.30600000E+03     -0.5796638219928189E+01
  0.30700000E+03     -0.5624151960028334E+01
  0.30800000E+03     -0.5456393265656938E+01
  0.30900000E+03     -0.5293950762331464E+01
  0.31000000E+03     -0.5137328878283709E+01
  0.31100000E+03     -0.4986448569984804E+01
  0.31200000E+03     -0.4841515743232479E+01
  0.31300000E+03     -0.4702053709409720E+01
  0.31400000E+03     -0.4569081185521780E+01
  0.31500000E+03     -0.4442697862331191E+01
  0.31600000E+03     -0.4322976564939038E+01
  0.31700000E+03     -0.4210170002341681E+01
  0.31800000E+03     -0.4105316939112447E+01
  0.31900000E+03     -0.4008476597811095E+01
  0.32000000E+03     -0.3917760507791924E+01
  0.32100000E+03     -0.3836302866601010E+01
  0.32200000E+03     -0.3761286480001545E+01
  0.32300000E+03     -0.3695288327757411E+01
  0.32400000E+03     -0.3637309790295131E+01
  0.32500000E+03     -0.3587311776775021E+01
  0.32600000E+03     -0.3546334397683183E+01
  0.32700000E+03     -0.3514951652178593E+01
  0.32800000E+03     -0.3492351585346544E+01
  0.32900000E+03     -0.3480606307847300E+01
  0.33000000E+03     -0.3479541300546214E+01
  0.33100000E+03     -0.3487028964263353E+01
  0.33200000E+03     -0.3505072733957940E+01
  0.33300000E+03     -0.3532577765135944E+01
  0.33400000E+03     -0.3571573334199560E+01
  0.33500000E+03     -0.3621855236337052E+01
  0.33600000E+03     -0.3683379397108802E+01
  0.33700000E+03     -0.3757003556561287E+01
  0.33800000E+03     -0.3841644439683273E+01
  0.33900000E+03     -0.3937231251960995E+01
  0.34000000E+03     -0.4047524817768805E+01
  0.34100000E+03     -0.4169229738511140E+01
  0.34200000E+03     -0.4305031943791456E+01
  0.34300000E+03     -0.4452618427891540E+01
  0.34400000E+03     -0.4613954191800950E+01
  0.34500000E+03     -0.4787057395296959E+01
  0.34600000E+03     -0.4973150501752560E+01
  0.34700000E+03     -0.5175244545494824E+01
  0.34800000E+03     -0.5391512232527312E+01
  0.34900000E+03     -0.5622806863927305E+01
  0.35000000E+03     -0.5868581385344161E+01
  0.35100000E+03     -0.6129733416440413E+01
  0.35200000E+03     -0.6407582708774374E+01
  0.35300000E+03     -0.6700057743514339E+01
  0.35400000E+03     -0.7010104183880824E+01
  0.35500000E+03     -0.7335682825238372E+01
  0.35600000E+03     -0.7677788027382384E+01
  0.35700000E+03     -0.8037779285257237E+01
  0.35800000E+03     -0.8414102780356316E+01
  0.35900000E+03     -0.8808686244985431E+01
  0.36000000E+03     -0.9220613327386921E+01
  0.36100000E+03     -0.9651518368702344E+01
  0.36200000E+03     -0.1009940778585364E+02
  0.36300000E+03     -0.1056850124957333E+02
  0.36400000E+03     -0.1105583186016900E+02
  0.36500000E+03     -0.1156284422984876E+02
  0.36600000E+03     -0.1209151970837828E+02
  0.36700000E+03     -0.1264262088901057E+02
  0.36800000E+03     -0.1321119931378994E+02
  0.36900000E+03     -0.1380017285697435E+02
  0.37000000E+03     -0.1441179761571005E+02
  0.37100000E+03     -0.1504560153578025E+02
  0.37200000E+03     -0.1570304983851562E+02
  0.37300000E+03     -0.1637921664765057E+02
  0.37400000E+03     -0.1707955434961526E+02
  0.37500000E+03     -0.1780087618469962E+02
  0.37600000E+03     -0.1854424019006886E+02
  0.37700000E+03     -0.1931583512837208E+02
  0.37800000E+03     -0.2011034937410218E+02
  0.37900000E+03     -0.2092677207336761E+02
  0.38000000E+03     -0.2176767266563570E+02
  0.38100000E+03     -0.2263374442561898E+02
  0.38200000E+03     -0.2352933449088929E+02
  0.38300000E+03     -0.2445100649506191E+02
  0.38400000E+03     -0.2539850593775289E+02
  0.38500000E+03     -0.2636932932165798E+02
  0.38600000E+03     -0.2737136128982211E+02
  0.38700000E+03     -0.2840292820564754E+02
  0.38800000E+03     -0.2945528556877399E+02
  0.38900000E+03     -0.3053611411659771E+02
  0.39000000E+03     -0.3164430572353983E+02
  0.39100000E+03     -0.3278688409604582E+02
  0.39200000E+03     -0.3395673857109443E+02
  0.39300000E+03     -0.3515637847543936E+02
  0.39400000E+03     -0.3638886476662830E+02
  0.39500000E+03     -0.3764695921267160E+02
  0.39600000E+03     -0.3894249153010215E+02
  0.39700000E+03     -0.4026613082313408E+02
  0.39800000E+03     -0.4162216298178900E+02
  0.39900000E+03     -0.4301060575244747E+02
  0.40000000E+03     -0.4442997949620017E+02
  0.40100000E+03     -0.4588168105132189E+02
  0.40200000E+03     -0.4736455837827648E+02
  0.40300000E+03     -0.4888435742639928E+02
  0.40400000E+03     -0.5043910563665725E+02
  0.40500000E+03     -0.5203242090792016E+02
  0.40600000E+03     -0.5365839693614677E+02
  0.40700000E+03     -0.5531504630042476E+02
  0.40800000E+03     -0.5701150592781505E+02
  0.40900000E+03     -0.5874336882624490E+02
  0.41000000E+03     -0.6051518179496190E+02
  0.41100000E+03     -0.6232255899030347E+02
  0.41200000E+03     -0.6416724601277315E+02
  0.41300000E+03     -0.6604967988449916E+02
  0.41400000E+03     -0.6797621773527844E+02
  0.41500000E+03     -0.6993771248677561E+02
  0.41600000E+03     -0.7194619282097817E+02
  0.41700000E+03     -0.7398880005718925E+02
  0.41800000E+03     -0.7607501001879082E+02
  0.41900000E+03     -0.7819988091471456E+02
  0.42000000E+03     -0.8036411754185542E+02
  0.42100000E+03     -0.8256605868913582E+02
  0.42200000E+03     -0.8481959937586302E+02
  0.42300000E+03     -0.8711073801099997E+02
  0.42400000E+03     -0.8945304326540814E+02
  0.42500000E+03     -0.9183768086777368E+02
  0.42600000E+03     -0.9426489319083548E+02
  0.42700000E+03     -0.9674184918867974E+02
  0.42800000E+03     -0.9925876033065555E+02
  0.42900000E+03     -0.1018166963276089E+03
  0.43000000E+03     -0.1044293147962345E+03
  0.43100000E+03     -0.1070843217866572E+03
  0.43200000E+03     -0.1097900651181115E+03
  0.43300000E+03     -0.1125490930731334E+03
  0.43400000E+03     -0.1153486283080676E+03
  0.43500000E+03     -0.1182057003644418E+03
  0.43600000E+03     -0.1211105212931159E+03
  0.43700000E+03     -0.1240648667685183E+03
  0.43800000E+03     -0.1270680147030568E+03
  0.43900000E+03     -0.1301322693941931E+03
  0.44000000E+03     -0.1332419183393546E+03
  0.44100000E+03     -0.1364089398985229E+03
  0.44200000E+03     -0.1396295831689592E+03
  0.44300000E+03     -0.1428999823260599E+03
  0.44400000E+03     -0.1462261505898799E+03
  0.44500000E+03     -0.1496067712217848E+03
  0.44600000E+03     -0.1530513094327323E+03
  0.44700000E+03     -0.1565361176801539E+03
  0.44800000E+03     -0.1600860871874005E+03
  0.44900000E+03     -0.1636914655004760E+03
  0.45000000E+03     -0.1673562152868125E+03
  0.45100000E+03     -0.1710832996195612E+03
  0.45200000E+03     -0.1748698686216509E+03
  0.45300000E+03     -0.1787038483604840E+03
  0.45400000E+03     -0.1825968658505213E+03
  0.45500000E+03     -0.1865505389452860E+03
  0.45600000E+03     -0.1905665442125963E+03
  0.45700000E+03     -0.1946476937894497E+03
  0.45800000E+03     -0.1988044405675940E+03
  0.45900000E+03     -0.2030216050442548E+03
  0.46000000E+03     -0.2072931805392322E+03
  0.46100000E+03     -0.2116230828800218E+03
  0.46200000E+03     -0.2160047542291568E+03
  0.46300000E+03     -0.2204671574272980E+03
  0.46400000E+03     -0.2249924970256320E+03
  0.46500000E+03     -0.2295864816432830E+03
  0.46600000E+03     -0.2342590129788501E+03
  0.46700000E+03     -0.2389983779795012E+03
  0.46800000E+03     -0.2438180765948683E+03
  0.46900000E+03     -0.2486978816002657E+03
  0.47000000E+03     -0.2536408489812965E+03
  0.47100000E+03     -0.2586575844158274E+03
  0.47200000E+03     -0.2637655532478765E+03
  0.47300000E+03     -0.2689248556149815E+03
  0.47400000E+03     -0.2741673484630355E+03
  0.47500000E+03     -0.2794614335664260E+03
  0.47600000E+03     -0.2848448598946213E+03
  0.47700000E+03     -0.2902898298100788E+03
  0.47800000E+03     -0.2958256875508127E+03
  0.47900000E+03     -0.3014380673335634E+03
  0.48000000E+03     -0.3071030010518457E+03
  0.48100000E+03     -0.3128814354218155E+03
  0.48200000E+03     -0.3187099720317397E+03
  0.48300000E+03     -0.3246235978273669E+03
  0.48400000E+03     -0.3305909517237268E+03
  0.48500000E+03     -0.3366654468892534E+03
  0.48600000E+03     -0.3428163117431876E+03
  0.48700000E+03     -0.3490603301315353E+03
  0.48800000E+03     -0.3553675419814440E+03
  0.48900000E+03     -0.3617750528235300E+03
  0.49000000E+03     -0.3682653712642427E+03
  0.49100000E+03     -0.3748421373822139E+03
  0.49200000E+03     -0.3814879039823786E+03
  0.49300000E+03     -0.3882172451552170E+03
  0.49400000E+03     -0.3950483062316299E+03
  0.49500000E+03     -0.4019667930644770E+03
  0.49600000E+03     -0.4089865108654387E+03
  0.49700000E+03     -0.4160738042008950E+03
  0.49800000E+03     -0.4232529871139254E+03
  0.49900000E+03     -0.4305183393148823E+03
  0.50000000E+03     -0.4378675792684179E+03
  0.50100000E+03     -0.4453019462543401E+03
  0.50200000E+03     -0.4528522631031094E+03
  0.50300000E+03     -0.4604993388317217E+03
  0.50400000E+03     -0.4681997724477362E+03
  0.50500000E+03     -0.4760166962480023E+03
  0.50600000E+03     -0.4839515002239003E+03
  0.50700000E+03     -0.4920075344927000E+03
  0.50800000E+03     -0.5000962321685163E+03
  0.50900000E+03     -0.5083037026951516E+03
  0.51000000E+03     -0.5165846616858103E+03
