  0.00000000E+00     -0.2221048201569656E-08      0.5455190864253441E-17     -0.1433396031966941E-25      0.3964042404701561E-34     -0.1141672572811241E-42
  0.10000000E+01     -0.6057422225375639E-03      0.3669236401639447E-06     -0.2222611413015242E-09      0.1346329577165055E-12     -0.8155286703350129E-16
  0.20000000E+01     -0.4058093459163867E-01      0.2449578284153660E-01     -0.1829451960728438E-01      0.1903671820628718E-01     -0.5579290190400998E-02
  0.30000000E+01     -0.1201035612516082E+00      0.8420788088133972E-01     -0.7776730778620619E-01      0.1015567874189764E+00     -0.1116428855327577E+00
  0.40000000E+01     -0.2394932906353208E+00      0.1994615841548299E+00     -0.2272245867525646E+00      0.3588683527370591E+00     -0.6086020221404095E+00
  0.50000000E+01     -0.3988483778779550E+00      0.4005096701948964E+00     -0.5556942557836428E+00      0.1043519724064381E+01     -0.2279648852700013E+01
  0.60000000E+01     -0.5986358807605419E+00      0.7277397384779485E+00     -0.1210981428044557E+01      0.2655826328682731E+01     -0.6961825996835687E+01
  0.70000000E+01     -0.8389030243216493E+00      0.1231284293641039E+01     -0.2427424635921110E+01      0.6157957557010652E+01     -0.1884095437943104E+02
  0.80000000E+01     -0.1120018271034497E+01      0.1972055967925283E+01     -0.4557588692690641E+01      0.1326324742862391E+02     -0.4643644134476531E+02
  0.90000000E+01     -0.1442765931947662E+01      0.3024505175244751E+01     -0.8125796377116187E+01      0.2696980019838163E+02     -0.1069240585463691E+03
  0.10000000E+02     -0.1806450441267540E+01      0.4466302363487511E+01     -0.1382853435542448E+02      0.5196887064206947E+02     -0.2310702100540817E+03
  0.11000000E+02     -0.2212626692340680E+01      0.6399973874858440E+01     -0.2270472364789209E+02      0.9628754928059227E+02     -0.4786478279544751E+03
  0.12000000E+02     -0.2660695876029948E+01      0.8925008016803199E+01     -0.3603599056333129E+02      0.1715666075541701E+03     -0.9488300928529205E+03
  0.13000000E+02     -0.3151746424536400E+01      0.1216662030299088E+02     -0.5560000127460269E+02      0.2958778070994586E+03     -0.1811993653685129E+04
  0.14000000E+02     -0.3685514381322643E+01      0.1625004081489315E+02     -0.8358775901791491E+02      0.4951577460965501E+03     -0.3347285890913146E+04
  0.15000000E+02     -0.4262725766536857E+01      0.2132419953726273E+02     -0.1228683221712568E+03      0.8072415250192655E+03     -0.6004645613301594E+04
  0.16000000E+02     -0.4883694404377677E+01      0.2754427690967953E+02     -0.1769140973754621E+03      0.1283890627635802E+04     -0.1046994727907278E+05
  0.17000000E+02     -0.5549746286809449E+01      0.3509595936897389E+02     -0.2502650600849887E+03      0.2000323973939586E+04     -0.1784701823133401E+05
  0.18000000E+02     -0.6259970902101097E+01      0.4414875388112028E+02     -0.3480704307869578E+03      0.3054212927716593E+04     -0.2974077467314298E+05
  0.19000000E+02     -0.7016685379134054E+01      0.5493518012175718E+02     -0.4771711633564458E+03      0.4583646038901958E+04     -0.4859369409250119E+05
  0.20000000E+02     -0.7818342740918919E+01      0.6763650147454264E+02     -0.6447462037587023E+03      0.6756919898907208E+04     -0.7774294096333590E+05
  0.21000000E+02     -0.8667949329046920E+01      0.8253701543609525E+02     -0.8608307708053926E+03      0.9818965102265045E+04     -0.1223835824942566E+06
  0.22000000E+02     -0.9564614416432327E+01      0.9986880760943851E+02     -0.1136128440462313E+04      0.1406969017453011E+05     -0.1896067086391732E+06
  0.23000000E+02     -0.1050891832243523E+02      0.1198974835218973E+03     -0.1483256336825561E+04      0.1988882319608940E+05     -0.2890598827000636E+06
  0.24000000E+02     -0.1150314682637387E+02      0.1429697560264478E+03     -0.1918680866390072E+04      0.2780386083574640E+05     -0.4351987368224747E+06
  0.25000000E+02     -0.1254784560901489E+02      0.1693961384274257E+03     -0.2459939899654824E+04      0.3844000786354391E+05     -0.6467233173565930E+06
  0.26000000E+02     -0.1364323733778151E+02      0.1995081825434256E+03     -0.3127656474744397E+04      0.5259717209107778E+05     -0.9495512211934411E+06
  0.27000000E+02     -0.1478991072645435E+02      0.2336758836509363E+03     -0.3946139225761405E+04      0.7128661910888120E+05     -0.1378845248235249E+07
  0.28000000E+02     -0.1599055564536504E+02      0.2723382509063581E+03     -0.4943844811874128E+04      0.9575739677980439E+05     -0.1980993464542818E+07
  0.29000000E+02     -0.1724368044649322E+02      0.3158519122145229E+03     -0.6151360685794403E+04      0.1275217813150677E+06     -0.2817101910210912E+07
  0.30000000E+02     -0.1855186997792832E+02      0.3647238086856549E+03     -0.7606857451135555E+04      0.1685174364128372E+06     -0.3969969238357440E+07
  0.31000000E+02     -0.1991765314828399E+02      0.4195159567752324E+03     -0.9355293907271063E+04      0.2211699944746999E+06     -0.5549665696104130E+07
  0.32000000E+02     -0.2133916246092448E+02      0.4805814565157950E+03     -0.1143741656988257E+05      0.2880269559282290E+06     -0.7684027274698917E+07
  0.33000000E+02     -0.2281931312540063E+02      0.5486152052024917E+03     -0.1391507499390840E+05      0.3728602255748428E+06     -0.1056732435789116E+08
  0.34000000E+02     -0.2436023322764071E+02      0.6242076934997202E+03     -0.1684802989747800E+05      0.4796599129291864E+06     -0.1442072698701748E+08
  0.35000000E+02     -0.2596412065686370E+02      0.7080841059258512E+03     -0.2031168512990487E+05      0.6136753985995259E+06     -0.1954990323095635E+08
  0.36000000E+02     -0.2762840951687513E+02      0.8007033958300802E+03     -0.2437567543857051E+05      0.7805007265783539E+06     -0.2631293963506217E+08
  0.37000000E+02     -0.2935678571197894E+02      0.9029434049848450E+03     -0.2913800795103793E+05      0.9877535631355908E+06     -0.3520805233620808E+08
  0.38000000E+02     -0.3115164347887767E+02      0.1015576255570295E+04     -0.3469603074708018E+05      0.1243630186450873E+07     -0.4680775301129430E+08
  0.39000000E+02     -0.3301148082219377E+02      0.1139262118933482E+04     -0.4115642620361751E+05      0.1558034099115917E+07     -0.6185301864399058E+08
  0.40000000E+02     -0.3494241424118473E+02      0.1275201729812842E+04     -0.4866446273911087E+05      0.1943938773230214E+07     -0.8133251402814226E+08
  0.41000000E+02     -0.3694222070668889E+02      0.1424046371131845E+04     -0.5734626020195343E+05      0.2414646644637899E+07     -0.1063638925760144E+09
  0.42000000E+02     -0.3901729671854235E+02      0.1587159870713180E+04     -0.6738406845065883E+05      0.2988194317503075E+07     -0.1384675224377075E+09
  0.43000000E+02     -0.4115889946413147E+02      0.1764662508773917E+04     -0.7888932807024552E+05      0.3679806898389122E+07     -0.1791432925465115E+09
  0.44000000E+02     -0.4337722818395486E+02      0.1958359425466926E+04     -0.9210174249243083E+05      0.4514655484540650E+07     -0.2306885253948117E+09
  0.45000000E+02     -0.4566757981535458E+02      0.2168838262042501E+04     -0.1071971273207458E+06      0.5516411603230534E+07     -0.2955667751444350E+09
  0.46000000E+02     -0.4803588827140671E+02      0.2397669999040960E+04     -0.1244349995864875E+06      0.6716587527739638E+07     -0.3770170172493929E+09
  0.47000000E+02     -0.5047700807842141E+02      0.2645421821854892E+04     -0.1440192192564429E+06      0.8145832853722561E+07     -0.4785621302925723E+09
  0.48000000E+02     -0.5299673906487594E+02      0.2913661828817676E+04     -0.1662376325359654E+06      0.9843045732881891E+07     -0.6046298210751516E+09
  0.49000000E+02     -0.5558526149686536E+02      0.3202574043428190E+04     -0.1913041565042487E+06      0.1184659848434863E+08     -0.7601732493317530E+09
  0.50000000E+02     -0.5825042399210959E+02      0.3514072439189249E+04     -0.2195777563253441E+06      0.1420831852521628E+08     -0.9515708084420923E+09
  0.51000000E+02     -0.6098655364075685E+02      0.3848635346552726E+04     -0.2513160117264226E+06      0.1697616136771185E+08     -0.1185486515873179E+10
  0.52000000E+02     -0.6379444096494022E+02      0.4207521071319918E+04     -0.2868693265710964E+06      0.2021064636777893E+08     -0.1470333290823134E+10
  0.53000000E+02     -0.6667190952189513E+02      0.4591557965113642E+04     -0.3265571174374331E+06      0.2397320984800786E+08     -0.1815246137940364E+10
  0.54000000E+02     -0.6962169863419828E+02      0.5002299697725405E+04     -0.3708007056446819E+06      0.2834068685508509E+08     -0.2231682888856764E+10
  0.55000000E+02     -0.7263557719676210E+02      0.5439781127677716E+04     -0.4198786559732480E+06      0.3338118897333527E+08     -0.2731189886473825E+10
  0.56000000E+02     -0.7570970394972208E+02      0.5904446239008408E+04     -0.4741066826737260E+06      0.3916905490403703E+08     -0.3326620864423951E+10
  0.57000000E+02     -0.7884446189725067E+02      0.6397485407761476E+04     -0.5339255111570444E+06      0.4580038543637842E+08     -0.4034510970448590E+10
  0.58000000E+02     -0.8204065319659765E+02      0.6920192184724791E+04     -0.5998026825794383E+06      0.5337877081347271E+08     -0.4873149518916940E+10
  0.59000000E+02     -0.8529544818815032E+02      0.7473143518150372E+04     -0.6721314506524957E+06      0.6200649912718489E+08     -0.5862224253127689E+10
  0.60000000E+02     -0.8860231289541862E+02      0.8056234293544078E+04     -0.7512202356621588E+06      0.7177992084789343E+08     -0.7021851547244670E+10
  0.61000000E+02     -0.9195170770264201E+02      0.8668815931793040E+04     -0.8373273113846665E+06      0.8279723282079354E+08     -0.8374108657003845E+10
  0.62000000E+02     -0.9535219529125615E+02      0.9313156519582380E+04     -0.9310789309546979E+06      0.9520275623095033E+08     -0.9947416782692041E+10
  0.63000000E+02     -0.9879709879767411E+02      0.9989134522353217E+04     -0.1032846031916296E+07      0.1091241984535747E+09     -0.1177113079596286E+11
  0.64000000E+02     -0.1022836822215503E+03      0.1069720445933674E+05     -0.1143077082389739E+07      0.1247042371283333E+09     -0.1387816337589720E+11
  0.65000000E+02     -0.1058068734928145E+03      0.1143701106868670E+05     -0.1262064990544967E+07      0.1420652620976991E+09     -0.1629998135426004E+11
  0.66000000E+02     -0.1093641916577513E+03      0.1220881356041596E+05     -0.1390224156457704E+07      0.1613558486086798E+09     -0.1907400741123642E+11
  0.67000000E+02     -0.1129618547228264E+03      0.1301489017134511E+05     -0.1528347884575319E+07      0.1827942871519944E+09     -0.2225070289675605E+11
  0.68000000E+02     -0.1165949231647081E+03      0.1385473973569678E+05     -0.1676717321481692E+07      0.2065193715766487E+09     -0.2587002992091106E+11
  0.69000000E+02     -0.1202496632175378E+03      0.1472579715352613E+05     -0.1835259455508502E+07      0.2326207149464603E+09     -0.2996684658191842E+11
  0.70000000E+02     -0.1239354679008698E+03      0.1563110843140567E+05     -0.2004953162317222E+07      0.2613719007405364E+09     -0.3460797194408957E+11
  0.71000000E+02     -0.1276527683783630E+03      0.1657127536190950E+05     -0.2186296245425230E+07      0.2929688277087379E+09     -0.3985004031919094E+11
  0.72000000E+02     -0.1313921287203021E+03      0.1754474809988415E+05     -0.2379446653486459E+07      0.3275669527981688E+09     -0.4574760565264490E+11
  0.73000000E+02     -0.1351679469713740E+03      0.1855570680435835E+05     -0.2585619374557900E+07      0.3655031899140905E+09     -0.5238644038569109E+11
  0.74000000E+02     -0.1389587512758386E+03      0.1959903822581419E+05     -0.2804215146426027E+07      0.4068030319763821E+09     -0.5980366322751881E+11
  0.75000000E+02     -0.1427712904028106E+03      0.2067729037905056E+05     -0.3036227594868323E+07      0.4517973752035251E+09     -0.6809400151088052E+11
  0.76000000E+02     -0.1466014062552031E+03      0.2178963920859587E+05     -0.3281877883668034E+07      0.5006648580360527E+09     -0.7732545631235498E+11
  0.77000000E+02     -0.1504581408278369E+03      0.2293903879166090E+05     -0.3542222599322168E+07      0.5537584270640084E+09     -0.8760281927318275E+11
  0.78000000E+02     -0.1543376909590235E+03      0.2412528206938021E+05     -0.3817762587394983E+07      0.6113571565748005E+09     -0.9902634011438548E+11
  0.79000000E+02     -0.1582366410875099E+03      0.2534758213657513E+05     -0.4108719278905417E+07      0.6736598692461259E+09     -0.1116784816202152E+12
  0.80000000E+02     -0.1621533456947739E+03      0.2660617469088722E+05     -0.4415680821930938E+07      0.7409783171014771E+09     -0.1256741958847361E+12
  0.81000000E+02     -0.1660870704987865E+03      0.2790085763241655E+05     -0.4738954228696486E+07      0.8135304884779791E+09     -0.1411044892096113E+12
  0.82000000E+02     -0.1700441172043795E+03      0.2923435086183182E+05     -0.5079740869907044E+07      0.8917796434988389E+09     -0.1581244348653240E+12
  0.83000000E+02     -0.1740188376463613E+03      0.3060518336849686E+05     -0.5438138684447537E+07      0.9759367050340377E+09     -0.1768374499172637E+12
  0.84000000E+02     -0.1780183135324314E+03      0.3201630011025974E+05     -0.5815427886395304E+07      0.1066507306227451E+10     -0.1974197442559355E+12
  0.85000000E+02     -0.1820331735459058E+03      0.3346509018692309E+05     -0.6211475136338576E+07      0.1163681633478759E+10     -0.2199838355369427E+12
  0.86000000E+02     -0.1860594013041540E+03      0.3495012784393790E+05     -0.6626272092069292E+07      0.1267639348711197E+10     -0.2446332807955469E+12
  0.87000000E+02     -0.1901001084686075E+03      0.3647301066142374E+05     -0.7060777598294095E+07      0.1378841692265104E+10     -0.2715507699066002E+12
  0.88000000E+02     -0.1941542660599220E+03      0.3803390834095101E+05     -0.7515593225039501E+07      0.1497681008808195E+10     -0.3009115189965696E+12
  0.89000000E+02     -0.1982167584769790E+03      0.3963092068238011E+05     -0.7990583773226381E+07      0.1624331262894398E+10     -0.3328339734972816E+12
  0.90000000E+02     -0.2023081790980991E+03      0.4127258268976679E+05     -0.8488817143458486E+07      0.1759853062286390E+10     -0.3676710653711450E+12
  0.91000000E+02     -0.2064166628334602E+03      0.4295471849450476E+05     -0.9009613106885705E+07      0.1904328535425163E+10     -0.4055392582904628E+12
  0.92000000E+02     -0.2105360614283558E+03      0.4467532137606988E+05     -0.9552921945483482E+07      0.2058012828602487E+10     -0.4466037943064948E+12
  0.93000000E+02     -0.2146731025742087E+03      0.4643712911889442E+05     -0.1011999778321648E+08      0.2221483419936050E+10     -0.4911075362348345E+12
  0.94000000E+02     -0.2188232050892634E+03      0.4823900765292453E+05     -0.1071116078693184E+08      0.2395147812797342E+10     -0.5392782710026844E+12
  0.95000000E+02     -0.2229788790506994E+03      0.5007756194762055E+05     -0.1132566900059080E+08      0.2579015623294953E+10     -0.5912134195133790E+12
  0.96000000E+02     -0.2271401657900245E+03      0.5195317406968518E+05     -0.1196419848484506E+08      0.2773576561811958E+10     -0.6471661744256759E+12
  0.97000000E+02     -0.2313267939483867E+03      0.5387491743457194E+05     -0.1263032719455230E+08      0.2980195710550518E+10     -0.7076431965950121E+12
  0.98000000E+02     -0.2355171999315037E+03      0.5583333219629405E+05     -0.1332136255904579E+08      0.3198350078157555E+10     -0.7726197037476638E+12
  0.99000000E+02     -0.2397106983576172E+03      0.5782840304505671E+05     -0.1403783858012813E+08      0.3428510936230080E+10     -0.8423645810062025E+12
  0.10000000E+03     -0.2439277613133198E+03      0.5987035644967580E+05     -0.1478406466742399E+08      0.3672410646553610E+10     -0.9175502943636383E+12
  0.10100000E+03     -0.2481458237571898E+03      0.6194819786501231E+05     -0.1555643292237832E+08      0.3929141949246475E+10     -0.9980223125620129E+12
  0.10200000E+03     -0.2523830821256690E+03      0.6407123557000679E+05     -0.1635897488337827E+08      0.4200378511213271E+10     -0.1084453726861610E+13
  0.10300000E+03     -0.2566374404966769E+03      0.6623881828375794E+05     -0.1719204911108815E+08      0.4486594455641973E+10     -0.1177153994415845E+13
  0.10400000E+03     -0.2608970220982188E+03      0.6844528300681370E+05     -0.1805408940595806E+08      0.4787615178122996E+10     -0.1276232708456066E+13
  0.10500000E+03     -0.2651703431763972E+03      0.7069514688816393E+05     -0.1894735556679086E+08      0.5104556957788598E+10     -0.1382214491983447E+13
  0.10600000E+03     -0.2694495689042792E+03      0.7298471488150659E+05     -0.1987100844825919E+08      0.5437502636842890E+10     -0.1495305665503939E+13
  0.10700000E+03     -0.2737335727389785E+03      0.7531352595670421E+05     -0.2082540889820096E+08      0.5786951171394131E+10     -0.1615857852858062E+13
  0.10800000E+03     -0.2780271364991064E+03      0.7768446333031441E+05     -0.2181230843123419E+08      0.6153914385085179E+10     -0.1744402409736030E+13
  0.10900000E+03     -0.2823265494183855E+03      0.8009543683857701E+05     -0.2283130165501535E+08      0.6538589386810081E+10     -0.1881190217326148E+13
  0.11000000E+03     -0.2866451621339825E+03      0.8255423123983623E+05     -0.2388627240239268E+08      0.6942838047218799E+10     -0.2027083456025297E+13
  0.11100000E+03     -0.2909786888156037E+03      0.8505918452052119E+05     -0.2497731885374246E+08      0.7367187381798749E+10     -0.2182511831262492E+13
  0.11200000E+03     -0.2953197106675100E+03      0.8760613095160849E+05     -0.2610317804139420E+08      0.7811550102854820E+10     -0.2347659255072917E+13
  0.11300000E+03     -0.2996744911062710E+03      0.9019878676416092E+05     -0.2726598966481438E+08      0.8277151164004444E+10     -0.2523189249157600E+13
  0.11400000E+03     -0.3040448550179230E+03      0.9283877108054374E+05     -0.2846721367551553E+08      0.8765062631225315E+10     -0.2709761185115878E+13
  0.11500000E+03     -0.3084230604970382E+03      0.9552202184276453E+05     -0.2970578259886332E+08      0.9275367605920584E+10     -0.2907679236285501E+13
  0.11600000E+03     -0.3128268805384466E+03      0.9825972608786703E+05     -0.3098750438054994E+08      0.9810928810250631E+10     -0.3118313371932354E+13
  0.11700000E+03     -0.3172289499325964E+03      0.1010346954203336E+06     -0.3230474833363002E+08      0.1036893655425533E+11     -0.3340786645000316E+13
  0.11800000E+03     -0.3216443346716018E+03      0.1038570613267346E+06     -0.3366314776331138E+08      0.1095234248638444E+11     -0.3576585369933152E+13
  0.11900000E+03     -0.3260852307301660E+03      0.1067350652713881E+06     -0.3506737684578633E+08      0.1156366622421805E+11     -0.3827017722492716E+13
  0.12000000E+03     -0.3305242128511363E+03      0.1096509571047563E+06     -0.3650932349219196E+08      0.1219984460164142E+11     -0.4091113155919546E+13
  0.12100000E+03     -0.3349900521038769E+03      0.1126242537752800E+06     -0.3799945616094306E+08      0.1286607761971174E+11     -0.4371361483340224E+13
  0.12200000E+03     -0.3394549413344277E+03      0.1156374250054124E+06     -0.3953001253638395E+08      0.1355958546385073E+11     -0.4666980390439972E+13
  0.12300000E+03     -0.3439526142540313E+03      0.1187129583024039E+06     -0.4111283773588879E+08      0.1428617628563539E+11     -0.4980737713389212E+13
  0.12400000E+03     -0.3484664586451169E+03      0.1218399249745551E+06     -0.4274305728538245E+08      0.1504419605596079E+11     -0.5312273224222166E+13
  0.12500000E+03     -0.3529903969866591E+03      0.1250148558288162E+06     -0.4441979911228462E+08      0.1583392649730968E+11     -0.5662119102894282E+13
  0.12600000E+03     -0.3575290759678998E+03      0.1282412893172382E+06     -0.4614562882898189E+08      0.1665715805399295E+11     -0.6031436537034844E+13
  0.12700000E+03     -0.3620877074204736E+03      0.1315234278908608E+06     -0.4792362880165195E+08      0.1751602687369043E+11     -0.6421601266579252E+13
  0.12800000E+03     -0.3666664022178745E+03      0.1348619290214691E+06     -0.4975503781723312E+08      0.1841182761985784E+11     -0.6833638057474219E+13
  0.12900000E+03     -0.3712722358296845E+03      0.1382625839483764E+06     -0.5164395457465954E+08      0.1934729315298698E+11     -0.7269264482332859E+13
  0.13000000E+03     -0.3758948949739300E+03      0.1417184334071827E+06     -0.5358747342989928E+08      0.2032175074652807E+11     -0.7728657682236678E+13
  0.13100000E+03     -0.3805365718203470E+03      0.1452316776474135E+06     -0.5558774109837749E+08      0.2133702713527176E+11     -0.8213170008079426E+13
  0.13200000E+03     -0.3852007930797225E+03      0.1488057244547510E+06     -0.5764770244065990E+08      0.2239541809834995E+11     -0.8724415854268811E+13
  0.13300000E+03     -0.3898947136472398E+03      0.1524459390053073E+06     -0.5977101467813289E+08      0.2349941399820535E+11     -0.9264046676573910E+13
  0.13400000E+03     -0.3945987362077204E+03      0.1561390213219668E+06     -0.6195164323257662E+08      0.2464708966627556E+11     -0.9831867016720719E+13
  0.13500000E+03     -0.3993311609511481E+03      0.1598988479062538E+06     -0.6419812991888475E+08      0.2584345433779636E+11     -0.1043077020852538E+14
  0.13600000E+03     -0.4040929666370475E+03      0.1637272339374526E+06     -0.6651280854906268E+08      0.2709074873179668E+11     -0.1106254272630582E+14
  0.13700000E+03     -0.4088868629187683E+03      0.1676274792684380E+06     -0.6889899792439887E+08      0.2839181780403112E+11     -0.1172933238983943E+14
  0.13800000E+03     -0.4137028855362850E+03      0.1715921452063885E+06     -0.7135323587448175E+08      0.2974573420578740E+11     -0.1243134204985014E+14
  0.13900000E+03     -0.4185347538093106E+03      0.1756161399154547E+06     -0.7387307796547695E+08      0.3115189924823795E+11     -0.1316883444524190E+14
  0.14000000E+03     -0.4233926654701045E+03      0.1797094385587859E+06     -0.7646638500881773E+08      0.3261597949375076E+11     -0.1394564976492442E+14
  0.14100000E+03     -0.4282821629571618E+03      0.1838768098042253E+06     -0.7913692229091972E+08      0.3414090277549104E+11     -0.1476396836121681E+14
  0.14200000E+03     -0.4332012784640849E+03      0.1881182324073431E+06     -0.8188644398393826E+08      0.3572907821220118E+11     -0.1562604909154963E+14
  0.14300000E+03     -0.4381403005641525E+03      0.1924256732777971E+06     -0.8471069654980789E+08      0.3737901906350639E+11     -0.1653183676764921E+14
  0.14400000E+03     -0.4431183050187759E+03      0.1968163402166214E+06     -0.8762206655556600E+08      0.3909903012815260E+11     -0.1748670838403811E+14
  0.14500000E+03     -0.4480994263522994E+03      0.2012598526480419E+06     -0.9060197404340467E+08      0.4087948754975535E+11     -0.1848630759593629E+14
  0.14600000E+03     -0.4531163381543690E+03      0.2057856459128602E+06     -0.9367111528118873E+08      0.4273378119682478E+11     -0.1953897920802939E+14
  0.14700000E+03     -0.4581583477518738E+03      0.2103844305134535E+06     -0.9682419580151422E+08      0.4465977849665022E+11     -0.2064437715688549E+14
  0.14800000E+03     -0.4632294899700236E+03      0.2150612067997111E+06     -0.1000662851747966E+09      0.4666202293618318E+11     -0.2180619170771725E+14
  0.14900000E+03     -0.4683273350879548E+03      0.2198145629694945E+06     -0.1033977814446446E+09      0.4874210296042169E+11     -0.2302640764664442E+14
  0.15000000E+03     -0.4734460866070742E+03      0.2246401307338314E+06     -0.1068171631757951E+09      0.5090053411505244E+11     -0.2430648027984331E+14
  0.15100000E+03     -0.4785844179770078E+03      0.2295371996247093E+06     -0.1103251184393265E+09      0.5313901046779273E+11     -0.2564846079131481E+14
  0.15200000E+03     -0.4837439395652524E+03      0.2345073350663835E+06     -0.1139236100776780E+09      0.5545984062781271E+11     -0.2705467540546350E+14
  0.15300000E+03     -0.4889127095408108E+03      0.2395400626082694E+06     -0.1176066078202275E+09      0.5786065575321532E+11     -0.2852492241393798E+14
  0.15400000E+03     -0.4941271502028363E+03      0.2446711084117309E+06     -0.1214012962405073E+09      0.6036040148303107E+11     -0.3007188613778260E+14
  0.15500000E+03     -0.4993609781668459E+03      0.2498761833021267E+06     -0.1252917255739439E+09      0.6295045445417590E+11     -0.3169173897965017E+14
  0.15600000E+03     -0.5045959552803803E+03      0.2551372168316219E+06     -0.1292652794204589E+09      0.6562356335690004E+11     -0.3338100932689643E+14
  0.15700000E+03     -0.5098513435725096E+03      0.2604739923327582E+06     -0.1333381165450268E+09      0.6839201606426114E+11     -0.3514873457462761E+14
  0.15800000E+03     -0.5151274262346584E+03      0.2658869837225197E+06     -0.1375115737385640E+09      0.7125794584842404E+11     -0.3699741491487998E+14
  0.15900000E+03     -0.5204049561516711E+03      0.2713571607243218E+06     -0.1417724203398158E+09      0.7421386497829449E+11     -0.3892364099509861E+14
  0.16000000E+03     -0.5256940435879357E+03      0.2768954610505631E+06     -0.1461304151212109E+09      0.7726801083711821E+11     -0.4093413028230220E+14
  0.16100000E+03     -0.5310075789850182E+03      0.2825162261307908E+06     -0.1505984215132692E+09      0.8043114197218387E+11     -0.4303753031710920E+14
  0.16200000E+03     -0.5363178467775233E+03      0.2881889636926063E+06     -0.1551521375146435E+09      0.8368662021561641E+11     -0.4522355731996024E+14
  0.16300000E+03     -0.5416423030377289E+03      0.2939336050829154E+06     -0.1598095021867630E+09      0.8704930318694609E+11     -0.4750398498480121E+14
  0.16400000E+03     -0.5469601510426983E+03      0.2997280123298921E+06     -0.1645536943741598E+09      0.9050849393821445E+11     -0.4987296926998195E+14
  0.16500000E+03     -0.5522808485709431E+03      0.3055817879363429E+06     -0.1693929109873221E+09      0.9407107266533051E+11     -0.5233628934166498E+14
  0.16600000E+03     -0.5575997970685032E+03      0.3114902314430837E+06     -0.1743244580869977E+09      0.9773658834348276E+11     -0.5489514278104033E+14
  0.16700000E+03     -0.5629302161343807E+03      0.3174684927299821E+06     -0.1793623069818971E+09      0.1015171041374069E+12     -0.5755960306492165E+14
  0.16800000E+03     -0.5682568860134568E+03      0.3234989810283729E+06     -0.1844920772325563E+09      0.1054028231943178E+12     -0.6032393285832228E+14
  0.16900000E+03     -0.5735872481988546E+03      0.3295903435735133E+06     -0.1897222165287656E+09      0.1094016483308971E+12     -0.6319530061330968E+14
  0.17000000E+03     -0.5789138751207863E+03      0.3357343620111155E+06     -0.1950467869579142E+09      0.1135105714686765E+12     -0.6617313124790559E+14
  0.17100000E+03     -0.5842302797700041E+03      0.3419227713580308E+06     -0.2004588660218777E+09      0.1177251367531017E+12     -0.6925534015943563E+14
  0.17200000E+03     -0.5895430697259729E+03      0.3481642423332810E+06     -0.2059678332333018E+09      0.1220547780548745E+12     -0.7245091752284755E+14
  0.17300000E+03     -0.5948636559713767E+03      0.3544708836029228E+06     -0.2115841021120214E+09      0.1265081460845963E+12     -0.7576709397583297E+14
  0.17400000E+03     -0.6001443348377768E+03      0.3607859874935428E+06     -0.2172579148423255E+09      0.1310470722919105E+12     -0.7917692108298795E+14
  0.17500000E+03     -0.6054458784658591E+03      0.3671828296638569E+06     -0.2230565316593301E+09      0.1357272096812756E+12     -0.8272412169403164E+14
  0.17600000E+03     -0.6107393579878748E+03      0.3736254777946476E+06     -0.2289473861094780E+09      0.1405230291728322E+12     -0.8639048567490784E+14
  0.17700000E+03     -0.6160228447336901E+03      0.3801119385048627E+06     -0.2349298186419977E+09      0.1454356221754083E+12     -0.9017861184562970E+14
  0.17800000E+03     -0.6212965825512376E+03      0.3866419629712387E+06     -0.2410039900443958E+09      0.1504661730652176E+12     -0.9409078639353330E+14
  0.17900000E+03     -0.6265652060324285E+03      0.3932212807396959E+06     -0.2471760971484589E+09      0.1556212524776823E+12     -0.9813379436037656E+14
  0.18000000E+03     -0.6318133149504793E+03      0.3998297551630939E+06     -0.2534272836983662E+09      0.1608858724653500E+12     -0.1022970488509425E+15
  0.18100000E+03     -0.6370515710176477E+03      0.4064815767095209E+06     -0.2597725645477208E+09      0.1662747463958829E+12     -0.1065943938895592E+15
  0.18200000E+03     -0.6422810344433939E+03      0.4131770296509773E+06     -0.2662120927097291E+09      0.1717886602276935E+12     -0.1110275795941607E+15
  0.18300000E+03     -0.6475040794264335E+03      0.4199185101415670E+06     -0.2727484094070133E+09      0.1774307228249905E+12     -0.1156004408962745E+15
  0.18400000E+03     -0.6527023145725456E+03      0.4266817600319905E+06     -0.2793583036026640E+09      0.1831818635890195E+12     -0.1202988663580678E+15
  0.18500000E+03     -0.6579001989306107E+03      0.4334984831050856E+06     -0.2860735113019828E+09      0.1890711010107467E+12     -0.1251483234060130E+15
  0.18600000E+03     -0.6630828639312202E+03      0.4403492651997556E+06     -0.2928758091686318E+09      0.1950839565212752E+12     -0.1301387106648919E+15
  0.18700000E+03     -0.6682437662332129E+03      0.4472242940918643E+06     -0.2997551107715772E+09      0.2012119231913055E+12     -0.1352638954043790E+15
  0.18800000E+03     -0.6734024302096607E+03      0.4541498781677190E+06     -0.3067389551983858E+09      0.2074814253960073E+12     -0.1405482366125322E+15
  0.18900000E+03     -0.6785383105201541E+03      0.4610973726051157E+06     -0.3137981056699462E+09      0.2138665467617479E+12     -0.1459707108423544E+15
  0.19000000E+03     -0.6837775189929092E+03      0.4682389740316026E+06     -0.3211100294333586E+09      0.2205308621815038E+12     -0.1516734901282389E+15
  0.19100000E+03     -0.6888763174790902E+03      0.4752419530394804E+06     -0.3283343710850751E+09      0.2271651764317072E+12     -0.1573934833206632E+15
  0.19200000E+03     -0.6939586472888813E+03      0.4822739720326508E+06     -0.3356422707039702E+09      0.2339257327464662E+12     -0.1632652549151602E+15
  0.19300000E+03     -0.6990780029947397E+03      0.4894096046763203E+06     -0.3431126055688197E+09      0.2408875113567954E+12     -0.1693563109679162E+15
  0.19400000E+03     -0.7041262725824249E+03      0.4964972857282381E+06     -0.3505865698288086E+09      0.2479031204587283E+12     -0.1755388533986690E+15
  0.19500000E+03     -0.7091623347193785E+03      0.5036184925053586E+06     -0.3581496035754346E+09      0.2550530348685218E+12     -0.1818846770209412E+15
  0.19600000E+03     -0.7141815071410405E+03      0.5107655342563061E+06     -0.3657931599629443E+09      0.2623295303116645E+12     -0.1883878740252047E+15
  0.19700000E+03     -0.7191894996750583E+03      0.5179470749641334E+06     -0.3735277971430530E+09      0.2697445699257774E+12     -0.1950614498859446E+15
  0.19800000E+03     -0.7241763445035656E+03      0.5251482147466228E+06     -0.3813375933895380E+09      0.2772837524124083E+12     -0.2018938840032542E+15
  0.19900000E+03     -0.7291453983949791E+03      0.5323724279874901E+06     -0.3892255702327420E+09      0.2849499865750593E+12     -0.2088884475531166E+15
  0.20000000E+03     -0.7341051531990501E+03      0.5396317788661277E+06     -0.3972053060235594E+09      0.2927575544187629E+12     -0.2160597902433711E+15
  0.20100000E+03     -0.7390609825615002E+03      0.5469344239973610E+06     -0.4052867633941988E+09      0.3007178352113998E+12     -0.2234204613075993E+15
  0.20200000E+03     -0.7439928034544319E+03      0.5542499963023738E+06     -0.4134362275690176E+09      0.3087982425959058E+12     -0.2309415752008608E+15
  0.20300000E+03     -0.7489218005501816E+03      0.5616100364190963E+06     -0.4216896657796841E+09      0.3170359559076912E+12     -0.2386597919403338E+15
  0.20400000E+03     -0.7538377174641286E+03      0.5689980635774860E+06     -0.4300280078933986E+09      0.3254120658199955E+12     -0.2465581741333088E+15
  0.20500000E+03     -0.7587441985406150E+03      0.5764194735099428E+06     -0.4384579144084016E+09      0.3339344954499733E+12     -0.2546459711554227E+15
  0.20600000E+03     -0.7636525880221634E+03      0.5838918195845794E+06     -0.4470004622581436E+09      0.3426263976659437E+12     -0.2629475603996615E+15
  0.20700000E+03     -0.7685434908137888E+03      0.5913847288434748E+06     -0.4556206562056060E+09      0.3514525906558864E+12     -0.2714304118777703E+15
  0.20800000E+03     -0.7734312568581594E+03      0.5989202519501451E+06     -0.4643446216526836E+09      0.3604412892775759E+12     -0.2801237069173714E+15
  0.20900000E+03     -0.7783142511061884E+03      0.6064957654970743E+06     -0.4731698895712516E+09      0.3695912369082239E+12     -0.2890281487467452E+15
  0.21000000E+03     -0.7832042388496138E+03      0.6141293750461782E+06     -0.4821180335885861E+09      0.3789259710164492E+12     -0.2981684302371585E+15
  0.21100000E+03     -0.7880992118100355E+03      0.6218185273690415E+06     -0.4911874333893168E+09      0.3884459452488723E+12     -0.3075477843037415E+15
  0.21200000E+03     -0.7930104386686867E+03      0.6295807716546108E+06     -0.5003993157383194E+09      0.3981747295790326E+12     -0.3171914200927591E+15
  0.21300000E+03     -0.7979237071807744E+03      0.6373946281001251E+06     -0.5097300534933720E+09      0.4080900696151586E+12     -0.3270806695197465E+15
  0.21400000E+03     -0.8028352905398364E+03      0.6452534757456119E+06     -0.5191715973213700E+09      0.4181839807201881E+12     -0.3372088481441819E+15
  0.21500000E+03     -0.8077518251923485E+03      0.6531683088035712E+06     -0.5287382792993311E+09      0.4284736985475513E+12     -0.3475958772279385E+15
  0.21600000E+03     -0.8127000339716409E+03      0.6611823799073081E+06     -0.5384833707609146E+09      0.4390183395153622E+12     -0.3583040162696853E+15
  0.21700000E+03     -0.8176559937461967E+03      0.6692577145292326E+06     -0.5483623600622488E+09      0.4497723235725292E+12     -0.3692903903796349E+15
  0.21800000E+03     -0.8226351445149749E+03      0.6774207875037140E+06     -0.5584099555551107E+09      0.4607767229982745E+12     -0.3806010921989269E+15
  0.21900000E+03     -0.8276381738990206E+03      0.6856721340401710E+06     -0.5686268435812424E+09      0.4720331406851614E+12     -0.3922394804357593E+15
  0.22000000E+03     -0.8326379312962986E+03      0.6939681492662205E+06     -0.5789611879758205E+09      0.4834876051839714E+12     -0.4041537768627958E+15
  0.22100000E+03     -0.8376756635410522E+03      0.7023779176476012E+06     -0.5895006020678594E+09      0.4952397751752247E+12     -0.4164511429215248E+15
  0.22200000E+03     -0.8427388971015280E+03      0.7108814910722399E+06     -0.6002219811343366E+09      0.5072668811385513E+12     -0.4291117969480554E+15
  0.22300000E+03     -0.8478337511203775E+03      0.7194896339261975E+06     -0.6111402589037880E+09      0.5195880358083046E+12     -0.4421592131883814E+15
  0.22400000E+03     -0.8529449742843632E+03      0.7281778612059223E+06     -0.6222268314540508E+09      0.5321746476556610E+12     -0.4555679844989609E+15
  0.22500000E+03     -0.8580902660840252E+03      0.7369775831704681E+06     -0.6335242766568136E+09      0.5450788001992408E+12     -0.4693985482020448E+15
  0.22600000E+03     -0.8632516510381435E+03      0.7458578948330692E+06     -0.6449935234120309E+09      0.5582574780290082E+12     -0.4836075039205391E+15
  0.22700000E+03     -0.8684404232951457E+03      0.7548394542247038E+06     -0.6566636988315455E+09      0.5717479477446040E+12     -0.4982401865063119E+15
  0.22800000E+03     -0.8736404255923638E+03      0.7638944306230628E+06     -0.6684996250842087E+09      0.5855116060999058E+12     -0.5132579542426036E+15
  0.22900000E+03     -0.8788828271689130E+03      0.7730783756628780E+06     -0.6805764534815427E+09      0.5996397999006803E+12     -0.5287658765675794E+15
  0.23000000E+03     -0.8841504780297106E+03      0.7823620946070366E+06     -0.6928577882722673E+09      0.6140933056904116E+12     -0.5447256944433052E+15
  0.23100000E+03     -0.8894405992344264E+03      0.7917415917835517E+06     -0.7053404184351578E+09      0.6288718195630712E+12     -0.5611420457017193E+15
  0.23200000E+03     -0.8947579598670513E+03      0.8012261651021792E+06     -0.7180387626481153E+09      0.6439959152509858E+12     -0.5780428653461704E+15
  0.23300000E+03     -0.9001043965762501E+03      0.8108195704364097E+06     -0.7309593692956433E+09      0.6594762441777167E+12     -0.5954444040195072E+15
  0.23400000E+03     -0.9054775878089175E+03      0.8205190817097002E+06     -0.7441014399981545E+09      0.6753164035482710E+12     -0.6133570646290895E+15
  0.23500000E+03     -0.9108834328024431E+03      0.8303359780188272E+06     -0.7574820579995060E+09      0.6915402890031094E+12     -0.6318128814626064E+15
  0.23600000E+03     -0.9163061044474738E+03      0.8402426632422548E+06     -0.7710661272477705E+09      0.7081095539556528E+12     -0.6507743246723004E+15
  0.23700000E+03     -0.9217584523620618E+03      0.8502635055153586E+06     -0.7848892818218528E+09      0.7250715798442662E+12     -0.6703014735929738E+15
  0.23800000E+03     -0.9272223172716625E+03      0.8603649539989934E+06     -0.7989059727019782E+09      0.7423725649184030E+12     -0.6903361625441611E+15
  0.23900000E+03     -0.9327146052072460E+03      0.8705792233966643E+06     -0.8131632053569043E+09      0.7600745683541035E+12     -0.7109563111050004E+15
  0.24000000E+03     -0.9382255430974191E+03      0.8808893316533131E+06     -0.8276399575117325E+09      0.7781560748558939E+12     -0.7321436584817742E+15
  0.24100000E+03     -0.9437499093198478E+03      0.8912853988171652E+06     -0.8423231990288721E+09      0.7966031029944674E+12     -0.7538859554186635E+15
  0.24200000E+03     -0.9492867287302566E+03      0.9017667392878908E+06     -0.8572146162790912E+09      0.8154223968506265E+12     -0.7761981169584446E+15
  0.24300000E+03     -0.9548609204229660E+03      0.9123810092420315E+06     -0.8723836392514893E+09      0.8347051785371827E+12     -0.7991939574531799E+15
  0.24400000E+03     -0.9604392421123589E+03      0.9230656719499979E+06     -0.8877430607768444E+09      0.8543447058344352E+12     -0.8227527087370689E+15
  0.24500000E+03     -0.9660297598926880E+03      0.9338361599684964E+06     -0.9033160352121812E+09      0.8743730922405770E+12     -0.8469174141465492E+15
  0.24600000E+03     -0.9716383820251237E+03      0.9447044360290201E+06     -0.9191217903555205E+09      0.8948189486802185E+12     -0.8717289575748381E+15
  0.24700000E+03     -0.9772577490904756E+03      0.9556566792960550E+06     -0.9351419091923442E+09      0.9156619731637571E+12     -0.8971686037105844E+15
  0.24800000E+03     -0.9828919346803510E+03      0.9667014686517647E+06     -0.9513909702335489E+09      0.9369251936451892E+12     -0.9232711417104895E+15
  0.24900000E+03     -0.9885374316747126E+03      0.9778318384069095E+06     -0.9678596346633440E+09      0.9585989379045121E+12     -0.9500294880139605E+15
  0.25000000E+03     -0.9941903296570565E+03      0.9890412626526500E+06     -0.9845411057131617E+09      0.9806794773513789E+12     -0.9774472690901449E+15
  0.25100000E+03     -0.9998659286758406E+03      0.1000359752048483E+07     -0.1001480618991089E+10      0.1003228852491930E+13     -0.1005605945345437E+16
  0.25200000E+03     -0.1005531530912042E+04      0.1011723252800314E+07     -0.1018585192270227E+10      0.1026128660084554E+13     -0.1034366281292541E+16
  0.25300000E+03     -0.1011219360506596E+04      0.1023195765784049E+07     -0.1035951293180707E+10      0.1049509672196763E+13     -0.1063896355979550E+16
  0.25400000E+03     -0.1016923844164595E+04      0.1034766474406795E+07     -0.1053564274182729E+10      0.1073355946064049E+13     -0.1094182639426297E+16
  0.25500000E+03     -0.1022631937434882E+04      0.1046410839921892E+07     -0.1071390867043109E+10      0.1097629540781756E+13     -0.1125187954730796E+16
  0.25600000E+03     -0.1028347186898882E+04      0.1058134203237214E+07     -0.1089437413145436E+10      0.1122338037591692E+13     -0.1156922480889406E+16
  0.25700000E+03     -0.1034070694308784E+04      0.1069940222708167E+07     -0.1107712863728752E+10      0.1147499829743291E+13     -0.1189419762709705E+16
  0.25800000E+03     -0.1039793639386345E+04      0.1081810467548831E+07     -0.1126189403377963E+10      0.1173079092358594E+13     -0.1222638641248224E+16
  0.25900000E+03     -0.1045529703170183E+04      0.1093773820424611E+07     -0.1144913918145249E+10      0.1199144980357705E+13     -0.1256676476352260E+16
  0.26000000E+03     -0.1051273360546515E+04      0.1105818740383559E+07     -0.1163869443638396E+10      0.1225676971697060E+13     -0.1291512545699064E+16
  0.26100000E+03     -0.1057026224391470E+04      0.1117949371068055E+07     -0.1183064858393120E+10      0.1252692413242893E+13     -0.1327178207657412E+16
  0.26200000E+03     -0.1062791468134824E+04      0.1130172417833845E+07     -0.1202511905167481E+10      0.1280210984060463E+13     -0.1363705657191908E+16
  0.26300000E+03     -0.1068544055615319E+04      0.1142434467168504E+07     -0.1222126236691772E+10      0.1308115870302728E+13     -0.1400945388902622E+16
  0.26400000E+03     -0.1074305903639765E+04      0.1154782624034745E+07     -0.1241984956483294E+10      0.1336520870896974E+13     -0.1439056890300420E+16
  0.26500000E+03     -0.1080078112767984E+04      0.1167219436934319E+07     -0.1262093584858828E+10      0.1365437509004844E+13     -0.1478062622853685E+16
  0.26600000E+03     -0.1085859960294061E+04      0.1179743626227404E+07     -0.1282451667845075E+10      0.1394869126795262E+13     -0.1517974733560130E+16
  0.26700000E+03     -0.1091646221741610E+04      0.1192344255403606E+07     -0.1303043206534247E+10      0.1424796838273951E+13     -0.1558775627897077E+16
  0.26800000E+03     -0.1097441743605849E+04      0.1205032036479377E+07     -0.1323887107875377E+10      0.1455251818379214E+13     -0.1600515101180948E+16
  0.26900000E+03     -0.1103233151987423E+04      0.1217777638741314E+07     -0.1344936248038587E+10      0.1486168436867523E+13     -0.1643109905109755E+16
  0.27000000E+03     -0.1109030557359689E+04      0.1230603537375493E+07     -0.1366229294689823E+10      0.1517607493416242E+13     -0.1686651698225493E+16
  0.27100000E+03     -0.1114846453426658E+04      0.1243537536259776E+07     -0.1387813814188540E+10      0.1549642970383077E+13     -0.1731250448154760E+16
  0.27200000E+03     -0.1120704311245640E+04      0.1256632992274306E+07     -0.1409781949284006E+10      0.1582417947152969E+13     -0.1777116534409857E+16
  0.27300000E+03     -0.1126518664222426E+04      0.1269699028672979E+07     -0.1431815028607378E+10      0.1615461086221570E+13     -0.1823598624099305E+16
  0.27400000E+03     -0.1132351437290325E+04      0.1282874339881097E+07     -0.1454147326691353E+10      0.1649126085675701E+13     -0.1871200051657152E+16
  0.27500000E+03     -0.1138307936080464E+04      0.1296397429003606E+07     -0.1477185324473265E+10      0.1684030751985780E+13     -0.1920803940993234E+16
  0.27600000E+03     -0.1144148792342565E+04      0.1309728246053045E+07     -0.1500015989721155E+10      0.1718804211712817E+13     -0.1970482425842572E+16
  0.27700000E+03     -0.1150010483924225E+04      0.1323175372462756E+07     -0.1523164096541568E+10      0.1754242030654285E+13     -0.2021369518088072E+16
  0.27800000E+03     -0.1155885982342799E+04      0.1336722962138820E+07     -0.1546604007049335E+10      0.1790309239370182E+13     -0.2073423677407759E+16
  0.27900000E+03     -0.1161773461448013E+04      0.1350366091178187E+07     -0.1570327159302835E+10      0.1826994422215332E+13     -0.2126633586675276E+16
  0.28000000E+03     -0.1167636947324344E+04      0.1364023398981364E+07     -0.1594196845356279E+10      0.1864095528319399E+13     -0.2180722626223219E+16
  0.28100000E+03     -0.1173548656077026E+04      0.1377861346440881E+07     -0.1618502074163727E+10      0.1902060519585693E+13     -0.2236344573330394E+16
  0.28200000E+03     -0.1179479263902981E+04      0.1391813660597254E+07     -0.1643131791405392E+10      0.1940726138164693E+13     -0.2293277911408438E+16
  0.28300000E+03     -0.1185405979162497E+04      0.1405826388008943E+07     -0.1667991426416259E+10      0.1979946946191818E+13     -0.2351315834813252E+16
  0.28400000E+03     -0.1191371420351226E+04      0.1420001112148306E+07     -0.1693263850652366E+10      0.2020017534780124E+13     -0.2410906047320158E+16
  0.28500000E+03     -0.1197343348049955E+04      0.1434261760298732E+07     -0.1718815621915716E+10      0.2060731754116923E+13     -0.2471752949428153E+16
  0.28600000E+03     -0.1203289425448628E+04      0.1448531187711336E+07     -0.1744509927898587E+10      0.2101875890567396E+13     -0.2533546572092554E+16
  0.28700000E+03     -0.1209306093095863E+04      0.1463041663978838E+07     -0.1770767717725650E+10      0.2144130290906121E+13     -0.2597321060294942E+16
  0.28800000E+03     -0.1215358137615890E+04      0.1477710246107769E+07     -0.1797443778177122E+10      0.2187271196158360E+13     -0.2662756776933416E+16
  0.28900000E+03     -0.1221355720962629E+04      0.1492317548609665E+07     -0.1824137388427799E+10      0.2230649710636537E+13     -0.2728871195518386E+16
  0.29000000E+03     -0.1227443913794833E+04      0.1507218549117302E+07     -0.1851501554943675E+10      0.2275336108257990E+13     -0.2797312601943442E+16
  0.29100000E+03     -0.1233600427967041E+04      0.1522362230830502E+07     -0.1879450401984035E+10      0.2321205055286541E+13     -0.2867915134944948E+16
  0.29200000E+03     -0.1239772120800541E+04      0.1537618745187192E+07     -0.1907747262659892E+10      0.2367875267090997E+13     -0.2940106309361130E+16
  0.29300000E+03     -0.1245984680260518E+04      0.1553051652340872E+07     -0.1936511455399876E+10      0.2415548061502757E+13     -0.3014207858396606E+16
  0.29400000E+03     -0.1252265528770780E+04      0.1568733448528955E+07     -0.1965887687759872E+10      0.2464481521788218E+13     -0.3090652952464724E+16
  0.29500000E+03     -0.1258579201769547E+04      0.1584574585771306E+07     -0.1995707756032840E+10      0.2514397052979737E+13     -0.3169012497536976E+16
  0.29600000E+03     -0.1264935588742471E+04      0.1600603480489334E+07     -0.2026033347900040E+10      0.2565413974080583E+13     -0.3249502662890390E+16
  0.29700000E+03     -0.1271353013781060E+04      0.1616867381728145E+07     -0.2056957411349312E+10      0.2617697287872627E+13     -0.3332401564722415E+16
  0.29800000E+03     -0.1277820527475052E+04      0.1633341621318766E+07     -0.2088440438304136E+10      0.2671195284480850E+13     -0.3417655203196818E+16
  0.29900000E+03     -0.1284337166854142E+04      0.1650025031465490E+07     -0.2120484214270937E+10      0.2725920454933258E+13     -0.3505302710916850E+16
  0.30000000E+03     -0.1290921461829755E+04      0.1666968102175816E+07     -0.2153193239656003E+10      0.2782066940591243E+13     -0.3595684614874460E+16
  0.30100000E+03     -0.1297574327470015E+04      0.1684175221111446E+07     -0.2186581594918496E+10      0.2839671413468229E+13     -0.3688884664987578E+16
  0.30200000E+03     -0.1304303068176248E+04      0.1701668446958473E+07     -0.2220699962187352E+10      0.2898837883694020E+13     -0.3785102727826692E+16
  0.30300000E+03     -0.1311126150947189E+04      0.1719499433092068E+07     -0.2255658014913789E+10      0.2959775167180176E+13     -0.3884713740931973E+16
  0.30400000E+03     -0.1318003085620667E+04      0.1737564968110703E+07     -0.2291260372441198E+10      0.3022158059044050E+13     -0.3987216479931212E+16
  0.30500000E+03     -0.1324933687343070E+04      0.1755867927536236E+07     -0.2327521287067686E+10      0.3086029990905869E+13     -0.4092718213444776E+16
  0.30600000E+03     -0.1331975059568541E+04      0.1774561995189870E+07     -0.2364752950885769E+10      0.3151958001111262E+13     -0.4202189628473761E+16
  0.30700000E+03     -0.1339106645111041E+04      0.1793596652617204E+07     -0.2402864906041644E+10      0.3219803543801307E+13     -0.4315442615009954E+16
  0.30800000E+03     -0.1346288857298053E+04      0.1812869359833343E+07     -0.2441660297981501E+10      0.3289235147074426E+13     -0.4431961995057084E+16
  0.30900000E+03     -0.1353561047937215E+04      0.1832489471665488E+07     -0.2481369059439314E+10      0.3360685851650061E+13     -0.4552517282414966E+16
  0.31000000E+03     -0.1360921133245751E+04      0.1852455294309157E+07     -0.2521998026109316E+10      0.3434190564359188E+13     -0.4677212458649758E+16
  0.31100000E+03     -0.1368363569632318E+04      0.1872755461397108E+07     -0.2563534030939453E+10      0.3509747974627476E+13     -0.4806091066618558E+16
  0.31200000E+03     -0.1375880458637079E+04      0.1893370870773138E+07     -0.2605945386600102E+10      0.3587318238251752E+13     -0.4939122860028099E+16
  0.31300000E+03     -0.1383488827276715E+04      0.1914353550006859E+07     -0.2649352756356712E+10      0.3667151829228618E+13     -0.5076796768321803E+16
  0.31400000E+03     -0.1391179264383583E+04      0.1935681294441005E+07     -0.2693720662892462E+10      0.3749207680370993E+13     -0.5219092171369040E+16
  0.31500000E+03     -0.1398927133761639E+04      0.1957288010440338E+07     -0.2738918951863009E+10      0.3833263628098696E+13     -0.5365664565571618E+16
  0.31600000E+03     -0.1406784383999787E+04      0.1979323600547477E+07     -0.2785274623178766E+10      0.3919958138069094E+13     -0.5517689519142765E+16
  0.31700000E+03     -0.1414699005041623E+04      0.2001645153457269E+07     -0.2832496150862346E+10      0.4008768456147543E+13     -0.5674299193611196E+16
  0.31800000E+03     -0.1422685834237153E+04      0.2024298669648893E+07     -0.2880692682297230E+10      0.4099927818337044E+13     -0.5835964220814214E+16
  0.31900000E+03     -0.1430751727990502E+04      0.2047306635818332E+07     -0.2929921647153731E+10      0.4193568872064347E+13     -0.6002972866830297E+16
  0.32000000E+03     -0.1438882139997080E+04      0.2070630577154063E+07     -0.2980110338329900E+10      0.4289577595529466E+13     -0.6175175724475931E+16
  0.32100000E+03     -0.1447084948149891E+04      0.2094297281897697E+07     -0.3031328717405802E+10      0.4388117696804067E+13     -0.6352931303200635E+16
  0.32200000E+03     -0.1455351392422669E+04      0.2118284145839378E+07     -0.3083536953876624E+10      0.4489136382846768E+13     -0.6536198801196623E+16
  0.32300000E+03     -0.1463677709974792E+04      0.2142583226108671E+07     -0.3136727689665655E+10      0.4592645299271485E+13     -0.6725058381267798E+16
  0.32400000E+03     -0.1472065056845883E+04      0.2167201066189649E+07     -0.3190925661555229E+10      0.4698719596899562E+13     -0.6919708742050989E+16
  0.32500000E+03     -0.1480532716371654E+04      0.2192197984966196E+07     -0.3246275435871582E+10      0.4807672246174076E+13     -0.7120792118030271E+16
  0.32600000E+03     -0.1489045926917723E+04      0.2217474461590086E+07     -0.3302567174363356E+10      0.4919118127169329E+13     -0.7327662574868102E+16
  0.32700000E+03     -0.1497608809622716E+04      0.2243044605884031E+07     -0.3359840189293500E+10      0.5033158034418261E+13     -0.7540563453491674E+16
  0.32800000E+03     -0.1506225896224786E+04      0.2268925140285902E+07     -0.3418142868182237E+10      0.5149917613725154E+13     -0.7759798061256035E+16
  0.32900000E+03     -0.1514904136153689E+04      0.2295140126579420E+07     -0.3477540497699983E+10      0.5269557594209602E+13     -0.7985739103261841E+16
  0.33000000E+03     -0.1523636759247075E+04      0.2321671441101794E+07     -0.3538001220130056E+10      0.5392040264903212E+13     -0.8218380254477965E+16
  0.33100000E+03     -0.1532412346908010E+04      0.2348487588750132E+07     -0.3599464565299878E+10      0.5517274151392683E+13     -0.8457622133160898E+16
  0.33200000E+03     -0.1541256487182422E+04      0.2375669329578323E+07     -0.3662125618715395E+10      0.5645685417110539E+13     -0.8704349536928328E+16
  0.33300000E+03     -0.1550137217421554E+04      0.2403121108851308E+07     -0.3725774423389393E+10      0.5776873433521245E+13     -0.8957865931569508E+16
  0.33400000E+03     -0.1559063893066952E+04      0.2430874211759621E+07     -0.3790493243559957E+10      0.5911036542347435E+13     -0.9218627100011944E+16
  0.33500000E+03     -0.1568029629624563E+04      0.2458908731750904E+07     -0.3856243401601664E+10      0.6048119422988288E+13     -0.9486590938949650E+16
  0.33600000E+03     -0.1577039949549654E+04      0.2487245527493048E+07     -0.3923086584293163E+10      0.6188286355716189E+13     -0.9762165985394928E+16
  0.33700000E+03     -0.1586095067013740E+04      0.2515886769282732E+07     -0.3991035858745305E+10      0.6331590662297208E+13     -0.1004552621536634E+17
  0.33800000E+03     -0.1595191942777943E+04      0.2544825941111136E+07     -0.4060087599341118E+10      0.6478059106766268E+13     -0.1033681127520276E+17
  0.33900000E+03     -0.1604348271499352E+04      0.2574120916778462E+07     -0.4130388218162948E+10      0.6628029524966838E+13     -0.1063676640811071E+17
  0.34000000E+03     -0.1613543672954585E+04      0.2603710068297675E+07     -0.4201802990765360E+10      0.6781252375766607E+13     -0.1094498777700926E+17
  0.34100000E+03     -0.1622761138531785E+04      0.2633539673375916E+07     -0.4274209345895052E+10      0.6937489873936339E+13     -0.1126106781055336E+17
  0.34200000E+03     -0.1632020684951615E+04      0.2663677240887267E+07     -0.4347782525201553E+10      0.7097154937549336E+13     -0.1158593294853996E+17
  0.34300000E+03     -0.1641337550645727E+04      0.2694174136471193E+07     -0.4422657014373157E+10      0.7260569500184476E+13     -0.1192032047601125E+17
  0.34400000E+03     -0.1650679701686951E+04      0.2724928404383328E+07     -0.4498594446095192E+10      0.7427249933246071E+13     -0.1226333722421453E+17
  0.34500000E+03     -0.1660061234979733E+04      0.2755987982644185E+07     -0.4575721882787503E+10      0.7597505003656268E+13     -0.1261570226088715E+17
  0.34600000E+03     -0.1669491025659006E+04      0.2787385106924404E+07     -0.4654131435463024E+10      0.7771575658551442E+13     -0.1297801484305551E+17
  0.34700000E+03     -0.1678938210449929E+04      0.2819018340828427E+07     -0.4733578121483663E+10      0.7948947709858011E+13     -0.1334928973730509E+17
  0.34800000E+03     -0.1688422088587878E+04      0.2850953744591341E+07     -0.4814236490747720E+10      0.8130041367028180E+13     -0.1373049386900088E+17
  0.34900000E+03     -0.1697947690653205E+04      0.2883211213758021E+07     -0.4896169432791307E+10      0.8315037822766592E+13     -0.1412211728098752E+17
  0.35000000E+03     -0.1707511162898284E+04      0.2915779693986003E+07     -0.4979359113966055E+10      0.8503931620530449E+13     -0.1452424683251632E+17
  0.35100000E+03     -0.1717104709330707E+04      0.2948634072063368E+07     -0.5063750307451373E+10      0.8696629534029995E+13     -0.1493677791932021E+17
  0.35200000E+03     -0.1726706250050725E+04      0.2981700311263231E+07     -0.5149162176971047E+10      0.8892752023675385E+13     -0.1535899528538971E+17
  0.35300000E+03     -0.1736375703748129E+04      0.3015187017652148E+07     -0.5236144750989132E+10      0.9093600062918947E+13     -0.1579380800223348E+17
  0.35400000E+03     -0.1746073282348622E+04      0.3048958793488562E+07     -0.5324357950846231E+10      0.9298427691863277E+13     -0.1623971322869597E+17
  0.35500000E+03     -0.1755780358863638E+04      0.3082952751650976E+07     -0.5413648173119575E+10      0.9506915735168678E+13     -0.1669612544841379E+17
  0.35600000E+03     -0.1765544330359360E+04      0.3117335403040180E+07     -0.5504459689998579E+10      0.9720130558713902E+13     -0.1716547081894023E+17
  0.35700000E+03     -0.1775311116047153E+04      0.3151918861909045E+07     -0.5596308538479351E+10      0.9936977708477793E+13     -0.1764546084448645E+17
  0.35800000E+03     -0.1785101485104715E+04      0.3186777319740061E+07     -0.5689399092418286E+10      0.1015797023754708E+14     -0.1813732806462272E+17
  0.35900000E+03     -0.1794950654396633E+04      0.3222038643321286E+07     -0.5784085088981930E+10      0.1038399042423681E+14     -0.1864316066214702E+17
  0.36000000E+03     -0.1804827282889146E+04      0.3257593375030607E+07     -0.5880085712789000E+10      0.1061441291119135E+14     -0.1916169031629438E+17
  0.36100000E+03     -0.1814708426983484E+04      0.3293359178616632E+07     -0.5977185110539270E+10      0.1084874894386528E+14     -0.1969191430884904E+17
  0.36200000E+03     -0.1824638581468774E+04      0.3329499203578908E+07     -0.6075837703323852E+10      0.1108813693770980E+14     -0.2023653459032552E+17
  0.36300000E+03     -0.1834589296081569E+04      0.3365912654715877E+07     -0.6175781734841545E+10      0.1133198849348576E+14     -0.2079435142947786E+17
  0.36400000E+03     -0.1844589986998149E+04      0.3402707928936813E+07     -0.6277322745717779E+10      0.1158108320928577E+14     -0.2136725947086249E+17
  0.36500000E+03     -0.1854581834555729E+04      0.3439670414003170E+07     -0.6379879377193649E+10      0.1183403616020284E+14     -0.2195220166189574E+17
  0.36600000E+03     -0.1864597321307794E+04      0.3476920949087114E+07     -0.6483794797596319E+10      0.1209172802288244E+14     -0.2255132799918648E+17
  0.36700000E+03     -0.1874649373731586E+04      0.3514509271062655E+07     -0.6589218459654254E+10      0.1235457102421056E+14     -0.2316572866149153E+17
  0.36800000E+03     -0.1884761925256741E+04      0.3552527948377286E+07     -0.6696424710590096E+10      0.1262330108923055E+14     -0.2379728082561831E+17
  0.36900000E+03     -0.1894900321828530E+04      0.3590849151186328E+07     -0.6805066202375407E+10      0.1289709591338057E+14     -0.2444420212676013E+17
  0.37000000E+03     -0.1905020609194413E+04      0.3629306491219178E+07     -0.6914676732913601E+10      0.1317481015486625E+14     -0.2510389324320948E+17
  0.37100000E+03     -0.1915201517868147E+04      0.3668201239650151E+07     -0.7026127194306518E+10      0.1345869711650774E+14     -0.2578185543135562E+17
  0.37200000E+03     -0.1925383473222742E+04      0.3707307337337188E+07     -0.7138780568556953E+10      0.1374717767728663E+14     -0.2647445992848395E+17
  0.37300000E+03     -0.1935559587933765E+04      0.3746597958372836E+07     -0.7252564798240856E+10      0.1404009680213569E+14     -0.2718144400790232E+17
  0.37400000E+03     -0.1945800830046893E+04      0.3786349618862059E+07     -0.7368294326952518E+10      0.1433960282320587E+14     -0.2790815741493332E+17
  0.37500000E+03     -0.1956030383489763E+04      0.3826264274510039E+07     -0.7485108139820599E+10      0.1464350114949219E+14     -0.2864939680643840E+17
  0.37600000E+03     -0.1966326067676682E+04      0.3866649579316629E+07     -0.7603924845312257E+10      0.1495424592119452E+14     -0.2941134618009975E+17
  0.37700000E+03     -0.1976631862724394E+04      0.3907285859666598E+07     -0.7724104870904027E+10      0.1527019909912488E+14     -0.3019011585834004E+17
  0.37800000E+03     -0.1986965688056510E+04      0.3948246765685006E+07     -0.7845881452796018E+10      0.1559203166491399E+14     -0.3098754473219878E+17
  0.37900000E+03     -0.1997281881954097E+04      0.3989351036559751E+07     -0.7968721554297701E+10      0.1591836793328719E+14     -0.3180034952677046E+17
  0.38000000E+03     -0.2007674046271057E+04      0.4030972360117077E+07     -0.8093750765085706E+10      0.1625223917202971E+14     -0.3263622623019291E+17
  0.38100000E+03     -0.2018088964132040E+04      0.4072902125197131E+07     -0.8220362692129732E+10      0.1659209804491392E+14     -0.3349152567564948E+17
  0.38200000E+03     -0.2028490534375857E+04      0.4114994310154808E+07     -0.8348121110782549E+10      0.1693680438677048E+14     -0.3436350158623566E+17
  0.38300000E+03     -0.2038876054889896E+04      0.4157238033628002E+07     -0.8476999939410409E+10      0.1728632486792822E+14     -0.3525220964517891E+17
  0.38400000E+03     -0.2049333140533356E+04      0.4199990437196730E+07     -0.8608097853190659E+10      0.1764368211453545E+14     -0.3616549134099952E+17
  0.38500000E+03     -0.2059754506848736E+04      0.4242814653006557E+07     -0.8740087400365763E+10      0.1800530942063736E+14     -0.3709441116257492E+17
  0.38600000E+03     -0.2070244667468486E+04      0.4286140394483306E+07     -0.8874300568461901E+10      0.1837489558487650E+14     -0.3804859380813074E+17
  0.38700000E+03     -0.2080749574737802E+04      0.4329748336566124E+07     -0.9010076934921965E+10      0.1875069334525731E+14     -0.3902376168610214E+17
  0.38800000E+03     -0.2091260412486770E+04      0.4373601467446747E+07     -0.9147306940564388E+10      0.1913243447640671E+14     -0.4001935967361822E+17
  0.38900000E+03     -0.2101819586115569E+04      0.4417878392333477E+07     -0.9286561699053005E+10      0.1952176092457869E+14     -0.4103985923095274E+17
  0.39000000E+03     -0.2112379154401995E+04      0.4462380717744651E+07     -0.9427232602437000E+10      0.1991703385437546E+14     -0.4208118082399140E+17
  0.39100000E+03     -0.2122929033703378E+04      0.4507064886409354E+07     -0.9569185709480577E+10      0.2031790735384748E+14     -0.4314254590773145E+17
  0.39200000E+03     -0.2133520531369442E+04      0.4552149348441646E+07     -0.9713125676714348E+10      0.2072642149362323E+14     -0.4422954142536246E+17
  0.39300000E+03     -0.2144104973398754E+04      0.4597427108045856E+07     -0.9858399330583750E+10      0.2114076444580817E+14     -0.4533751141759827E+17
  0.39400000E+03     -0.2154723072349062E+04      0.4643073986920384E+07     -0.1000558322149757E+11      0.2156263628841751E+14     -0.4647120489822373E+17
  0.39500000E+03     -0.2165362779745623E+04      0.4689041416001708E+07     -0.1015453839138799E+11      0.2199171007249441E+14     -0.4762999077616198E+17
  0.39600000E+03     -0.2175990825248859E+04      0.4735182756988289E+07     -0.1030478745829102E+11      0.2242662500133898E+14     -0.4881028855087766E+17
  0.39700000E+03     -0.2186668591232064E+04      0.4781768157199324E+07     -0.1045722922344923E+11      0.2287005902122289E+14     -0.5001962942301772E+17
  0.39800000E+03     -0.2197340949582042E+04      0.4828558653886648E+07     -0.1061109414555511E+11      0.2331983110187073E+14     -0.5125228019525646E+17
  0.39900000E+03     -0.2207958655494406E+04      0.4875334878842174E+07     -0.1076565673284872E+11      0.2377382970542880E+14     -0.5250253739623651E+17
  0.40000000E+03     -0.2218667309368493E+04      0.4922740427845260E+07     -0.1092305797973744E+11      0.2423840706526399E+14     -0.5378812767921967E+17
  0.40100000E+03     -0.2229361907049502E+04      0.4970312203378152E+07     -0.1108177329304726E+11      0.2470912317059853E+14     -0.5509698957223110E+17
  0.40200000E+03     -0.2240137115284871E+04      0.5018473948913492E+07     -0.1124323269638335E+11      0.2519028951331846E+14     -0.5644136848845758E+17
  0.40300000E+03     -0.2250881295769574E+04      0.5066728563332684E+07     -0.1140578345140714E+11      0.2567704394657257E+14     -0.5780791810530345E+17
  0.40400000E+03     -0.2261615581522613E+04      0.5115168132911506E+07     -0.1156973361956669E+11      0.2617032464400078E+14     -0.5919937840946361E+17
  0.40500000E+03     -0.2272358322793464E+04      0.5163878448124352E+07     -0.1173539115289642E+11      0.2667113357485983E+14     -0.6061885209583290E+17
  0.40600000E+03     -0.2283129324998361E+04      0.5212947118292402E+07     -0.1190305401074559E+11      0.2718039413204177E+14     -0.6206908447974917E+17
  0.40700000E+03     -0.2293877502172099E+04      0.5262143790511642E+07     -0.1207195063264360E+11      0.2769583247583620E+14     -0.6354386294567902E+17
  0.40800000E+03     -0.2304729055225533E+04      0.5312048025416034E+07     -0.1224408483828442E+11      0.2822363009807622E+14     -0.6506112966760254E+17
  0.40900000E+03     -0.2315548897617341E+04      0.5362041209897768E+07     -0.1241733954684061E+11      0.2875737023919648E+14     -0.6660272022913560E+17
  0.41000000E+03     -0.2326261733807145E+04      0.5411769971005980E+07     -0.1259047855994127E+11      0.2929323173880104E+14     -0.6815762671109324E+17
  0.41100000E+03     -0.2337041355404978E+04      0.5462041589014360E+07     -0.1276632211385961E+11      0.2983999645416433E+14     -0.6975155481483523E+17
  0.41200000E+03     -0.2347869957806397E+04      0.5512774934783531E+07     -0.1294460056005971E+11      0.3039689311513405E+14     -0.7138251968818353E+17
  0.41300000E+03     -0.2358687721337815E+04      0.5563691194985890E+07     -0.1312434674341169E+11      0.3096096340061115E+14     -0.7304211008600565E+17
  0.41400000E+03     -0.2369539646165351E+04      0.5615004362424424E+07     -0.1330633151294596E+11      0.3153469878207305E+14     -0.7473794032813186E+17
  0.41500000E+03     -0.2380356766999705E+04      0.5666386878533737E+07     -0.1348939560559676E+11      0.3211447617930590E+14     -0.7645946594143776E+17
  0.41600000E+03     -0.2391210926355927E+04      0.5718180751669457E+07     -0.1367476783832612E+11      0.3270424426416962E+14     -0.7821865262711934E+17
  0.41700000E+03     -0.2402038230270714E+04      0.5770081002934558E+07     -0.1386136400723250E+11      0.3330060125200750E+14     -0.8000556811151434E+17
  0.41800000E+03     -0.2412909069052694E+04      0.5822426881991237E+07     -0.1405041805685794E+11      0.3390756075352691E+14     -0.8183252150862797E+17
  0.41900000E+03     -0.2423725561371858E+04      0.5874743748785654E+07     -0.1424021142684106E+11      0.3451961593186118E+14     -0.8368304297899403E+17
  0.42000000E+03     -0.2434605256997778E+04      0.5927604434680438E+07     -0.1443284542081568E+11      0.3514364288424038E+14     -0.8557829876479549E+17
  0.42100000E+03     -0.2445508076194402E+04      0.5980813025144811E+07     -0.1462760945492939E+11      0.3577737545737652E+14     -0.8751159027096907E+17
  0.42200000E+03     -0.2456311049843401E+04      0.6033770167404735E+07     -0.1482232010225451E+11      0.3641376787035978E+14     -0.8946167823691702E+17
  0.42300000E+03     -0.2467239003820787E+04      0.6087576773130555E+07     -0.1502102857254186E+11      0.3706609795193305E+14     -0.9146944128398024E+17
  0.42400000E+03     -0.2478044538684708E+04      0.6141016377957295E+07     -0.1521925618677177E+11      0.3771973282690750E+14     -0.9349013368346222E+17
  0.42500000E+03     -0.2488918841170349E+04      0.6195030518829813E+07     -0.1542048841996550E+11      0.3838616787758971E+14     -0.9555937960050469E+17
  0.42600000E+03     -0.2499807717886103E+04      0.6249354898044735E+07     -0.1562376639945712E+11      0.3906233798687654E+14     -0.9766808278812755E+17
  0.42700000E+03     -0.2510662876473411E+04      0.6303746705919735E+07     -0.1582818230939103E+11      0.3974525191771987E+14     -0.9980708439161293E+17
  0.42800000E+03     -0.2521498625060237E+04      0.6358276721811457E+07     -0.1603400641851212E+11      0.4043585256145361E+14     -0.1019795435036910E+18
  0.42900000E+03     -0.2532333561891355E+04      0.6413038210452988E+07     -0.1624159716513423E+11      0.4113538976788473E+14     -0.1041896210444852E+18
  0.43000000E+03     -0.2543278485902964E+04      0.6468593433059373E+07     -0.1645310230602785E+11      0.4185118212502096E+14     -0.1064607775509665E+18
  0.43100000E+03     -0.2554114741980542E+04      0.6523831880219752E+07     -0.1666429923112920E+11      0.4256898277326898E+14     -0.1087480295217150E+18
  0.43200000E+03     -0.2564929515071334E+04      0.6579195449732435E+07     -0.1687687544819946E+11      0.4329454620233042E+14     -0.1110698572762792E+18
  0.43300000E+03     -0.2575862259016290E+04      0.6635401465155536E+07     -0.1709360601282863E+11      0.4403744125847246E+14     -0.1134572754700156E+18
  0.43400000E+03     -0.2586678273126089E+04      0.6691242106876681E+07     -0.1730983671565742E+11      0.4478175206183180E+14     -0.1158593422262448E+18
  0.43500000E+03     -0.2597577894683102E+04      0.6747750297266719E+07     -0.1752956968421143E+11      0.4554128932909480E+14     -0.1183208248670110E+18
  0.43600000E+03     -0.2608408002254730E+04      0.6804134293307689E+07     -0.1774974197096679E+11      0.4630554623897968E+14     -0.1208080196569047E+18
  0.43700000E+03     -0.2619218134650467E+04      0.6860648363958417E+07     -0.1797133995320636E+11      0.4707795082987941E+14     -0.1233321833089566E+18
  0.43800000E+03     -0.2630072715400124E+04      0.6917630976388732E+07     -0.1819570510681819E+11      0.4786325590852951E+14     -0.1259091875719861E+18
  0.43900000E+03     -0.2640958581640798E+04      0.6975014038006228E+07     -0.1842258089382623E+11      0.4866063068186088E+14     -0.1285366137823183E+18
  0.44000000E+03     -0.2651742834334985E+04      0.7032093466311260E+07     -0.1864917727861065E+11      0.4946027405338620E+14     -0.1311822705109490E+18
  0.44100000E+03     -0.2662540766801703E+04      0.7089481061691899E+07     -0.1887793675539663E+11      0.5027088041443367E+14     -0.1338752593312718E+18
  0.44200000E+03     -0.2673273755782921E+04      0.7146751932290590E+07     -0.1910714519296454E+11      0.5108633039998807E+14     -0.1365951895022766E+18
  0.44300000E+03     -0.2684078883205770E+04      0.7204642163051805E+07     -0.1933977446505035E+11      0.5191731568861431E+14     -0.1393782073125680E+18
  0.44400000E+03     -0.2694820667210585E+04      0.7262422555909032E+07     -0.1957288839454250E+11      0.5275335330598459E+14     -0.1421893122335718E+18
  0.44500000E+03     -0.2705697521358128E+04      0.7321166532876590E+07     -0.1981085006436848E+11      0.5361023426634326E+14     -0.1450821733551144E+18
  0.44600000E+03     -0.2716474039546074E+04      0.7379601758646844E+07     -0.2004850925677023E+11      0.5446945418595792E+14     -0.1479945508692471E+18
  0.44700000E+03     -0.2727134679658889E+04      0.7437637986859344E+07     -0.2028548216006062E+11      0.5532959194137392E+14     -0.1509216061882165E+18
  0.44800000E+03     -0.2737863863764084E+04      0.7496274868097472E+07     -0.2052584024640386E+11      0.5620541529290619E+14     -0.1539136503212078E+18
  0.44900000E+03     -0.2748689138089244E+04      0.7555670226478904E+07     -0.2077026751844451E+11      0.5709957803991252E+14     -0.1569803908045260E+18
  0.45000000E+03     -0.2759467591712250E+04      0.7615044469862380E+07     -0.2101558203952823E+11      0.5800056428340549E+14     -0.1600828536018858E+18
  0.45100000E+03     -0.2770126096816585E+04      0.7673985043890426E+07     -0.2126004674146855E+11      0.5890190272797832E+14     -0.1631985372122421E+18
  0.45200000E+03     -0.2780833562865695E+04      0.7733424407611158E+07     -0.2150752964944926E+11      0.5981788291808601E+14     -0.1663770250091009E+18
  0.45300000E+03     -0.2791591283458868E+04      0.7793374220714492E+07     -0.2175810544262960E+11      0.6074890568615610E+14     -0.1696202358479029E+18
  0.45400000E+03     -0.2802228299284139E+04      0.7852877048291222E+07     -0.2200775965864138E+11      0.6168003480043209E+14     -0.1728761608497149E+18
  0.45500000E+03     -0.2812820165792398E+04      0.7912355387310706E+07     -0.2225827177621939E+11      0.6261796045877678E+14     -0.1761684779129722E+18
  0.45600000E+03     -0.2823402042905567E+04      0.7971999719413932E+07     -0.2251042192222352E+11      0.6356554735302795E+14     -0.1795071397128209E+18
  0.45700000E+03     -0.2834131346373537E+04      0.8032704598862880E+07     -0.2276802995189916E+11      0.6453732098890946E+14     -0.1829440210213818E+18
  0.45800000E+03     -0.2844620134136351E+04      0.8092270797755402E+07     -0.2302175190257041E+11      0.6549801694367826E+14     -0.1863544376253626E+18
  0.45900000E+03     -0.2855260375859937E+04      0.8152922315058490E+07     -0.2328105963556485E+11      0.6648352252818183E+14     -0.1898659671041535E+18
  0.46000000E+03     -0.2865804614343714E+04      0.8213250309066405E+07     -0.2353994416066425E+11      0.6747108150176320E+14     -0.1933979087125310E+18
  0.46100000E+03     -0.2876332400000017E+04      0.8273703082384296E+07     -0.2380030709754467E+11      0.6846789068738253E+14     -0.1969758945954156E+18
  0.46200000E+03     -0.2886855810630176E+04      0.8334356204369482E+07     -0.2406250746137324E+11      0.6947547896700360E+14     -0.2006060598564496E+18
  0.46300000E+03     -0.2897290136472310E+04      0.8394713211388724E+07     -0.2432437072556053E+11      0.7048540888811670E+14     -0.2042578134666802E+18
  0.46400000E+03     -0.2907832804528630E+04      0.8455916543499634E+07     -0.2459086216041705E+11      0.7151689003924256E+14     -0.2080009267829180E+18
  0.46500000E+03     -0.2918273686602039E+04      0.8516751567418585E+07     -0.2485672260032912E+11      0.7254970732761552E+14     -0.2117626497481830E+18
  0.46600000E+03     -0.2928772634496088E+04      0.8578141712058078E+07     -0.2512595986910419E+11      0.7359935014831762E+14     -0.2155992056598573E+18
  0.46700000E+03     -0.2939210043831195E+04      0.8639390743668457E+07     -0.2539554097388388E+11      0.7465410026888105E+14     -0.2194682474189908E+18
  0.46800000E+03     -0.2949444623817650E+04      0.8699661833471254E+07     -0.2566175538323703E+11      0.7569935891433203E+14     -0.2233160205542528E+18
  0.46900000E+03     -0.2959770552787148E+04      0.8760683387595842E+07     -0.2593222651006244E+11      0.7676504249065230E+14     -0.2272526917020816E+18
  0.47000000E+03     -0.2970071794423028E+04      0.8821770516758500E+07     -0.2620392895757425E+11      0.7783929723418722E+14     -0.2312348148750594E+18
  0.47100000E+03     -0.2980265925501317E+04      0.8882431402146636E+07     -0.2647466789440898E+11      0.7891344081352625E+14     -0.2352302803556860E+18
  0.47200000E+03     -0.2990573218428865E+04      0.8943978823272822E+07     -0.2675031827661522E+11      0.8001087133617588E+14     -0.2393265539304425E+18
  0.47300000E+03     -0.3000815325329663E+04      0.9005346945645880E+07     -0.2702610921568909E+11      0.8111263128031969E+14     -0.2434531083583205E+18
  0.47400000E+03     -0.3011067661115797E+04      0.9066985580800563E+07     -0.2730405925696294E+11      0.8222679806957620E+14     -0.2476403420179200E+18
  0.47500000E+03     -0.3021223104538964E+04      0.9128249897717249E+07     -0.2758126351355189E+11      0.8334176500644628E+14     -0.2518448740321497E+18
  0.47600000E+03     -0.3031441761512526E+04      0.9190102418300798E+07     -0.2786206835423004E+11      0.8447500419856653E+14     -0.2561326508940469E+18
  0.47700000E+03     -0.3041763992991789E+04      0.9252797305593861E+07     -0.2814767888992281E+11      0.8563161191992762E+14     -0.2605239346460618E+18
  0.47800000E+03     -0.3051753064527000E+04      0.9313666157522121E+07     -0.2842587351541040E+11      0.8676185589177728E+14     -0.2648290945600262E+18
  0.47900000E+03     -0.3061689696726854E+04      0.9374417808963111E+07     -0.2870446031970451E+11      0.8789747522150394E+14     -0.2691691829810896E+18
  0.48000000E+03     -0.3071704738638323E+04      0.9435847323282560E+07     -0.2898706863498722E+11      0.8905322158706595E+14     -0.2736005086583878E+18
  0.48100000E+03     -0.3081818915973736E+04      0.9498088828000927E+07     -0.2927435378650092E+11      0.9023195624317438E+14     -0.2781348319867036E+18
  0.48200000E+03     -0.3091685249059755E+04      0.9558999231811963E+07     -0.2955639389626325E+11      0.9139287054879108E+14     -0.2826148847403238E+18
  0.48300000E+03     -0.3101638286874919E+04      0.9620647655331161E+07     -0.2984279306406166E+11      0.9257561572279392E+14     -0.2871942370817335E+18
  0.48400000E+03     -0.3111527545632243E+04      0.9682094046380363E+07     -0.3012915330564111E+11      0.9376192782342850E+14     -0.2918018807584185E+18
  0.48500000E+03     -0.3121225704488330E+04      0.9742541720588835E+07     -0.3041174114833764E+11      0.9493627668148272E+14     -0.2963773363931484E+18
  0.48600000E+03     -0.3131110432622314E+04      0.9804351716676418E+07     -0.3070163322776195E+11      0.9614488013526228E+14     -0.3011015001870666E+18
  0.48700000E+03     -0.3140714318012464E+04      0.9864587386561695E+07     -0.3098499689195461E+11      0.9732984211726200E+14     -0.3057472765778152E+18
  0.48800000E+03     -0.3150655351469425E+04      0.9927134417262964E+07     -0.3128016236610634E+11      0.9856805213135106E+14     -0.3106171396399881E+18
  0.48900000E+03     -0.3160360519915473E+04      0.9988384888785409E+07     -0.3157009658279171E+11      0.9978805088038636E+14     -0.3154301075198173E+18
  0.49000000E+03     -0.3169877096318700E+04      0.1004862965479666E+08     -0.3185614625515551E+11      0.1009954013036311E+15     -0.3202078062483206E+18
  0.49100000E+03     -0.3179564370643621E+04      0.1011014344512037E+08     -0.3214911886528598E+11      0.1022357717081304E+15     -0.3251312547312986E+18
  0.49200000E+03     -0.3189096444203307E+04      0.1017085484142698E+08     -0.3243914473967741E+11      0.1034673815692370E+15     -0.3300347216097595E+18
  0.49300000E+03     -0.3198670837458033E+04      0.1023201733652426E+08     -0.3273219558828090E+11      0.1047155432108857E+15     -0.3350188879277650E+18
  0.49400000E+03     -0.3208110448773627E+04      0.1029249629531684E+08     -0.3302282399111452E+11      0.1059570284570435E+15     -0.3399909737374588E+18
  0.49500000E+03     -0.3217632931206578E+04      0.1035369295498107E+08     -0.3331780156996035E+11      0.1072209503855710E+15     -0.3450684187565719E+18
  0.49600000E+03     -0.3227004004946372E+04      0.1041408890189756E+08     -0.3360975267618451E+11      0.1084754847069293E+15     -0.3501225771240027E+18
  0.49700000E+03     -0.3236356499954377E+04      0.1047453848820867E+08     -0.3390280355860000E+11      0.1097383667526611E+15     -0.3552249992753545E+18
  0.49800000E+03     -0.3245563669807831E+04      0.1053422292214245E+08     -0.3419299175723616E+11      0.1109925712687200E+15     -0.3603071870594266E+18
  0.49900000E+03     -0.3254793430133413E+04      0.1059422733055191E+08     -0.3448558190134303E+11      0.1122608252287395E+15     -0.3654612123536116E+18
  0.50000000E+03     -0.3263975872306780E+04      0.1065408570424349E+08     -0.3477825003539409E+11      0.1135328512055697E+15     -0.3706445598478113E+18
  0.50100000E+03     -0.3273127711682402E+04      0.1071391610723948E+08     -0.3507162259678364E+11      0.1148116060276386E+15     -0.3758703153891853E+18
  0.50200000E+03     -0.3282322100295551E+04      0.1077419119660493E+08     -0.3536799415074202E+11      0.1161070093883529E+15     -0.3811787583434886E+18
  0.50300000E+03     -0.3291371228235084E+04      0.1083368528111423E+08     -0.3566137043821571E+11      0.1173930260590215E+15     -0.3864639694980499E+18
  0.50400000E+03     -0.3307518198243086E+04      0.1094192126878184E+08     -0.3620583247385012E+11      0.1198289866783686E+15     -0.3966876822179650E+18
  0.50500000E+03     -0.3360065924026307E+04      0.1130053344129660E+08     -0.3804247867146458E+11      0.1281954497998532E+15     -0.4324395024621379E+18
  0.50600000E+03     -0.3430760851861447E+04      0.1178646235087275E+08     -0.4054910510376202E+11      0.1396961606329571E+15     -0.4819390397335051E+18
  0.50700000E+03     -0.3583873480112725E+04      0.1284546880187050E+08     -0.4604578359611501E+11      0.1650709070257517E+15     -0.5918208168127758E+18
  0.50800000E+03     -0.3599990603893693E+04      0.1296105710286379E+08     -0.4666761666713214E+11      0.1680449722049924E+15     -0.6051580201473372E+18
  0.50900000E+03     -0.3615316780821317E+04      0.1307153411017176E+08     -0.4726496117236823E+11      0.1709162604733783E+15     -0.6180984717415748E+18
  0.51000000E+03     -0.3630217431808408E+04      0.1317942780495859E+08     -0.4785096104912681E+11      0.1737456568459720E+15     -0.6309072219044745E+18
