  0.00000000E+00      0.3776904135813882E-10      0.4342636887507478E-18     -0.8013275365646451E-28      0.4429222640251170E-36     -0.2170051855968927E-45
  0.10000000E+01     -0.6057399639157176E-03      0.3669209038867154E-06     -0.2222586550815662E-09      0.1346309497095477E-12     -0.8155134661946296E-16
  0.20000000E+01     -0.3495279309371462E-01      0.2049319891142859E-01     -0.1322138178617706E-01      0.2110342140514867E-01      0.2498542486284461E-01
  0.30000000E+01     -0.1030678542121929E+00      0.6878817581476462E-01     -0.5493823729780466E-01      0.8858834349943995E-01      0.8140792612650841E-02
  0.40000000E+01     -0.2049867273415317E+00      0.1591399090551225E+00     -0.1564928091727420E+00      0.2689484618811629E+00     -0.1967535113891608E+00
  0.50000000E+01     -0.3407864911203324E+00      0.3127547063024378E+00     -0.3751015488679822E+00      0.6958059144224088E+00     -0.1028892466804928E+01
  0.60000000E+01     -0.5102270354356724E+00      0.5572380352803273E+00     -0.7998070084807782E+00      0.1641539743692619E+01     -0.3295167392684063E+01
  0.70000000E+01     -0.7136852322851115E+00      0.9277396075046638E+00     -0.1574076810915996E+01      0.3589905159706670E+01     -0.8904413929690870E+01
  0.80000000E+01     -0.9508055771716080E+00      0.1466101608302355E+01     -0.2904637079965351E+01      0.7422538093091053E+01     -0.2147199804618675E+02
  0.90000000E+01     -0.1222113916623036E+01      0.2221937851466359E+01     -0.5095643080834749E+01      0.1458740371270819E+02     -0.4815267465377444E+02
  0.10000000E+02     -0.1526740502770660E+01      0.3248308555168482E+01     -0.8549873286207532E+01      0.2741645466875642E+02     -0.1016616306616499E+03
  0.11000000E+02     -0.1865747779942444E+01      0.4610158833350216E+01     -0.1382720188197461E+02      0.4947201973744368E+02     -0.2038225048362620E+03
  0.12000000E+02     -0.2238053150950631E+01      0.6372240978191186E+01     -0.2163998278690428E+02      0.8621549634258778E+02     -0.3932268703684974E+03
  0.13000000E+02     -0.2645216599157330E+01      0.8622328559132686E+01     -0.3299486652839573E+02      0.1460068514180030E+03     -0.7340320732660542E+03
  0.14000000E+02     -0.3085875074642647E+01      0.1143221012968759E+02     -0.4900260634043927E+02      0.2397528435838438E+03     -0.1320714299778587E+04
  0.15000000E+02     -0.3559811468747105E+01      0.1489085040178704E+02     -0.7113925259861914E+02      0.3836867205135026E+03     -0.2311643925959667E+04
  0.16000000E+02     -0.4068899678777364E+01      0.1911202826095501E+02     -0.1013678630370942E+03      0.6011577918731269E+03     -0.3953338305234811E+04
  0.17000000E+02     -0.4611099383318084E+01      0.2418143330511025E+02     -0.1417518900274066E+03      0.9211929629670194E+03     -0.6592793191722721E+04
  0.18000000E+02     -0.5187190437594925E+01      0.3021541104389796E+02     -0.1949684040514157E+03      0.1383966052302472E+04     -0.1075004909335369E+05
  0.19000000E+02     -0.5797474628720726E+01      0.3733552599291436E+02     -0.2642058591023456E+03      0.2042650794778678E+04     -0.1717942371225998E+05
  0.20000000E+02     -0.6441541125793696E+01      0.4566113130038466E+02     -0.3531009230774865E+03      0.2964431483993191E+04     -0.2692320418836175E+05
  0.21000000E+02     -0.7120661150693724E+01      0.5534854079246323E+02     -0.4663734820003766E+03      0.4242860018370645E+04     -0.4155514882718417E+05
  0.22000000E+02     -0.7832298621159941E+01      0.6648997478057665E+02     -0.6083626259054211E+03      0.5979551990474130E+04     -0.6298810909577952E+05
  0.23000000E+02     -0.8579484676403974E+01      0.7928657138435626E+02     -0.7856596665799980E+03      0.8324769077935680E+04     -0.9414248653265090E+05
  0.24000000E+02     -0.9360726193238419E+01      0.9386822814137125E+02     -0.1004649314007986E+04      0.1144987900646873E+05     -0.1387338452421840E+06
  0.25000000E+02     -0.1017414097606501E+02      0.1103523795898809E+03     -0.1272156111284558E+04      0.1555827780091071E+05     -0.2016031032739286E+06
  0.26000000E+02     -0.1102303835333348E+02      0.1289751341640687E+03     -0.1597897596405832E+04      0.2093001091029738E+05     -0.2895567936320247E+06
  0.27000000E+02     -0.1190514871176283E+02      0.1498607137812487E+03     -0.1990612539550501E+04      0.2786678208490660E+05     -0.4108037070153719E+06
  0.28000000E+02     -0.1282016377726350E+02      0.1731753558304860E+03     -0.2460743699965603E+04      0.3674456868753161E+05     -0.5762212681727231E+06
  0.29000000E+02     -0.1376893421442627E+02      0.1991233726287356E+03     -0.3020554170250369E+04      0.4802188126173810E+05     -0.7997797318273654E+06
  0.30000000E+02     -0.1475307396426133E+02      0.2279523640092970E+03     -0.3684818104113485E+04      0.6227541578366032E+05     -0.1099990089978583E+07
  0.31000000E+02     -0.1577117064141488E+02      0.2598298448254183E+03     -0.4467871719136858E+04      0.8014594492106578E+05     -0.1499415023838930E+07
  0.32000000E+02     -0.1682151686947597E+02      0.2948858827236666E+03     -0.5383522061800272E+04      0.1023140924342667E+06     -0.2023890122171806E+07
  0.33000000E+02     -0.1790698295165283E+02      0.3334551352380061E+03     -0.6453698347579539E+04      0.1297817762470199E+06     -0.2711516999472775E+07
  0.34000000E+02     -0.1902770965361833E+02      0.3757480214943593E+03     -0.7697537458013231E+04      0.1635578293177600E+06     -0.3604522601255323E+07
  0.35000000E+02     -0.2017997407214190E+02      0.4218661859658494E+03     -0.9133249546693196E+04      0.2047481354443917E+06     -0.4753027287925308E+07
  0.36000000E+02     -0.2136849598267657E+02      0.4722321181622826E+03     -0.1079064442629417E+05      0.2549326684143108E+06     -0.6227615243721145E+07
  0.37000000E+02     -0.2259036666247813E+02      0.5269752247087424E+03     -0.1269220532531475E+05      0.3156192981228933E+06     -0.8104354773759085E+07
  0.38000000E+02     -0.2384772128518334E+02      0.5864193081477641E+03     -0.1486774415722916E+05      0.3886625531232991E+06     -0.1047729991312114E+08
  0.39000000E+02     -0.2513681861238133E+02      0.6506716147574691E+03     -0.1734360210094662E+05      0.4760747927251721E+06     -0.1345985451276611E+08
  0.40000000E+02     -0.2645838795149543E+02      0.7199967019490579E+03     -0.2015134980400711E+05      0.5801356139913830E+06     -0.1718249452479635E+08
  0.41000000E+02     -0.2781491840747360E+02      0.7948084389535466E+03     -0.2333319601578636E+05      0.7038360361016315E+06     -0.2181945148537399E+08
  0.42000000E+02     -0.2920339054423274E+02      0.8751850684852213E+03     -0.2691728728551292E+05      0.8497531877872082E+06     -0.2754090242628558E+08
  0.43000000E+02     -0.3062944183270270E+02      0.9617952080042675E+03     -0.3096540213289600E+05      0.1022347161427428E+07     -0.3462191509485405E+08
  0.44000000E+02     -0.3208707836308767E+02      0.1054528541612490E+04     -0.3550091847911246E+05      0.1224494976994393E+07     -0.4328309388365750E+08
  0.45000000E+02     -0.3357766503714539E+02      0.1153768621382597E+04     -0.4057596107626599E+05      0.1460799058465359E+07     -0.5385129941407657E+08
  0.46000000E+02     -0.3510207999230020E+02      0.1259867653163676E+04     -0.4624277263627280E+05      0.1736120063630505E+07     -0.6668716784416538E+08
  0.47000000E+02     -0.3666018395226332E+02      0.1373119834595948E+04     -0.5255499319339968E+05      0.2055911616703880E+07     -0.8222260781039765E+08
  0.48000000E+02     -0.3825462281633183E+02      0.1494052937603957E+04     -0.5958308513803808E+05      0.2426890622043793E+07     -0.1009855454167544E+09
  0.49000000E+02     -0.3987735595303557E+02      0.1622399963183634E+04     -0.6735611338788063E+05      0.2854192178473855E+07     -0.1234785199533274E+09
  0.50000000E+02     -0.4153692608663420E+02      0.1759082972257463E+04     -0.7596963922587570E+05      0.3346530995459334E+07     -0.1504053291197618E+09
  0.51000000E+02     -0.4322692948683950E+02      0.1903943721989841E+04     -0.8546457192072333E+05      0.3910675882839382E+07     -0.1824591607002247E+09
  0.52000000E+02     -0.4495184599852620E+02      0.2057700797483743E+04     -0.9593816973327634E+05      0.4556960713254698E+07     -0.2205694365858178E+09
  0.53000000E+02     -0.4671071996218561E+02      0.2220659411687513E+04     -0.1074696301144334E+06      0.5295775082391759E+07     -0.2657820412700589E+09
  0.54000000E+02     -0.4850354417288067E+02      0.2393119870668549E+04     -0.1201328870131883E+06      0.6137135913985599E+07     -0.3191431811662408E+09
  0.55000000E+02     -0.5032473790285757E+02      0.2574913323822359E+04     -0.1339777997471991E+06      0.7090740409950593E+07     -0.3818096397572737E+09
  0.56000000E+02     -0.5218136752060352E+02      0.2767096395830333E+04     -0.1491473591929740E+06      0.8173112893350550E+07     -0.4554560458271296E+09
  0.57000000E+02     -0.5406875277794307E+02      0.2969526967990957E+04     -0.1656956417316559E+06      0.9395379379044546E+07     -0.5415028326011490E+09
  0.58000000E+02     -0.5598965926973518E+02      0.3182920944987266E+04     -0.1837561015342651E+06      0.1077583744387625E+08     -0.6420309086652664E+09
  0.59000000E+02     -0.5794169631190856E+02      0.3407289597200836E+04     -0.2033953302567266E+06      0.1232769330735885E+08     -0.7588099812246557E+09
  0.60000000E+02     -0.5993012464750328E+02      0.3643714928942658E+04     -0.2247938151646293E+06      0.1407533190789135E+08     -0.8946783481376622E+09
  0.61000000E+02     -0.6194659020818209E+02      0.3891552040746723E+04     -0.2479710270710787E+06      0.1603032373480243E+08     -0.1051580949045645E+10
  0.62000000E+02     -0.6399984994137425E+02      0.4152332376369839E+04     -0.2731641991452149E+06      0.1822484534246254E+08     -0.1233409128776167E+10
  0.63000000E+02     -0.6608124939129270E+02      0.4425238563771593E+04     -0.3003706186988620E+06      0.2066939185608581E+08     -0.1442245021961416E+10
  0.64000000E+02     -0.6819898106409843E+02      0.4711879168752275E+04     -0.3298593076104345E+06      0.2340271133519625E+08     -0.1683041674766715E+10
  0.65000000E+02     -0.7034678197702981E+02      0.5011715716471856E+04     -0.3616639253381824E+06      0.2644134054760602E+08     -0.1958880836339742E+10
  0.66000000E+02     -0.7252273136508147E+02      0.5324922853080362E+04     -0.3959088267502092E+06      0.2981270948284864E+08     -0.2274140766025867E+10
  0.67000000E+02     -0.7472718854561191E+02      0.5651856866499165E+04     -0.4327257362785009E+06      0.3354455660756314E+08     -0.2633303094542638E+10
  0.68000000E+02     -0.7696738660443103E+02      0.5994105516977387E+04     -0.4724188351683480E+06      0.3768709015216403E+08     -0.3043691491544806E+10
  0.69000000E+02     -0.7924260320629445E+02      0.6352008787143823E+04     -0.5151451022295649E+06      0.4227559244527677E+08     -0.3511312727902473E+10
  0.70000000E+02     -0.8154881100834878E+02      0.6725307704670239E+04     -0.5609884688994959E+06      0.4733865642247722E+08     -0.4041785499905732E+10
  0.71000000E+02     -0.8387790043033365E+02      0.7113100268720963E+04     -0.6099626396748417E+06      0.5289953406592067E+08     -0.4640640749800941E+10
  0.72000000E+02     -0.8624390117344119E+02      0.7518179051745207E+04     -0.6625517980405334E+06      0.5903627675345107E+08     -0.5319620756988423E+10
  0.73000000E+02     -0.8864005454437061E+02      0.7939835001880593E+04     -0.7188033198453650E+06      0.6577992790377937E+08     -0.6085979967267495E+10
  0.74000000E+02     -0.9106383749699260E+02      0.8378080607493817E+04     -0.7788622635091525E+06      0.7317470682564753E+08     -0.6948859652193805E+10
  0.75000000E+02     -0.9351036472784682E+02      0.8832331404194118E+04     -0.8427721487356008E+06      0.8125108271122934E+08     -0.7915866114857281E+10
  0.76000000E+02     -0.9599431548230720E+02      0.9305794973314012E+04     -0.9111410404415424E+06      0.9011667855997600E+08     -0.9004853322973778E+10
  0.77000000E+02     -0.9850908894720486E+02      0.9797689445866115E+04     -0.9840159329541641E+06      0.9980976887508428E+08     -0.1022583461863301E+11
  0.78000000E+02     -0.1010510657159851E+03      0.1030772269962012E+05     -0.1061508523204228E+07      0.1103779365910368E+09     -0.1159041281902433E+11
  0.79000000E+02     -0.1036277467004098E+03      0.1083807491674797E+05     -0.1144155041493296E+07      0.1219359562758224E+09     -0.1312051949531353E+11
  0.80000000E+02     -0.1062261267596970E+03      0.1138621063283243E+05     -0.1231680992309335E+07      0.1344756988109726E+09     -0.1482080194450875E+11
  0.81000000E+02     -0.1088670575937960E+03      0.1195726457698660E+05     -0.1325133363986829E+07      0.1481951679668044E+09     -0.1672668891115512E+11
  0.82000000E+02     -0.1115314186202135E+03      0.1254741174216518E+05     -0.1424041747272944E+07      0.1630630352806950E+09     -0.1884106596788675E+11
  0.83000000E+02     -0.1142165700571328E+03      0.1315643019489730E+05     -0.1528541117882442E+07      0.1791419020650477E+09     -0.2118114724584929E+11
  0.84000000E+02     -0.1169354083483439E+03      0.1378796919014741E+05     -0.1639501373482626E+07      0.1966210332997710E+09     -0.2378507973453257E+11
  0.85000000E+02     -0.1196852629862813E+03      0.1444169217690616E+05     -0.1757033102677966E+07      0.2155630560422792E+09     -0.2667161941309563E+11
  0.86000000E+02     -0.1224577477677550E+03      0.1511602932813610E+05     -0.1881051743173590E+07      0.2360054550348993E+09     -0.2985715709132491E+11
  0.87000000E+02     -0.1252537153655674E+03      0.1581164527842943E+05     -0.2011889726612323E+07      0.2580578407122952E+09     -0.3337035721563026E+11
  0.88000000E+02     -0.1280845922242989E+03      0.1653194111406713E+05     -0.2150425464269256E+07      0.2819306365037183E+09     -0.3725814460277902E+11
  0.89000000E+02     -0.1309386320086276E+03      0.1727427252537404E+05     -0.2296350183721944E+07      0.3076275664725040E+09     -0.4153397624864777E+11
  0.90000000E+02     -0.1338242438219048E+03      0.1804146437611411E+05     -0.2450486122027509E+07      0.3353649231766077E+09     -0.4624974444152831E+11
  0.91000000E+02     -0.1367385328485302E+03      0.1883314723756237E+05     -0.2612978613610988E+07      0.3652327885736963E+09     -0.5143567745584386E+11
  0.92000000E+02     -0.1396821471683706E+03      0.1965001547459505E+05     -0.2784228091755184E+07      0.3973795743993545E+09     -0.5713521203922124E+11
  0.93000000E+02     -0.1426472827653006E+03      0.2049036378749390E+05     -0.2964127216143504E+07      0.4318604381792317E+09     -0.6337641874018172E+11
  0.94000000E+02     -0.1456343773895256E+03      0.2135470266057573E+05     -0.3153011389433463E+07      0.4688096525313574E+09     -0.7020093845068295E+11
  0.95000000E+02     -0.1486605147893983E+03      0.2224851570854851E+05     -0.3352366710205975E+07      0.5086069146156913E+09     -0.7770128543222128E+11
  0.96000000E+02     -0.1517093820977038E+03      0.2316749415205514E+05     -0.3561508789250310E+07      0.5512026820183513E+09     -0.8589040866487573E+11
  0.97000000E+02     -0.1547799999102054E+03      0.2411190562628845E+05     -0.3780797602812013E+07      0.5967655592883365E+09     -0.9482556974272890E+11
  0.98000000E+02     -0.1578736928006593E+03      0.2508242900934773E+05     -0.4010624915252544E+07      0.6454604060163820E+09     -0.1045621491724163E+12
  0.99000000E+02     -0.1610030660066420E+03      0.2608365571620657E+05     -0.4252403056757323E+07      0.6976914088727740E+09     -0.1152089937202330E+12
  0.10000000E+03     -0.1641506055604071E+03      0.2711030333394731E+05     -0.4505118068788053E+07      0.7533351464557899E+09     -0.1267682682368912E+12
  0.10100000E+03     -0.1673224798008612E+03      0.2816503983450207E+05     -0.4769774191139319E+07      0.8127294991853762E+09     -0.1393426374914406E+12
  0.10200000E+03     -0.1705163933409536E+03      0.2924723057609302E+05     -0.5046430304441513E+07      0.8759774383673745E+09     -0.1529813458224505E+12
  0.10300000E+03     -0.1737366088392176E+03      0.3035911826215796E+05     -0.5336065330706608E+07      0.9434409440552411E+09     -0.1678019234548724E+12
  0.10400000E+03     -0.1769704718226283E+03      0.3149637412787904E+05     -0.5637746942765467E+07      0.1014990184507301E+10     -0.1838039659262968E+12
  0.10500000E+03     -0.1802472466247786E+03      0.3267030082328388E+05     -0.5954965238240941E+07      0.1091622163757384E+10     -0.2012599897698830E+12
  0.10600000E+03     -0.1835354778416969E+03      0.3386967673574788E+05     -0.6284890273919798E+07      0.1172746717621640E+10     -0.2200667396567843E+12
  0.10700000E+03     -0.1868536089617423E+03      0.3510190874731998E+05     -0.6629968380957143E+07      0.1259119721445210E+10     -0.2404475427991108E+12
  0.10800000E+03     -0.1901912916111695E+03      0.3636354813630513E+05     -0.6989559367589281E+07      0.1350715213890367E+10     -0.2624401478064252E+12
  0.10900000E+03     -0.1935507681817849E+03      0.3765591432140156E+05     -0.7364396531594438E+07      0.1447867233821950E+10     -0.2861735213498057E+12
  0.11000000E+03     -0.1969431036624738E+03      0.3898397941124289E+05     -0.7756355392291859E+07      0.1551231251414738E+10     -0.3118627125496541E+12
  0.11100000E+03     -0.2003521717808713E+03      0.4034169192819403E+05     -0.8163966270222741E+07      0.1660565610692308E+10     -0.3394993255888745E+12
  0.11200000E+03     -0.2037813595589663E+03      0.4173052030393940E+05     -0.8587927636857953E+07      0.1776184958868432E+10     -0.3692094624324346E+12
  0.11300000E+03     -0.2072329931870089E+03      0.4315250112328722E+05     -0.9029447944735616E+07      0.1898647057974936E+10     -0.4012124209406614E+12
  0.11400000E+03     -0.2107099431704683E+03      0.4460873451349193E+05     -0.9489075361003531E+07      0.2028224191514474E+10     -0.4356268564451378E+12
  0.11500000E+03     -0.2142051788650606E+03      0.4609720071429185E+05     -0.9966730282426706E+07      0.2165125381923128E+10     -0.4725892458482988E+12
  0.11600000E+03     -0.2177235227230463E+03      0.4761998693239588E+05     -0.1046333371732758E+08      0.2309754228002936E+10     -0.5122641705142471E+12
  0.11700000E+03     -0.2212576388058305E+03      0.4917426959093557E+05     -0.1097833945586179E+08      0.2462135268498535E+10     -0.5547288467822703E+12
  0.11800000E+03     -0.2248269567980569E+03      0.5076959101162412E+05     -0.1151551080692813E+08      0.2623639042977517E+10     -0.6004585600086724E+12
  0.11900000E+03     -0.2284163911882297E+03      0.5239949863700597E+05     -0.1207303039400494E+08      0.2793902034322926E+10     -0.6494233065691057E+12
  0.12000000E+03     -0.2320207081838185E+03      0.5406213815381493E+05     -0.1265072806438205E+08      0.2973099840573518E+10     -0.7017633143283687E+12
  0.12100000E+03     -0.2356471558143489E+03      0.5576107639422926E+05     -0.1325020007252869E+08      0.3161923820689367E+10     -0.7577624610890536E+12
  0.12200000E+03     -0.2393053200343977E+03      0.5750173590764531E+05     -0.1387397852998932E+08      0.3361456423719701E+10     -0.8178525204543612E+12
  0.12300000E+03     -0.2429750503433147E+03      0.5927460083514714E+05     -0.1451896614327490E+08      0.3570897638743305E+10     -0.8818770040550426E+12
  0.12400000E+03     -0.2466644575705058E+03      0.6108406782747011E+05     -0.1518722992986488E+08      0.3791164445931977E+10     -0.9502196917267416E+12
  0.12500000E+03     -0.2503745622365709E+03      0.6293105600940593E+05     -0.1587955996178715E+08      0.4022761639746417E+10     -0.1023142229965813E+13
  0.12600000E+03     -0.2541124268332231E+03      0.6481961498805858E+05     -0.1659798029052942E+08      0.4266636736091249E+10     -0.1101059563159186E+13
  0.12700000E+03     -0.2578546017706402E+03      0.6673845517723291E+05     -0.1733871967156644E+08      0.4521791291954494E+10     -0.1183775489912263E+13
  0.12800000E+03     -0.2616304306539618E+03      0.6870259864502499E+05     -0.1810787946386589E+08      0.4790536928515251E+10     -0.1272141271535682E+13
  0.12900000E+03     -0.2654211632568342E+03      0.7070336527105076E+05     -0.1890280062350364E+08      0.5072313338555573E+10     -0.1366129634291797E+13
  0.13000000E+03     -0.2692256592459891E+03      0.7274021955497189E+05     -0.1972362251172435E+08      0.5367408616136477E+10     -0.1465953759799023E+13
  0.13100000E+03     -0.2730542281328427E+03      0.7481924081610181E+05     -0.2057335324061524E+08      0.5677223267990499E+10     -0.1572234972248536E+13
  0.13200000E+03     -0.2768945188757190E+03      0.7693395426236567E+05     -0.2144977707213300E+08      0.6001226902702244E+10     -0.1684927165707549E+13
  0.13300000E+03     -0.2807577550045740E+03      0.7909096813487951E+05     -0.2235613985667764E+08      0.6340927477592033E+10     -0.1804703398819846E+13
  0.13400000E+03     -0.2846462856057095E+03      0.8129244400241798E+05     -0.2329405822660301E+08      0.6697326160129091E+10     -0.1932101126003525E+13
  0.13500000E+03     -0.2885675802166757E+03      0.8354290162747721E+05     -0.2426592016525447E+08      0.7071632711466520E+10     -0.2067705458345493E+13
  0.13600000E+03     -0.2924803969660364E+03      0.8581891544073183E+05     -0.2526208823229671E+08      0.7460462305367876E+10     -0.2210459703772587E+13
  0.13700000E+03     -0.2964324750031258E+03      0.8814897554183142E+05     -0.2629569939782606E+08      0.7869338764812346E+10     -0.2362586473825563E+13
  0.13800000E+03     -0.3004070022014744E+03      0.9052379566503094E+05     -0.2736327442593139E+08      0.8297280478794005E+10     -0.2523919348918994E+13
  0.13900000E+03     -0.3043935384132042E+03      0.9293755103471670E+05     -0.2846276433617508E+08      0.8743846130147663E+10     -0.2694491637680617E+13
  0.14000000E+03     -0.3083947751661476E+03      0.9539201247185025E+05     -0.2959541380563337E+08      0.9209869714539589E+10     -0.2874804392791484E+13
  0.14100000E+03     -0.3124249773452677E+03      0.9789653009063506E+05     -0.3076620516525500E+08      0.9697834822028593E+10     -0.3066047153248521E+13
  0.14200000E+03     -0.3164689606451559E+03      0.1004422871803114E+06     -0.3197167232319981E+08      0.1020671953210651E+11     -0.3268042418670459E+13
  0.14300000E+03     -0.3205328605521204E+03      0.1030335172278013E+06     -0.3321441949953657E+08      0.1073805455727775E+11     -0.3481639540317625E+13
  0.14400000E+03     -0.3246145577340653E+03      0.1056691268331638E+06     -0.3449442285544084E+08      0.1129220224169989E+11     -0.3707196592305705E+13
  0.14500000E+03     -0.3287095935688121E+03      0.1083468038702893E+06     -0.3581125285967550E+08      0.1186945611751920E+11     -0.3945100543490305E+13
  0.14600000E+03     -0.3328190836485655E+03      0.1110672936395642E+06     -0.3716567302175112E+08      0.1247049304971172E+11     -0.4195839657914324E+13
  0.14700000E+03     -0.3369473232848476E+03      0.1138342908315883E+06     -0.3856036437089010E+08      0.1309705942249316E+11     -0.4460450185822483E+13
  0.14800000E+03     -0.3410961251622994E+03      0.1166496755235365E+06     -0.3999704966067971E+08      0.1375047314287811E+11     -0.4739800312438562E+13
  0.14900000E+03     -0.3452585888705075E+03      0.1195084574485321E+06     -0.4147343496664368E+08      0.1442999026083781E+11     -0.5033778056013800E+13
  0.15000000E+03     -0.3494487123547159E+03      0.1224216923214321E+06     -0.4299640689094154E+08      0.1513951836842578E+11     -0.5344476948904000E+13
  0.15100000E+03     -0.3536633893672984E+03      0.1253869190830540E+06     -0.4456496345683614E+08      0.1587892703861156E+11     -0.5672075421339139E+13
  0.15200000E+03     -0.3578804107173532E+03      0.1283897591456041E+06     -0.4617261141443958E+08      0.1664589166949040E+11     -0.6015962701057184E+13
  0.15300000E+03     -0.3621126142469918E+03      0.1314388317997246E+06     -0.4782411935804088E+08      0.1744296474234408E+11     -0.6377497881164085E+13
  0.15400000E+03     -0.3663717062223773E+03      0.1345436777539800E+06     -0.4952572198944600E+08      0.1827389427417598E+11     -0.6758817007854172E+13
  0.15500000E+03     -0.3706497004873957E+03      0.1376982451660906E+06     -0.5127441520319316E+08      0.1913757715788319E+11     -0.7159676386800975E+13
  0.15600000E+03     -0.3749418189783227E+03      0.1409002145910711E+06     -0.5307007030934901E+08      0.2003476139701214E+11     -0.7580910481588015E+13
  0.15700000E+03     -0.3792466927132709E+03      0.1441486243440093E+06     -0.5491263480377187E+08      0.2096588769121725E+11     -0.8023049150434521E+13
  0.15800000E+03     -0.3835693007840547E+03      0.1474474377880542E+06     -0.5680495651136369E+08      0.2193293950244398E+11     -0.8487405955968854E+13
  0.15900000E+03     -0.3879235761186878E+03      0.1508083626029720E+06     -0.5875484343724671E+08      0.2294070595126612E+11     -0.8976778771739316E+13
  0.16000000E+03     -0.3922891080965026E+03      0.1542159874924109E+06     -0.6075404909907482E+08      0.2398553738820381E+11     -0.9489814429857928E+13
  0.16100000E+03     -0.3966715621013990E+03      0.1576750458321601E+06     -0.6280603889441383E+08      0.2506986696396775E+11     -0.1002814089452870E+14
  0.16200000E+03     -0.4010578006804870E+03      0.1611755653442568E+06     -0.6490561241273163E+08      0.2619157489878370E+11     -0.1059114030180351E+14
  0.16300000E+03     -0.4054691388759430E+03      0.1647349879788517E+06     -0.6706401918771806E+08      0.2735737267952529E+11     -0.1118267269242381E+14
  0.16400000E+03     -0.4098837851386475E+03      0.1683357821497432E+06     -0.6927115618000442E+08      0.2856235443213724E+11     -0.1180066199857310E+14
  0.16500000E+03     -0.4143292321203260E+03      0.1720011373285030E+06     -0.7154222948766048E+08      0.2981564628212432E+11     -0.1245035518477587E+14
  0.16600000E+03     -0.4188027045914804E+03      0.1757294227984809E+06     -0.7387714777250804E+08      0.3111798434872023E+11     -0.1313268483319766E+14
  0.16700000E+03     -0.4232718660430141E+03      0.1794939542138697E+06     -0.7625990857791996E+08      0.3246113842219603E+11     -0.1384385881587829E+14
  0.16800000E+03     -0.4277673821654076E+03      0.1833208787524705E+06     -0.7870779120242158E+08      0.3385555620554111E+11     -0.1458993933894084E+14
  0.16900000E+03     -0.4322775909507229E+03      0.1872006829625859E+06     -0.8121550577902588E+08      0.3529897583204260E+11     -0.1537027589339793E+14
  0.17000000E+03     -0.4368022352457047E+03      0.1911336641300704E+06     -0.8378412645683779E+08      0.3679283540860724E+11     -0.1618625652152693E+14
  0.17100000E+03     -0.4413527440878254E+03      0.1951304623622942E+06     -0.8642162001262721E+08      0.3834268067733094E+11     -0.1704158201793545E+14
  0.17200000E+03     -0.4459219468946792E+03      0.1991860546244960E+06     -0.8912608967934334E+08      0.3994856703928008E+11     -0.1793711342651166E+14
  0.17300000E+03     -0.4505102358846160E+03      0.2033000298523795E+06     -0.9189731441405731E+08      0.4161072271846545E+11     -0.1887335905968223E+14
  0.17400000E+03     -0.4551118235173655E+03      0.2074680655209805E+06     -0.9473355232397242E+08      0.4332915343091866E+11     -0.1985110885837814E+14
  0.17500000E+03     -0.4597281258231565E+03      0.2116919316361722E+06     -0.9763690076838215E+08      0.4510600780367776E+11     -0.2087227472138156E+14
  0.17600000E+03     -0.4643666751756626E+03      0.2159790408338722E+06     -0.1006134024706029E+09      0.4694592078518437E+11     -0.2194026154564801E+14
  0.17700000E+03     -0.4690223118937710E+03      0.2203251091933878E+06     -0.1036610352288354E+09      0.4884860924449543E+11     -0.2305568463771637E+14
  0.17800000E+03     -0.4736823249951264E+03      0.2247187096405075E+06     -0.1067726835971799E+09      0.5081055603317583E+11     -0.2421723619059619E+14
  0.17900000E+03     -0.4783789914345771E+03      0.2291905901842018E+06     -0.1099709392878965E+09      0.5284688901526765E+11     -0.2543461217441369E+14
  0.18000000E+03     -0.4830973255325141E+03      0.2337277462008818E+06     -0.1132480401956107E+09      0.5495404670920464E+11     -0.2670674660964852E+14
  0.18100000E+03     -0.4878309230380302E+03      0.2383242490649643E+06     -0.1166005180920828E+09      0.5713073660378163E+11     -0.2803367382620783E+14
  0.18200000E+03     -0.4925789507899787E+03      0.2429792903873113E+06     -0.1200283525320578E+09      0.5937767858449718E+11     -0.2941649776888483E+14
  0.18300000E+03     -0.4973507831565000E+03      0.2477035603264763E+06     -0.1235412152972261E+09      0.6170284693420707E+11     -0.3086141085363039E+14
  0.18400000E+03     -0.5021355959421592E+03      0.2524864162219789E+06     -0.1271318940163374E+09      0.6410235633233485E+11     -0.3236681236484894E+14
  0.18500000E+03     -0.5069249964738503E+03      0.2573192653899695E+06     -0.1307944156353664E+09      0.6657295174971156E+11     -0.3393138138577996E+14
  0.18600000E+03     -0.5117404842100063E+03      0.2622246387932932E+06     -0.1345471541617859E+09      0.6912835019788423E+11     -0.3556492322974315E+14
  0.18700000E+03     -0.5165649392031427E+03      0.2671856289402417E+06     -0.1383782334459614E+09      0.7176162461976770E+11     -0.3726402904966952E+14
  0.18800000E+03     -0.5214055304259404E+03      0.2722100808649469E+06     -0.1422947551614989E+09      0.7447883533673734E+11     -0.3903366524930003E+14
  0.18900000E+03     -0.5262670371993057E+03      0.2773035540667074E+06     -0.1463022195536500E+09      0.7728509046398526E+11     -0.4087831265673148E+14
  0.19000000E+03     -0.5311446267152669E+03      0.2824607862706370E+06     -0.1503969840338705E+09      0.8017864147598863E+11     -0.4279764456449691E+14
  0.19100000E+03     -0.5360409301947750E+03      0.2876855342746156E+06     -0.1545835037200347E+09      0.8316416736236913E+11     -0.4479610331027843E+14
  0.19200000E+03     -0.5409604380086816E+03      0.2929837613446395E+06     -0.1588682099506495E+09      0.8624793910181917E+11     -0.4687935042957093E+14
  0.19300000E+03     -0.5459164984479918E+03      0.2983701541192327E+06     -0.1632639494350652E+09      0.8944041343151363E+11     -0.4905561174715844E+14
  0.19400000E+03     -0.5508866338803001E+03      0.3038211123046919E+06     -0.1677528454350587E+09      0.9273012114014534E+11     -0.5131844604531686E+14
  0.19500000E+03     -0.5558740081082099E+03      0.3093406374123214E+06     -0.1723393767326460E+09      0.9612175384461699E+11     -0.5367241954009823E+14
  0.19600000E+03     -0.5608754249186779E+03      0.3149253435312659E+06     -0.1770215811194677E+09      0.9961502284870312E+11     -0.5611850571840413E+14
  0.19700000E+03     -0.5659033358307761E+03      0.3205908890721734E+06     -0.1818148477010882E+09      0.1032236826901029E+12     -0.5866833579187985E+14
  0.19800000E+03     -0.5709472739837933E+03      0.3263247758659196E+06     -0.1867087355782523E+09      0.1069405171561326E+12     -0.6131764764588082E+14
  0.19900000E+03     -0.5760141819944938E+03      0.3321360928379580E+06     -0.1917128133590809E+09      0.1107747648913851E+12     -0.6407485351909192E+14
  0.20000000E+03     -0.5810949346470182E+03      0.3380143356133514E+06     -0.1968187570219191E+09      0.1147211744554484E+12     -0.6693739716839620E+14
  0.20100000E+03     -0.5861904510150799E+03      0.3439617629127507E+06     -0.2020303522229247E+09      0.1187846848016978E+12     -0.6991075640144110E+14
  0.20200000E+03     -0.5913070971001565E+03      0.3499856108324082E+06     -0.2073545446959895E+09      0.1229717825161462E+12     -0.7300089605925794E+14
  0.20300000E+03     -0.5964314889794902E+03      0.3560711613291563E+06     -0.2127800661437868E+09      0.1272756180243846E+12     -0.7620471887083878E+14
  0.20400000E+03     -0.6015920424552181E+03      0.3622528598399958E+06     -0.2183390458036011E+09      0.1317234312397454E+12     -0.7954427115876012E+14
  0.20500000E+03     -0.6067810855376935E+03      0.3685221326960528E+06     -0.2240251388657095E+09      0.1363118819405438E+12     -0.8301882868216784E+14
  0.20600000E+03     -0.6119798338687727E+03      0.3748569576887152E+06     -0.2298198097060855E+09      0.1410278359488636E+12     -0.8662032440120120E+14
  0.20700000E+03     -0.6171920023571395E+03      0.3812627239611139E+06     -0.2357296393117891E+09      0.1458786915531562E+12     -0.9035649878257234E+14
  0.20800000E+03     -0.6224501591635876E+03      0.3877801695262818E+06     -0.2417937177432607E+09      0.1508984630011021E+12     -0.9425556520441798E+14
  0.20900000E+03     -0.6277180662280646E+03      0.3943649525033934E+06     -0.2479721921596918E+09      0.1560560389131188E+12     -0.9829536975703581E+14
  0.21000000E+03     -0.6329970390700203E+03      0.4010190078978148E+06     -0.2542680077416867E+09      0.1613555313673674E+12     -0.1024809814857408E+15
  0.21100000E+03     -0.6383018643280685E+03      0.4077616436139871E+06     -0.2607009521149375E+09      0.1668156173496323E+12     -0.1068293310764689E+15
  0.21200000E+03     -0.6436377278205152E+03      0.4146006832549745E+06     -0.2672805593758622E+09      0.1724468998446161E+12     -0.1113514585863631E+15
  0.21300000E+03     -0.6489840111495257E+03      0.4215106908727734E+06     -0.2739842448680044E+09      0.1782324587016733E+12     -0.1160363465663612E+15
  0.21400000E+03     -0.6543584609038791E+03      0.4285140544103652E+06     -0.2808340600409881E+09      0.1841923525511036E+12     -0.1209016648299166E+15
  0.21500000E+03     -0.6597530580655842E+03      0.4356020316709652E+06     -0.2878240848253677E+09      0.1903245498337055E+12     -0.1259489753074513E+15
  0.21600000E+03     -0.6651633282431266E+03      0.4427688614484136E+06     -0.2949496937704152E+09      0.1966267401612151E+12     -0.1311784872083572E+15
  0.21700000E+03     -0.6706007600018992E+03      0.4500305199864260E+06     -0.3022284680901098E+09      0.2031168027198815E+12     -0.1366076526589188E+15
  0.21800000E+03     -0.6760567914321070E+03      0.4573763848819075E+06     -0.3096515134012985E+09      0.2097892038117384E+12     -0.1422345422225070E+15
  0.21900000E+03     -0.6815426344253900E+03      0.4648226411994877E+06     -0.3172372713237084E+09      0.2166632751151287E+12     -0.1480785179460144E+15
  0.22000000E+03     -0.6870467453799688E+03      0.4723539249719293E+06     -0.3249714017585912E+09      0.2237281145872764E+12     -0.1541328565436296E+15
  0.22100000E+03     -0.6925893152639964E+03      0.4799986661976674E+06     -0.3328849060777769E+09      0.2310145812236931E+12     -0.1604269391415885E+15
  0.22200000E+03     -0.6981441271081275E+03      0.4877221009133012E+06     -0.3409442474083684E+09      0.2384949685844730E+12     -0.1669403611098087E+15
  0.22300000E+03     -0.7037203711192541E+03      0.4955373726668042E+06     -0.3491645714882011E+09      0.2461856331391903E+12     -0.1736902092519116E+15
  0.22400000E+03     -0.7092963978883889E+03      0.5034146235457720E+06     -0.3575159985453799E+09      0.2540609920896556E+12     -0.1806569352741053E+15
  0.22500000E+03     -0.7149157683091637E+03      0.5114157163363500E+06     -0.3660654919552687E+09      0.2621864580905720E+12     -0.1879012611687009E+15
  0.22600000E+03     -0.7205621038306234E+03      0.5195193224652426E+06     -0.3747934854391438E+09      0.2705475378471100E+12     -0.1954148460277507E+15
  0.22700000E+03     -0.7262335090580998E+03      0.5277225002136937E+06     -0.3836976149401798E+09      0.2791437286105973E+12     -0.2031997054623443E+15
  0.22800000E+03     -0.7319845862120009E+03      0.5361074451803977E+06     -0.3928717507697894E+09      0.2880712598112159E+12     -0.2113490706375526E+15
  0.22900000E+03     -0.7377061629433693E+03      0.5445144597867541E+06     -0.4021416680879528E+09      0.2971621245316756E+12     -0.2197119280946075E+15
  0.23000000E+03     -0.7434553037638030E+03      0.5530278760423962E+06     -0.4116020176262090E+09      0.3065118774530756E+12     -0.2283797017508839E+15
  0.23100000E+03     -0.7492315677450775E+03      0.5616483038218017E+06     -0.4212560384018207E+09      0.3161273910833354E+12     -0.2373632190839376E+15
  0.23200000E+03     -0.7550326459567219E+03      0.5703730664591199E+06     -0.4311027512460662E+09      0.3260108474814457E+12     -0.2466685349715547E+15
  0.23300000E+03     -0.7608428653580182E+03      0.5791784922188672E+06     -0.4411164745800157E+09      0.3361386531178761E+12     -0.2562765661797035E+15
  0.23400000E+03     -0.7666964217682494E+03      0.5881180930667404E+06     -0.4513611759147285E+09      0.3465798537019761E+12     -0.2662580761309659E+15
  0.23500000E+03     -0.7725771250963259E+03      0.5971683526951876E+06     -0.4618124911699582E+09      0.3573134702358168E+12     -0.2765978512085104E+15
  0.23600000E+03     -0.7784816067048012E+03      0.6063244409891601E+06     -0.4724664583224156E+09      0.3683383274115152E+12     -0.2872987307473342E+15
  0.23700000E+03     -0.7844126582420215E+03      0.6155918617289080E+06     -0.4833320742809252E+09      0.3796676808530820E+12     -0.2983786300864041E+15
  0.23800000E+03     -0.7903697282673583E+03      0.6249709054571607E+06     -0.4944122978958892E+09      0.3913086618218745E+12     -0.3098497626268980E+15
  0.23900000E+03     -0.7963498564622892E+03      0.6344575348885467E+06     -0.5057043434485417E+09      0.4032617322637477E+12     -0.3217172022733127E+15
  0.24000000E+03     -0.8023525253285745E+03      0.6440520887598849E+06     -0.5172113016417352E+09      0.4155343878273981E+12     -0.3339939497039118E+15
  0.24100000E+03     -0.8083981172243972E+03      0.6537881554961113E+06     -0.5289759578405437E+09      0.4281763011729237E+12     -0.3467351026743758E+15
  0.24200000E+03     -0.8144737687218867E+03      0.6636461811202543E+06     -0.5409774181157992E+09      0.4411693828883073E+12     -0.3599282568190794E+15
  0.24300000E+03     -0.8205568048285570E+03      0.6735901432914147E+06     -0.5531740856638504E+09      0.4544724686246358E+12     -0.3735369836212479E+15
  0.24400000E+03     -0.8266797560646332E+03      0.6836739462867531E+06     -0.5656343417928756E+09      0.4681641081820647E+12     -0.3876472175487204E+15
  0.24500000E+03     -0.8328310148492722E+03      0.6938800316695797E+06     -0.5783397746166699E+09      0.4822291679798339E+12     -0.4022501450329271E+15
  0.24600000E+03     -0.8390197096879755E+03      0.7042248184446512E+06     -0.5913138232514015E+09      0.4966984762083889E+12     -0.4173844555654001E+15
  0.24700000E+03     -0.8452258924211636E+03      0.7146755370496284E+06     -0.6045175206997219E+09      0.5115325190836262E+12     -0.4330145781472327E+15
  0.24800000E+03     -0.8514581339031212E+03      0.7252478896571402E+06     -0.6179737402722945E+09      0.5267620056666649E+12     -0.4491798322636578E+15
  0.24900000E+03     -0.8577279307239032E+03      0.7359621737771304E+06     -0.6317107956894079E+09      0.5424234434681066E+12     -0.4659254579038494E+15
  0.25000000E+03     -0.8640275761790383E+03      0.7468066702944331E+06     -0.6457169711981406E+09      0.5585088960370765E+12     -0.4832505204227528E+15
  0.25100000E+03     -0.8703561748671766E+03      0.7577810368804458E+06     -0.6599949083157552E+09      0.5750266961849453E+12     -0.5011715900306098E+15
  0.25200000E+03     -0.8767038662576410E+03      0.7688685994669708E+06     -0.6745249343533626E+09      0.5919581142674089E+12     -0.5196745454751239E+15
  0.25300000E+03     -0.8830950959661538E+03      0.7801141051286451E+06     -0.6893699584256560E+09      0.6093832744213191E+12     -0.5388564088865832E+15
  0.25400000E+03     -0.8895068450516649E+03      0.7914776137442172E+06     -0.7044795387306561E+09      0.6272474491939495E+12     -0.5586638458454802E+15
  0.25500000E+03     -0.8959489079503431E+03      0.8029774470538263E+06     -0.7198808939506046E+09      0.6455880557179629E+12     -0.5791462041564138E+15
  0.25600000E+03     -0.9024144303068804E+03      0.8146031838048985E+06     -0.7355641218067845E+09      0.6644000596786302E+12     -0.6003075577430082E+15
  0.25700000E+03     -0.9089273465279430E+03      0.8263986544739645E+06     -0.7515910508534644E+09      0.6837628139361187E+12     -0.6222451948110431E+15
  0.25800000E+03     -0.9154664434173649E+03      0.8383267506493644E+06     -0.7679146832357540E+09      0.7036256515592924E+12     -0.6449108710566444E+15
  0.25900000E+03     -0.9220210662322170E+03      0.8503691631573455E+06     -0.7845131846087596E+09      0.7239679643140695E+12     -0.6682901934203855E+15
  0.26000000E+03     -0.9286256358931180E+03      0.8625901065656828E+06     -0.8014781069707822E+09      0.7449077592559070E+12     -0.6925278392162634E+15
  0.26100000E+03     -0.9352530624380937E+03      0.8749410853886514E+06     -0.8187461065688084E+09      0.7663738681765060E+12     -0.7175519877837211E+15
  0.26200000E+03     -0.9419200657427708E+03      0.8874546234160353E+06     -0.8363663260607570E+09      0.7884341313575201E+12     -0.7434521367655331E+15
  0.26300000E+03     -0.9486047770855171E+03      0.9000906326204265E+06     -0.8542854420697888E+09      0.8110279175074292E+12     -0.7701668940639125E+15
  0.26400000E+03     -0.9553182616296820E+03      0.9128710063614843E+06     -0.8725376866000218E+09      0.8342046691899540E+12     -0.7977648178906520E+15
  0.26500000E+03     -0.9620650470315858E+03      0.9258055045374701E+06     -0.8911404298405546E+09      0.8579930848823268E+12     -0.8262907045279234E+15
  0.26600000E+03     -0.9688587579652390E+03      0.9389222333959880E+06     -0.9101387916575227E+09      0.8824592148835033E+12     -0.8558365810363880E+15
  0.26700000E+03     -0.9756650386841601E+03      0.9521557687298934E+06     -0.9294412207065320E+09      0.9074917289847299E+12     -0.8862788728488870E+15
  0.26800000E+03     -0.9825343711211490E+03      0.9656058290363132E+06     -0.9491973414126096E+09      0.9332925303003140E+12     -0.9178756459472939E+15
  0.26900000E+03     -0.9894250542612142E+03      0.9791925888803406E+06     -0.9692945382510911E+09      0.9597231520383750E+12     -0.9504709850754920E+15
  0.27000000E+03     -0.9963370834546382E+03      0.9929168305834823E+06     -0.9897370876547447E+09      0.9867958780540757E+12     -0.9840914002444221E+15
  0.27100000E+03     -0.1003277107657452E+04      0.1006793052358878E+07     -0.1010550507429375E+10      0.1014552328940749E+13     -0.1018801559486939E+16
  0.27200000E+03     -0.1010270476319350E+04      0.1020873471653224E+07     -0.1031817444539642E+10      0.1043111185065542E+13     -0.1054763827054921E+16
  0.27300000E+03     -0.1017283129052175E+04      0.1035090741712082E+07     -0.1053440065454004E+10      0.1072349005522819E+13     -0.1091836173830884E+16
  0.27400000E+03     -0.1024325816335659E+04      0.1049467898018421E+07     -0.1075457366781025E+10      0.1102326682243425E+13     -0.1130109704737792E+16
  0.27500000E+03     -0.1031417278940633E+04      0.1064045130186027E+07     -0.1097935958986089E+10      0.1133144665610117E+13     -0.1169728773790947E+16
  0.27600000E+03     -0.1038520512542986E+04      0.1078747348555197E+07     -0.1120763679249478E+10      0.1164657059058645E+13     -0.1210519672504125E+16
  0.27700000E+03     -0.1045667503833581E+04      0.1093641843517290E+07     -0.1144048859737695E+10      0.1197021715272960E+13     -0.1252701345677287E+16
  0.27800000E+03     -0.1052840447366777E+04      0.1108693196045699E+07     -0.1167740945245335E+10      0.1230178084163600E+13     -0.1296211476466456E+16
  0.27900000E+03     -0.1060040820823807E+04      0.1123905707598487E+07     -0.1191850814317695E+10      0.1264150236554859E+13     -0.1341097319940599E+16
  0.28000000E+03     -0.1067269517224499E+04      0.1139282595446482E+07     -0.1216387931138433E+10      0.1298960834279243E+13     -0.1387405330843202E+16
  0.28100000E+03     -0.1074532549886552E+04      0.1154837548016230E+07     -0.1241377825999934E+10      0.1334654524332055E+13     -0.1435210358367857E+16
  0.28200000E+03     -0.1081838114333567E+04      0.1170590092455267E+07     -0.1266857350894984E+10      0.1371295062530447E+13     -0.1484617085604105E+16
  0.28300000E+03     -0.1089169367731139E+04      0.1186505541562776E+07     -0.1292775368531005E+10      0.1408819406215078E+13     -0.1535559166574190E+16
  0.28400000E+03     -0.1096531637549429E+04      0.1202596489467430E+07     -0.1319156439273967E+10      0.1447272414184847E+13     -0.1588114782735083E+16
  0.28500000E+03     -0.1103926804124170E+04      0.1218868532611984E+07     -0.1346014570984992E+10      0.1486685034427017E+13     -0.1642345383163835E+16
  0.28600000E+03     -0.1111357795083529E+04      0.1235329766938511E+07     -0.1373368290906449E+10      0.1527095600843018E+13     -0.1698323955431090E+16
  0.28700000E+03     -0.1118821256602004E+04      0.1251973808297460E+07     -0.1401211184699941E+10      0.1568504459050213E+13     -0.1756069599653182E+16
  0.28800000E+03     -0.1126312055059152E+04      0.1268791280879572E+07     -0.1429533538163511E+10      0.1610909759630680E+13     -0.1815602486049653E+16
  0.28900000E+03     -0.1133844272530022E+04      0.1285814502466841E+07     -0.1458393473929973E+10      0.1654407818146402E+13     -0.1877076146789369E+16
  0.29000000E+03     -0.1141391638114824E+04      0.1302986570335323E+07     -0.1487701290907530E+10      0.1698877518895892E+13     -0.1940344799535931E+16
  0.29100000E+03     -0.1148981694246841E+04      0.1320370415343098E+07     -0.1517567449618001E+10      0.1744495048423138E+13     -0.2005676926611761E+16
  0.29200000E+03     -0.1156612462431529E+04      0.1337963424443031E+07     -0.1547993367499805E+10      0.1791275577732402E+13     -0.2073118582911262E+16
  0.29300000E+03     -0.1164277748062947E+04      0.1355753638647362E+07     -0.1578965041820815E+10      0.1839211936805230E+13     -0.2142686023909198E+16
  0.29400000E+03     -0.1171962802554262E+04      0.1373707382594716E+07     -0.1610427518996327E+10      0.1888228943959102E+13     -0.2214290541767449E+16
  0.29500000E+03     -0.1179689295040429E+04      0.1391877453252116E+07     -0.1642479858037988E+10      0.1938495357888509E+13     -0.2288205937894736E+16
  0.29600000E+03     -0.1187441117069211E+04      0.1410226755599321E+07     -0.1675060762774585E+10      0.1989925854977186E+13     -0.2364328967840140E+16
  0.29700000E+03     -0.1195219198929805E+04      0.1428759249997362E+07     -0.1708183200483154E+10      0.2042554710736815E+13     -0.2442737359392666E+16
  0.29800000E+03     -0.1203034038645589E+04      0.1447501191797570E+07     -0.1741899130382558E+10      0.2096476950219974E+13     -0.2523597907392448E+16
  0.29900000E+03     -0.1210882304613030E+04      0.1466446352696613E+07     -0.1776203403902312E+10      0.2151698637099658E+13     -0.2606948056816170E+16
  0.30000000E+03     -0.1218765323323270E+04      0.1485599349985182E+07     -0.1811109841645426E+10      0.2208255469176645E+13     -0.2692869019436402E+16
  0.30100000E+03     -0.1226670995416232E+04      0.1504932240159603E+07     -0.1846573091444232E+10      0.2266087734785318E+13     -0.2781298192105403E+16
  0.30200000E+03     -0.1234609346893801E+04      0.1524471063230221E+07     -0.1882646694798253E+10      0.2325297026476221E+13     -0.2872420176960598E+16
  0.30300000E+03     -0.1242573556566732E+04      0.1544200143425209E+07     -0.1919306763179169E+10      0.2385857344028026E+13     -0.2966222847614687E+16
  0.30400000E+03     -0.1250571011952269E+04      0.1564138809377777E+07     -0.1956594147124664E+10      0.2447849314311243E+13     -0.3062859175660060E+16
  0.30500000E+03     -0.1258591377239345E+04      0.1584263284325933E+07     -0.1994471164554283E+10      0.2511226646610631E+13     -0.3162290413507152E+16
  0.30600000E+03     -0.1266654503125507E+04      0.1604624997109568E+07     -0.2033040786383042E+10      0.2576177194614940E+13     -0.3264843885442518E+16
  0.30700000E+03     -0.1274741838047694E+04      0.1625178391152090E+07     -0.2072222303436316E+10      0.2642579733236018E+13     -0.3370359710423284E+16
  0.30800000E+03     -0.1282856179891079E+04      0.1645932057122288E+07     -0.2112038081698479E+10      0.2710487682917177E+13     -0.3478955951574982E+16
  0.30900000E+03     -0.1291011153502479E+04      0.1666922202327202E+07     -0.2152563408222240E+10      0.2780044861273999E+13     -0.3590895998574338E+16
  0.31000000E+03     -0.1299202801621650E+04      0.1688140658623131E+07     -0.2193789668735053E+10      0.2851254358756447E+13     -0.3706222590712517E+16
  0.31100000E+03     -0.1307405578357429E+04      0.1709522688144446E+07     -0.2235597153377473E+10      0.2923925568160910E+13     -0.3824662403241556E+16
  0.31200000E+03     -0.1315642031601363E+04      0.1731127980095078E+07     -0.2278107690327512E+10      0.2998284945875237E+13     -0.3946617891179178E+16
  0.31300000E+03     -0.1323912008066600E+04      0.1752957747498540E+07     -0.2321330200891049E+10      0.3074365395577445E+13     -0.4072181009853724E+16
  0.31400000E+03     -0.1332222587583044E+04      0.1775032553712552E+07     -0.2365312510930677E+10      0.3152269595305000E+13     -0.4201561604696484E+16
  0.31500000E+03     -0.1340560508974071E+04      0.1797318460738808E+07     -0.2409992998055181E+10      0.3231905094088625E+13     -0.4334643956863331E+16
  0.31600000E+03     -0.1348919495682677E+04      0.1819800750908077E+07     -0.2455349751987309E+10      0.3313252561922834E+13     -0.4471439046048637E+16
  0.31700000E+03     -0.1357314311792816E+04      0.1842519842907491E+07     -0.2501469285803117E+10      0.3396482420151843E+13     -0.4612269780964231E+16
  0.31800000E+03     -0.1365733407772690E+04      0.1865446050137148E+07     -0.2548298038312456E+10      0.3481516445646766E+13     -0.4757045724319495E+16
  0.31900000E+03     -0.1374184091866719E+04      0.1888601168161913E+07     -0.2595887994951891E+10      0.3568469120873896E+13     -0.4906007092379476E+16
  0.32000000E+03     -0.1382662561671692E+04      0.1911975807847457E+07     -0.2644225610172639E+10      0.3657332846191037E+13     -0.5059181619485808E+16
  0.32100000E+03     -0.1391162841451090E+04      0.1935554876864327E+07     -0.2693286155040027E+10      0.3748080731422265E+13     -0.5216566434756939E+16
  0.32200000E+03     -0.1399690954051599E+04      0.1959356646395860E+07     -0.2743114617540659E+10      0.3840815758203610E+13     -0.5378386334490711E+16
  0.32300000E+03     -0.1408259401601747E+04      0.1983417083389928E+07     -0.2793792257499059E+10      0.3935707169964012E+13     -0.5544980131706949E+16
  0.32400000E+03     -0.1416830967614098E+04      0.2007633739963212E+07     -0.2845111394994528E+10      0.4032388323587301E+13     -0.5715755545243412E+16
  0.32500000E+03     -0.1425456802713862E+04      0.2032152188255141E+07     -0.2897386581937175E+10      0.4131470410368814E+13     -0.5891837710613005E+16
  0.32600000E+03     -0.1434090715262895E+04      0.2056841857488713E+07     -0.2950344783111942E+10      0.4232453268250677E+13     -0.6072381396901660E+16
  0.32700000E+03     -0.1442764708093054E+04      0.2081796396032745E+07     -0.3004195318299218E+10      0.4335759531472484E+13     -0.6258197422580530E+16
  0.32800000E+03     -0.1451452195871893E+04      0.2106941256411423E+07     -0.3058785416468657E+10      0.4441119176903381E+13     -0.6448855075358596E+16
  0.32900000E+03     -0.1460199130180083E+04      0.2132410800680422E+07     -0.3114413719241296E+10      0.4549129663959509E+13     -0.6645487554962006E+16
  0.33000000E+03     -0.1468941742565612E+04      0.2158020453160602E+07     -0.3170683500081399E+10      0.4659040874538365E+13     -0.6846780115775326E+16
  0.33100000E+03     -0.1477705798733310E+04      0.2183846923259126E+07     -0.3227770048167191E+10      0.4771216241756888E+13     -0.7053451307008123E+16
  0.33200000E+03     -0.1486517750808365E+04      0.2209968594613974E+07     -0.3285851621457630E+10      0.4886023808132906E+13     -0.7266226560402735E+16
  0.33300000E+03     -0.1495352793729567E+04      0.2236314982206074E+07     -0.3344782333608805E+10      0.5003204661450929E+13     -0.7484695507842120E+16
  0.33400000E+03     -0.1504249267293615E+04      0.2263002164644769E+07     -0.3404829916007364E+10      0.5123315570541006E+13     -0.7709957150097455E+16
  0.33500000E+03     -0.1513106777532547E+04      0.2289729303379984E+07     -0.3465322324619775E+10      0.5245030273558914E+13     -0.7939573445899211E+16
  0.33600000E+03     -0.1522006848926002E+04      0.2316743754359747E+07     -0.3526826727196888E+10      0.5369513208710280E+13     -0.8175801096558773E+16
  0.33700000E+03     -0.1530970504182300E+04      0.2344111294636775E+07     -0.3589501597761997E+10      0.5497111347270562E+13     -0.8419364584211600E+16
  0.33800000E+03     -0.1539914601471032E+04      0.2371578870332368E+07     -0.3652773526182950E+10      0.5626678493031170E+13     -0.8668133165949831E+16
  0.33900000E+03     -0.1548884101950013E+04      0.2399285849877843E+07     -0.3716970817756122E+10      0.5758910618117788E+13     -0.8923505436546684E+16
  0.34000000E+03     -0.1557913091395020E+04      0.2427338722841202E+07     -0.3782347384534979E+10      0.5894354563158361E+13     -0.9186601008526168E+16
  0.34100000E+03     -0.1566949881416375E+04      0.2455578435160881E+07     -0.3848540459060148E+10      0.6032284076143977E+13     -0.9456075683044666E+16
  0.34200000E+03     -0.1576015778966584E+04      0.2484074481410217E+07     -0.3915724207244309E+10      0.6173094832043362E+13     -0.9732784596027698E+16
  0.34300000E+03     -0.1585102899265421E+04      0.2512801075888875E+07     -0.3983840013004521E+10      0.6316678054726107E+13     -0.1001656034511851E+17
  0.34400000E+03     -0.1594193377418491E+04      0.2541703955089958E+07     -0.4052768855586729E+10      0.6462812473814598E+13     -0.1030704248954631E+17
  0.34500000E+03     -0.1603337750276897E+04      0.2570945493917316E+07     -0.4122906594757358E+10      0.6612365325990294E+13     -0.1060602981414351E+17
  0.34600000E+03     -0.1612475087726943E+04      0.2600331265200508E+07     -0.4193792453238204E+10      0.6764375742306705E+13     -0.1091166409925212E+17
  0.34700000E+03     -0.1621678732374990E+04      0.2630099126253813E+07     -0.4266009618104549E+10      0.6920124436475808E+13     -0.1122660082675672E+17
  0.34800000E+03     -0.1630866774931965E+04      0.2659986317997604E+07     -0.4338930526914521E+10      0.7078289311413758E+13     -0.1154825023704037E+17
  0.34900000E+03     -0.1640092760156794E+04      0.2690165492536295E+07     -0.4412977389268351E+10      0.7239798346466127E+13     -0.1187854492084104E+17
  0.35000000E+03     -0.1649378693648914E+04      0.2720713291635131E+07     -0.4488354370072146E+10      0.7405142240791938E+13     -0.1221860209415243E+17
  0.35100000E+03     -0.1658611438779928E+04      0.2751256533419768E+07     -0.4564142932230183E+10      0.7572321586012519E+13     -0.1256436287549609E+17
  0.35200000E+03     -0.1667904631982818E+04      0.2782172123830942E+07     -0.4641285514328023E+10      0.7743441677621057E+13     -0.1292025779316585E+17
  0.35300000E+03     -0.1677259713836848E+04      0.2813468327497418E+07     -0.4719816219965199E+10      0.7918618753236594E+13     -0.1328663522974289E+17
  0.35400000E+03     -0.1686593162131963E+04      0.2844866623364186E+07     -0.4799043320561193E+10      0.8096336722403871E+13     -0.1366040361096774E+17
  0.35500000E+03     -0.1695958777400808E+04      0.2876549034360098E+07     -0.4879433636894835E+10      0.8277670628054062E+13     -0.1404390576054232E+17
  0.35600000E+03     -0.1705337226913722E+04      0.2908449992184981E+07     -0.4960825281805580E+10      0.8462276501034169E+13     -0.1443648247125520E+17
  0.35700000E+03     -0.1714712866460516E+04      0.2940517571768906E+07     -0.5043093999133903E+10      0.8649902361640220E+13     -0.1483768516431776E+17
  0.35800000E+03     -0.1724107220868915E+04      0.2972824920165918E+07     -0.5126431188874100E+10      0.8841004571604908E+13     -0.1524855630214673E+17
  0.35900000E+03     -0.1733532404375451E+04      0.3005415989770968E+07     -0.5210961109394618E+10      0.9035904426375854E+13     -0.1566988934875125E+17
  0.36000000E+03     -0.1743010240490809E+04      0.3038368254175744E+07     -0.5296894958236321E+10      0.9235124160469451E+13     -0.1610291466493948E+17
  0.36100000E+03     -0.1752503096286030E+04      0.3071552655300927E+07     -0.5383905894889890E+10      0.9437940351507500E+13     -0.1654615988944668E+17
  0.36200000E+03     -0.1761993507892425E+04      0.3104908437970849E+07     -0.5471840499621583E+10      0.9644021018700600E+13     -0.1699898154753788E+17
  0.36300000E+03     -0.1771489070084549E+04      0.3138463066622152E+07     -0.5560778334644759E+10      0.9853581407455188E+13     -0.1746194223144995E+17
  0.36400000E+03     -0.1781090508522074E+04      0.3172575496511798E+07     -0.5651684096806212E+10      0.1006893827808042E+14     -0.1794028406168273E+17
  0.36500000E+03     -0.1790661094567277E+04      0.3206761782576868E+07     -0.5743278198282235E+10      0.1028709643094931E+14     -0.1842746186577516E+17
  0.36600000E+03     -0.1800191618017532E+04      0.3240986743953871E+07     -0.5835465539711679E+10      0.1050783991392487E+14     -0.1892304499837485E+17
  0.36700000E+03     -0.1809781441373688E+04      0.3275608265876943E+07     -0.5929218208468452E+10      0.1073352830778648E+14     -0.1943243060092016E+17
  0.36800000E+03     -0.1819403307687025E+04      0.3310529735906728E+07     -0.6024284735508959E+10      0.1096359344682895E+14     -0.1995444902292655E+17
  0.36900000E+03     -0.1829034318160748E+04      0.3345669750417661E+07     -0.6120453407479567E+10      0.1119755961595796E+14     -0.2048813282258414E+17
  0.37000000E+03     -0.1838655810139238E+04      0.3380961059339040E+07     -0.6217547910433798E+10      0.1143502987049515E+14     -0.2103267966175346E+17
  0.37100000E+03     -0.1848326335880159E+04      0.3416618916174222E+07     -0.6316167226721975E+10      0.1167749902551674E+14     -0.2159161622406832E+17
  0.37200000E+03     -0.1857965282002128E+04      0.3452346011562371E+07     -0.6415494206732707E+10      0.1192298364334017E+14     -0.2216045948865612E+17
  0.37300000E+03     -0.1867676086793094E+04      0.3488527603795455E+07     -0.6516610580208961E+10      0.1217419705461125E+14     -0.2274562056744218E+17
  0.37400000E+03     -0.1877391249433406E+04      0.3524914301314440E+07     -0.6618830706684031E+10      0.1242947750774610E+14     -0.2334335714949566E+17
  0.37500000E+03     -0.1887196431351038E+04      0.3561828881086964E+07     -0.6723072356595699E+10      0.1269115831189791E+14     -0.2395926174931914E+17
  0.37600000E+03     -0.1896895707776232E+04      0.3598534652271773E+07     -0.6827263389969368E+10      0.1295407217159800E+14     -0.2458128627813546E+17
  0.37700000E+03     -0.1906639476855760E+04      0.3635598564308404E+07     -0.6933012458551468E+10      0.1322229085818880E+14     -0.2521912730266266E+17
  0.37800000E+03     -0.1916425470007842E+04      0.3673013264963152E+07     -0.7040307705084414E+10      0.1349582131895831E+14     -0.2587292242037904E+17
  0.37900000E+03     -0.1926174638723645E+04      0.3710478392595709E+07     -0.7148298741419636E+10      0.1377253793109742E+14     -0.2653772629015325E+17
  0.38000000E+03     -0.1935936208343942E+04      0.3748180651970090E+07     -0.7257522139774632E+10      0.1405382563550941E+14     -0.2721692416997922E+17
  0.38100000E+03     -0.1945747644307949E+04      0.3786268701980187E+07     -0.7368425682443930E+10      0.1434089627896457E+14     -0.2791361898882034E+17
  0.38200000E+03     -0.1955625942265868E+04      0.3824811683087850E+07     -0.7481225688936185E+10      0.1463436360665774E+14     -0.2862946721567705E+17
  0.38300000E+03     -0.1965458523892376E+04      0.3863367022894192E+07     -0.7594622765302806E+10      0.1493085063353068E+14     -0.2935627538368331E+17
  0.38400000E+03     -0.1975307331906949E+04      0.3902183051796881E+07     -0.7709369149316077E+10      0.1523239662259186E+14     -0.3009925773336868E+17
  0.38500000E+03     -0.1985145015788247E+04      0.3941146773005533E+07     -0.7825121124955034E+10      0.1553808785727788E+14     -0.3085617410951377E+17
  0.38600000E+03     -0.1995049397097389E+04      0.3980570579970540E+07     -0.7942824774599356E+10      0.1585048541480566E+14     -0.3163355778194230E+17
  0.38700000E+03     -0.2004901109104798E+04      0.4019980002438641E+07     -0.8061071390973872E+10      0.1616588697336892E+14     -0.3242232556873365E+17
  0.38800000E+03     -0.2014804806455326E+04      0.4059793466819491E+07     -0.8181121468987658E+10      0.1648768321004755E+14     -0.3323106620663143E+17
  0.38900000E+03     -0.2024720799473928E+04      0.4099851260373925E+07     -0.8302498884664265E+10      0.1681462841303978E+14     -0.3405676572014517E+17
  0.39000000E+03     -0.2034662448371328E+04      0.4140210991800074E+07     -0.8425394942828121E+10      0.1714729842130085E+14     -0.3490107023121716E+17
  0.39100000E+03     -0.2044557852183580E+04      0.4180578406536013E+07     -0.8548912347160881E+10      0.1748327681547499E+14     -0.3575791918429060E+17
  0.39200000E+03     -0.2054473996036188E+04      0.4221229619946204E+07     -0.8673910576229422E+10      0.1782495718462316E+14     -0.3663359986845166E+17
  0.39300000E+03     -0.2064389801505602E+04      0.4262075981190931E+07     -0.8800116115664875E+10      0.1817160566458582E+14     -0.3752630859133793E+17
  0.39400000E+03     -0.2074373407691268E+04      0.4303399602414384E+07     -0.8928411015045513E+10      0.1852568996094004E+14     -0.3844255851985980E+17
  0.39500000E+03     -0.2084381997999169E+04      0.4345025638421045E+07     -0.9058265493747458E+10      0.1888579957450689E+14     -0.3937887390238970E+17
  0.39600000E+03     -0.2094327168122215E+04      0.4386586231651125E+07     -0.9188537456835724E+10      0.1924879909057493E+14     -0.4032722850993036E+17
  0.39700000E+03     -0.2104306781985360E+04      0.4428490051423627E+07     -0.9320512943717417E+10      0.1961830287142386E+14     -0.4129718936772645E+17
  0.39800000E+03     -0.2114302729652161E+04      0.4470661471919132E+07     -0.9453960920547251E+10      0.1999370042556262E+14     -0.4228729224374403E+17
  0.39900000E+03     -0.2124388426542183E+04      0.4513415683481386E+07     -0.9589902223559450E+10      0.2037794669740623E+14     -0.4330559603356035E+17
  0.40000000E+03     -0.2134342740308935E+04      0.4555810714602687E+07     -0.9725333212723915E+10      0.2076254447888481E+14     -0.4432960766206106E+17
  0.40100000E+03     -0.2144342736957809E+04      0.4598603783758114E+07     -0.9862688824553925E+10      0.2115447126399586E+14     -0.4537811821677101E+17
  0.40200000E+03     -0.2154373077528552E+04      0.4641722136604656E+07     -0.1000171869169079E+11      0.2155298168906457E+14     -0.4644909647828325E+17
  0.40300000E+03     -0.2164339912614070E+04      0.4684768896278480E+07     -0.1014117011773629E+11      0.2195457912076736E+14     -0.4753344308215270E+17
  0.40400000E+03     -0.2174354148681263E+04      0.4728221029957596E+07     -0.1028258775231848E+11      0.2236372801742193E+14     -0.4864330337120350E+17
  0.40500000E+03     -0.2184391361703618E+04      0.4771975889481870E+07     -0.1042565447497179E+11      0.2277957764522987E+14     -0.4977659874567327E+17
  0.40600000E+03     -0.2194509541931214E+04      0.4816282359250130E+07     -0.1057117731705738E+11      0.2320447168625218E+14     -0.5093975837062530E+17
  0.40700000E+03     -0.2204516172375087E+04      0.4860305063175588E+07     -0.1071644352808723E+11      0.2363059737898898E+14     -0.5211173730710247E+17
  0.40800000E+03     -0.2214548321127314E+04      0.4904642476063292E+07     -0.1086341925774473E+11      0.2406371511418373E+14     -0.5330840932226355E+17
  0.40900000E+03     -0.2224549402585294E+04      0.4949041396550182E+07     -0.1101126096514604E+11      0.2450134483990726E+14     -0.5452298813377971E+17
  0.41000000E+03     -0.2234542504936582E+04      0.4993605650560834E+07     -0.1116032462628732E+11      0.2494458789310885E+14     -0.5575871037104785E+17
  0.41100000E+03     -0.2244575445372679E+04      0.5038548678206065E+07     -0.1131133103928868E+11      0.2539562638407177E+14     -0.5702181907416102E+17
  0.41200000E+03     -0.2254736593064344E+04      0.5084268950076387E+07     -0.1146563390671751E+11      0.2585856617930636E+14     -0.5832403834650650E+17
  0.41300000E+03     -0.2264827980651904E+04      0.5129882783879930E+07     -0.1162028070439934E+11      0.2632465654799765E+14     -0.5964110552800211E+17
  0.41400000E+03     -0.2274881817840849E+04      0.5175527179679085E+07     -0.1177571323447738E+11      0.2679518011834294E+14     -0.6097656165309014E+17
  0.41500000E+03     -0.2284907533595776E+04      0.5221242973912647E+07     -0.1193206985239131E+11      0.2727057177922020E+14     -0.6233173828596076E+17
  0.41600000E+03     -0.2294852592404767E+04      0.5266796609373618E+07     -0.1208857807344145E+11      0.2774858055469944E+14     -0.6370054758086429E+17
  0.41700000E+03     -0.2304981348559626E+04      0.5313387832093713E+07     -0.1224932801931412E+11      0.2824162091693329E+14     -0.6511837308440459E+17
  0.41800000E+03     -0.2315004478747689E+04      0.5359698408074670E+07     -0.1240982088067365E+11      0.2873606383303116E+14     -0.6654656069102931E+17
  0.41900000E+03     -0.2325125147927651E+04      0.5406665078719724E+07     -0.1257330249981089E+11      0.2924192677807017E+14     -0.6801415272762975E+17
  0.42000000E+03     -0.2335164665790142E+04      0.5453455147669379E+07     -0.1273686852113983E+11      0.2975022342745827E+14     -0.6949513519663307E+17
  0.42100000E+03     -0.2345100855006960E+04      0.5499964221154476E+07     -0.1290015649851735E+11      0.3025985413886579E+14     -0.7098643716929982E+17
  0.42200000E+03     -0.2355133683624308E+04      0.5547123373716437E+07     -0.1306642402585656E+11      0.3078096954142392E+14     -0.7251776850773736E+17
  0.42300000E+03     -0.2365130792120881E+04      0.5594319285973294E+07     -0.1323354574384843E+11      0.3130704265183259E+14     -0.7407039783882411E+17
  0.42400000E+03     -0.2375255046437446E+04      0.5642314263849210E+07     -0.1340420410892693E+11      0.3184648442907645E+14     -0.7566911099074394E+17
  0.42500000E+03     -0.2385278219737418E+04      0.5690032983165127E+07     -0.1357460456081092E+11      0.3238740974245045E+14     -0.7727906041044522E+17
  0.42600000E+03     -0.2395361779642621E+04      0.5738241834113423E+07     -0.1374748192530384E+11      0.3293851444563973E+14     -0.7892623067538285E+17
  0.42700000E+03     -0.2405323143076595E+04      0.5786067294755207E+07     -0.1391970768686956E+11      0.3348985738695277E+14     -0.8058106316323926E+17
  0.42800000E+03     -0.2415360098615580E+04      0.5834458338287352E+07     -0.1409470303969866E+11      0.3405242245929171E+14     -0.8227667913947816E+17
  0.42900000E+03     -0.2425312435032518E+04      0.5882636838893952E+07     -0.1426963934146150E+11      0.3461708790068448E+14     -0.8398555630068536E+17
  0.43000000E+03     -0.2435418889752220E+04      0.5931766209747813E+07     -0.1444877504816529E+11      0.3519772914986220E+14     -0.8575013947227960E+17
  0.43100000E+03     -0.2445378903152674E+04      0.5980383114926212E+07     -0.1462677225503433E+11      0.3577705610199118E+14     -0.8751797846949478E+17
  0.43200000E+03     -0.2455347220771291E+04      0.6029237426985666E+07     -0.1480636240389109E+11      0.3636393280924116E+14     -0.8931610295656645E+17
  0.43300000E+03     -0.2465390327812677E+04      0.6078662178532301E+07     -0.1498880203131146E+11      0.3696259015274755E+14     -0.9115791653143685E+17
  0.43400000E+03     -0.2475268717965235E+04      0.6127471945033888E+07     -0.1516969664104784E+11      0.3755856651948918E+14     -0.9299886116366832E+17
  0.43500000E+03     -0.2485330835936640E+04      0.6177391211766840E+07     -0.1535545384427939E+11      0.3817304684247480E+14     -0.9490466812417773E+17
  0.43600000E+03     -0.2495418389772924E+04      0.6227637766395919E+07     -0.1554318013830853E+11      0.3879653541798635E+14     -0.9684618080245866E+17
  0.43700000E+03     -0.2505412583230322E+04      0.6277619801173815E+07     -0.1573067044398093E+11      0.3942174926203392E+14     -0.9880091181649008E+17
  0.43800000E+03     -0.2515130552542157E+04      0.6326415395819179E+07     -0.1591444436541261E+11      0.4003702743441903E+14     -0.1007322897225173E+18
  0.43900000E+03     -0.2524980631207316E+04      0.6376064694789862E+07     -0.1610215323943858E+11      0.4066789896280077E+14     -0.1027202387890584E+18
  0.44000000E+03     -0.2534881623571040E+04      0.6426165923942995E+07     -0.1629231209820120E+11      0.4130950648244153E+14     -0.1047499338227275E+18
  0.44100000E+03     -0.2544763553245591E+04      0.6476365849329371E+07     -0.1648358913180639E+11      0.4195740533335619E+14     -0.1068075292376794E+18
  0.44200000E+03     -0.2554597570566496E+04      0.6526517042648653E+07     -0.1667542495697543E+11      0.4260972801498012E+14     -0.1088872418785862E+18
  0.44300000E+03     -0.2564473752198456E+04      0.6577079587697991E+07     -0.1686958818891472E+11      0.4327253861746639E+14     -0.1110086296105800E+18
  0.44400000E+03     -0.2574401434313547E+04      0.6628101929095602E+07     -0.1706627328775193E+11      0.4394655005128400E+14     -0.1131741963123501E+18
  0.44500000E+03     -0.2584172754382747E+04      0.6678515710496328E+07     -0.1726136719732711E+11      0.4461770490329765E+14     -0.1153389580687798E+18
  0.44600000E+03     -0.2594074397126207E+04      0.6729790269871376E+07     -0.1746052396581489E+11      0.4530536343097934E+14     -0.1175651314595113E+18
  0.44700000E+03     -0.2603762850141728E+04      0.6780151678349513E+07     -0.1765687793033220E+11      0.4598592282494941E+14     -0.1197767015297502E+18
  0.44800000E+03     -0.2613764403065295E+04      0.6832338372004800E+07     -0.1786112226487846E+11      0.4669652140121568E+14     -0.1220946645202410E+18
  0.44900000E+03     -0.2623481475083956E+04      0.6883230980378304E+07     -0.1806104977740561E+11      0.4739471385606883E+14     -0.1243807171956101E+18
  0.45000000E+03     -0.2633303431652446E+04      0.6934868694874897E+07     -0.1826467618154416E+11      0.4810852845401112E+14     -0.1267268077562624E+18
  0.45100000E+03     -0.2642972113285975E+04      0.6985892846268917E+07     -0.1846664431558872E+11      0.4881920933025180E+14     -0.1290714408162902E+18
  0.45200000E+03     -0.2652637541624944E+04      0.7037080058048856E+07     -0.1866997368404493E+11      0.4953720727359784E+14     -0.1314485794209524E+18
  0.45300000E+03     -0.2662230761317002E+04      0.7088072321289367E+07     -0.1887327619796063E+11      0.5025776031885156E+14     -0.1338429848322591E+18
  0.45400000E+03     -0.2671867258545667E+04      0.7139478356977167E+07     -0.1907896345123967E+11      0.5098937964428096E+14     -0.1362828804113350E+18
  0.45500000E+03     -0.2681262303725316E+04      0.7189778612782670E+07     -0.1928095821639816E+11      0.5171047852394183E+14     -0.1386964403169090E+18
  0.45600000E+03     -0.2691206892030779E+04      0.7243210742482983E+07     -0.1949629424926756E+11      0.5248194251274101E+14     -0.1412877725772604E+18
  0.45700000E+03     -0.2700649645349042E+04      0.7294125830942300E+07     -0.1970221154837795E+11      0.5322226990186453E+14     -0.1437833050128416E+18
  0.45800000E+03     -0.2710438343705688E+04      0.7347096936503033E+07     -0.1991721798497397E+11      0.5399806744182862E+14     -0.1464078475223178E+18
  0.45900000E+03     -0.2719959193078509E+04      0.7398802571444098E+07     -0.2012783743968178E+11      0.5476074979509512E+14     -0.1489972364116185E+18
  0.46000000E+03     -0.2729427260881865E+04      0.7450403203165805E+07     -0.2033877167233989E+11      0.5552727014059223E+14     -0.1516088483295743E+18
  0.46100000E+03     -0.2738871567859152E+04      0.7502054420732331E+07     -0.2055065146805651E+11      0.5629992087410672E+14     -0.1542505596402265E+18
  0.46200000E+03     -0.2748513049341310E+04      0.7554962390412121E+07     -0.2076842093017961E+11      0.5709673605422051E+14     -0.1569841077614518E+18
  0.46300000E+03     -0.2758054274779583E+04      0.7607509065980344E+07     -0.2098548329420222E+11      0.5789382757037561E+14     -0.1597284608243634E+18
  0.46400000E+03     -0.2767399245423918E+04      0.7659146400486898E+07     -0.2119950025171639E+11      0.5868235577372017E+14     -0.1624523831453293E+18
  0.46500000E+03     -0.2776857517776410E+04      0.7711593230517272E+07     -0.2141763522416835E+11      0.5948887766393816E+14     -0.1652482442087298E+18
  0.46600000E+03     -0.2786113343073402E+04      0.7763090037683853E+07     -0.2163253904952374E+11      0.6028612460292445E+14     -0.1680212464104507E+18
  0.46700000E+03     -0.2795667221073499E+04      0.7816424386917840E+07     -0.2185586175391406E+11      0.6111739728373102E+14     -0.1709223461247849E+18
  0.46800000E+03     -0.2804895983759163E+04      0.7868107122221827E+07     -0.2207295506411718E+11      0.6192804563306127E+14     -0.1737604444350202E+18
  0.46900000E+03     -0.2814208606001147E+04      0.7920440072010432E+07     -0.2229354030388950E+11      0.6275458181936698E+14     -0.1766641678932522E+18
  0.47000000E+03     -0.2823538272300668E+04      0.7973048880798748E+07     -0.2251605018644761E+11      0.6359119518615917E+14     -0.1796133983958421E+18
  0.47100000E+03     -0.2832773256866736E+04      0.8025289034542160E+07     -0.2273770203351607E+11      0.6442722752031830E+14     -0.1825699357181088E+18
  0.47200000E+03     -0.2841848247601139E+04      0.8076787953525160E+07     -0.2295690629729896E+11      0.6525666761285348E+14     -0.1855125270885672E+18
  0.47300000E+03     -0.2851168042974231E+04      0.8129853333741464E+07     -0.2318353476348766E+11      0.6611707097108435E+14     -0.1885751812547521E+18
  0.47400000E+03     -0.2860262631248113E+04      0.8181802110853097E+07     -0.2340610473234618E+11      0.6696477243407807E+14     -0.1916022912135912E+18
  0.47500000E+03     -0.2869362330300978E+04      0.8233942543590846E+07     -0.2363019411645210E+11      0.6782092895638529E+14     -0.1946691519866946E+18
  0.47600000E+03     -0.2878159634445322E+04      0.8284508516700938E+07     -0.2384819838887370E+11      0.6865644673204284E+14     -0.1976714527831387E+18
  0.47700000E+03     -0.2887403308665333E+04      0.8337804709258786E+07     -0.2407868537110696E+11      0.6954254413068462E+14     -0.2008653808261474E+18
  0.47800000E+03     -0.2896431692994847E+04      0.8390032867410637E+07     -0.2430530520246066E+11      0.7041667371821680E+14     -0.2040266552558446E+18
  0.47900000E+03     -0.2905498032045192E+04      0.8442642503757512E+07     -0.2453428517460600E+11      0.7130263497518095E+14     -0.2072406174301308E+18
  0.48000000E+03     -0.2914478401069462E+04      0.8494913213447820E+07     -0.2476248827081353E+11      0.7218830056122133E+14     -0.2104633693226516E+18
  0.48100000E+03     -0.2923091008304339E+04      0.8545189505071295E+07     -0.2498262407878094E+11      0.7304514739086861E+14     -0.2135903450763648E+18
  0.48200000E+03     -0.2931969078261093E+04      0.8597181344292594E+07     -0.2521099989346902E+11      0.7393691056086680E+14     -0.2168551498427758E+18
  0.48300000E+03     -0.2940920179928614E+04      0.8649756969605347E+07     -0.2544262835083443E+11      0.7484407303877192E+14     -0.2201862501253669E+18
  0.48400000E+03     -0.2949819517508981E+04      0.8702186647123642E+07     -0.2567431206812693E+11      0.7575419341640536E+14     -0.2235383035104870E+18
  0.48500000E+03     -0.2958388585071336E+04      0.8752815213049088E+07     -0.2589867782587538E+11      0.7663809233309311E+14     -0.2268031101827065E+18
  0.48600000E+03     -0.2967095542268204E+04      0.8804416767041022E+07     -0.2612805930999750E+11      0.7754453288620852E+14     -0.2301614872564051E+18
  0.48700000E+03     -0.2975750694465666E+04      0.8855858587502258E+07     -0.2635738707835000E+11      0.7845336117042748E+14     -0.2335383675203373E+18
  0.48800000E+03     -0.2984412711222594E+04      0.8907489696550235E+07     -0.2658822266007840E+11      0.7937080419433586E+14     -0.2369570933455397E+18
  0.48900000E+03     -0.2992973150380168E+04      0.8958666398703413E+07     -0.2681770439291978E+11      0.8028556953426789E+14     -0.2403759493188838E+18
  0.49000000E+03     -0.3001247964935888E+04      0.9008270441528611E+07     -0.2704074040841829E+11      0.8117706310743388E+14     -0.2437169032679551E+18
  0.49100000E+03     -0.3009825302338181E+04      0.9059831379883599E+07     -0.2727322188331456E+11      0.8210890298920920E+14     -0.2472188005470456E+18
  0.49200000E+03     -0.3018130787814772E+04      0.9109907694983104E+07     -0.2749968587790314E+11      0.8301934356430269E+14     -0.2506505332402266E+18
  0.49300000E+03     -0.3026780342098837E+04      0.9162199219052728E+07     -0.2773680595229158E+11      0.8397519628381669E+14     -0.2542631595494938E+18
  0.49400000E+03     -0.3035134671007618E+04      0.9212843114673395E+07     -0.2796707817912941E+11      0.8490596359866292E+14     -0.2577905177714494E+18
  0.49500000E+03     -0.3043277440122717E+04      0.9262344882161181E+07     -0.2819279764214551E+11      0.8582092592477770E+14     -0.2612678572079672E+18
  0.49600000E+03     -0.3051461078540729E+04      0.9312227611971823E+07     -0.2842085964419972E+11      0.8674784277208102E+14     -0.2647999939546212E+18
  0.49700000E+03     -0.3059706753276970E+04      0.9362621525218736E+07     -0.2865186890526031E+11      0.8768922565640531E+14     -0.2683967631311163E+18
  0.49800000E+03     -0.3068079386096971E+04      0.9413933262485011E+07     -0.2888773778777296E+11      0.8865307692891889E+14     -0.2720895872001127E+18
  0.49900000E+03     -0.3075958140502401E+04      0.9462342648943679E+07     -0.2911083847672936E+11      0.8956710122633633E+14     -0.2756005306116632E+18
  0.50000000E+03     -0.3083932955313566E+04      0.9511472510027763E+07     -0.2933786175964158E+11      0.9049967108228456E+14     -0.2791922485083587E+18
  0.50100000E+03     -0.3092164258479808E+04      0.9562318249780100E+07     -0.2957344234128271E+11      0.9146997891713798E+14     -0.2829392898313477E+18
  0.50200000E+03     -0.3099675826932468E+04      0.9608830519282004E+07     -0.2978946736079759E+11      0.9236189989796952E+14     -0.2863919853465484E+18
  0.50300000E+03     -0.3107601095262569E+04      0.9658034879033038E+07     -0.3001860284912127E+11      0.9331046353390025E+14     -0.2900736963085819E+18
  0.50400000E+03     -0.3115349388320974E+04      0.9706255777706893E+07     -0.3024369751111707E+11      0.9424453888891439E+14     -0.2937078996568669E+18
  0.50500000E+03     -0.3123095320990921E+04      0.9754575524330506E+07     -0.3046978395432104E+11      0.9518493218084266E+14     -0.2973752586195089E+18
  0.50600000E+03     -0.3130725092984893E+04      0.9802301850881495E+07     -0.3069370947009942E+11      0.9611890548051130E+14     -0.3010276255563363E+18
  0.50700000E+03     -0.3138447470287958E+04      0.9850726513991619E+07     -0.3092147229144398E+11      0.9707123199224428E+14     -0.3047609823417448E+18
  0.50800000E+03     -0.3146122628793149E+04      0.9898969558894841E+07     -0.3114891975829514E+11      0.9802449493641455E+14     -0.3085068574538951E+18
  0.50900000E+03     -0.3153931723373690E+04      0.9948159035913082E+07     -0.3138132401453609E+11      0.9900061329693945E+14     -0.3123507495258113E+18
  0.51000000E+03     -0.3161302586110809E+04      0.9994722755127938E+07     -0.3160195987956465E+11      0.9992998584950402E+14     -0.3160211429503632E+18
