  0.00000000E+00     -0.4192918727191155E+02
  0.10000000E+01     -0.3869073836018933E+02
  0.20000000E+01     -0.3613038631032032E+02
  0.30000000E+01     -0.3396034048146398E+02
  0.40000000E+01     -0.3206332356164991E+02
  0.50000000E+01     -0.3037453503421104E+02
  0.60000000E+01     -0.2885322980834368E+02
  0.70000000E+01     -0.2747148778035571E+02
  0.80000000E+01     -0.2620835881027433E+02
  0.90000000E+01     -0.2504818490846479E+02
  0.10000000E+02     -0.2397884917083786E+02
  0.11000000E+02     -0.2299015925021939E+02
  0.12000000E+02     -0.2207384503621333E+02
  0.13000000E+02     -0.2122301393268714E+02
  0.14000000E+02     -0.2043192262136839E+02
  0.15000000E+02     -0.1969529705737595E+02
  0.16000000E+02     -0.1900829377513874E+02
  0.17000000E+02     -0.1836772709011185E+02
  0.18000000E+02     -0.1777009180205020E+02
  0.19000000E+02     -0.1721229740153962E+02
  0.20000000E+02     -0.1669128458399679E+02
  0.21000000E+02     -0.1620470616480036E+02
  0.22000000E+02     -0.1575034576512041E+02
  0.23000000E+02     -0.1532621563043485E+02
  0.24000000E+02     -0.1493054910805070E+02
  0.25000000E+02     -0.1456158372231931E+02
  0.26000000E+02     -0.1421771657949808E+02
  0.27000000E+02     -0.1389767790460285E+02
  0.28000000E+02     -0.1359981847493176E+02
  0.29000000E+02     -0.1332312626396605E+02
  0.30000000E+02     -0.1306629501348397E+02
  0.31000000E+02     -0.1282851273380277E+02
  0.32000000E+02     -0.1260868240034312E+02
  0.33000000E+02     -0.1240586827969717E+02
  0.34000000E+02     -0.1221894616962021E+02
  0.35000000E+02     -0.1204747750453810E+02
  0.36000000E+02     -0.1189040516158978E+02
  0.37000000E+02     -0.1174686551455141E+02
  0.38000000E+02     -0.1161605986327119E+02
  0.39000000E+02     -0.1149770548059259E+02
  0.40000000E+02     -0.1139125339492177E+02
  0.41000000E+02     -0.1129576467615412E+02
  0.42000000E+02     -0.1121094450002676E+02
  0.43000000E+02     -0.1113611151810144E+02
  0.44000000E+02     -0.1107103720699298E+02
  0.45000000E+02     -0.1101516634238921E+02
  0.46000000E+02     -0.1096799053021951E+02
  0.47000000E+02     -0.1092925852932417E+02
  0.48000000E+02     -0.1089847762546671E+02
  0.49000000E+02     -0.1087531704628013E+02
  0.50000000E+02     -0.1085898210455048E+02
  0.51000000E+02     -0.1084923299739578E+02
  0.52000000E+02     -0.1084582137441679E+02
  0.53000000E+02     -0.1084885342010655E+02
  0.54000000E+02     -0.1085755830436748E+02
  0.55000000E+02     -0.1087158364555956E+02
  0.56000000E+02     -0.1089040085200588E+02
  0.57000000E+02     -0.1091465010651215E+02
  0.58000000E+02     -0.1094335634354405E+02
  0.59000000E+02     -0.1097628518155076E+02
  0.60000000E+02     -0.1101363212890086E+02
  0.61000000E+02     -0.1105479882404327E+02
  0.62000000E+02     -0.1109955753063084E+02
  0.63000000E+02     -0.1114777060199089E+02
  0.64000000E+02     -0.1119899888519408E+02
  0.65000000E+02     -0.1125311555306168E+02
  0.66000000E+02     -0.1131048708151210E+02
  0.67000000E+02     -0.1137059978223865E+02
  0.68000000E+02     -0.1143285159511118E+02
  0.69000000E+02     -0.1149775971923265E+02
  0.70000000E+02     -0.1156465367711364E+02
  0.71000000E+02     -0.1163398496215613E+02
  0.72000000E+02     -0.1170508084508739E+02
  0.73000000E+02     -0.1177749637030886E+02
  0.74000000E+02     -0.1185137404417450E+02
  0.75000000E+02     -0.1192704126797252E+02
  0.76000000E+02     -0.1200388410320622E+02
  0.77000000E+02     -0.1208187655344439E+02
  0.78000000E+02     -0.1216114249500583E+02
  0.79000000E+02     -0.1224124359928496E+02
  0.80000000E+02     -0.1232247136329971E+02
  0.81000000E+02     -0.1240401395258646E+02
  0.82000000E+02     -0.1248583664613396E+02
  0.83000000E+02     -0.1256845037410005E+02
  0.84000000E+02     -0.1265173509680384E+02
  0.85000000E+02     -0.1273502302099939E+02
  0.86000000E+02     -0.1281845081875058E+02
  0.87000000E+02     -0.1290272663903424E+02
  0.88000000E+02     -0.1298690145980762E+02
  0.89000000E+02     -0.1307084353842409E+02
  0.90000000E+02     -0.1315433954250779E+02
  0.91000000E+02     -0.1323799423541200E+02
  0.92000000E+02     -0.1332156878211091E+02
  0.93000000E+02     -0.1340490537834801E+02
  0.94000000E+02     -0.1348777412912484E+02
  0.95000000E+02     -0.1357036709862041E+02
  0.96000000E+02     -0.1365213197417567E+02
  0.97000000E+02     -0.1373346940806560E+02
  0.98000000E+02     -0.1381393663932842E+02
  0.99000000E+02     -0.1389409753156721E+02
  0.10000000E+03     -0.1397341763463220E+02
  0.10100000E+03     -0.1405192142588921E+02
  0.10200000E+03     -0.1412919191270919E+02
  0.10300000E+03     -0.1420616956563564E+02
  0.10400000E+03     -0.1428174430424925E+02
  0.10500000E+03     -0.1435656701436966E+02
  0.10600000E+03     -0.1443029807282719E+02
  0.10700000E+03     -0.1450299268234522E+02
  0.10800000E+03     -0.1457459448516400E+02
  0.10900000E+03     -0.1464460777715043E+02
  0.11000000E+03     -0.1471370655382363E+02
  0.11100000E+03     -0.1478188239008644E+02
  0.11200000E+03     -0.1484882446242283E+02
  0.11300000E+03     -0.1491407338927938E+02
  0.11400000E+03     -0.1497747424951875E+02
  0.11500000E+03     -0.1504043655921738E+02
  0.11600000E+03     -0.1510150448895656E+02
  0.11700000E+03     -0.1516137854637673E+02
  0.11800000E+03     -0.1521990247968292E+02
  0.11900000E+03     -0.1527709866029189E+02
  0.12000000E+03     -0.1533227151242917E+02
  0.12100000E+03     -0.1538616972201769E+02
  0.12200000E+03     -0.1543808389691640E+02
  0.12300000E+03     -0.1548891177613649E+02
  0.12400000E+03     -0.1553810633810185E+02
  0.12500000E+03     -0.1558552599189463E+02
  0.12600000E+03     -0.1563161082888091E+02
  0.12700000E+03     -0.1567613532429629E+02
  0.12800000E+03     -0.1571881786795167E+02
  0.12900000E+03     -0.1575981394096088E+02
  0.13000000E+03     -0.1579887224090864E+02
  0.13100000E+03     -0.1583639766034403E+02
  0.13200000E+03     -0.1587189786585977E+02
  0.13300000E+03     -0.1590542882098440E+02
  0.13400000E+03     -0.1593724225122702E+02
  0.13500000E+03     -0.1596671279647865E+02
  0.13600000E+03     -0.1599459685709130E+02
  0.13700000E+03     -0.1602089503489299E+02
  0.13800000E+03     -0.1604556917638222E+02
  0.13900000E+03     -0.1606827273319714E+02
  0.14000000E+03     -0.1608942125556839E+02
  0.14100000E+03     -0.1610863055573079E+02
  0.14200000E+03     -0.1612558049206608E+02
  0.14300000E+03     -0.1614080852673816E+02
  0.14400000E+03     -0.1615453799223491E+02
  0.14500000E+03     -0.1616628092304402E+02
  0.14600000E+03     -0.1617575842942830E+02
  0.14700000E+03     -0.1618326651639672E+02
  0.14800000E+03     -0.1618901090082002E+02
  0.14900000E+03     -0.1619300810125591E+02
  0.15000000E+03     -0.1619514501925785E+02
  0.15100000E+03     -0.1619514857309054E+02
  0.15200000E+03     -0.1619299675081142E+02
  0.15300000E+03     -0.1618885269603565E+02
  0.15400000E+03     -0.1618277720985783E+02
  0.15500000E+03     -0.1617448584734685E+02
  0.15600000E+03     -0.1616462630732782E+02
  0.15700000E+03     -0.1615273447814962E+02
  0.15800000E+03     -0.1613911243876421E+02
  0.15900000E+03     -0.1612289376206109E+02
  0.16000000E+03     -0.1610506394313573E+02
  0.16100000E+03     -0.1608551996528075E+02
  0.16200000E+03     -0.1606421708974397E+02
  0.16300000E+03     -0.1604120670271397E+02
  0.16400000E+03     -0.1601570942554190E+02
  0.16500000E+03     -0.1598813880142191E+02
  0.16600000E+03     -0.1595853846081258E+02
  0.16700000E+03     -0.1592693846707193E+02
  0.16800000E+03     -0.1589395017836193E+02
  0.16900000E+03     -0.1585830825543228E+02
  0.17000000E+03     -0.1582041374817847E+02
  0.17100000E+03     -0.1578058277429084E+02
  0.17200000E+03     -0.1573922039588173E+02
  0.17300000E+03     -0.1569641006405407E+02
  0.17400000E+03     -0.1565150813563709E+02
  0.17500000E+03     -0.1560427761129422E+02
  0.17600000E+03     -0.1555563451537278E+02
  0.17700000E+03     -0.1550354338828447E+02
  0.17800000E+03     -0.1545034879354963E+02
  0.17900000E+03     -0.1539552246790570E+02
  0.18000000E+03     -0.1533924134758989E+02
  0.18100000E+03     -0.1528051320723685E+02
  0.18200000E+03     -0.1521936824787970E+02
  0.18300000E+03     -0.1515706775974785E+02
  0.18400000E+03     -0.1509276146478869E+02
  0.18500000E+03     -0.1502717393516284E+02
  0.18600000E+03     -0.1495955657416397E+02
  0.18700000E+03     -0.1488951455882389E+02
  0.18800000E+03     -0.1481813293543135E+02
  0.18900000E+03     -0.1474413767114134E+02
  0.19000000E+03     -0.1466891290752007E+02
  0.19100000E+03     -0.1459141794350622E+02
  0.19200000E+03     -0.1451217045402747E+02
  0.19300000E+03     -0.1443153611869081E+02
  0.19400000E+03     -0.1434971085732877E+02
  0.19500000E+03     -0.1426512172047745E+02
  0.19600000E+03     -0.1417934494146436E+02
  0.19700000E+03     -0.1409182466890644E+02
  0.19800000E+03     -0.1400266043754421E+02
  0.19900000E+03     -0.1391158632978206E+02
  0.20000000E+03     -0.1381859093563723E+02
  0.20100000E+03     -0.1372488068764677E+02
  0.20200000E+03     -0.1362931535461260E+02
  0.20300000E+03     -0.1353182085074222E+02
  0.20400000E+03     -0.1343227427010900E+02
  0.20500000E+03     -0.1333203433895584E+02
  0.20600000E+03     -0.1322985172318278E+02
  0.20700000E+03     -0.1312571693818327E+02
  0.20800000E+03     -0.1302039960518668E+02
  0.20900000E+03     -0.1291406833830734E+02
  0.21000000E+03     -0.1280588717093237E+02
  0.21100000E+03     -0.1269617149142989E+02
  0.21200000E+03     -0.1258468120694552E+02
  0.21300000E+03     -0.1247238493996423E+02
  0.21400000E+03     -0.1235869979676475E+02
  0.21500000E+03     -0.1224361139136359E+02
  0.21600000E+03     -0.1212748233698955E+02
  0.21700000E+03     -0.1200922439745888E+02
  0.21800000E+03     -0.1189089919530819E+02
  0.21900000E+03     -0.1177166243957375E+02
  0.22000000E+03     -0.1165116285621228E+02
  0.22100000E+03     -0.1152943975012963E+02
  0.22200000E+03     -0.1140618295965958E+02
  0.22300000E+03     -0.1128168362861448E+02
  0.22400000E+03     -0.1115643100505825E+02
  0.22500000E+03     -0.1103028338586811E+02
  0.22600000E+03     -0.1090324283417768E+02
  0.22700000E+03     -0.1077546315317978E+02
  0.22800000E+03     -0.1064624726919803E+02
  0.22900000E+03     -0.1051649664919794E+02
  0.23000000E+03     -0.1038586024126424E+02
  0.23100000E+03     -0.1025494342833976E+02
  0.23200000E+03     -0.1012289941528316E+02
  0.23300000E+03     -0.9990637979934561E+01
  0.23400000E+03     -0.9857840610302315E+01
  0.23500000E+03     -0.9724655684588349E+01
  0.23600000E+03     -0.9590134973010340E+01
  0.23700000E+03     -0.9455761946407360E+01
  0.23800000E+03     -0.9321170838572915E+01
  0.23900000E+03     -0.9186154503752505E+01
  0.24000000E+03     -0.9050704213007446E+01
  0.24100000E+03     -0.8915669252942291E+01
  0.24200000E+03     -0.8779838263599235E+01
  0.24300000E+03     -0.8644582796200652E+01
  0.24400000E+03     -0.8508892592883360E+01
  0.24500000E+03     -0.8374033106616505E+01
  0.24600000E+03     -0.8238992005817039E+01
  0.24700000E+03     -0.8104053037401648E+01
  0.24800000E+03     -0.7969449565617179E+01
  0.24900000E+03     -0.7835197255536581E+01
  0.25000000E+03     -0.7701212222147007E+01
  0.25100000E+03     -0.7567646500481192E+01
  0.25200000E+03     -0.7435003109980016E+01
  0.25300000E+03     -0.7302901593711013E+01
  0.25400000E+03     -0.7171033680765333E+01
  0.25500000E+03     -0.7039944873561499E+01
  0.25600000E+03     -0.6909569971841623E+01
  0.25700000E+03     -0.6780293369480674E+01
  0.25800000E+03     -0.6651531490122487E+01
  0.25900000E+03     -0.6524421558132666E+01
  0.26000000E+03     -0.6398023608855599E+01
  0.26100000E+03     -0.6273257320230718E+01
  0.26200000E+03     -0.6149539571341261E+01
  0.26300000E+03     -0.6027532052421968E+01
  0.26400000E+03     -0.5907369791532808E+01
  0.26500000E+03     -0.5789142593847977E+01
  0.26600000E+03     -0.5672184059640237E+01
  0.26700000E+03     -0.5557808278988350E+01
  0.26800000E+03     -0.5445077123109126E+01
  0.26900000E+03     -0.5333866394087842E+01
  0.27000000E+03     -0.5225553500961784E+01
  0.27100000E+03     -0.5118968254408832E+01
  0.27200000E+03     -0.5014310448868091E+01
  0.27300000E+03     -0.4912129763988560E+01
  0.27400000E+03     -0.4812352663543944E+01
  0.27500000E+03     -0.4715555189078799E+01
  0.27600000E+03     -0.4621702064321269E+01
  0.27700000E+03     -0.4530765640746370E+01
  0.27800000E+03     -0.4442977778704851E+01
  0.27900000E+03     -0.4357868727132072E+01
  0.28000000E+03     -0.4276234604967193E+01
  0.28100000E+03     -0.4198326630531433E+01
  0.28200000E+03     -0.4124051601256649E+01
  0.28300000E+03     -0.4053249750417382E+01
  0.28400000E+03     -0.3986303652158788E+01
  0.28500000E+03     -0.3922668670233403E+01
  0.28600000E+03     -0.3862711118180296E+01
  0.28700000E+03     -0.3807658742909083E+01
  0.28800000E+03     -0.3756043749711811E+01
  0.28900000E+03     -0.3709831638801987E+01
  0.29000000E+03     -0.3668119486741116E+01
  0.29100000E+03     -0.3630372315886436E+01
  0.29200000E+03     -0.3598254869209508E+01
  0.29300000E+03     -0.3570507017198192E+01
  0.29400000E+03     -0.3548893616856965E+01
  0.29500000E+03     -0.3531471529468600E+01
  0.29600000E+03     -0.3519513720899887E+01
  0.29700000E+03     -0.3513623942765264E+01
  0.29800000E+03     -0.3513800516170704E+01
  0.29900000E+03     -0.3519996147330023E+01
  0.30000000E+03     -0.3531940524484732E+01
  0.30100000E+03     -0.3549683270518672E+01
  0.30200000E+03     -0.3573451398616735E+01
  0.30300000E+03     -0.3604228989704604E+01
  0.30400000E+03     -0.3641979583128533E+01
  0.30500000E+03     -0.3686317258037880E+01
  0.30600000E+03     -0.3737805799040155E+01
  0.30700000E+03     -0.3795807085896451E+01
  0.30800000E+03     -0.3861920359249565E+01
  0.30900000E+03     -0.3934951505910261E+01
  0.31000000E+03     -0.4015329821531429E+01
  0.31100000E+03     -0.4103760105186192E+01
  0.31200000E+03     -0.4200826327972576E+01
  0.31300000E+03     -0.4306242288876641E+01
  0.31400000E+03     -0.4419996035570643E+01
  0.31500000E+03     -0.4542552849124130E+01
  0.31600000E+03     -0.4673752082481114E+01
  0.31700000E+03     -0.4814888241219423E+01
  0.31800000E+03     -0.4965258073108489E+01
  0.31900000E+03     -0.5126027780525673E+01
  0.32000000E+03     -0.5295236584127101E+01
  0.32100000E+03     -0.5473964893409468E+01
  0.32200000E+03     -0.5662515855495011E+01
  0.32300000E+03     -0.5861949725001626E+01
  0.32400000E+03     -0.6070881610149012E+01
  0.32500000E+03     -0.6291355051541007E+01
  0.32600000E+03     -0.6522675925334937E+01
  0.32700000E+03     -0.6762396217143458E+01
  0.32800000E+03     -0.7017225139548334E+01
  0.32900000E+03     -0.7283627597792454E+01
  0.33000000E+03     -0.7559274182406291E+01
  0.33100000E+03     -0.7846523425579388E+01
  0.33200000E+03     -0.8147440044688409E+01
  0.33300000E+03     -0.8459190691657579E+01
  0.33400000E+03     -0.8784169657459330E+01
  0.33500000E+03     -0.9123541227780130E+01
  0.33600000E+03     -0.9476159424574487E+01
  0.33700000E+03     -0.9841751601513131E+01
  0.33800000E+03     -0.1022066848161256E+02
  0.33900000E+03     -0.1061143650875189E+02
  0.34000000E+03     -0.1101851640524546E+02
  0.34100000E+03     -0.1143937518068578E+02
  0.34200000E+03     -0.1187456427306129E+02
  0.34300000E+03     -0.1232551293636044E+02
  0.34400000E+03     -0.1279112339964126E+02
  0.34500000E+03     -0.1327130529122720E+02
  0.34600000E+03     -0.1376725318881859E+02
  0.34700000E+03     -0.1428081099676208E+02
  0.34800000E+03     -0.1481061534390927E+02
  0.34900000E+03     -0.1535724728568660E+02
  0.35000000E+03     -0.1591899531454109E+02
  0.35100000E+03     -0.1649608082561934E+02
  0.35200000E+03     -0.1708947076660511E+02
  0.35300000E+03     -0.1770210014421580E+02
  0.35400000E+03     -0.1833184514957075E+02
  0.35500000E+03     -0.1898183767738673E+02
  0.35600000E+03     -0.1964673802930199E+02
  0.35700000E+03     -0.2033084559917839E+02
  0.35800000E+03     -0.2103467930730619E+02
  0.35900000E+03     -0.2175934597820822E+02
  0.36000000E+03     -0.2250329199102979E+02
  0.36100000E+03     -0.2326430405617306E+02
  0.36200000E+03     -0.2404817970153031E+02
  0.36300000E+03     -0.2485317398826717E+02
  0.36400000E+03     -0.2567812395440202E+02
  0.36500000E+03     -0.2652404880504158E+02
  0.36600000E+03     -0.2738813262495185E+02
  0.36700000E+03     -0.2827396800857291E+02
  0.36800000E+03     -0.2918119433195106E+02
  0.36900000E+03     -0.3011481926352260E+02
  0.37000000E+03     -0.3107043878041669E+02
  0.37100000E+03     -0.3204468566799772E+02
  0.37200000E+03     -0.3304470406393656E+02
  0.37300000E+03     -0.3406817160500229E+02
  0.37400000E+03     -0.3511518218135932E+02
  0.37500000E+03     -0.3618830171067004E+02
  0.37600000E+03     -0.3728789796842963E+02
  0.37700000E+03     -0.3840699163527119E+02
  0.37800000E+03     -0.3955331386758663E+02
  0.37900000E+03     -0.4072415874008483E+02
  0.38000000E+03     -0.4192549367486654E+02
  0.38100000E+03     -0.4314752088540851E+02
  0.38200000E+03     -0.4439646304626743E+02
  0.38300000E+03     -0.4567679637556485E+02
  0.38400000E+03     -0.4698247140678546E+02
  0.38500000E+03     -0.4831452719245065E+02
  0.38600000E+03     -0.4967131456206414E+02
  0.38700000E+03     -0.5106078070608578E+02
  0.38800000E+03     -0.5247569650987619E+02
  0.38900000E+03     -0.5392109469294735E+02
  0.39000000E+03     -0.5539664707730562E+02
  0.39100000E+03     -0.5689772940003160E+02
  0.39200000E+03     -0.5843225121916465E+02
  0.39300000E+03     -0.5999554349336983E+02
  0.39400000E+03     -0.6159002235817709E+02
  0.39500000E+03     -0.6321762951811189E+02
  0.39600000E+03     -0.6487449816807730E+02
  0.39700000E+03     -0.6656379163202622E+02
  0.39800000E+03     -0.6828765430806573E+02
  0.39900000E+03     -0.7004317524596777E+02
  0.40000000E+03     -0.7183441401922374E+02
  0.40100000E+03     -0.7365230493422597E+02
  0.40200000E+03     -0.7550574479270516E+02
  0.40300000E+03     -0.7739558419844147E+02
  0.40400000E+03     -0.7931630819983562E+02
  0.40500000E+03     -0.8127490460965488E+02
  0.40600000E+03     -0.8326641222962203E+02
  0.40700000E+03     -0.8529770903383637E+02
  0.40800000E+03     -0.8736335699444386E+02
  0.40900000E+03     -0.8946585410410908E+02
  0.41000000E+03     -0.9160586767720125E+02
  0.41100000E+03     -0.9377968782390587E+02
  0.41200000E+03     -0.9599748084344267E+02
  0.41300000E+03     -0.9825760452719702E+02
  0.41400000E+03     -0.1005521256585720E+03
  0.41500000E+03     -0.1028843809946763E+03
  0.41600000E+03     -0.1052580655783792E+03
  0.41700000E+03     -0.1076716391697975E+03
  0.41800000E+03     -0.1101275222603134E+03
  0.41900000E+03     -0.1126248721534458E+03
  0.42000000E+03     -0.1151681547179021E+03
  0.42100000E+03     -0.1177491487342290E+03
  0.42200000E+03     -0.1203679377214887E+03
  0.42300000E+03     -0.1230317118933111E+03
  0.42400000E+03     -0.1257373368588772E+03
  0.42500000E+03     -0.1284846973807653E+03
  0.42600000E+03     -0.1312775209322193E+03
  0.42700000E+03     -0.1341213753867736E+03
  0.42800000E+03     -0.1370065313232230E+03
  0.42900000E+03     -0.1399315311465616E+03
  0.43000000E+03     -0.1429077512654210E+03
  0.43100000E+03     -0.1459283819665568E+03
  0.43200000E+03     -0.1490065532920550E+03
  0.43300000E+03     -0.1521212845664478E+03
  0.43400000E+03     -0.1552873743473621E+03
  0.43500000E+03     -0.1584988779353762E+03
  0.43600000E+03     -0.1617735206294753E+03
  0.43700000E+03     -0.1650894077652187E+03
  0.43800000E+03     -0.1684551820280162E+03
  0.43900000E+03     -0.1718615712244017E+03
  0.44000000E+03     -0.1753301633378191E+03
  0.44100000E+03     -0.1788499931381314E+03
  0.44200000E+03     -0.1824159043935902E+03
  0.44300000E+03     -0.1860469800956569E+03
  0.44400000E+03     -0.1897207485058287E+03
  0.44500000E+03     -0.1934529981019485E+03
  0.44600000E+03     -0.1972386724002294E+03
  0.44700000E+03     -0.2010741863693799E+03
  0.44800000E+03     -0.2049694126701106E+03
  0.44900000E+03     -0.2089112622465006E+03
  0.45000000E+03     -0.2129174566664445E+03
  0.45100000E+03     -0.2169862278395285E+03
  0.45200000E+03     -0.2211139701727872E+03
  0.45300000E+03     -0.2252903471309031E+03
  0.45400000E+03     -0.2295322325727483E+03
  0.45500000E+03     -0.2338339099590923E+03
  0.45600000E+03     -0.2381785380106456E+03
  0.45700000E+03     -0.2426041999071525E+03
  0.45800000E+03     -0.2470825129601683E+03
  0.45900000E+03     -0.2516266861060292E+03
  0.46000000E+03     -0.2562410459410547E+03
  0.46100000E+03     -0.2608996498105328E+03
  0.46200000E+03     -0.2656361523532493E+03
  0.46300000E+03     -0.2704265272187580E+03
  0.46400000E+03     -0.2752741805498701E+03
  0.46500000E+03     -0.2801900656404614E+03
  0.46600000E+03     -0.2851821818926010E+03
  0.46700000E+03     -0.2902174325338831E+03
  0.46800000E+03     -0.2953342660122775E+03
  0.46900000E+03     -0.3005321584910373E+03
  0.47000000E+03     -0.3057643555897534E+03
  0.47100000E+03     -0.3110819024978941E+03
  0.47200000E+03     -0.3164615833853464E+03
  0.47300000E+03     -0.3219235142329984E+03
  0.47400000E+03     -0.3274426905353338E+03
  0.47500000E+03     -0.3330500549817937E+03
  0.47600000E+03     -0.3387249794805460E+03
  0.47700000E+03     -0.3444573151131720E+03
  0.47800000E+03     -0.3502784267580323E+03
  0.47900000E+03     -0.3561629184403444E+03
  0.48000000E+03     -0.3621311585040543E+03
  0.48100000E+03     -0.3681470782795262E+03
  0.48200000E+03     -0.3742641740221715E+03
  0.48300000E+03     -0.3804294447095522E+03
  0.48400000E+03     -0.3866947656258108E+03
  0.48500000E+03     -0.3930283497538338E+03
  0.48600000E+03     -0.3994542786649296E+03
  0.48700000E+03     -0.4059396720590677E+03
  0.48800000E+03     -0.4125163146679557E+03
  0.48900000E+03     -0.4191858677975898E+03
  0.49000000E+03     -0.4259119856385187E+03
  0.49100000E+03     -0.4327239764826932E+03
  0.49200000E+03     -0.4396221702714489E+03
  0.49300000E+03     -0.4466171281864026E+03
  0.49400000E+03     -0.4536717643073171E+03
  0.49500000E+03     -0.4608084103186491E+03
  0.49600000E+03     -0.4680524113964129E+03
  0.49700000E+03     -0.4753572190598455E+03
  0.49800000E+03     -0.4827481688718605E+03
  0.49900000E+03     -0.4902180139777882E+03
  0.50000000E+03     -0.4977700515158662E+03
  0.50100000E+03     -0.5054045506906135E+03
  0.50200000E+03     -0.5131502493001233E+03
  0.50300000E+03     -0.5209704759231987E+03
  0.50400000E+03     -0.5288960649371087E+03
  0.50500000E+03     -0.5368952459173307E+03
  0.50600000E+03     -0.5450251555086072E+03
  0.50700000E+03     -0.5532317281050243E+03
  0.50800000E+03     -0.5615129806904866E+03
  0.50900000E+03     -0.5699045885166252E+03
  0.51000000E+03     -0.5783611906518605E+03
