  0.00000000E+00      0.7837732428486463E-09      0.1134834656551266E-17      0.1738163942741764E-26      0.2921869169157585E-35      0.5147117526177414E-44
  0.10000000E+01     -0.6057392178392908E-03      0.3669200000447943E-06     -0.2222578338489523E-09      0.1346302864387232E-12     -0.8155084440778792E-16
  0.20000000E+01     -0.4685741873302684E-01      0.2939377568818815E-01     -0.2313466002448175E-01      0.2146502701033015E-01     -0.1549192484069119E-01
  0.30000000E+01     -0.1394507050817858E+00      0.1039203165907231E+00     -0.1043451116749836E+00      0.1362724300812642E+00     -0.1983791509519742E+00
  0.40000000E+01     -0.2792986288759817E+00      0.2531994585969565E+00     -0.3208656154453386E+00      0.5405884949776532E+00     -0.1097440628323761E+01
  0.50000000E+01     -0.4671702280232147E+00      0.5213875456303767E+00     -0.8184067920061958E+00      0.1698942263701649E+01     -0.4341415515443054E+01
  0.60000000E+01     -0.7038705586418695E+00      0.9683035200885122E+00     -0.1851006549746527E+01      0.4621187141943582E+01     -0.1426605217255630E+02
  0.70000000E+01     -0.9908800637186832E+00      0.1672096336974521E+01     -0.3838056997140265E+01      0.1132751567626277E+02     -0.4114914240377380E+02
  0.80000000E+01     -0.1329260897383425E+01      0.2728339531340415E+01     -0.7434643663475916E+01      0.2563548788445332E+02     -0.1080072079175544E+03
  0.90000000E+01     -0.1720394625175098E+01      0.4253789358957476E+01     -0.1363253102951453E+02      0.5444978240152414E+02     -0.2635023651542457E+03
  0.10000000E+02     -0.2165789160118518E+01      0.6389239651616151E+01     -0.2390084946161967E+02      0.1099046675497527E+03     -0.6074013839227827E+03
  0.11000000E+02     -0.2667347409268829E+01      0.9299381238636393E+01     -0.4030532536146195E+02      0.2119680890739659E+03     -0.1328362889828392E+04
  0.12000000E+02     -0.3227188253652786E+01      0.1318352599460906E+02     -0.6581520953708572E+02      0.3941023462060319E+03     -0.2789358816789761E+04
  0.13000000E+02     -0.3847446502566260E+01      0.1826791022397457E+02     -0.1044219228196035E+03      0.7085517266806429E+03     -0.5640714805134206E+04
  0.14000000E+02     -0.4531888688295091E+01      0.2483694253391223E+02     -0.1617964198108458E+03      0.1239896119386877E+04     -0.1107398180293009E+05
  0.15000000E+02     -0.5282359015273408E+01      0.3319926004361541E+02     -0.2453558361627035E+03      0.2116239385304585E+04     -0.2114211865172854E+05
  0.16000000E+02     -0.6103294263134236E+01      0.4373385326128155E+02     -0.3650853542685513E+03      0.3531577828569521E+04     -0.3933943574204800E+05
  0.17000000E+02     -0.6998845815963984E+01      0.5688941420129630E+02     -0.5344868176373454E+03      0.5782528120345497E+04     -0.7165417209178043E+05
  0.18000000E+02     -0.7974804874835258E+01      0.7321414516694041E+02     -0.7717998454591532E+03      0.9318121538249412E+04     -0.1282240953975844E+06
  0.19000000E+02     -0.9036827019017636E+01      0.9334405813988549E+02     -0.1100987307012383E+04      0.1480131280572935E+05     -0.2257541367301792E+06
  0.20000000E+02     -0.1019194297198301E+02      0.1180337100059339E+03     -0.1553386160189071E+04      0.2319690953108656E+05     -0.3912249283497774E+06
  0.21000000E+02     -0.1144988150333218E+02      0.1482725360592749E+03     -0.2173179328280857E+04      0.3599675281877405E+05     -0.6704885708219011E+06
  0.22000000E+02     -0.1282114788334758E+02      0.1852044232142053E+03     -0.3017144387229348E+04      0.5533354989183442E+05     -0.1136137492005942E+07
  0.23000000E+02     -0.1431400121146005E+02      0.2301129769235641E+03     -0.4158400498605901E+04      0.8427403490930460E+05     -0.1903420494060642E+07
  0.24000000E+02     -0.1594395973942281E+02      0.2847444001450031E+03     -0.5698727734041036E+04      0.1274066054989395E+06     -0.3159714179740567E+07
  0.25000000E+02     -0.1772508180264001E+02      0.3510868727143844E+03     -0.7768715935990001E+04      0.1912353932952990E+06     -0.5195668403946973E+07
  0.26000000E+02     -0.1967298189645241E+02      0.4314950366675720E+03     -0.1053746109826034E+05      0.2849967669179085E+06     -0.8463024667749478E+07
  0.27000000E+02     -0.2180441682855814E+02      0.5287725939713620E+03     -0.1422487020283200E+05      0.4217698138580808E+06     -0.1365558018521741E+08
  0.28000000E+02     -0.2413460323335588E+02      0.6460424048301207E+03     -0.1910419050113934E+05      0.6193841136907727E+06     -0.2180243898476559E+08
  0.29000000E+02     -0.2667713958962682E+02      0.7867392897898690E+03     -0.2551031246446151E+05      0.9017906280143500E+06     -0.3440686232659365E+08
  0.30000000E+02     -0.2943740901545283E+02      0.9542158165721764E+03     -0.3383032783252229E+05      0.1299875406243637E+07     -0.5359095876315609E+08
  0.31000000E+02     -0.3241875789274793E+02      0.1151952563656161E+04     -0.4451330080051821E+05      0.1852773859610627E+07     -0.8226389233906032E+08
  0.32000000E+02     -0.3561465958313357E+02      0.1382928962003343E+04     -0.5804297666871650E+05      0.2608126611921844E+07     -0.1243186492237744E+09
  0.33000000E+02     -0.3900857284144628E+02      0.1649454464566692E+04     -0.7491933245426742E+05      0.3621470018329240E+07     -0.1847145518075030E+09
  0.34000000E+02     -0.4258078248749096E+02      0.1953231670494250E+04     -0.9564357675961503E+05      0.4955711294762482E+07     -0.2696042119871742E+09
  0.35000000E+02     -0.4630331171729846E+02      0.2295063836060470E+04     -0.1207011326264121E+06      0.6681098390371505E+07     -0.3865293710877443E+09
  0.36000000E+02     -0.5014490561470558E+02      0.2674745232659313E+04     -0.1505117974181092E+06      0.8869970116924558E+07     -0.5440908568081708E+09
  0.37000000E+02     -0.5407158686283345E+02      0.3091315271608743E+04     -0.1854556380500442E+06      0.1159976959502657E+08     -0.7523900563663925E+09
  0.38000000E+02     -0.5805863994967231E+02      0.3543942202514385E+04     -0.2259076906019664E+06      0.1495357086769482E+08     -0.1023089024767161E+10
  0.39000000E+02     -0.6208347248459274E+02      0.4031414734425248E+04     -0.2721940327054756E+06      0.1901592330276319E+08     -0.1369114975337162E+10
  0.40000000E+02     -0.6611879029529432E+02      0.4551366352449576E+04     -0.3245101507899585E+06      0.2386497984875032E+08     -0.1804061517537124E+10
  0.41000000E+02     -0.7016204210683203E+02      0.5103964116619023E+04     -0.3832743735701878E+06      0.2960386879564359E+08     -0.2345016219248748E+10
  0.42000000E+02     -0.7419594901872657E+02      0.5687146585860455E+04     -0.4486578327970416E+06      0.3631696984382918E+08     -0.3008710173796497E+10
  0.43000000E+02     -0.7821832594388131E+02      0.6300587619595872E+04     -0.5209920230795501E+06      0.4410806849216630E+08     -0.3815020719468031E+10
  0.44000000E+02     -0.8223059162393093E+02      0.6944314211468129E+04     -0.6006319590459518E+06      0.5308781099328000E+08     -0.4786012721479498E+10
  0.45000000E+02     -0.8622701684178149E+02      0.7617329684950420E+04     -0.6878184359269768E+06      0.6336064032078373E+08     -0.5944776057377768E+10
  0.46000000E+02     -0.9020300559922867E+02      0.8318679891937521E+04     -0.7827830823046642E+06      0.7503446728898741E+08     -0.7316449275052610E+10
  0.47000000E+02     -0.9417113019445814E+02      0.9050120419030911E+04     -0.8860815347099996E+06      0.8825759904266779E+08     -0.8932141300071785E+10
  0.48000000E+02     -0.9812447786814738E+02      0.9810220419321731E+04     -0.9978619490688879E+06      0.1031360823773380E+09     -0.1082010008706012E+11
  0.49000000E+02     -0.1020738078541196E+03      0.1060087507058062E+05     -0.1118750265795009E+07      0.1198436727951702E+09     -0.1301892736596147E+11
  0.50000000E+02     -0.1060102043080335E+03      0.1142004957029702E+05     -0.1248773086051464E+07      0.1384774549342726E+09     -0.1555930602450132E+11
  0.51000000E+02     -0.1099406892660692E+03      0.1226895810362558E+05     -0.1388452281510266E+07      0.1592072809771710E+09     -0.1848334674440472E+11
  0.52000000E+02     -0.1138763231131908E+03      0.1315013976801021E+05     -0.1538596082888388E+07      0.1822605681574457E+09     -0.2184473203250957E+11
  0.53000000E+02     -0.1178095470091574E+03      0.1406183394043107E+05     -0.1699264661814085E+07      0.2077542829792755E+09     -0.2568331984324573E+11
  0.54000000E+02     -0.1217378021009375E+03      0.1500328136294409E+05     -0.1870661904647402E+07      0.2358281277053307E+09     -0.3004385196492977E+11
  0.55000000E+02     -0.1256734464597876E+03      0.1597750167123301E+05     -0.2053714974408909E+07      0.2667515740270032E+09     -0.3499456530926237E+11
  0.56000000E+02     -0.1296186042627145E+03      0.1698536343796434E+05     -0.2249020658939655E+07      0.3007569090556571E+09     -0.4060245931329037E+11
  0.57000000E+02     -0.1335670635767978E+03      0.1802510169648016E+05     -0.2456569491445363E+07      0.3379604204884508E+09     -0.4691552080872941E+11
  0.58000000E+02     -0.1375222818523663E+03      0.1909798471499459E+05     -0.2677054844869967E+07      0.3786273609407214E+09     -0.5401263118715208E+11
  0.59000000E+02     -0.1414899374519082E+03      0.2020566951162152E+05     -0.2911216731098967E+07      0.4230334327946633E+09     -0.6197707405907809E+11
  0.60000000E+02     -0.1454654447746101E+03      0.2134708813153052E+05     -0.3159247086297697E+07      0.4713612008962945E+09     -0.7087924180878363E+11
  0.61000000E+02     -0.1494535337791946E+03      0.2252386262776302E+05     -0.3421929380400112E+07      0.5239165271278459E+09     -0.8081587302472005E+11
  0.62000000E+02     -0.1534531957479930E+03      0.2373607514385937E+05     -0.3699746887764621E+07      0.5809616368242135E+09     -0.9188096792675159E+11
  0.63000000E+02     -0.1574686523986557E+03      0.2498508071893163E+05     -0.3993408668546039E+07      0.6427986122524773E+09     -0.1041773441384083E+12
  0.64000000E+02     -0.1615032068136135E+03      0.2627279051693587E+05     -0.4303961019493008E+07      0.7098519697689188E+09     -0.1178450212767705E+12
  0.65000000E+02     -0.1655615620219481E+03      0.2760101100425492E+05     -0.4632315926848327E+07      0.7825048811652920E+09     -0.1330164315091097E+12
  0.66000000E+02     -0.1696390767533758E+03      0.2896870843843639E+05     -0.4978733915427651E+07      0.8610136760357945E+09     -0.1498036474150266E+12
  0.67000000E+02     -0.1737428034181703E+03      0.3037891411480702E+05     -0.5344565090306474E+07      0.9459066133368523E+09     -0.1683858115370760E+12
  0.68000000E+02     -0.1778752793518165E+03      0.3183303946486030E+05     -0.5730728325005318E+07      0.1037617904414590E+10     -0.1889260282152205E+12
  0.69000000E+02     -0.1820423888126916E+03      0.3333395671949296E+05     -0.6138621824903091E+07      0.1136727536241628E+10     -0.2116307750725016E+12
  0.70000000E+02     -0.1862410729308721E+03      0.3488151374495115E+05     -0.6568897303059041E+07      0.1243664803950089E+10     -0.2366833071632998E+12
  0.71000000E+02     -0.1904745786323460E+03      0.3647777283836089E+05     -0.7022813577781445E+07      0.1359020356207028E+10     -0.2643115847781309E+12
  0.72000000E+02     -0.1947396029131325E+03      0.3812213369025640E+05     -0.7500846172343314E+07      0.1483193585716228E+10     -0.2947046494593082E+12
  0.73000000E+02     -0.1990393654140509E+03      0.3981689933441009E+05     -0.8004433488066070E+07      0.1616874460971674E+10     -0.3281366907214197E+12
  0.74000000E+02     -0.2033768896296024E+03      0.4156403782409932E+05     -0.8534872235659361E+07      0.1760720662758207E+10     -0.3648809654067766E+12
  0.75000000E+02     -0.2077527351902599E+03      0.4336491336354408E+05     -0.9093414465077702E+07      0.1915429550122192E+10     -0.4052397050587003E+12
  0.76000000E+02     -0.2121612438377897E+03      0.4521810143102114E+05     -0.9680402460287897E+07      0.2081449468039735E+10     -0.4494569203711547E+12
  0.77000000E+02     -0.2166084003133872E+03      0.4712676016670824E+05     -0.1029755584593071E+08      0.2259613051480504E+10     -0.4978838834147363E+12
  0.78000000E+02     -0.2210804907355999E+03      0.4908618135552206E+05     -0.1094425512295766E+08      0.2450149859095796E+10     -0.5507334246023013E+12
  0.79000000E+02     -0.2255789187570802E+03      0.5109743319504339E+05     -0.1162154130348085E+08      0.2653725254119350E+10     -0.6083320382440579E+12
  0.80000000E+02     -0.2300998943063773E+03      0.5315971604814663E+05     -0.1232998857482862E+08      0.2870924956294178E+10     -0.6710066292369847E+12
  0.81000000E+02     -0.2346488687735152E+03      0.5527596920739370E+05     -0.1307132455591760E+08      0.3102668140610487E+10     -0.7391829083948657E+12
  0.82000000E+02     -0.2392182328527897E+03      0.5744330593373845E+05     -0.1384532573674848E+08      0.3349302940067668E+10     -0.8131359896720044E+12
  0.83000000E+02     -0.2438012277079807E+03      0.5965900576397623E+05     -0.1465175774757383E+08      0.3611166195263498E+10     -0.8931423905264705E+12
  0.84000000E+02     -0.2484035701622581E+03      0.6192641698585582E+05     -0.1549263664042712E+08      0.3889358196367888E+10     -0.9797305892879340E+12
  0.85000000E+02     -0.2530159824852945E+03      0.6424112084851530E+05     -0.1636695395457689E+08      0.4183940639626239E+10     -0.1073100109907869E+13
  0.86000000E+02     -0.2576417859299423E+03      0.6660529649722305E+05     -0.1727631515619428E+08      0.4495913222429443E+10     -0.1173774136296626E+13
  0.87000000E+02     -0.2622808370833676E+03      0.6901914021549106E+05     -0.1822149284095705E+08      0.4825980550962773E+10     -0.1282185606168065E+13
  0.88000000E+02     -0.2669331629743161E+03      0.7148323344297745E+05     -0.1920353184311006E+08      0.5174997670638928E+10     -0.1398842726143133E+13
  0.89000000E+02     -0.2715875951446553E+03      0.7399163519914643E+05     -0.2022066039627008E+08      0.5542758831870930E+10     -0.1523888301695665E+13
  0.90000000E+02     -0.2762479961881320E+03      0.7654664819099978E+05     -0.2127450175446439E+08      0.5930314129211620E+10     -0.1657908629309250E+13
  0.91000000E+02     -0.2809086136661278E+03      0.7914520611163041E+05     -0.2236443450766336E+08      0.6337891662395294E+10     -0.1801215516797162E+13
  0.92000000E+02     -0.2855677313910099E+03      0.8178634543398921E+05     -0.2349065462406365E+08      0.6766011534282244E+10     -0.1954226140131763E+13
  0.93000000E+02     -0.2902357837950358E+03      0.8447604504490140E+05     -0.2465635397692137E+08      0.7216362186314663E+10     -0.2117795277871374E+13
  0.94000000E+02     -0.2948980696256369E+03      0.8720567487379258E+05     -0.2585832272620910E+08      0.7688137034888807E+10     -0.2291869431460095E+13
  0.95000000E+02     -0.2995625873685811E+03      0.8998036432157196E+05     -0.2709962211296781E+08      0.8183087425270097E+10     -0.2477383250814637E+13
  0.96000000E+02     -0.3042253626735343E+03      0.9279728228635016E+05     -0.2837938604320611E+08      0.8701267606256142E+10     -0.2674595696449349E+13
  0.97000000E+02     -0.3088942020737304E+03      0.9566170612812020E+05     -0.2970087568735436E+08      0.9244591024191778E+10     -0.2884552178866332E+13
  0.98000000E+02     -0.3135649982584015E+03      0.9857092094685872E+05     -0.3106336849558615E+08      0.9813230213904367E+10     -0.3107596952135286E+13
  0.99000000E+02     -0.3182379394283962E+03      0.1015249158878007E+06     -0.3246740443631263E+08      0.1040788792170313E+11     -0.3344289985695730E+13
  0.10000000E+03     -0.3229058295365309E+03      0.1045194814141299E+06     -0.3391174770650661E+08      0.1102861743720249E+11     -0.3594981497843517E+13
  0.10100000E+03     -0.3275769499736497E+03      0.1075596868134107E+06     -0.3539935120292427E+08      0.1167717181715928E+11     -0.3860681145772346E+13
  0.10200000E+03     -0.3322412130341726E+03      0.1106387605469504E+06     -0.3692739695978249E+08      0.1235279566590613E+11     -0.4141377599305442E+13
  0.10300000E+03     -0.3369066776374805E+03      0.1137624583543371E+06     -0.3849956495321288E+08      0.1305774591846453E+11     -0.4438379463855454E+13
  0.10400000E+03     -0.3415721579934519E+03      0.1169294968790116E+06     -0.4011558177346189E+08      0.1379234118846152E+11     -0.4752121067237638E+13
  0.10500000E+03     -0.3462342836895513E+03      0.1201376971507268E+06     -0.4177499758237226E+08      0.1455695104517684E+11     -0.5083121040236419E+13
  0.10600000E+03     -0.3508807767676792E+03      0.1233784862782329E+06     -0.4347392048710190E+08      0.1535030888498939E+11     -0.5431177778286537E+13
  0.10700000E+03     -0.3555329186735502E+03      0.1266664090023129E+06     -0.4522041889410230E+08      0.1617666717513784E+11     -0.5798490217652129E+13
  0.10800000E+03     -0.3601816662529656E+03      0.1299951193532641E+06     -0.4701175318500239E+08      0.1703531270336867E+11     -0.6185125652065950E+13
  0.10900000E+03     -0.3648292524972892E+03      0.1333663717462507E+06     -0.4884955187950228E+08      0.1792763941051814E+11     -0.6592115258659669E+13
  0.11000000E+03     -0.3694736800240199E+03      0.1367783029033402E+06     -0.5073317178360292E+08      0.1885380379702910E+11     -0.7019874390817976E+13
  0.11100000E+03     -0.3741148018800577E+03      0.1402312036907192E+06     -0.5266360699195081E+08      0.1981500354847940E+11     -0.7469420659328868E+13
  0.11200000E+03     -0.3787556004113376E+03      0.1437266075935130E+06     -0.5464192850028705E+08      0.2081217264155061E+11     -0.7941514662375577E+13
  0.11300000E+03     -0.3833966515667264E+03      0.1472653066404143E+06     -0.5666937282080007E+08      0.2184662445523671E+11     -0.8437242522609808E+13
  0.11400000E+03     -0.3880312474833149E+03      0.1508420646934250E+06     -0.5874347795048975E+08      0.2291768445465463E+11     -0.8956705625096584E+13
  0.11500000E+03     -0.3926656838550492E+03      0.1544613482350139E+06     -0.6086720082082247E+08      0.2402737368848598E+11     -0.9501270515068527E+13
  0.11600000E+03     -0.3972982961711565E+03      0.1581221155105706E+06     -0.6304065901508932E+08      0.2517643317899352E+11     -0.1007177956180992E+14
  0.11700000E+03     -0.4019278837260381E+03      0.1618232591071165E+06     -0.6526370764500858E+08      0.2636537531936037E+11     -0.1066893615075086E+14
  0.11800000E+03     -0.4065605081859041E+03      0.1655696599347640E+06     -0.6753988570651515E+08      0.2759672886083781E+11     -0.1129448496837209E+14
  0.11900000E+03     -0.4111929508836833E+03      0.1693585736134820E+06     -0.6986802942669994E+08      0.2887045255191803E+11     -0.1194886291999835E+14
  0.12000000E+03     -0.4158307793739569E+03      0.1731949620380658E+06     -0.7225203317219968E+08      0.3018946220702815E+11     -0.1263413584600781E+14
  0.12100000E+03     -0.4204747163014532E+03      0.1770791535620254E+06     -0.7469251981339261E+08      0.3155465579416298E+11     -0.1335122351508596E+14
  0.12200000E+03     -0.4251253224431520E+03      0.1810122504964368E+06     -0.7719118145731546E+08      0.3296787226036820E+11     -0.1410173400115990E+14
  0.12300000E+03     -0.4297876992981612E+03      0.1849987656321673E+06     -0.7975161328957073E+08      0.3443189506414877E+11     -0.1488772218152509E+14
  0.12400000E+03     -0.4344626981272929E+03      0.1890393082383340E+06     -0.8237473175231655E+08      0.3594788872648357E+11     -0.1571033795464838E+14
  0.12500000E+03     -0.4391381960031833E+03      0.1931237814907500E+06     -0.8505482700246556E+08      0.3751338422958932E+11     -0.1656887677749282E+14
  0.12600000E+03     -0.4438496403720609E+03      0.1972841347661067E+06     -0.8781411997433883E+08      0.3914244972274406E+11     -0.1747184343839488E+14
  0.12700000E+03     -0.4485729759237716E+03      0.2014990914231587E+06     -0.9063910661917756E+08      0.4082783968370644E+11     -0.1841582719474313E+14
  0.12800000E+03     -0.4533245103712561E+03      0.2057842092759079E+06     -0.9354150177723522E+08      0.4257767497371466E+11     -0.1940621272570578E+14
  0.12900000E+03     -0.4580996093792337E+03      0.2101360158748567E+06     -0.9652008120707990E+08      0.4439228475636270E+11     -0.2044400752044746E+14
  0.13000000E+03     -0.4629059916785639E+03      0.2145623894746779E+06     -0.9958145738632882E+08      0.4627682950397237E+11     -0.2153303094967436E+14
  0.13100000E+03     -0.4677301957249742E+03      0.2190515099992291E+06     -0.1027185141828909E+09      0.4822798264980007E+11     -0.2267220001008739E+14
  0.13200000E+03     -0.4725935968714247E+03      0.2236242412412447E+06     -0.1059471939610102E+09      0.5025692841323425E+11     -0.2386902918620810E+14
  0.13300000E+03     -0.4774899987895267E+03      0.2282757528051912E+06     -0.1092654683510460E+09      0.5236368421264542E+11     -0.2512453873964639E+14
  0.13400000E+03     -0.4824230856730706E+03      0.2330107392355835E+06     -0.1126782513466483E+09      0.5455281282656430E+11     -0.2644257358126849E+14
  0.13500000E+03     -0.4874085869414001E+03      0.2378455700800030E+06     -0.1161989768246910E+09      0.5683443786968073E+11     -0.2783040929585098E+14
  0.13600000E+03     -0.4924311794599096E+03      0.2427665690214433E+06     -0.1198192904681887E+09      0.5920466292093863E+11     -0.2928688729271200E+14
  0.13700000E+03     -0.4974958790957373E+03      0.2477797327801376E+06     -0.1235451537396770E+09      0.6166889564100793E+11     -0.3081655431150397E+14
  0.13800000E+03     -0.5026174826539291E+03      0.2529017729714772E+06     -0.1273913048635872E+09      0.6423893107075202E+11     -0.3242832024999146E+14
  0.13900000E+03     -0.5077879611857716E+03      0.2581260640274651E+06     -0.1313546306387588E+09      0.6691446910350143E+11     -0.3412344721201424E+14
  0.14000000E+03     -0.5130145470858192E+03      0.2634611492726021E+06     -0.1354433823023081E+09      0.6970283305778285E+11     -0.3590803706947943E+14
  0.14100000E+03     -0.5183050679938049E+03      0.2689173922765956E+06     -0.1396681782930528E+09      0.7261366994093217E+11     -0.3779017318113408E+14
  0.14200000E+03     -0.5236562107497386E+03      0.2744930574452222E+06     -0.1440298592883197E+09      0.7564966854205963E+11     -0.3977334664160536E+14
  0.14300000E+03     -0.5290757481853276E+03      0.2801987128498846E+06     -0.1485395551905755E+09      0.7882121312988760E+11     -0.4186648190413720E+14
  0.14400000E+03     -0.5345463397397295E+03      0.2860176118125753E+06     -0.1531861805795874E+09      0.8212269044917836E+11     -0.4406775486552390E+14
  0.14500000E+03     -0.5400875834333468E+03      0.2919726749039984E+06     -0.1579906679622374E+09      0.8557152936676918E+11     -0.4639094703440127E+14
  0.14600000E+03     -0.5456971907165685E+03      0.2980640731823058E+06     -0.1629563079724658E+09      0.8917309040210510E+11     -0.4884218158281946E+14
  0.14700000E+03     -0.5513653841870525E+03      0.3042831528943037E+06     -0.1680787203727905E+09      0.9292691176285402E+11     -0.5142351800156298E+14
  0.14800000E+03     -0.5570747099397590E+03      0.3106124844459213E+06     -0.1733460551811065E+09      0.9682694055798210E+11     -0.5413314733071704E+14
  0.14900000E+03     -0.5628364884322350E+03      0.3170662989372527E+06     -0.1787726844584180E+09      0.1008865233424572E+12     -0.5698279820576430E+14
  0.15000000E+03     -0.5686478457528564E+03      0.3236429949226371E+06     -0.1843597647764763E+09      0.1051092493902486E+12     -0.5997749764217905E+14
  0.15100000E+03     -0.5744883838464179E+03      0.3303209116439089E+06     -0.1900912908507761E+09      0.1094857262995503E+12     -0.6311313390121441E+14
  0.15200000E+03     -0.5804115671029608E+03      0.3371633169482689E+06     -0.1960246102640143E+09      0.1140629901531904E+12     -0.6642639029896063E+14
  0.15300000E+03     -0.5863111594940593E+03      0.3440480827064366E+06     -0.2020555738467905E+09      0.1187629990068034E+12     -0.6986313084110923E+14
  0.15400000E+03     -0.5922349848836494E+03      0.3510311020716560E+06     -0.2082344422183796E+09      0.1236268858071306E+12     -0.7345556254484561E+14
  0.15500000E+03     -0.5981820918490434E+03      0.3581123868385428E+06     -0.2145634814686552E+09      0.1286591924569703E+12     -0.7720980012086497E+14
  0.15600000E+03     -0.6041264327291104E+03      0.3652609489568130E+06     -0.2210162808486357E+09      0.1338409412254268E+12     -0.8111393773002825E+14
  0.15700000E+03     -0.6100864650348063E+03      0.3724995024786442E+06     -0.2276150727876159E+09      0.1391923833427124E+12     -0.8518579804111453E+14
  0.15800000E+03     -0.6160492751996776E+03      0.3798123775961775E+06     -0.2343468615503369E+09      0.1447050569451871E+12     -0.8942130587315508E+14
  0.15900000E+03     -0.6220163769791252E+03      0.3872016542041665E+06     -0.2412150248001913E+09      0.1503839525161584E+12     -0.9382679089747081E+14
  0.16000000E+03     -0.6279875106772010E+03      0.3946673760551692E+06     -0.2482212236222599E+09      0.1562328388213802E+12     -0.9840785112602016E+14
  0.16100000E+03     -0.6339682888260521E+03      0.4022164141866071E+06     -0.2553730447657580E+09      0.1622600615854283E+12     -0.1031734281090351E+15
  0.16200000E+03     -0.6399398204917742E+03      0.4098253274483391E+06     -0.2626499390620893E+09      0.1684507731414427E+12     -0.1081145808128693E+15
  0.16300000E+03     -0.6459163269916941E+03      0.4175117976437313E+06     -0.2700696856950011E+09      0.1748219303857602E+12     -0.1132471739545888E+15
  0.16400000E+03     -0.6518897907214172E+03      0.4252658120176098E+06     -0.2776241728773285E+09      0.1813689853126864E+12     -0.1185703616883225E+15
  0.16500000E+03     -0.6578679606245992E+03      0.4330972938366499E+06     -0.2853242258751493E+09      0.1881034363016018E+12     -0.1240961166655566E+15
  0.16600000E+03     -0.6638451171665932E+03      0.4409991640712509E+06     -0.2931645731646468E+09      0.1950232679920058E+12     -0.1298258296416131E+15
  0.16700000E+03     -0.6698183831769235E+03      0.4489671495724060E+06     -0.3011417935596997E+09      0.2021273134294897E+12     -0.1357610009926712E+15
  0.16800000E+03     -0.6757906745149281E+03      0.4570051134314815E+06     -0.3092610027513599E+09      0.2094223720338291E+12     -0.1419101294254264E+15
  0.16900000E+03     -0.6817532461657174E+03      0.4651010038278247E+06     -0.3175110056233321E+09      0.2169003955294984E+12     -0.1482690759205915E+15
  0.17000000E+03     -0.6877284056138618E+03      0.4732854216487427E+06     -0.3259245832568605E+09      0.2245937025991292E+12     -0.1548685191606053E+15
  0.17100000E+03     -0.6936983756929343E+03      0.4815344216560476E+06     -0.3344788336247059E+09      0.2324841017171087E+12     -0.1616962250118567E+15
  0.17200000E+03     -0.6996702374629926E+03      0.4898571741144114E+06     -0.3431838988036458E+09      0.2405826985886927E+12     -0.1687643256298397E+15
  0.17300000E+03     -0.7056416478507271E+03      0.4982506815023383E+06     -0.3520382146395428E+09      0.2488906973956901E+12     -0.1760772356784854E+15
  0.17400000E+03     -0.7116098629235526E+03      0.5067107690559737E+06     -0.3610383005580094E+09      0.2574068768779652E+12     -0.1836367144622627E+15
  0.17500000E+03     -0.7175834137482158E+03      0.5152499790665541E+06     -0.3701992654852058E+09      0.2661484200631002E+12     -0.1914616527077481E+15
  0.17600000E+03     -0.7235531207517056E+03      0.5238550501950113E+06     -0.3795080096804969E+09      0.2751051179561529E+12     -0.1995460484348028E+15
  0.17700000E+03     -0.7295235204685825E+03      0.5325323638213652E+06     -0.3889725443886725E+09      0.2842869712023381E+12     -0.2079021006457692E+15
  0.17800000E+03     -0.7355015195816767E+03      0.5412920557030186E+06     -0.3986053144974352E+09      0.2937086435775880E+12     -0.2165466406495129E+15
  0.17900000E+03     -0.7414738804261697E+03      0.5501148031588979E+06     -0.4083864220635318E+09      0.3033532314422669E+12     -0.2254676384771383E+15
  0.18000000E+03     -0.7474410228026620E+03      0.5590010488373550E+06     -0.4183174407294968E+09      0.3132246131154385E+12     -0.2346719952884858E+15
  0.18100000E+03     -0.7534120667017097E+03      0.5679644694453331E+06     -0.4284150424802666E+09      0.3233420095363260E+12     -0.2441812848821632E+15
  0.18200000E+03     -0.7593750991102613E+03      0.5769870707566058E+06     -0.4386601045134994E+09      0.3336886839991014E+12     -0.2539832483629876E+15
  0.18300000E+03     -0.7653342657323734E+03      0.5860749569765123E+06     -0.4490606357052833E+09      0.3442750914786260E+12     -0.2640912403708913E+15
  0.18400000E+03     -0.7712957296898230E+03      0.5952375455290361E+06     -0.4596287186306088E+09      0.3551161626697240E+12     -0.2745232726285073E+15
  0.18500000E+03     -0.7772633957618735E+03      0.6044807005767848E+06     -0.4703722295018098E+09      0.3662224188108125E+12     -0.2852930669029551E+15
  0.18600000E+03     -0.7832376684435175E+03      0.6138054849270757E+06     -0.4812941876679215E+09      0.3776001430768056E+12     -0.2964110575652641E+15
  0.18700000E+03     -0.7892104352754510E+03      0.6231991118121302E+06     -0.4923807442249477E+09      0.3892374076379496E+12     -0.3078693215987459E+15
  0.18800000E+03     -0.7951732418766650E+03      0.6326484041184132E+06     -0.5036177637146854E+09      0.4011221980388271E+12     -0.3196601225193084E+15
  0.18900000E+03     -0.8011359242437494E+03      0.6421687695849988E+06     -0.5150246280134128E+09      0.4132774766880900E+12     -0.3318100147309712E+15
  0.19000000E+03     -0.8070999518206321E+03      0.6517623749769862E+06     -0.5266050003704827E+09      0.4257096472944142E+12     -0.3443292572844156E+15
  0.19100000E+03     -0.8130730189381169E+03      0.6614417921781470E+06     -0.5383755731932091E+09      0.4384396315356937E+12     -0.3572433204569161E+15
  0.19200000E+03     -0.8190369085916413E+03      0.6711776297761707E+06     -0.5503020291200051E+09      0.4514332222715061E+12     -0.3705218371439378E+15
  0.19300000E+03     -0.8250020565408317E+03      0.6809866029435939E+06     -0.5624057336709052E+09      0.4647160595982627E+12     -0.3841948458141158E+15
  0.19400000E+03     -0.8309650527289909E+03      0.6908633863906919E+06     -0.5746817312346834E+09      0.4782858665472538E+12     -0.3982646839796003E+15
  0.19500000E+03     -0.8369267127503988E+03      0.7008087821475542E+06     -0.5871316227181114E+09      0.4921464990695349E+12     -0.4127389805219305E+15
  0.19600000E+03     -0.8428859405207290E+03      0.7108212766167423E+06     -0.5997551602805743E+09      0.5063009074210480E+12     -0.4276256376543548E+15
  0.19700000E+03     -0.8488447694926474E+03      0.7209041979116891E+06     -0.6125577057995849E+09      0.5207578403439379E+12     -0.4429382352974619E+15
  0.19800000E+03     -0.8548062314704315E+03      0.7310626750597710E+06     -0.6255470442243173E+09      0.5355289607090486E+12     -0.4586936848798229E+15
  0.19900000E+03     -0.8607696833386334E+03      0.7412955438861282E+06     -0.6387228805463644E+09      0.5506167454831864E+12     -0.4748991788987938E+15
  0.20000000E+03     -0.8667310806823243E+03      0.7515960243788521E+06     -0.6520779550955458E+09      0.5660160100885242E+12     -0.4915540579457862E+15
  0.20100000E+03     -0.8726788033155086E+03      0.7619438981391960E+06     -0.6655871362223777E+09      0.5817004797772275E+12     -0.5086344006527224E+15
  0.20200000E+03     -0.8786291114461992E+03      0.7723671173095824E+06     -0.6792877535153550E+09      0.5977159495259258E+12     -0.5261943609242505E+15
  0.20300000E+03     -0.8845782411325943E+03      0.7828590309647699E+06     -0.6931722573080006E+09      0.6140564685479907E+12     -0.5442321868712058E+15
  0.20400000E+03     -0.8905281075965100E+03      0.7934232417518669E+06     -0.7072469708620361E+09      0.6307327872816368E+12     -0.5627650263039098E+15
  0.20500000E+03     -0.8964848035917369E+03      0.8040703930703760E+06     -0.7215271161407841E+09      0.6477656832708124E+12     -0.5818206901167812E+15
  0.20600000E+03     -0.9024196154042413E+03      0.8147489485627968E+06     -0.7359445517168624E+09      0.6650765556823876E+12     -0.6013159207969589E+15
  0.20700000E+03     -0.9083609938154121E+03      0.8255097985849140E+06     -0.7505688377020731E+09      0.6827514556141575E+12     -0.6213521742901510E+15
  0.20800000E+03     -0.9143014897460840E+03      0.8363398817468516E+06     -0.7653840549940137E+09      0.7007748623203344E+12     -0.6419177765446646E+15
  0.20900000E+03     -0.9202290797818588E+03      0.8472171215035660E+06     -0.7803610528333783E+09      0.7191141238333564E+12     -0.6629804263721279E+15
  0.21000000E+03     -0.9261549625048127E+03      0.8581614751606347E+06     -0.7955277784397038E+09      0.7378056035497222E+12     -0.6845861476344265E+15
  0.21100000E+03     -0.9320881808790801E+03      0.8691896222773722E+06     -0.8109085508289652E+09      0.7568822757550624E+12     -0.7067782812593019E+15
  0.21200000E+03     -0.9380175384746353E+03      0.8802810381819190E+06     -0.8264763903403854E+09      0.7763142630136552E+12     -0.7295280351528569E+15
  0.21300000E+03     -0.9439304786878204E+03      0.8914115103819281E+06     -0.8421975592187316E+09      0.7960613354811582E+12     -0.7527923540162788E+15
  0.21400000E+03     -0.9498419411621959E+03      0.9026096397382601E+06     -0.8581143639370447E+09      0.8161805806434897E+12     -0.7766449677913569E+15
  0.21500000E+03     -0.9557555656712967E+03      0.9138815070481582E+06     -0.8742355304040159E+09      0.8366846965046697E+12     -0.8011047580958329E+15
  0.21600000E+03     -0.9616585000328249E+03      0.9252031841755188E+06     -0.8905289140416905E+09      0.8575370473647401E+12     -0.8261350026522614E+15
  0.21700000E+03     -0.9675532771501123E+03      0.9365784527115849E+06     -0.9069996387468181E+09      0.8787453569465038E+12     -0.8517482592337780E+15
  0.21800000E+03     -0.9734447893637648E+03      0.9480171048124345E+06     -0.9236636254623315E+09      0.9003339567771024E+12     -0.8779804556014885E+15
  0.21900000E+03     -0.9793291616879949E+03      0.9595114138111150E+06     -0.9405105391738826E+09      0.9222922264819395E+12     -0.9048239635861801E+15
  0.22000000E+03     -0.9852098740551952E+03      0.9710675876932450E+06     -0.9575498577157168E+09      0.9446346312101691E+12     -0.9323010229355170E+15
  0.22100000E+03     -0.9910718582407866E+03      0.9826558989114327E+06     -0.9747387961337085E+09      0.9673080427084136E+12     -0.9603519161839701E+15
  0.22200000E+03     -0.9969113694139070E+03      0.9942685428463910E+06     -0.9920664010527258E+09      0.9903004417960190E+12     -0.9889667659851499E+15
  0.22300000E+03     -0.1002790130408515E+04      0.1006026554915788E+07     -0.1009711892489439E+10      0.1013849355529254E+13     -0.1018442753234002E+16
  0.22400000E+03     -0.1008594900102157E+04      0.1017706360591542E+07     -0.1027345314826429E+10      0.1037523456960935E+13     -0.1048253264578602E+16
  0.22500000E+03     -0.1014399916310593E+04      0.1029454533130134E+07     -0.1045185034970887E+10      0.1061613750464873E+13     -0.1078764202680988E+16
  0.22600000E+03     -0.1020172107238424E+04      0.1041203227082480E+07     -0.1063127765855497E+10      0.1085981928927303E+13     -0.1109803813872960E+16
  0.22700000E+03     -0.1025940053239172E+04      0.1053009932094092E+07     -0.1081261428433384E+10      0.1110749142500302E+13     -0.1141530643098388E+16
  0.22800000E+03     -0.1031681456830707E+04      0.1064828769250447E+07     -0.1099516403609395E+10      0.1135823110705842E+13     -0.1173832189452607E+16
  0.22900000E+03     -0.1037400184148562E+04      0.1076667458063418E+07     -0.1117905390245554E+10      0.1161223912252818E+13     -0.1206739737678402E+16
  0.23000000E+03     -0.1043094000881842E+04      0.1088519261763819E+07     -0.1136415767626775E+10      0.1186932689901179E+13     -0.1240229030861293E+16
  0.23100000E+03     -0.1048751409571460E+04      0.1100360040161156E+07     -0.1155010608101115E+10      0.1212900757629318E+13     -0.1274242024046534E+16
  0.23200000E+03     -0.1054385135044088E+04      0.1112215165529364E+07     -0.1173728901651308E+10      0.1239182940933629E+13     -0.1308853072259275E+16
  0.23300000E+03     -0.1059960332281350E+04      0.1124009647244832E+07     -0.1192450748705883E+10      0.1265610383179155E+13     -0.1343841237990033E+16
  0.23400000E+03     -0.1065486124362653E+04      0.1135762879360334E+07     -0.1211208102013450E+10      0.1292231278727634E+13     -0.1379276332911164E+16
  0.23500000E+03     -0.1070981873450283E+04      0.1147512432401393E+07     -0.1230056245978150E+10      0.1319118999332324E+13     -0.1415251306779615E+16
  0.23600000E+03     -0.1076418550296619E+04      0.1159196770405704E+07     -0.1248898277079102E+10      0.1346139268672283E+13     -0.1451593649396320E+16
  0.23700000E+03     -0.1081797548835081E+04      0.1170815582468993E+07     -0.1267729443457936E+10      0.1373280729493576E+13     -0.1488284064627460E+16
  0.23800000E+03     -0.1087096048130863E+04      0.1182317978778458E+07     -0.1286465626682367E+10      0.1400421146988901E+13     -0.1525157819913881E+16
  0.23900000E+03     -0.1092301995390473E+04      0.1193675079900919E+07     -0.1305056285165261E+10      0.1427483579859877E+13     -0.1562107144936422E+16
  0.24000000E+03     -0.1097452827106701E+04      0.1204966175984417E+07     -0.1323628195288635E+10      0.1454649472758160E+13     -0.1599377294960366E+16
  0.24100000E+03     -0.1102518394366218E+04      0.1216122525797831E+07     -0.1342064819747770E+10      0.1481744596348740E+13     -0.1636725874255357E+16
  0.24200000E+03     -0.1107531870245510E+04      0.1227213742163508E+07     -0.1360476308366201E+10      0.1508924836243800E+13     -0.1674361149010740E+16
  0.24300000E+03     -0.1112414459821511E+04      0.1238065373590764E+07     -0.1378573529176241E+10      0.1535765048216560E+13     -0.1711698195597616E+16
  0.24400000E+03     -0.1117191010595599E+04      0.1248726106866217E+07     -0.1396427519501557E+10      0.1562356634914845E+13     -0.1748846306766654E+16
  0.24500000E+03     -0.1121944273880484E+04      0.1259378630367650E+07     -0.1414341567046515E+10      0.1589148365456067E+13     -0.1786429739853582E+16
  0.24600000E+03     -0.1126568307102674E+04      0.1269783831200648E+07     -0.1431911177623697E+10      0.1615532403567429E+13     -0.1823592738625974E+16
  0.24700000E+03     -0.1131102298480523E+04      0.1280026177652379E+07     -0.1449273260670100E+10      0.1641706591049577E+13     -0.1860604230780394E+16
  0.24800000E+03     -0.1135574339490131E+04      0.1290165578860992E+07     -0.1466523822559402E+10      0.1667808013453786E+13     -0.1897648263117131E+16
  0.24900000E+03     -0.1140021884323324E+04      0.1300287107722322E+07     -0.1483808296953577E+10      0.1694058431917120E+13     -0.1935042921287633E+16
  0.25000000E+03     -0.1144420658981626E+04      0.1310333300886396E+07     -0.1501025148223148E+10      0.1720299059605932E+13     -0.1972556324532922E+16
  0.25100000E+03     -0.1148859987610587E+04      0.1320509397306393E+07     -0.1518528625159156E+10      0.1747074256073157E+13     -0.2010973889674015E+16
  0.25200000E+03     -0.1153348063767956E+04      0.1330833849839425E+07     -0.1536350258675943E+10      0.1774432477164309E+13     -0.2050366236526173E+16
  0.25300000E+03     -0.1157914624088711E+04      0.1341377809508490E+07     -0.1554617988492990E+10      0.1802578561759860E+13     -0.2091041259079852E+16
  0.25400000E+03     -0.1162537541053291E+04      0.1352092950115761E+07     -0.1573253378972260E+10      0.1831400573001679E+13     -0.2132851159939078E+16
  0.25500000E+03     -0.1167244318494613E+04      0.1363045542267038E+07     -0.1592376632133486E+10      0.1861092918491586E+13     -0.2176091486036927E+16
  0.25600000E+03     -0.1172080148086480E+04      0.1374345155598381E+07     -0.1612187374981646E+10      0.1891979424404621E+13     -0.2221255391087429E+16
  0.25700000E+03     -0.1177028794101129E+04      0.1385957606052806E+07     -0.1632633000765599E+10      0.1923990645984868E+13     -0.2268261384734954E+16
  0.25800000E+03     -0.1182106755866331E+04      0.1397925114011052E+07     -0.1653794740269600E+10      0.1957265685513206E+13     -0.2317332869336810E+16
  0.25900000E+03     -0.1187314019640476E+04      0.1410251769434647E+07     -0.1675687886236333E+10      0.1991842462918917E+13     -0.2368547972858316E+16
  0.26000000E+03     -0.1192635189545520E+04      0.1422904572326493E+07     -0.1698260870164697E+10      0.2027652103623973E+13     -0.2421825425490912E+16
  0.26100000E+03     -0.1198077647344536E+04      0.1435905835971813E+07     -0.1721562956114391E+10      0.2064789283246165E+13     -0.2477332923496072E+16
  0.26200000E+03     -0.1203570412722702E+04      0.1449087627380946E+07     -0.1745296994328853E+10      0.2102787985917543E+13     -0.2534387374746602E+16
  0.26300000E+03     -0.1209233732484862E+04      0.1462744598015394E+07     -0.1770005566382287E+10      0.2142537973757285E+13     -0.2594359041730236E+16
  0.26400000E+03     -0.1214989492894864E+04      0.1476691389311320E+07     -0.1795359930303527E+10      0.2183522888311381E+13     -0.2656490551282876E+16
  0.26500000E+03     -0.1220720652290640E+04      0.1490644858824978E+07     -0.1820847331885760E+10      0.2224918911112310E+13     -0.2719543446042232E+16
  0.26600000E+03     -0.1226625770684597E+04      0.1505090972867562E+07     -0.1847361280734670E+10      0.2268188700529325E+13     -0.2785765977019204E+16
  0.26700000E+03     -0.1232644617236429E+04      0.1519887985333491E+07     -0.1874653103595346E+10      0.2312947128120311E+13     -0.2854603382747556E+16
  0.26800000E+03     -0.1238713694843000E+04      0.1534883720561543E+07     -0.1902450794412972E+10      0.2358764648576688E+13     -0.2925424040944144E+16
  0.26900000E+03     -0.1244851817462315E+04      0.1550125439708555E+07     -0.1930844757463372E+10      0.2405797114314224E+13     -0.2998482878923539E+16
  0.27000000E+03     -0.1251047047784230E+04      0.1565585266971159E+07     -0.1959787767660563E+10      0.2453976430662529E+13     -0.3073693473984616E+16
  0.27100000E+03     -0.1257295018774064E+04      0.1581255468025462E+07     -0.1989272708732042E+10      0.2503305407168480E+13     -0.3151086831852499E+16
  0.27200000E+03     -0.1263590613691754E+04      0.1597124551765213E+07     -0.2019281968616607E+10      0.2553763759838725E+13     -0.3230649397993622E+16
  0.27300000E+03     -0.1269921239039353E+04      0.1613162909687174E+07     -0.2049765146661853E+10      0.2605278750841104E+13     -0.3312289518226620E+16
  0.27400000E+03     -0.1276279922919636E+04      0.1629352369096293E+07     -0.2080688250624110E+10      0.2657796417213288E+13     -0.3395931234770012E+16
  0.27500000E+03     -0.1282676202801693E+04      0.1645721563442770E+07     -0.2112115839335913E+10      0.2711445798489848E+13     -0.3481815153471237E+16
  0.27600000E+03     -0.1289123336465632E+04      0.1662303622872159E+07     -0.2144111685417457E+10      0.2766338934884982E+13     -0.3570130335742156E+16
  0.27700000E+03     -0.1295589038800360E+04      0.1679015805136124E+07     -0.2176518266751112E+10      0.2822211915529909E+13     -0.3660466694860784E+16
  0.27800000E+03     -0.1302069647963360E+04      0.1695851160998151E+07     -0.2209328578649354E+10      0.2879066564486909E+13     -0.3752854092671580E+16
  0.27900000E+03     -0.1308574284649277E+04      0.1712834146348336E+07     -0.2242593425909700E+10      0.2936999229804217E+13     -0.3847467246269892E+16
  0.28000000E+03     -0.1315075968477744E+04      0.1729894075711393E+07     -0.2276175584908269E+10      0.2995776033218833E+13     -0.3943937367903800E+16
  0.28100000E+03     -0.1321580675437614E+04      0.1747047339748619E+07     -0.2310110359761252E+10      0.3055466958134388E+13     -0.4042397483492728E+16
  0.28200000E+03     -0.1328132956335655E+04      0.1764412015193040E+07     -0.2344634259358536E+10      0.3116496202371185E+13     -0.4143565831573106E+16
  0.28300000E+03     -0.1334680482777394E+04      0.1781848622123971E+07     -0.2379470024636954E+10      0.3178376636738377E+13     -0.4246644669866314E+16
  0.28400000E+03     -0.1341245696884232E+04      0.1799419415747485E+07     -0.2414748634864998E+10      0.3241355545180841E+13     -0.4352075083608950E+16
  0.28500000E+03     -0.1347776351884741E+04      0.1816983039441501E+07     -0.2450184989046359E+10      0.3304924846487460E+13     -0.4459013288452028E+16
  0.28600000E+03     -0.1354348336823065E+04      0.1834744790301009E+07     -0.2486197376010271E+10      0.3369845207079735E+13     -0.4568761225928536E+16
  0.28700000E+03     -0.1360883948112165E+04      0.1852493721997014E+07     -0.2522357901966421E+10      0.3435347986812310E+13     -0.4680029341927016E+16
  0.28800000E+03     -0.1367440578424414E+04      0.1870386584574315E+07     -0.2558989435383168E+10      0.3502027507970723E+13     -0.4793848531954243E+16
  0.28900000E+03     -0.1373998666554215E+04      0.1888369123293023E+07     -0.2595980811759834E+10      0.3569684342988593E+13     -0.4909888638504224E+16
  0.29000000E+03     -0.1380498706321680E+04      0.1906278060126925E+07     -0.2632997653989008E+10      0.3637712805533975E+13     -0.5027126316229320E+16
  0.29100000E+03     -0.1387052510745061E+04      0.1924420889114785E+07     -0.2670676063016116E+10      0.3707286021026917E+13     -0.5147595814391880E+16
  0.29200000E+03     -0.1393557339816879E+04      0.1942513338451918E+07     -0.2708427643377028E+10      0.3777324249164376E+13     -0.5269444525304708E+16
  0.29300000E+03     -0.1400058702245605E+04      0.1960679893210809E+07     -0.2746509348474438E+10      0.3848301923266128E+13     -0.5393498944334743E+16
  0.29400000E+03     -0.1406517582230665E+04      0.1978812646345679E+07     -0.2784699034283134E+10      0.3919815775985229E+13     -0.5519078677912129E+16
  0.29500000E+03     -0.1412988357483843E+04      0.1997064484792444E+07     -0.2823320960615812E+10      0.3992480593415681E+13     -0.5647282476970304E+16
  0.29600000E+03     -0.1419452920617009E+04      0.2015379374313368E+07     -0.2862247538802715E+10      0.4066042147747778E+13     -0.5777641720482230E+16
  0.29700000E+03     -0.1425937811769331E+04      0.2033836002504170E+07     -0.2901655007662558E+10      0.4140853443025151E+13     -0.5910822575352754E+16
  0.29800000E+03     -0.1432312274725944E+04      0.2052062747237414E+07     -0.2940752699813302E+10      0.4215421974382068E+13     -0.6044188859463428E+16
  0.29900000E+03     -0.1438680360385440E+04      0.2070348746314434E+07     -0.2980144479697278E+10      0.4290871337436137E+13     -0.6179705350169871E+16
  0.30000000E+03     -0.1445010527545352E+04      0.2088609602263045E+07     -0.3019663291616596E+10      0.4366912610846972E+13     -0.6316913900225902E+16
  0.30100000E+03     -0.1451326049078693E+04      0.2106905892474997E+07     -0.3059427659838683E+10      0.4443752778797875E+13     -0.6456155571522845E+16
  0.30200000E+03     -0.1457615247559711E+04      0.2125204725719937E+07     -0.3099369630211460E+10      0.4521270233677800E+13     -0.6597232823327186E+16
  0.30300000E+03     -0.1463900163491862E+04      0.2143571370388096E+07     -0.3139635561085999E+10      0.4599759306666062E+13     -0.6740705018947500E+16
  0.30400000E+03     -0.1470128464973318E+04      0.2161851240879971E+07     -0.3179884465067497E+10      0.4678554269286982E+13     -0.6885358829755320E+16
  0.30500000E+03     -0.1476340532073901E+04      0.2180157464374240E+07     -0.3220355028095194E+10      0.4758104892291436E+13     -0.7031993055382542E+16
  0.30600000E+03     -0.1482636074353760E+04      0.2198789883727051E+07     -0.3261724777975622E+10      0.4839774430420678E+13     -0.7183183542456010E+16
  0.30700000E+03     -0.1488782450261572E+04      0.2217055407090992E+07     -0.3302446136807208E+10      0.4920493391329585E+13     -0.7333226504735027E+16
  0.30800000E+03     -0.1494954083212556E+04      0.2235473183810349E+07     -0.3343679719631052E+10      0.5002571573148170E+13     -0.7486437799576948E+16
  0.30900000E+03     -0.1501121948702485E+04      0.2253954517375510E+07     -0.3385223628507342E+10      0.5085603117369276E+13     -0.7642057376341333E+16
  0.31000000E+03     -0.1507246683938394E+04      0.2272380417508319E+07     -0.3426809438642799E+10      0.5169052429456097E+13     -0.7799088291420729E+16
  0.31100000E+03     -0.1513351125639229E+04      0.2290819437270531E+07     -0.3468592938804847E+10      0.5253237095415869E+13     -0.7958142812603613E+16
  0.31200000E+03     -0.1519449616780767E+04      0.2309313626024625E+07     -0.3510667731848671E+10      0.5338344743868540E+13     -0.8119578208627306E+16
  0.31300000E+03     -0.1525618601504468E+04      0.2328099360132137E+07     -0.3553583388685880E+10      0.5425513853160459E+13     -0.8285610447099028E+16
  0.31400000E+03     -0.1531764488133502E+04      0.2346888378425858E+07     -0.3596675228379951E+10      0.5513384438656733E+13     -0.8453635199593381E+16
  0.31500000E+03     -0.1537941410748276E+04      0.2365847083161362E+07     -0.3640328339217390E+10      0.5602751588402660E+13     -0.8625196968231007E+16
  0.31600000E+03     -0.1544140640832649E+04      0.2384949462628980E+07     -0.3684485904271744E+10      0.5693507907735154E+13     -0.8800111743086258E+16
  0.31700000E+03     -0.1550391606567336E+04      0.2404292008925252E+07     -0.3729385936718018E+10      0.5786176440385869E+13     -0.8979458804010041E+16
  0.31800000E+03     -0.1556636482503939E+04      0.2423693259964287E+07     -0.3774602825888115E+10      0.5879872813256465E+13     -0.9161520986712814E+16
  0.31900000E+03     -0.1562931191553398E+04      0.2443325946450630E+07     -0.3820538209555640E+10      0.5975430280931523E+13     -0.9347925013888652E+16
  0.32000000E+03     -0.1569271412303881E+04      0.2463183118144316E+07     -0.3867192605616722E+10      0.6072887955934346E+13     -0.9538827473907046E+16
  0.32100000E+03     -0.1575605560740746E+04      0.2483102851356457E+07     -0.3914186226630027E+10      0.6171456990100502E+13     -0.9732698077867080E+16
  0.32200000E+03     -0.1581977145630948E+04      0.2503221691653224E+07     -0.3961842404545600E+10      0.6271822007846774E+13     -0.9930903758566868E+16
  0.32300000E+03     -0.1588367206615450E+04      0.2523479632491590E+07     -0.4010019930862590E+10      0.6373690220060628E+13     -0.1013288057886303E+17
  0.32400000E+03     -0.1594806428685654E+04      0.2543977091331714E+07     -0.4058966762936056E+10      0.6477608794917465E+13     -0.1033976580186707E+17
  0.32500000E+03     -0.1601316886527579E+04      0.2564788636566520E+07     -0.4108873004045004E+10      0.6584010647202295E+13     -0.1055248709075339E+17
  0.32600000E+03     -0.1607765664923829E+04      0.2585486580157037E+07     -0.4158707982968806E+10      0.6690691068230572E+13     -0.1076662923162118E+17
  0.32700000E+03     -0.1614186970618592E+04      0.2606180332111372E+07     -0.4208735761930182E+10      0.6798219996029577E+13     -0.1098335229203281E+17
  0.32800000E+03     -0.1620669963541481E+04      0.2627158986786185E+07     -0.4259661474104083E+10      0.6908130695800952E+13     -0.1120579071184695E+17
  0.32900000E+03     -0.1627069312384373E+04      0.2647952028489197E+07     -0.4310343992606128E+10      0.7017966069073805E+13     -0.1142899045803466E+17
  0.33000000E+03     -0.1633366693748833E+04      0.2668492983412186E+07     -0.4360605850359295E+10      0.7127311261119470E+13     -0.1165205351881215E+17
  0.33100000E+03     -0.1639652362872042E+04      0.2689077789007261E+07     -0.4411176830336104E+10      0.7237770291975155E+13     -0.1187829375596106E+17
  0.33200000E+03     -0.1645902503630868E+04      0.2709625191467721E+07     -0.4461850796135694E+10      0.7348881934403972E+13     -0.1210675072178963E+17
  0.33300000E+03     -0.1652001523575907E+04      0.2729755879517477E+07     -0.4511695365312492E+10      0.7458611486561126E+13     -0.1233326696859298E+17
  0.33400000E+03     -0.1658035230339369E+04      0.2749744349011446E+07     -0.4561370667508346E+10      0.7568373716164910E+13     -0.1256069297664653E+17
  0.33500000E+03     -0.1664026585206535E+04      0.2769664746036627E+07     -0.4611057322232764E+10      0.7678562183422450E+13     -0.1278983804918190E+17
  0.33600000E+03     -0.1669878188930900E+04      0.2789188567721356E+07     -0.4659925638171780E+10      0.7787316946867583E+13     -0.1301679888373826E+17
  0.33700000E+03     -0.1675519183215123E+04      0.2808072636896910E+07     -0.4707351119383765E+10      0.7893215478835244E+13     -0.1323854372822387E+17
  0.33800000E+03     -0.1681114098252365E+04      0.2826861611675954E+07     -0.4754687233059768E+10      0.7999250159033239E+13     -0.1346128081798938E+17
  0.33900000E+03     -0.1686630053783727E+04      0.2845441673484493E+07     -0.4801639486461958E+10      0.8104745827364189E+13     -0.1368356333200769E+17
  0.34000000E+03     -0.1692375997621983E+04      0.2864849062113418E+07     -0.4850815562694948E+10      0.8215537701796672E+13     -0.1391763723741071E+17
  0.34100000E+03     -0.1697861019182362E+04      0.2883428606158607E+07     -0.4898029802504240E+10      0.8322216625755234E+13     -0.1414367236181562E+17
  0.34200000E+03     -0.1703407778834287E+04      0.2902267611064765E+07     -0.4946030932388103E+10      0.8430960929741919E+13     -0.1437469118594514E+17
  0.34300000E+03     -0.1709727221187471E+04      0.2923808645968096E+07     -0.5001114328195816E+10      0.8556196572587990E+13     -0.1464169203166926E+17
  0.34400000E+03     -0.1715727316985027E+04      0.2944323766420187E+07     -0.5053734118179379E+10      0.8676193518410351E+13     -0.1489829506577009E+17
  0.34500000E+03     -0.1722021414594797E+04      0.2965915075457970E+07     -0.5109295389253886E+10      0.8803309453153463E+13     -0.1517099620484173E+17
  0.34600000E+03     -0.1728561084282403E+04      0.2988432256343777E+07     -0.5167453412370867E+10      0.8936855041865844E+13     -0.1545853616976744E+17
  0.34700000E+03     -0.1735470209643262E+04      0.3012317961706552E+07     -0.5229394760212547E+10      0.9079658127977816E+13     -0.1576723377824048E+17
  0.34800000E+03     -0.1742704684245132E+04      0.3037433886611361E+07     -0.5294799631324419E+10      0.9231075749574670E+13     -0.1609591312329995E+17
  0.34900000E+03     -0.1750317704033661E+04      0.3063984350639543E+07     -0.5364254054833953E+10      0.9392595988565375E+13     -0.1644810344978865E+17
  0.35000000E+03     -0.1758203522447280E+04      0.3091615509629331E+07     -0.5436874493847976E+10      0.9562268939637027E+13     -0.1681979651482278E+17
  0.35100000E+03     -0.1766463957089908E+04      0.3120699727568052E+07     -0.5513683903836681E+10      0.9742595822410047E+13     -0.1721673168149649E+17
  0.35200000E+03     -0.1774981328945605E+04      0.3150837177442888E+07     -0.5593668448626994E+10      0.9931304007311383E+13     -0.1763416246028935E+17
  0.35300000E+03     -0.1783671370011226E+04      0.3181739786757194E+07     -0.5676094526624487E+10      0.1012674544795964E+14     -0.1806864784382712E+17
  0.35400000E+03     -0.1792539734637074E+04      0.3213436347515973E+07     -0.5761066130385287E+10      0.1032924072062278E+14     -0.1852108605409298E+17
  0.35500000E+03     -0.1801627072922441E+04      0.3246082060361618E+07     -0.5849030490233153E+10      0.1053994083381969E+14     -0.1899426358347119E+17
  0.35600000E+03     -0.1810912351000609E+04      0.3279613926666137E+07     -0.5939856467752036E+10      0.1075863553558378E+14     -0.1948796700545735E+17
  0.35700000E+03     -0.1820287177671385E+04      0.3313645723345141E+07     -0.6032516976840137E+10      0.1098290953468737E+14     -0.1999690100758753E+17
  0.35800000E+03     -0.1829814423304275E+04      0.3348411919104763E+07     -0.6127672430509763E+10      0.1121442667613965E+14     -0.2052501710952903E+17
  0.35900000E+03     -0.1839400299781133E+04      0.3383577815386218E+07     -0.6224432762936400E+10      0.1145109768008543E+14     -0.2106775309997136E+17
  0.36000000E+03     -0.1849098006427846E+04      0.3419342664179663E+07     -0.6323362915100699E+10      0.1169435847996391E+14     -0.2162855641849110E+17
  0.36100000E+03     -0.1858908027693078E+04      0.3455714208273109E+07     -0.6424506359954836E+10      0.1194438391108151E+14     -0.2220801831415256E+17
  0.36200000E+03     -0.1868750967359785E+04      0.3492401717276982E+07     -0.6527070441139772E+10      0.1219926772301440E+14     -0.2280187672855017E+17
  0.36300000E+03     -0.1878679622592999E+04      0.3529605694267176E+07     -0.6631631835415776E+10      0.1246049747997697E+14     -0.2341375779387268E+17
  0.36400000E+03     -0.1888644011935325E+04      0.3567142219493382E+07     -0.6737688975468981E+10      0.1272687307833980E+14     -0.2404100891802944E+17
  0.36500000E+03     -0.1898734318026113E+04      0.3605355788378735E+07     -0.6846234756093805E+10      0.1300095260456643E+14     -0.2468984104313280E+17
  0.36600000E+03     -0.1908853490287683E+04      0.3643884275225662E+07     -0.6956262097651526E+10      0.1328026306551344E+14     -0.2535460198592058E+17
  0.36700000E+03     -0.1919003867033917E+04      0.3682737139613393E+07     -0.7067805864388955E+10      0.1356492878048977E+14     -0.2603571065956456E+17
  0.36800000E+03     -0.1929203094886081E+04      0.3721984902857468E+07     -0.7181083346478580E+10      0.1385555817130823E+14     -0.2673479011470515E+17
  0.36900000E+03     -0.1939455138186951E+04      0.3761645873276362E+07     -0.7296162596978724E+10      0.1415238127772970E+14     -0.2745256651183102E+17
  0.37000000E+03     -0.1949784452431239E+04      0.3801819125632914E+07     -0.7413350577165996E+10      0.1445625694531470E+14     -0.2819131967991708E+17
  0.37100000E+03     -0.1960091945899624E+04      0.3842120169603115E+07     -0.7531534902129107E+10      0.1476434156876614E+14     -0.2894427727916689E+17
  0.37200000E+03     -0.1970469266870892E+04      0.3882908527952034E+07     -0.7651779995409978E+10      0.1507945351532917E+14     -0.2971847614753810E+17
  0.37300000E+03     -0.1980897454355142E+04      0.3924114030639377E+07     -0.7773898531448800E+10      0.1540117062230853E+14     -0.3051309104638922E+17
  0.37400000E+03     -0.1991393928366523E+04      0.3965809274184156E+07     -0.7898123630884162E+10      0.1573017233180760E+14     -0.3133000574354714E+17
  0.37500000E+03     -0.2001886167902780E+04      0.4007708374821554E+07     -0.8023617032525883E+10      0.1606429271746298E+14     -0.3216402242765789E+17
  0.37600000E+03     -0.2012396027918152E+04      0.4049898093072114E+07     -0.8150643955428662E+10      0.1640427054551516E+14     -0.3301711245810456E+17
  0.37700000E+03     -0.2022962925160794E+04      0.4092540059023544E+07     -0.8279708318711906E+10      0.1675151959178061E+14     -0.3389303391232910E+17
  0.37800000E+03     -0.2033574175619261E+04      0.4135585215583884E+07     -0.8410675136144011E+10      0.1710573195615655E+14     -0.3479119742805573E+17
  0.37900000E+03     -0.2044227353084056E+04      0.4179027173426058E+07     -0.8543542623397767E+10      0.1746696990072671E+14     -0.3571198002222940E+17
  0.38000000E+03     -0.2054850637204956E+04      0.4222573545449262E+07     -0.8677425230968985E+10      0.1783286917918595E+14     -0.3664951599433786E+17
  0.38100000E+03     -0.2065539204790966E+04      0.4266615533959254E+07     -0.8813536217861708E+10      0.1820679418005065E+14     -0.3761260110788267E+17
  0.38200000E+03     -0.2076257830969364E+04      0.4311010828540132E+07     -0.8951451869370697E+10      0.1858764524021680E+14     -0.3859862076137278E+17
  0.38300000E+03     -0.2086984277173025E+04      0.4355668448054697E+07     -0.9090900411352659E+10      0.1897472217126003E+14     -0.3960594501756324E+17
  0.38400000E+03     -0.2097767097608963E+04      0.4400792619376419E+07     -0.9232533518711422E+10      0.1936989330156381E+14     -0.4063964451551361E+17
  0.38500000E+03     -0.2108595874908956E+04      0.4446343463389627E+07     -0.9376245167187965E+10      0.1977293711085908E+14     -0.4169938876581670E+17
  0.38600000E+03     -0.2119414570359213E+04      0.4492086309884608E+07     -0.9521305925812410E+10      0.2018185995582049E+14     -0.4278012885960826E+17
  0.38700000E+03     -0.2130316349999178E+04      0.4538416900730196E+07     -0.9668984233268217E+10      0.2060029707752536E+14     -0.4389168685534156E+17
  0.38800000E+03     -0.2141205220886077E+04      0.4584929510174706E+07     -0.9818001597510164E+10      0.2102468945037395E+14     -0.4502483468636835E+17
  0.38900000E+03     -0.2152066724853114E+04      0.4631562449413808E+07     -0.9968168373763311E+10      0.2145454186764712E+14     -0.4617842905124159E+17
  0.39000000E+03     -0.2162997857880334E+04      0.4678732357995992E+07     -0.1012083465958543E+11      0.2189376550033163E+14     -0.4736315118517378E+17
  0.39100000E+03     -0.2173925444817038E+04      0.4726125682596753E+07     -0.1027500054870790E+11      0.2233954883191962E+14     -0.4857165371983370E+17
  0.39200000E+03     -0.2184870515606996E+04      0.4773834780908244E+07     -0.1043097803474331E+11      0.2279285006758696E+14     -0.4980674756628381E+17
  0.39300000E+03     -0.2195907015629547E+04      0.4822183965286553E+07     -0.1058984186579117E+11      0.2325685779197214E+14     -0.5107736110204310E+17
  0.39400000E+03     -0.2206871593582468E+04      0.4870459058444722E+07     -0.1074925802274237E+11      0.2372481459811477E+14     -0.5236521681184428E+17
  0.39500000E+03     -0.2217950241248765E+04      0.4919481963272242E+07     -0.1091195866890768E+11      0.2420481727984433E+14     -0.5369287411527706E+17
  0.39600000E+03     -0.2228990161479962E+04      0.4968577262903737E+07     -0.1107571262704654E+11      0.2469033805108439E+14     -0.5504249480965680E+17
  0.39700000E+03     -0.2240041523559241E+04      0.5017967092563651E+07     -0.1124126563286207E+11      0.2518362615090438E+14     -0.5642050370934962E+17
  0.39800000E+03     -0.2251167772161236E+04      0.5067939521369549E+07     -0.1140960666377810E+11      0.2568772248316502E+14     -0.5783572682162586E+17
  0.39900000E+03     -0.2262299068580448E+04      0.5118181830465064E+07     -0.1157969371335026E+11      0.2619956566503034E+14     -0.5927980400085246E+17
  0.40000000E+03     -0.2273467397376927E+04      0.5168839528124300E+07     -0.1175203149385402E+11      0.2672073582116464E+14     -0.6075743626739419E+17
  0.40100000E+03     -0.2284529196616814E+04      0.5219260707503703E+07     -0.1192440793350247E+11      0.2724458551742641E+14     -0.6224996657809038E+17
  0.40200000E+03     -0.2295747006363768E+04      0.5270642897753920E+07     -0.1210092830698626E+11      0.2778365028667580E+14     -0.6379335322012810E+17
  0.40300000E+03     -0.2306928034542981E+04      0.5322106677005142E+07     -0.1227859222855332E+11      0.2832885631912881E+14     -0.6536194411720602E+17
  0.40400000E+03     -0.2318127577509560E+04      0.5373906802896574E+07     -0.1245828842224969E+11      0.2888298508255286E+14     -0.6696397193396028E+17
  0.40500000E+03     -0.2329300660719166E+04      0.5425834487914631E+07     -0.1263929837591509E+11      0.2944386478525702E+14     -0.6859336007519842E+17
  0.40600000E+03     -0.2340617164807729E+04      0.5478683745393692E+07     -0.1282441398517071E+11      0.3002024749168189E+14     -0.7027590389270494E+17
  0.40700000E+03     -0.2351881267477630E+04      0.5531542727375295E+07     -0.1301045920763005E+11      0.3060232656607373E+14     -0.7198329485451232E+17
  0.40800000E+03     -0.2363115782074166E+04      0.5584513919292694E+07     -0.1319778721157775E+11      0.3119121008355716E+14     -0.7371887076950976E+17
  0.40900000E+03     -0.2374435189469058E+04      0.5638141528360272E+07     -0.1338834672900240E+11      0.3179312696578243E+14     -0.7550137210715522E+17
  0.41000000E+03     -0.2385655084332151E+04      0.5691550702084820E+07     -0.1357903338497531E+11      0.3239831219891694E+14     -0.7730208182271566E+17
  0.41100000E+03     -0.2396958259097894E+04      0.5745611082733500E+07     -0.1377295898308474E+11      0.3301669125048364E+14     -0.7915076196969506E+17
  0.41200000E+03     -0.2408295296019869E+04      0.5800090180149443E+07     -0.1396931197325367E+11      0.3364577521161408E+14     -0.8104034932337386E+17
  0.41300000E+03     -0.2419605574780341E+04      0.5854696363370677E+07     -0.1416704885792302E+11      0.3428227331042396E+14     -0.8296120122132445E+17
  0.41400000E+03     -0.2430934851742903E+04      0.5909652552481267E+07     -0.1436699285840106E+11      0.3492891500446816E+14     -0.8492187968633552E+17
  0.41500000E+03     -0.2442210904914736E+04      0.5964603578049804E+07     -0.1456784280676463E+11      0.3558149098907819E+14     -0.8690970254889456E+17
  0.41600000E+03     -0.2453625748808493E+04      0.6020490397626699E+07     -0.1477306584206670E+11      0.3625138534016012E+14     -0.8895979672553718E+17
  0.41700000E+03     -0.2465026239397720E+04      0.6076567010806201E+07     -0.1497994526632167E+11      0.3692983294640282E+14     -0.9104574057047803E+17
  0.41800000E+03     -0.2476384000728948E+04      0.6132692310556407E+07     -0.1518796369319512E+11      0.3761517652307550E+14     -0.9316264904189158E+17
  0.41900000E+03     -0.2487728190298628E+04      0.6189007972261316E+07     -0.1539764614212965E+11      0.3830917472753228E+14     -0.9531613369546741E+17
  0.42000000E+03     -0.2499137069008463E+04      0.6245904467394668E+07     -0.1561046264280607E+11      0.3901677585834914E+14     -0.9752189729249250E+17
  0.42100000E+03     -0.2510523008469298E+04      0.6302945985646445E+07     -0.1582479635204439E+11      0.3973267738201743E+14     -0.9976373044739840E+17
  0.42200000E+03     -0.2521902536183866E+04      0.6360214493881865E+07     -0.1604096100122701E+11      0.4045797599891423E+14     -0.1020453130231866E+18
  0.42300000E+03     -0.2533422335107416E+04      0.6418451839287384E+07     -0.1626177945902246E+11      0.4120224941947368E+14     -0.1043972017639445E+18
  0.42400000E+03     -0.2544747888088559E+04      0.6475967321878126E+07     -0.1648085161378592E+11      0.4194399139578276E+14     -0.1067517391464763E+18
  0.42500000E+03     -0.2556174651197780E+04      0.6534255427094769E+07     -0.1670385618442101E+11      0.4270241337256191E+14     -0.1091699555478413E+18
  0.42600000E+03     -0.2567598589223106E+04      0.6592791614477461E+07     -0.1692881864880810E+11      0.4347094001938238E+14     -0.1116314271559530E+18
  0.42700000E+03     -0.2579067367605639E+04      0.6651819101568734E+07     -0.1715667885701273E+11      0.4425283054627074E+14     -0.1141468469258110E+18
  0.42800000E+03     -0.2590494512052640E+04      0.6710894267153343E+07     -0.1738573882281978E+11      0.4504233876412652E+14     -0.1166980858253111E+18
  0.42900000E+03     -0.2601861057601602E+04      0.6769915276281390E+07     -0.1761559794092821E+11      0.4583809494123352E+14     -0.1192808530601816E+18
  0.43000000E+03     -0.2613330559918923E+04      0.6829733554305084E+07     -0.1784958952659568E+11      0.4665173023651328E+14     -0.1219332976227663E+18
  0.43100000E+03     -0.2624730862349535E+04      0.6889451180155279E+07     -0.1808420990251281E+11      0.4747112306186210E+14     -0.1246162046062322E+18
  0.43200000E+03     -0.2636185827226219E+04      0.6949716200762141E+07     -0.1832201100696778E+11      0.4830523750557482E+14     -0.1273591958593998E+18
  0.43300000E+03     -0.2647685017645499E+04      0.7010478232005736E+07     -0.1856282084500634E+11      0.4915359577455815E+14     -0.1301612162363401E+18
  0.43400000E+03     -0.2659100042661106E+04      0.7071057571103858E+07     -0.1880394969961262E+11      0.5000676863146527E+14     -0.1329913819338487E+18
  0.43500000E+03     -0.2670557706321742E+04      0.7132125277002545E+07     -0.1904807009041819E+11      0.5087424894721134E+14     -0.1358814103504017E+18
  0.43600000E+03     -0.2681966544750983E+04      0.7193192604131571E+07     -0.1929323220352555E+11      0.5174915408850885E+14     -0.1388086315400689E+18
  0.43700000E+03     -0.2693384116339221E+04      0.7254568405208049E+07     -0.1954068791221140E+11      0.5263602591952162E+14     -0.1417885962171866E+18
  0.43800000E+03     -0.2704769220041309E+04      0.7316028556630434E+07     -0.1978953189556141E+11      0.5353164585800261E+14     -0.1448106851680854E+18
  0.43900000E+03     -0.2716254140270575E+04      0.7378290959097531E+07     -0.2004269512120534E+11      0.5444668237828741E+14     -0.1479114089967420E+18
  0.44000000E+03     -0.2727676573292870E+04      0.7440475461813087E+07     -0.2029660673291508E+11      0.5536828991020436E+14     -0.1510475553077554E+18
  0.44100000E+03     -0.2739041777720464E+04      0.7502609907336198E+07     -0.2055138624322129E+11      0.5629695618207101E+14     -0.1542210789710006E+18
  0.44200000E+03     -0.2750548504209877E+04      0.7565778238463951E+07     -0.2081147641015097E+11      0.5724890058958796E+14     -0.1574876052341551E+18
  0.44300000E+03     -0.2761945264576064E+04      0.7628605516687194E+07     -0.2107124817875586E+11      0.5820367053529941E+14     -0.1607775787607958E+18
  0.44400000E+03     -0.2773342105233176E+04      0.7691692414509266E+07     -0.2133316944675496E+11      0.5917031208631863E+14     -0.1641222008038238E+18
  0.44500000E+03     -0.2784709259134353E+04      0.7754872703662009E+07     -0.2159655281819762E+11      0.6014633087074573E+14     -0.1675130999318402E+18
  0.44600000E+03     -0.2796091035699141E+04      0.7818395264263233E+07     -0.2186245550253268E+11      0.6113575031023577E+14     -0.1709647355311186E+18
  0.44700000E+03     -0.2807475747664087E+04      0.7882190721631691E+07     -0.2213057866739511E+11      0.6213746028608464E+14     -0.1744733571246991E+18
  0.44800000E+03     -0.2818841115113070E+04      0.7946140445719970E+07     -0.2240045866819913E+11      0.6314989207063241E+14     -0.1780341578614965E+18
  0.44900000E+03     -0.2830107506487819E+04      0.8009783927071214E+07     -0.2267010829271529E+11      0.6416545938944816E+14     -0.1816201093508596E+18
  0.45000000E+03     -0.2841436020757548E+04      0.8074036210222292E+07     -0.2294343430421492E+11      0.6519902097830471E+14     -0.1852843040881385E+18
  0.45100000E+03     -0.2852880677369890E+04      0.8139208490086696E+07     -0.2322178978553511E+11      0.6625583742962727E+14     -0.1890460206376987E+18
  0.45200000E+03     -0.2864303141578323E+04      0.8204516493239096E+07     -0.2350184902145052E+11      0.6732340776051745E+14     -0.1928613319853865E+18
  0.45300000E+03     -0.2875590074790969E+04      0.8269303030309520E+07     -0.2378076305563515E+11      0.6839078752062307E+14     -0.1966909402053477E+18
  0.45400000E+03     -0.2886800303830887E+04      0.8333903043651106E+07     -0.2405997083436381E+11      0.6946350513135629E+14     -0.2005548776791148E+18
  0.45500000E+03     -0.2898096961224118E+04      0.8399253480568020E+07     -0.2434351697295942E+11      0.7055711366317639E+14     -0.2045093336468024E+18
  0.45600000E+03     -0.2909388978101001E+04      0.8464834431927951E+07     -0.2462918430966306E+11      0.7166324410642988E+14     -0.2085248258063967E+18
  0.45700000E+03     -0.2920549153892684E+04      0.8529899176690277E+07     -0.2491369398510238E+11      0.7276913217300867E+14     -0.2125548895602661E+18
  0.45800000E+03     -0.2931912983287758E+04      0.8596408095190888E+07     -0.2520564622566600E+11      0.7390834978804753E+14     -0.2167225114841063E+18
  0.45900000E+03     -0.2943179911300150E+04      0.8662603876319423E+07     -0.2549734307769844E+11      0.7505095452263894E+14     -0.2209186221555029E+18
  0.46000000E+03     -0.2954471167838989E+04      0.8729200659354812E+07     -0.2579194862406544E+11      0.7620944237848097E+14     -0.2251896140132652E+18
  0.46100000E+03     -0.2965544730030697E+04      0.8794756413134538E+07     -0.2608302768957802E+11      0.7735832067677959E+14     -0.2294409337505663E+18
  0.46200000E+03     -0.2976745382400760E+04      0.8861316372302406E+07     -0.2637968794172676E+11      0.7853367408114338E+14     -0.2338067370311325E+18
  0.46300000E+03     -0.2987936054149879E+04      0.8928068044102032E+07     -0.2667832571223440E+11      0.7972132860174594E+14     -0.2382348848777428E+18
  0.46400000E+03     -0.2999039559452280E+04      0.8994546819617579E+07     -0.2697685199607670E+11      0.8091296840382045E+14     -0.2426944661268428E+18
  0.46500000E+03     -0.3010335442569849E+04      0.9062430965280050E+07     -0.2728283211890748E+11      0.8213894158621714E+14     -0.2472997394934081E+18
  0.46600000E+03     -0.3021272010353614E+04      0.9128397651816256E+07     -0.2758126378604030E+11      0.8333907066763194E+14     -0.2518245211307603E+18
  0.46700000E+03     -0.3032356425708204E+04      0.9195500842821071E+07     -0.2788594820499901E+11      0.8456883025185625E+14     -0.2564779906634836E+18
  0.46800000E+03     -0.3043400317979463E+04      0.9262602093542892E+07     -0.2819173286514928E+11      0.8580752303733302E+14     -0.2611823246417368E+18
  0.46900000E+03     -0.3054327889625525E+04      0.9329237731668558E+07     -0.2849649853580147E+11      0.8704657158699958E+14     -0.2659050988912851E+18
  0.47000000E+03     -0.3065388933022469E+04      0.9396931534890482E+07     -0.2880722505620588E+11      0.8831442932245655E+14     -0.2707551835061732E+18
  0.47100000E+03     -0.3076273979031821E+04      0.9463787940489022E+07     -0.2911521205235893E+11      0.8957563101390839E+14     -0.2755971670481660E+18
  0.47200000E+03     -0.3087519014913337E+04      0.9533100656988088E+07     -0.2943564832569549E+11      0.9089247192134288E+14     -0.2806707132906751E+18
  0.47300000E+03     -0.3098450729489304E+04      0.9600726160748450E+07     -0.2974941688039469E+11      0.9218658195079205E+14     -0.2856747405017045E+18
  0.47400000E+03     -0.3109116322779621E+04      0.9666936670901969E+07     -0.3005769690356570E+11      0.9346251113748317E+14     -0.2906257560779652E+18
  0.47500000E+03     -0.3119947753184636E+04      0.9734408801961161E+07     -0.3037293567686067E+11      0.9477174619248544E+14     -0.2957235492045574E+18
  0.47600000E+03     -0.3131006071258114E+04      0.9803537514962913E+07     -0.3069705477753791E+11      0.9612261678008606E+14     -0.3010020382641483E+18
  0.47700000E+03     -0.3141741726675637E+04      0.9870881284207499E+07     -0.3101389689719363E+11      0.9744772466904641E+14     -0.3061977637871271E+18
  0.47800000E+03     -0.3152459722594135E+04      0.9938343904275356E+07     -0.3133238221814846E+11      0.9878425384523764E+14     -0.3114561691941433E+18
  0.47900000E+03     -0.3163402776893677E+04      0.1000746215407883E+08     -0.3165981611368468E+11      0.1001631052610788E+15     -0.3168999173854599E+18
  0.48000000E+03     -0.3174215543731849E+04      0.1007599244876998E+08     -0.3198558158682165E+11      0.1015396502473960E+15     -0.3223532559659812E+18
  0.48100000E+03     -0.3184844807772511E+04      0.1014360176489881E+08     -0.3230812615523777E+11      0.1029075021486090E+15     -0.3277917478123215E+18
  0.48200000E+03     -0.3196496610013530E+04      0.1021809815486536E+08     -0.3266538280165850E+11      0.1044305564760650E+15     -0.3338796139068666E+18
  0.48300000E+03     -0.3238634935140451E+04      0.1049263085914648E+08     -0.3400716501037085E+11      0.1102613493130264E+15     -0.3576400775689963E+18
  0.48400000E+03     -0.3322124592244192E+04      0.1104110331395216E+08     -0.3671015243902625E+11      0.1221050222916645E+15     -0.4063038355247256E+18
  0.48500000E+03     -0.3227106280987395E+04      0.1041457588827981E+08     -0.3361127238961401E+11      0.1084784209447229E+15     -0.3501198917780892E+18
  0.48600000E+03     -0.3237694911600178E+04      0.1048303065097768E+08     -0.3394320099616253E+11      0.1099091225312758E+15     -0.3559013927491852E+18
  0.48700000E+03     -0.3248335281186510E+04      0.1055205681490553E+08     -0.3427905409160279E+11      0.1113617352590741E+15     -0.3617917152901704E+18
  0.48800000E+03     -0.3378311082232055E+04      0.1142146591438269E+08     -0.3864214994210567E+11      0.1308314844399007E+15     -0.4432705222827934E+18
  0.48900000E+03     -0.3379482289026667E+04      0.1142793697429790E+08     -0.3866773977645721E+11      0.1309147612947878E+15     -0.4434888738517864E+18
  0.49000000E+03     -0.3428377159080760E+04      0.1175760193096568E+08     -0.4033532592879431E+11      0.1384153505360092E+15     -0.4751274714188125E+18
  0.49100000E+03     -0.3472069910684053E+04      0.1205565812838585E+08     -0.4186078638927611E+11      0.1453576296180545E+15     -0.5047569031442923E+18
  0.49200000E+03     -0.3481399614423567E+04      0.1212180772626541E+08     -0.4221222411752852E+11      0.1470158671940285E+15     -0.5120863729246847E+18
  0.49300000E+03     -0.3498236293578031E+04      0.1223921975755642E+08     -0.4282640226402162E+11      0.1498720484210128E+15     -0.5245403633749852E+18
  0.49400000E+03     -0.3514311562759138E+04      0.1235184272201100E+08     -0.4341826203357395E+11      0.1526371934578254E+15     -0.5366532033691364E+18
  0.49500000E+03     -0.3492214778827773E+04      0.1220267304681212E+08     -0.4266320607291805E+11      0.1492409343979701E+15     -0.5223359937973533E+18
  0.49600000E+03     -0.3532106402531188E+04      0.1247867797602605E+08     -0.4409607268870459E+11      0.1558559878998816E+15     -0.5509792240046185E+18
  0.49700000E+03     -0.3548062349271593E+04      0.1259083169224865E+08     -0.4468753757231250E+11      0.1586296295022782E+15     -0.5631774681407610E+18
  0.49800000E+03     -0.3573308114690883E+04      0.1276961411773295E+08     -0.4563737353609012E+11      0.1631164883243170E+15     -0.5830533494628237E+18
  0.49900000E+03     -0.3583031062770029E+04      0.1283905016293730E+08     -0.4600933236131078E+11      0.1648878681429467E+15     -0.5909629980820027E+18
  0.50000000E+03     -0.3592604615540439E+04      0.1290754496347182E+08     -0.4637692514408282E+11      0.1666416892264218E+15     -0.5988087442470337E+18
  0.50100000E+03     -0.3612712644103828E+04      0.1305201286095452E+08     -0.4715548513716647E+11      0.1703717510241073E+15     -0.6155645448701856E+18
  0.50200000E+03     -0.3617454654022818E+04      0.1308639076208152E+08     -0.4734240938863972E+11      0.1712752081761141E+15     -0.6196583663345335E+18
  0.50300000E+03     -0.3626306485760483E+04      0.1315049275345897E+08     -0.4769057410605755E+11      0.1729561747121826E+15     -0.6272672026712221E+18
  0.50400000E+03     -0.3637340616605534E+04      0.1323066197126133E+08     -0.4812744380776514E+11      0.1750723769734010E+15     -0.6368777291653057E+18
  0.50500000E+03     -0.3636994419497305E+04      0.1322806662965240E+08     -0.4811286421823198E+11      0.1749996350817769E+15     -0.6365377463655670E+18
  0.50600000E+03     -0.3648463875650857E+04      0.1331162469081007E+08     -0.4856943327182315E+11      0.1772172359653767E+15     -0.6466359213272084E+18
  0.50700000E+03     -0.3657149486507322E+04      0.1337508485985276E+08     -0.4891718928685212E+11      0.1789112104086512E+15     -0.6543720133573388E+18
  0.50800000E+03     -0.3666631699684951E+04      0.1344453260553001E+08     -0.4929867578674969E+11      0.1807739793401581E+15     -0.6628995065710376E+18
  0.50900000E+03     -0.3676155842951959E+04      0.1351446574630542E+08     -0.4968381062706331E+11      0.1826593704326369E+15     -0.6715526271410240E+18
  0.51000000E+03     -0.3685974260523919E+04      0.1358674260359573E+08     -0.5008286267654548E+11      0.1846178478267073E+15     -0.6805639822985944E+18
