  0.00000000E+00      0.1607530281857967E-08      0.3830376200350436E-17      0.1003966355364858E-25      0.2805504608976899E-34      0.8149844456111803E-43
  0.10000000E+01     -0.6057383936439901E-03      0.3669190015373717E-06     -0.2222569265911897E-09      0.1346295536901503E-12     -0.8155028959107939E-16
  0.20000000E+01     -0.3787199585674711E-01      0.2248610613091764E-01     -0.1606033029825630E-01      0.1878474572530759E-01      0.1869190707154055E-02
  0.30000000E+01     -0.1118625859416300E+00      0.7645889511069490E-01     -0.6701671282605426E-01      0.9191317845457292E-01     -0.6792373962658303E-01
  0.40000000E+01     -0.2227262589325071E+00      0.1791160941788696E+00     -0.1926182840025004E+00      0.3066639561599637E+00     -0.4298028257736213E+00
  0.50000000E+01     -0.3705460553030351E+00      0.3557565862885445E+00     -0.4636195348660344E+00      0.8470498719883043E+00     -0.1641574101722334E+01
  0.60000000E+01     -0.5554170268284617E+00      0.6405216314173708E+00     -0.9983464041308291E+00      0.2091270121826090E+01     -0.5003034858225262E+01
  0.70000000E+01     -0.7775667966279725E+00      0.1075280070007313E+01     -0.1977753995903308E+01      0.4727833021298557E+01     -0.1326567607348571E+02
  0.80000000E+01     -0.1036832454930149E+01      0.1711087421424294E+01     -0.3678486954048044E+01      0.1000451764572174E+02     -0.3218885266600422E+02
  0.90000000E+01     -0.1333652897926891E+01      0.2607535357640519E+01     -0.6495790104028608E+01      0.2000057025270012E+02     -0.7277072113735271E+02
  0.10000000E+02     -0.1667638396009425E+01      0.3830947186370062E+01     -0.1096719648969688E+02      0.3805059759165986E+02     -0.1549410489509084E+03
  0.11000000E+02     -0.2039291631211206E+01      0.5459133727340261E+01     -0.1784198932419558E+02      0.6947882585791106E+02     -0.3148558222799983E+03
  0.12000000E+02     -0.2448937132151765E+01      0.7580180705757559E+01     -0.2811915139982721E+02      0.1224751280475489E+03     -0.6155566689823351E+03
  0.13000000E+02     -0.2896987158389452E+01      0.1029209777704744E+02     -0.4309773696188496E+02      0.2090977215290458E+03     -0.1159428772807011E+04
  0.14000000E+02     -0.3382103676041358E+01      0.1368559453726391E+02     -0.6431617232192026E+02      0.3461794342797746E+03     -0.2111590328187771E+04
  0.15000000E+02     -0.3906434105433037E+01      0.1789148109316762E+02     -0.9393056686666513E+02      0.5589524509726792E+03     -0.3739235629659833E+04
  0.16000000E+02     -0.4468143290120976E+01      0.2301563780956113E+02     -0.1343348135420113E+03      0.8803254635374636E+03     -0.6434353464587629E+04
  0.17000000E+02     -0.5069399066136492E+01      0.2920896872682645E+02     -0.1887583725143997E+03      0.1358078110070242E+04     -0.1082158435318566E+05
  0.18000000E+02     -0.5709435770474612E+01      0.3660998292462277E+02     -0.2609626420193341E+03      0.2055916925105191E+04     -0.1782916047160012E+05
  0.19000000E+02     -0.6387437668095434E+01      0.4535481493602717E+02     -0.3551872109472358E+03      0.3053865320837644E+04     -0.2873958318643322E+05
  0.20000000E+02     -0.7104405092649056E+01      0.5561609188749664E+02     -0.4768247922814795E+03      0.4461128570888264E+04     -0.4543978513001080E+05
  0.21000000E+02     -0.7861172538450565E+01      0.6757399404254581E+02     -0.6321359558493043E+03      0.6417400439393529E+04     -0.7057367048433493E+05
  0.22000000E+02     -0.8657165230648921E+01      0.8140731212475688E+02     -0.8284771728723501E+03      0.9105382539710239E+04     -0.1079283966770069E+06
  0.23000000E+02     -0.9492076548046931E+01      0.9729035874194426E+02     -0.1073765809188239E+04      0.1274047863664079E+05     -0.1623678404164632E+06
  0.24000000E+02     -0.1036812360062749E+02      0.1154789499690124E+03     -0.1378747738498768E+04      0.1762533263590235E+05     -0.2411023333345359E+06
  0.25000000E+02     -0.1128301656830295E+02      0.1361299380221594E+03     -0.1753511987526982E+04      0.2409653773196270E+05     -0.3531632947972491E+06
  0.26000000E+02     -0.1223850092234194E+02      0.1595042523228840E+03     -0.2211264396000741E+04      0.3259290969538987E+05     -0.5107367717898290E+06
  0.27000000E+02     -0.1323411184850312E+02      0.1858329969804551E+03     -0.2766558031260273E+04      0.4365420981374743E+05     -0.7301463090838807E+06
  0.28000000E+02     -0.1427047684648394E+02      0.2153605119873246E+03     -0.3435336356444069E+04      0.5791976226641126E+05     -0.1032402538095135E+07
  0.29000000E+02     -0.1534816105732401E+02      0.2483867913698120E+03     -0.4237403759291034E+04      0.7621081206356935E+05     -0.1445568047576373E+07
  0.30000000E+02     -0.1646833060719943E+02      0.2851953861141374E+03     -0.5193391615034153E+04      0.9946837476936290E+05     -0.2004711507500766E+07
  0.31000000E+02     -0.1762742953753876E+02      0.3259460244868438E+03     -0.6322691579704036E+04      0.1287075651516619E+06     -0.2750916830192091E+07
  0.32000000E+02     -0.1882808289513998E+02      0.3710330290237715E+03     -0.7654316034896828E+04      0.1653761041415810E+06     -0.3744252726792356E+07
  0.33000000E+02     -0.2007137921295359E+02      0.4207883511433690E+03     -0.9217124434098252E+04      0.2110535534836270E+06     -0.5055155999016760E+07
  0.34000000E+02     -0.2135476798312296E+02      0.4754398282584871E+03     -0.1104015799197300E+05      0.2675352309453034E+06     -0.6770343604264175E+07
  0.35000000E+02     -0.2268232692424212E+02      0.5354666772167052E+03     -0.1316238569737110E+05      0.3370994153429405E+06     -0.9001397830099504E+07
  0.36000000E+02     -0.2404945110622489E+02      0.6010121805204852E+03     -0.1561564603162266E+05      0.4221025261053960E+06     -0.1187901053856266E+08
  0.37000000E+02     -0.2546101565744186E+02      0.6726608470457608E+03     -0.1845022504505399E+05      0.5257510256828162E+06     -0.1557583177858730E+08
  0.38000000E+02     -0.2691619657743199E+02      0.7507433687053043E+03     -0.2171146557983928E+05      0.6514849961624474E+06     -0.2029846383187931E+08
  0.39000000E+02     -0.2841595037315803E+02      0.8357122360599375E+03     -0.2545363550039065E+05      0.8034167142047356E+06     -0.2629955546170100E+08
  0.40000000E+02     -0.2995851478796769E+02      0.9278309002174476E+03     -0.2972464735648498E+05      0.9857418643843486E+06     -0.3386277996315912E+08
  0.41000000E+02     -0.3154515763892076E+02      0.1027625934519435E+04     -0.3459284787708554E+05      0.1204176781615712E+07     -0.4337728504952391E+08
  0.42000000E+02     -0.3317549070309693E+02      0.1135447133937088E+04     -0.4011735617191951E+05      0.1464262139098288E+07     -0.5525122283656206E+08
  0.43000000E+02     -0.3484944687813623E+02      0.1251773094444928E+04     -0.4637424532611234E+05      0.1773187185370245E+07     -0.7002757515626575E+08
  0.44000000E+02     -0.3656684770804596E+02      0.1376958731297708E+04     -0.5343027952865795E+05      0.2137904908745533E+07     -0.8827291275981906E+08
  0.45000000E+02     -0.3832846134215218E+02      0.1511588172316479E+04     -0.6137915461094166E+05      0.2567901319415967E+07     -0.1107640548947512E+09
  0.46000000E+02     -0.4013868331922571E+02      0.1656442732680481E+04     -0.7032655938166236E+05      0.3073820515304485E+07     -0.1384002163536269E+09
  0.47000000E+02     -0.4199095452746116E+02      0.1811564260986588E+04     -0.8034739655100944E+05      0.3666000840172787E+07     -0.1721839296634931E+09
  0.48000000E+02     -0.4388819821871905E+02      0.1977608990948843E+04     -0.9154872510561309E+05      0.4356727487220705E+07     -0.2132721423356644E+09
  0.49000000E+02     -0.4583228121350177E+02      0.2155300706656315E+04     -0.1040577402504390E+06      0.5161018859423760E+07     -0.2631142893226234E+09
  0.50000000E+02     -0.4781888012073452E+02      0.2344729064509223E+04     -0.1179613226273623E+06      0.6092532055442858E+07     -0.3232309113532764E+09
  0.51000000E+02     -0.4985500129316969E+02      0.2547137566638334E+04     -0.1334389880714609E+06      0.7172103553719967E+07     -0.3957095944382817E+09
  0.52000000E+02     -0.5193185787302363E+02      0.2762191320258440E+04     -0.1505576958238323E+06      0.8414288348444844E+07     -0.4824104628535936E+09
  0.53000000E+02     -0.5405586310869278E+02      0.2991159220992181E+04     -0.1695213412536838E+06      0.9845146367843295E+07     -0.5861919268823506E+09
  0.54000000E+02     -0.5622918619526724E+02      0.3234848310037136E+04     -0.1905034094495037E+06      0.1149011393201791E+08     -0.7100948623506627E+09
  0.55000000E+02     -0.5844592303987168E+02      0.3493232485278568E+04     -0.2136183846961810E+06      0.1337196230487275E+08     -0.8572070190493044E+09
  0.56000000E+02     -0.6070626421580796E+02      0.3766844099545800E+04     -0.2390237932935276E+06      0.1551742406966180E+08     -0.1031070932909499E+10
  0.57000000E+02     -0.6301313912041211E+02      0.4056625545481839E+04     -0.2669311649138067E+06      0.1796047160245211E+08     -0.1236183148410461E+10
  0.58000000E+02     -0.6536609551620741E+02      0.4363325339843681E+04     -0.2975662366034825E+06      0.2074073763332191E+08     -0.1478057989597716E+10
  0.59000000E+02     -0.6776808575549566E+02      0.4687854551226899E+04     -0.3311504147052581E+06      0.2389688120492777E+08     -0.1762228668997928E+10
  0.60000000E+02     -0.7021009971896341E+02      0.5029702985277247E+04     -0.3677869633350961E+06      0.2746078384127520E+08     -0.2094214782352147E+10
  0.61000000E+02     -0.7269757134826143E+02      0.5390151141096860E+04     -0.4077582009645177E+06      0.3148236505472672E+08     -0.2481501028623731E+10
  0.62000000E+02     -0.7522593877312872E+02      0.5769228930736143E+04     -0.4512322664382147E+06      0.3600363696392279E+08     -0.2931333977311834E+10
  0.63000000E+02     -0.7779988915534314E+02      0.6168416212017391E+04     -0.4985678910057718E+06      0.4109156213982929E+08     -0.3454281540183884E+10
  0.64000000E+02     -0.8041506729812718E+02      0.6587553916115274E+04     -0.5499087704341376E+06      0.4678944992422113E+08     -0.4058670813904029E+10
  0.65000000E+02     -0.8307891905390828E+02      0.7028653437793564E+04     -0.6057080432926102E+06      0.5318190602900579E+08     -0.4758273848201677E+10
  0.66000000E+02     -0.8578624524624851E+02      0.7491502329700920E+04     -0.6661375589908939E+06      0.6032440620231829E+08     -0.5564468367738637E+10
  0.67000000E+02     -0.8853782592623763E+02      0.7976855984861892E+04     -0.7314912236616430E+06      0.6828758635755859E+08     -0.6490646920837170E+10
  0.68000000E+02     -0.9132611462325521E+02      0.8484208141110055E+04     -0.8019370734461047E+06      0.7713538902064715E+08     -0.7550942979426468E+10
  0.69000000E+02     -0.9416036856953085E+02      0.9015897786417188E+04     -0.8780219385784913E+06      0.8698026238396756E+08     -0.8765902484026968E+10
  0.70000000E+02     -0.9703187933065043E+02      0.9570824378786598E+04     -0.9597967345315249E+06      0.9787222564298424E+08     -0.1014901392823750E+11
  0.71000000E+02     -0.9994509774769966E+02      0.1015072287934640E+05     -0.1047785644111707E+07      0.1099347624507151E+09     -0.1172495860591928E+11
  0.72000000E+02     -0.1028931349735891E+03      0.1075471166301864E+05     -0.1142076109262610E+07      0.1232295167048221E+09     -0.1351069069290671E+11
  0.73000000E+02     -0.1058860949364207E+03      0.1138573025773751E+05     -0.1243415545521386E+07      0.1379232478384523E+09     -0.1553951747422144E+11
  0.74000000E+02     -0.1089106855200451E+03      0.1204140641911146E+05     -0.1351644195980782E+07      0.1540461000708108E+09     -0.1782577902067796E+11
  0.75000000E+02     -0.1119741196829918E+03      0.1272412062454409E+05     -0.1467457050919428E+07      0.1717705331283314E+09     -0.2040695101550227E+11
  0.76000000E+02     -0.1150772811544843E+03      0.1343490945409303E+05     -0.1591346793961641E+07      0.1912462396489148E+09     -0.2331927706144206E+11
  0.77000000E+02     -0.1182199391951861E+03      0.1417430530319990E+05     -0.1723681440291721E+07      0.2126007051778795E+09     -0.2659605413678656E+11
  0.78000000E+02     -0.1213888998254777E+03      0.1493975857528828E+05     -0.1864282691205329E+07      0.2358775251424441E+09     -0.3025908512275461E+11
  0.79000000E+02     -0.1246011858564211E+03      0.1573621509295002E+05     -0.2014405333205511E+07      0.2613726306959076E+09     -0.3437349723336861E+11
  0.80000000E+02     -0.1278495312384845E+03      0.1656248289407975E+05     -0.2174136950356713E+07      0.2891863079628776E+09     -0.3897430353312805E+11
  0.81000000E+02     -0.1311228014355093E+03      0.1741623162878303E+05     -0.2343315198212968E+07      0.3193725388941070E+09     -0.4408914835021415E+11
  0.82000000E+02     -0.1344282727176015E+03      0.1830009171548818E+05     -0.2522828910343388E+07      0.3521938588336570E+09     -0.4978639428753416E+11
  0.83000000E+02     -0.1377767757017936E+03      0.1921775055072867E+05     -0.2713787896989255E+07      0.3879545538511171E+09     -0.5614239387732347E+11
  0.84000000E+02     -0.1411506106697753E+03      0.2016475976162803E+05     -0.2915566828499822E+07      0.4266324535822558E+09     -0.6317663066984471E+11
  0.85000000E+02     -0.1445627306423804E+03      0.2114567316281198E+05     -0.3129573282980257E+07      0.4686262779950306E+09     -0.7099302441292894E+11
  0.86000000E+02     -0.1479929608485313E+03      0.2215495567114541E+05     -0.3354872197705830E+07      0.5138463850209293E+09     -0.7959955295484669E+11
  0.87000000E+02     -0.1514617017004317E+03      0.2319963107435909E+05     -0.3593513511729539E+07      0.5628505153661320E+09     -0.8913935930866394E+11
  0.88000000E+02     -0.1549469539519388E+03      0.2427328414616124E+05     -0.3844315917585625E+07      0.6155011597501684E+09     -0.9961488583575378E+11
  0.89000000E+02     -0.1584699736772138E+03      0.2538337433524667E+05     -0.4109483235448759E+07      0.6724077944736739E+09     -0.1111861156250874E+12
  0.90000000E+02     -0.1620108644237359E+03      0.2652395233317847E+05     -0.4387943028578177E+07      0.7334720895001810E+09     -0.1238711645599916E+12
  0.91000000E+02     -0.1655882312927520E+03      0.2770166331025250E+05     -0.4681733451445445E+07      0.7992867212901518E+09     -0.1378344156617930E+12
  0.92000000E+02     -0.1691800810247613E+03      0.2890949525268617E+05     -0.4989415890580056E+07      0.8696535790106785E+09     -0.1530712858411252E+12
  0.93000000E+02     -0.1728080513740967E+03      0.3015563421653456E+05     -0.5313599821856014E+07      0.9453540393362184E+09     -0.1698044902939878E+12
  0.94000000E+02     -0.1764536961784117E+03      0.3143454374188986E+05     -0.5653320781001071E+07      0.1026334638976345E+10     -0.1880731609406544E+12
  0.95000000E+02     -0.1801271312994610E+03      0.3274995838756383E+05     -0.6009921345848149E+07      0.1113068558933734E+10     -0.2080338142677016E+12
  0.96000000E+02     -0.1838242056431134E+03      0.3410069504410595E+05     -0.6383439048792484E+07      0.1205717059117395E+10     -0.2297730360006998E+12
  0.97000000E+02     -0.1875507434152068E+03      0.3548985493549649E+05     -0.6775301974792295E+07      0.1304847732851612E+10     -0.2534902574552232E+12
  0.98000000E+02     -0.1912899309949272E+03      0.3691144551769528E+05     -0.7184209906486218E+07      0.1410307944831539E+10     -0.2792093598904208E+12
  0.99000000E+02     -0.1950550221739285E+03      0.3837108936978644E+05     -0.7612245025768081E+07      0.1522827976971010E+10     -0.3071726797687358E+12
  0.10000000E+03     -0.1988472817236695E+03      0.3986977040065917E+05     -0.8060164087975509E+07      0.1642812876134630E+10     -0.3375522815389160E+12
  0.10100000E+03     -0.2026560174369159E+03      0.4140407319967088E+05     -0.8527506501493823E+07      0.1770371704365973E+10     -0.3704547612192233E+12
  0.10200000E+03     -0.2064857451311694E+03      0.4297567653514595E+05     -0.9015067722543759E+07      0.1905885649981276E+10     -0.4060424220311865E+12
  0.10300000E+03     -0.2103348597615350E+03      0.4458439366825310E+05     -0.9523265050585009E+07      0.2049691458506165E+10     -0.4444842609202036E+12
  0.10400000E+03     -0.2142046308022854E+03      0.4623174311453923E+05     -0.1005321924805296E+08      0.2202377919636669E+10     -0.4860336776618776E+12
  0.10500000E+03     -0.2180953013703120E+03      0.4791802354379743E+05     -0.1060543768890810E+08      0.2364307056859661E+10     -0.5308735744029323E+12
  0.10600000E+03     -0.2219970607948233E+03      0.4963958713814344E+05     -0.1117929002873226E+08      0.2535564380582120E+10     -0.5791308484766620E+12
  0.10700000E+03     -0.2259253778177363E+03      0.5140333468166604E+05     -0.1177744042779690E+08      0.2717152064054530E+10     -0.6311733186561699E+12
  0.10800000E+03     -0.2298716922590865E+03      0.5320642517467854E+05     -0.1239961149669739E+08      0.2909295967135207E+10     -0.6871828277383804E+12
  0.10900000E+03     -0.2338310118993997E+03      0.5504634410425556E+05     -0.1304522947221166E+08      0.3112022263264280E+10     -0.7472582342296218E+12
  0.11000000E+03     -0.2378127998874243E+03      0.5692851332153338E+05     -0.1371692755271924E+08      0.3326500404091911E+10     -0.8118801906414918E+12
  0.11100000E+03     -0.2418182813592388E+03      0.5885355451941112E+05     -0.1441530795045394E+08      0.3553157943432144E+10     -0.8812818584953983E+12
  0.11200000E+03     -0.2458284308295881E+03      0.6081300165303746E+05     -0.1513793551303026E+08      0.3791534444295581E+10     -0.9554600846719952E+12
  0.11300000E+03     -0.2498544160828823E+03      0.6281229366119196E+05     -0.1588719160908181E+08      0.4042662205652519E+10     -0.1034850162009077E+13
  0.11400000E+03     -0.2539022183987884E+03      0.6485486877650770E+05     -0.1666492446966248E+08      0.4307474181186156E+10     -0.1119885035572215E+13
  0.11500000E+03     -0.2579668577403009E+03      0.6693895562403189E+05     -0.1747112102410933E+08      0.4586316744583035E+10     -0.1210827827975994E+13
  0.11600000E+03     -0.2620439741529498E+03      0.6906281409853170E+05     -0.1830571989211806E+08      0.4879522486492842E+10     -0.1307947875001500E+13
  0.11700000E+03     -0.2661350100475259E+03      0.7122744744711458E+05     -0.1916960891351762E+08      0.5187711717832841E+10     -0.1411596345602957E+13
  0.11800000E+03     -0.2702514782749357E+03      0.7343918277352022E+05     -0.2006582580615777E+08      0.5512296599803699E+10     -0.1522406359687001E+13
  0.11900000E+03     -0.2743745898550802E+03      0.7568842665877692E+05     -0.2099110049626569E+08      0.5852463466318048E+10     -0.1640275964520102E+13
  0.12000000E+03     -0.2785185258411584E+03      0.7798313437041335E+05     -0.2194919585787785E+08      0.6209918907498788E+10     -0.1765956643690816E+13
  0.12100000E+03     -0.2826824270426539E+03      0.8032340019827613E+05     -0.2294082362261110E+08      0.6585337114817832E+10     -0.1899883118684120E+13
  0.12200000E+03     -0.2868661333143090E+03      0.8270958407894138E+05     -0.2396676805675895E+08      0.6979419308698368E+10     -0.2042508068998327E+13
  0.12300000E+03     -0.2910494430964600E+03      0.8513062250965816E+05     -0.2502288776556450E+08      0.7390967780331636E+10     -0.2193595653072017E+13
  0.12400000E+03     -0.2952571984946946E+03      0.8760140144457550E+05     -0.2611635520414276E+08      0.7823216166417131E+10     -0.2354556584090098E+13
  0.12500000E+03     -0.2994797730901544E+03      0.9011601618369596E+05     -0.2724487195387061E+08      0.8275544683957221E+10     -0.2525327272619607E+13
  0.12600000E+03     -0.3037208506705713E+03      0.9267785246843142E+05     -0.2841095191259163E+08      0.8749540846208483E+10     -0.2706793431819664E+13
  0.12700000E+03     -0.3079720749056151E+03      0.9528136002800103E+05     -0.2961227891827725E+08      0.9244523071125725E+10     -0.2898858963619253E+13
  0.12800000E+03     -0.3122356495659960E+03      0.9792881784290590E+05     -0.3085080352672924E+08      0.9761854557153538E+10     -0.3102341558557526E+13
  0.12900000E+03     -0.3165212371190568E+03      0.1006264852373086E+06     -0.3213004611719317E+08      0.1030344814289635E+11     -0.3318243727131306E+13
  0.13000000E+03     -0.3208065646584889E+03      0.1033608677605232E+06     -0.3344429774337137E+08      0.1086735987581739E+11     -0.3546048929148615E+13
  0.13100000E+03     -0.3251221713484093E+03      0.1061514791919427E+06     -0.3480346696397630E+08      0.1145828798683480E+11     -0.3787923505995125E+13
  0.13200000E+03     -0.3294587528068787E+03      0.1089936708483320E+06     -0.3620639646455255E+08      0.1207639765767031E+11     -0.4044283499187226E+13
  0.13300000E+03     -0.3338117882733172E+03      0.1118842024395874E+06     -0.3765186334234707E+08      0.1272153850904122E+11     -0.4315318406995955E+13
  0.13400000E+03     -0.3381557223129181E+03      0.1148060954660565E+06     -0.3913183224906167E+08      0.1339052786226246E+11     -0.4599943084833657E+13
  0.13500000E+03     -0.3425302409414164E+03      0.1177864914723970E+06     -0.4066078750609589E+08      0.1409047407517388E+11     -0.4901516409136432E+13
  0.13600000E+03     -0.3469090635886197E+03      0.1208091159909319E+06     -0.4223172038710210E+08      0.1481900796691208E+11     -0.5219474568218722E+13
  0.13700000E+03     -0.3513174032201563E+03      0.1238905415236771E+06     -0.4385331008313894E+08      0.1558041335200357E+11     -0.5555898512742642E+13
  0.13800000E+03     -0.3557479444486477E+03      0.1270267690005791E+06     -0.4552457989450474E+08      0.1637501079338621E+11     -0.5911382434627702E+13
  0.13900000E+03     -0.3601786315651290E+03      0.1302023518176309E+06     -0.4723788861607646E+08      0.1719968285117940E+11     -0.6284865883074266E+13
  0.14000000E+03     -0.3646212973392094E+03      0.1334260532833801E+06     -0.4899864145831497E+08      0.1805760629158990E+11     -0.6678159321372143E+13
  0.14100000E+03     -0.3690786998254658E+03      0.1366998744967021E+06     -0.5080845404771994E+08      0.1895007319062688E+11     -0.7092199196203193E+13
  0.14200000E+03     -0.3735445549988641E+03      0.1400199556912894E+06     -0.5266615242740917E+08      0.1987724222800274E+11     -0.7527522567036532E+13
  0.14300000E+03     -0.3780172704737222E+03      0.1433845981274740E+06     -0.5457100127955595E+08      0.2083910150096600E+11     -0.7984405300388670E+13
  0.14400000E+03     -0.3825092493326356E+03      0.1468040201064178E+06     -0.5652984111920149E+08      0.2183991345965263E+11     -0.8465385081282546E+13
  0.14500000E+03     -0.3870324782234412E+03      0.1502885213189463E+06     -0.5854980585315632E+08      0.2288423537954040E+11     -0.8973224194191615E+13
  0.14600000E+03     -0.3915672180844049E+03      0.1538228206346536E+06     -0.6062251485909237E+08      0.2396824696090651E+11     -0.9506441213491094E+13
  0.14700000E+03     -0.3961070522992845E+03      0.1574023067458103E+06     -0.6274605707985786E+08      0.2509165503748170E+11     -0.1006538085321249E+14
  0.14800000E+03     -0.4006598310367069E+03      0.1610329347893798E+06     -0.6492440094605994E+08      0.2625708991225417E+11     -0.1065176377105303E+14
  0.14900000E+03     -0.4052227752294298E+03      0.1647138208113324E+06     -0.6715836493840346E+08      0.2746599994203883E+11     -0.1126696987568595E+14
  0.15000000E+03     -0.4098000552944838E+03      0.1684476647104591E+06     -0.6944976670817795E+08      0.2871977789463313E+11     -0.1191207368895366E+14
  0.15100000E+03     -0.4143939529168355E+03      0.1722378011969410E+06     -0.7180212583882931E+08      0.3002146243738205E+11     -0.1258936697791042E+14
  0.15200000E+03     -0.4189929461493845E+03      0.1760738770469491E+06     -0.7420908202484582E+08      0.3136789256331960E+11     -0.1329755661998015E+14
  0.15300000E+03     -0.4236122236356827E+03      0.1799693299045057E+06     -0.7668012396689694E+08      0.3276528878550072E+11     -0.1404056329352681E+14
  0.15400000E+03     -0.4282360917343571E+03      0.1839114601730312E+06     -0.7920809465003504E+08      0.3421042205636340E+11     -0.1481726678261730E+14
  0.15500000E+03     -0.4328764992276844E+03      0.1879103800509560E+06     -0.8180004948725860E+08      0.3570800076760119E+11     -0.1563074552730597E+14
  0.15600000E+03     -0.4375089538784608E+03      0.1919458078530417E+06     -0.8444396355454390E+08      0.3725206106300170E+11     -0.1647847564214526E+14
  0.15700000E+03     -0.4421616197291773E+03      0.1960422623300506E+06     -0.8715653432017288E+08      0.3885309575026856E+11     -0.1736682672462063E+14
  0.15800000E+03     -0.4468400520174678E+03      0.2002049747617792E+06     -0.8994200284135401E+08      0.4051438863717584E+11     -0.1829823061097452E+14
  0.15900000E+03     -0.4515122233758589E+03      0.2044055839022782E+06     -0.9278211007548502E+08      0.4222584958947021E+11     -0.1926768495539935E+14
  0.16000000E+03     -0.4562068358228669E+03      0.2086704306134726E+06     -0.9569563124670263E+08      0.4399973173582677E+11     -0.2028286113993151E+14
  0.16100000E+03     -0.4609162288999001E+03      0.2129924910117349E+06     -0.9867833206279929E+08      0.4583416757216949E+11     -0.2134330531064866E+14
  0.16200000E+03     -0.4656091321925742E+03      0.2173437558084552E+06     -0.1017120115043743E+09      0.4771905453932449E+11     -0.2244403595157651E+14
  0.16300000E+03     -0.4703260580810000E+03      0.2217613568095348E+06     -0.1048228341271822E+09      0.4967117578802563E+11     -0.2359536655649621E+14
  0.16400000E+03     -0.4750733894096599E+03      0.2262525805223977E+06     -0.1080175171372226E+09      0.5169615520102447E+11     -0.2480168646106196E+14
  0.16500000E+03     -0.4797815095321556E+03      0.2307510743178595E+06     -0.1112491143645327E+09      0.5376477028177613E+11     -0.2604612613832213E+14
  0.16600000E+03     -0.4845205728130009E+03      0.2353244394768857E+06     -0.1145672879290822E+09      0.5590995336776357E+11     -0.2734944699826975E+14
  0.16700000E+03     -0.4892767971056122E+03      0.2399590634014853E+06     -0.1179624987801506E+09      0.5812611586383882E+11     -0.2870882133714122E+14
  0.16800000E+03     -0.4940321736907039E+03      0.2446380236927615E+06     -0.1214234959868510E+09      0.6040710523899825E+11     -0.3012147461309822E+14
  0.16900000E+03     -0.4988017741414037E+03      0.2493762976042142E+06     -0.1249620872553776E+09      0.6276158767132032E+11     -0.3159356867794631E+14
  0.17000000E+03     -0.5035720423659591E+03      0.2541606781521418E+06     -0.1285692632086395E+09      0.6518457233677913E+11     -0.3312288132604059E+14
  0.17100000E+03     -0.5083706147607189E+03      0.2590185756090978E+06     -0.1322660837505321E+09      0.6769088592028896E+11     -0.3471945974475253E+14
  0.17200000E+03     -0.5131514136264193E+03      0.2639045633714811E+06     -0.1360195749227682E+09      0.7025970261351993E+11     -0.3637129452952516E+14
  0.17300000E+03     -0.5179391162384416E+03      0.2688439720448162E+06     -0.1398498918039707E+09      0.7290570225988834E+11     -0.3808865355962243E+14
  0.17400000E+03     -0.5227361466902527E+03      0.2738384157103072E+06     -0.1437583368085389E+09      0.7563032771573476E+11     -0.3987315431086522E+14
  0.17500000E+03     -0.5275358914011252E+03      0.2788819390334415E+06     -0.1477415876385063E+09      0.7843261534104051E+11     -0.4172532247052959E+14
  0.17600000E+03     -0.5323558050603457E+03      0.2839930375779797E+06     -0.1518150462607018E+09      0.8132442875033308E+11     -0.4365398615808798E+14
  0.17700000E+03     -0.5371832462434284E+03      0.2891576268556350E+06     -0.1559676010654251E+09      0.8429842042738487E+11     -0.4565490945675266E+14
  0.17800000E+03     -0.5420160983712003E+03      0.2943745522307399E+06     -0.1601998848626663E+09      0.8735663587681712E+11     -0.4773085586013257E+14
  0.17900000E+03     -0.5468488876545093E+03      0.2996386498344372E+06     -0.1645089333979789E+09      0.9049826076046733E+11     -0.4988247005293769E+14
  0.18000000E+03     -0.5517034294504973E+03      0.3049731034599349E+06     -0.1689140010465662E+09      0.9373807722661005E+11     -0.5212075410211895E+14
  0.18100000E+03     -0.5565502862146252E+03      0.3103463101920080E+06     -0.1733902596552150E+09      0.9705923432954810E+11     -0.5443536617332928E+14
  0.18200000E+03     -0.5614224437882800E+03      0.3157946573846365E+06     -0.1779685782322547E+09      0.1004855666540771E+12     -0.5684392466097844E+14
  0.18300000E+03     -0.5662839575609762E+03      0.3212784393842415E+06     -0.1826166409101628E+09      0.1039941476539009E+12     -0.5933152679668851E+14
  0.18400000E+03     -0.5711456505000072E+03      0.3268094726080620E+06     -0.1873448513783001E+09      0.1075936601315149E+12     -0.6190529250813734E+14
  0.18500000E+03     -0.5760280453051280E+03      0.3324111647640243E+06     -0.1921739384588532E+09      0.1113009377370844E+12     -0.6457837160795693E+14
  0.18600000E+03     -0.5809023603378632E+03      0.3380516006469530E+06     -0.1970780106437218E+09      0.1150978528080396E+12     -0.6733931199292681E+14
  0.18700000E+03     -0.5858090959065082E+03      0.3437774441379363E+06     -0.2020982272018123E+09      0.1190173160229942E+12     -0.7021323049084088E+14
  0.18800000E+03     -0.5907085671979854E+03      0.3495421455759309E+06     -0.2071942088620599E+09      0.1230286364396279E+12     -0.7317859370321039E+14
  0.18900000E+03     -0.5956232656648306E+03      0.3553735954843471E+06     -0.2123925983693421E+09      0.1271549176023337E+12     -0.7625447264220877E+14
  0.19000000E+03     -0.6005556295605164E+03      0.3612743761954501E+06     -0.2176961233322051E+09      0.1313992129596938E+12     -0.7944421075690833E+14
  0.19100000E+03     -0.6054732421008558E+03      0.3672052477555421E+06     -0.2230697694651041E+09      0.1357342321327017E+12     -0.8272824009933836E+14
  0.19200000E+03     -0.6104239988670092E+03      0.3732252925178907E+06     -0.2285690216616357E+09      0.1402069190423399E+12     -0.8614423345573473E+14
  0.19300000E+03     -0.6153862055484199E+03      0.3793085489200113E+06     -0.2341712882988813E+09      0.1448004113260859E+12     -0.8968091961029400E+14
  0.19400000E+03     -0.6203401065531607E+03      0.3854302049914190E+06     -0.2398538726188649E+09      0.1494967927334926E+12     -0.9332547075672466E+14
  0.19500000E+03     -0.6253140793235582E+03      0.3916266475034259E+06     -0.2456524892378830E+09      0.1543277646235632E+12     -0.9710463275895897E+14
  0.19600000E+03     -0.6302942303399512E+03      0.3978796989934029E+06     -0.2515501056262722E+09      0.1592797729815476E+12     -0.1010088090511694E+15
  0.19700000E+03     -0.6352743465199081E+03      0.4041826639793515E+06     -0.2575421352542706E+09      0.1643509880086996E+12     -0.1050385956498488E+15
  0.19800000E+03     -0.6402634171583341E+03      0.4105465127713917E+06     -0.2636393860008580E+09      0.1695515174970287E+12     -0.1092032909037810E+15
  0.19900000E+03     -0.6452756978811383E+03      0.4169895585967267E+06     -0.2698601957503564E+09      0.1748982425215055E+12     -0.1135178549772608E+15
  0.20000000E+03     -0.6503039984454257E+03      0.4235040159720460E+06     -0.2761993193424235E+09      0.1803893454502520E+12     -0.1179835836424018E+15
  0.20100000E+03     -0.6553340732212913E+03      0.4300708551005525E+06     -0.2826383360759634E+09      0.1860095143713932E+12     -0.1225889987026157E+15
  0.20200000E+03     -0.6603720229711593E+03      0.4366991576972246E+06     -0.2891880797920880E+09      0.1917706111815705E+12     -0.1273463790824238E+15
  0.20300000E+03     -0.6654035954747167E+03      0.4433689556378438E+06     -0.2958283441047349E+09      0.1976550795740486E+12     -0.1322419264524812E+15
  0.20400000E+03     -0.6704723631971160E+03      0.4501407861062986E+06     -0.3026229781490023E+09      0.2037233928361459E+12     -0.1373297848025939E+15
  0.20500000E+03     -0.6755553551151634E+03      0.4569817363842962E+06     -0.3095374307681696E+09      0.2099439479189545E+12     -0.1425833436250095E+15
  0.20600000E+03     -0.6806760068383981E+03      0.4639245888503023E+06     -0.3166067939731124E+09      0.2163507024344707E+12     -0.1480338221346868E+15
  0.20700000E+03     -0.6857704898384517E+03      0.4708854715175420E+06     -0.3237493489080537E+09      0.2228737941978666E+12     -0.1536260788798036E+15
  0.20800000E+03     -0.6908728853318454E+03      0.4779090688204523E+06     -0.3310097520844865E+09      0.2295535886911555E+12     -0.1593949365742971E+15
  0.20900000E+03     -0.6960046732771312E+03      0.4850253180800684E+06     -0.3384201413124313E+09      0.2364214883903567E+12     -0.1653697330667820E+15
  0.21000000E+03     -0.7011246793252035E+03      0.4921778872124573E+06     -0.3459234418205757E+09      0.2434267909353620E+12     -0.1715088920471389E+15
  0.21100000E+03     -0.7062652423684942E+03      0.4994120764109859E+06     -0.3535681410948193E+09      0.2506164447489673E+12     -0.1778557064178326E+15
  0.21200000E+03     -0.7114146537720127E+03      0.5067120152420563E+06     -0.3613389021729172E+09      0.2579781138207845E+12     -0.1844017768202428E+15
  0.21300000E+03     -0.7165924025029336E+03      0.5141053392841068E+06     -0.3692660031306713E+09      0.2655420976538182E+12     -0.1911761884145868E+15
  0.21400000E+03     -0.7217883026889859E+03      0.5215791049704736E+06     -0.3773381103146054E+09      0.2733007974143022E+12     -0.1981757192620517E+15
  0.21500000E+03     -0.7269818215594714E+03      0.5291027766558008E+06     -0.3855219524726148E+09      0.2812227042332914E+12     -0.2053730363043187E+15
  0.21600000E+03     -0.7321854809311639E+03      0.5366954004007675E+06     -0.3938401265160760E+09      0.2893323719171279E+12     -0.2127936602188032E+15
  0.21700000E+03     -0.7373972438090684E+03      0.5443540905067202E+06     -0.4022903999149168E+09      0.2976293372307562E+12     -0.2204394689210750E+15
  0.21800000E+03     -0.7426306931424031E+03      0.5520988188878787E+06     -0.4108956295247920E+09      0.3061376368801586E+12     -0.2283348049635882E+15
  0.21900000E+03     -0.7478958536628276E+03      0.5599460163245194E+06     -0.4196767146482138E+09      0.3148813995657816E+12     -0.2365060564764736E+15
  0.22000000E+03     -0.7531473418808221E+03      0.5678281816402618E+06     -0.4285591871677907E+09      0.3237884394819310E+12     -0.2448884427998872E+15
  0.22100000E+03     -0.7584166961196073E+03      0.5757923947265883E+06     -0.4375966326303506E+09      0.3329138378408892E+12     -0.2535358285433982E+15
  0.22200000E+03     -0.7637086795815155E+03      0.5838466324586037E+06     -0.4467998660060540E+09      0.3422711789990494E+12     -0.2624644434587050E+15
  0.22300000E+03     -0.7690148044984454E+03      0.5919786229523197E+06     -0.4561565246758354E+09      0.3518505130343580E+12     -0.2716681778673332E+15
  0.22400000E+03     -0.7743322097762614E+03      0.6001842699737485E+06     -0.4656630800704983E+09      0.3616503064208030E+12     -0.2811483820169976E+15
  0.22500000E+03     -0.7796632798739996E+03      0.6084672469174792E+06     -0.4753246810451440E+09      0.3716777096903135E+12     -0.2909146425649669E+15
  0.22600000E+03     -0.7850128088212564E+03      0.6168366170713534E+06     -0.4851546992741551E+09      0.3819504516978391E+12     -0.3009888919866162E+15
  0.22700000E+03     -0.7903701580024591E+03      0.6252754726172017E+06     -0.4951338773725335E+09      0.3924499812423031E+12     -0.3113554008952258E+15
  0.22800000E+03     -0.7957501923308644E+03      0.6338076579912200E+06     -0.5052918510486607E+09      0.4032099668937030E+12     -0.3220508223872358E+15
  0.22900000E+03     -0.8011499333151905E+03      0.6424295122321562E+06     -0.5156264671172380E+09      0.4142314561218059E+12     -0.3330804885604734E+15
  0.23000000E+03     -0.8065653260522002E+03      0.6511345581287302E+06     -0.5261308597281387E+09      0.4255090372758680E+12     -0.3444418407995779E+15
  0.23100000E+03     -0.8119729989882333E+03      0.6598859357426967E+06     -0.5367623851374550E+09      0.4369999436308484E+12     -0.3560958802423683E+15
  0.23200000E+03     -0.8174004145395025E+03      0.6687277446707221E+06     -0.5475751575807567E+09      0.4487642784070450E+12     -0.3681062422731935E+15
  0.23300000E+03     -0.8228414449519330E+03      0.6776507438569674E+06     -0.5585596927266155E+09      0.4607946800239500E+12     -0.3804694230840646E+15
  0.23400000E+03     -0.8283080582363451E+03      0.6866754122589044E+06     -0.5697432338065678E+09      0.4731242841047919E+12     -0.3932239605698589E+15
  0.23500000E+03     -0.8338024135536530E+03      0.6958059044144209E+06     -0.5811326482048547E+09      0.4857636395617354E+12     -0.4063849610388258E+15
  0.23600000E+03     -0.8392811740989295E+03      0.7049703564262092E+06     -0.5926394430696409E+09      0.4986168766803107E+12     -0.4198561241261491E+15
  0.23700000E+03     -0.8447944535360087E+03      0.7142531591572843E+06     -0.6043712625091646E+09      0.5118071982427829E+12     -0.4337708080796514E+15
  0.23800000E+03     -0.8503182507760059E+03      0.7236145255836779E+06     -0.6162796226216153E+09      0.5252832462278834E+12     -0.4480793455424267E+15
  0.23900000E+03     -0.8558572562942690E+03      0.7330624844616951E+06     -0.6283758441161877E+09      0.5390602160520815E+12     -0.4628015952668226E+15
  0.24000000E+03     -0.8614116074138385E+03      0.7425978457047368E+06     -0.6406626936721658E+09      0.5531443524332141E+12     -0.4779487294100852E+15
  0.24100000E+03     -0.8669991911820587E+03      0.7522531551976309E+06     -0.6531855331902257E+09      0.5675927828161405E+12     -0.4935889940045179E+15
  0.24200000E+03     -0.8726029860708254E+03      0.7619988332604129E+06     -0.6659067889678990E+09      0.5823642217072047E+12     -0.5096811735440042E+15
  0.24300000E+03     -0.8782332524898511E+03      0.7718538379218263E+06     -0.6788537577030473E+09      0.5974945935816946E+12     -0.5262703857459759E+15
  0.24400000E+03     -0.8838809799169604E+03      0.7818017995801659E+06     -0.6920050994657538E+09      0.6129602536694703E+12     -0.5433333193767901E+15
  0.24500000E+03     -0.8895336206255928E+03      0.7918232686571435E+06     -0.7053397648975152E+09      0.6287432876975609E+12     -0.5608592452596706E+15
  0.24600000E+03     -0.8952129325124419E+03      0.8019563658256560E+06     -0.7189089485741678E+09      0.6449061096868273E+12     -0.5789208819538248E+15
  0.24700000E+03     -0.9008958674913058E+03      0.8121592068298125E+06     -0.7326565861075048E+09      0.6613831978136130E+12     -0.5974477824854665E+15
  0.24800000E+03     -0.9066169412546055E+03      0.8224965880676755E+06     -0.7466749447322332E+09      0.6782924505947644E+12     -0.6165822692362718E+15
  0.24900000E+03     -0.9123479058385179E+03      0.8329172088386727E+06     -0.7608951951487936E+09      0.6955530431685428E+12     -0.6362368391473506E+15
  0.25000000E+03     -0.9180954822871430E+03      0.8434335703711516E+06     -0.7753358964021688E+09      0.7131906683413485E+12     -0.6564458741044724E+15
  0.25100000E+03     -0.9238722504189076E+03      0.8540696108749241E+06     -0.7900323060234557E+09      0.7312526653233474E+12     -0.6772700648731884E+15
  0.25200000E+03     -0.9296690305626744E+03      0.8648094734222792E+06     -0.8049651061969731E+09      0.7497198836472963E+12     -0.6986942368114812E+15
  0.25300000E+03     -0.9354939008893631E+03      0.8756691601793432E+06     -0.8201591485259998E+09      0.7686277032533778E+12     -0.7207664717796698E+15
  0.25400000E+03     -0.9413516868211561E+03      0.8866587206300353E+06     -0.8356311468510058E+09      0.7880016837980249E+12     -0.7435238560505124E+15
  0.25500000E+03     -0.9472245173194556E+03      0.8977454492788470E+06     -0.8513374255354446E+09      0.8077916125826364E+12     -0.7669144316754982E+15
  0.25600000E+03     -0.9531209173872492E+03      0.9089452744290946E+06     -0.8673014999979072E+09      0.8280297983229500E+12     -0.7909812922452015E+15
  0.25700000E+03     -0.9590454082545333E+03      0.9202689019927068E+06     -0.8835428604671680E+09      0.8487478379588046E+12     -0.8157720073268491E+15
  0.25800000E+03     -0.9650032781464428E+03      0.9317264918935118E+06     -0.9000774264804233E+09      0.8699693706877754E+12     -0.8413207683818952E+15
  0.25900000E+03     -0.9709879832305352E+03      0.9433067563780335E+06     -0.9168919798678651E+09      0.8916829025002562E+12     -0.8676221519532925E+15
  0.26000000E+03     -0.9770054951582255E+03      0.9550232277370038E+06     -0.9340103718595335E+09      0.9139263716040557E+12     -0.8947328214392010E+15
  0.26100000E+03     -0.9830434103293458E+03      0.9668516411204801E+06     -0.9513982393098861E+09      0.9366581615869120E+12     -0.9226077114765292E+15
  0.26200000E+03     -0.9891120044323990E+03      0.9788138054763445E+06     -0.9690914190687984E+09      0.9599317640579449E+12     -0.9513226347012054E+15
  0.26300000E+03     -0.9952180159004605E+03      0.9909239597405646E+06     -0.9871137481496969E+09      0.9837839660321500E+12     -0.9809318628852019E+15
  0.26400000E+03     -0.1001361925092318E+04      0.1003183941903622E+07     -0.1005470638551924E+10      0.1008227262566437E+13     -0.1011459737144327E+16
  0.26500000E+03     -0.1007534778776666E+04      0.1015577954882044E+07     -0.1024142861371011E+10      0.1033243692126208E+13     -0.1042895540395523E+16
  0.26600000E+03     -0.1013748504806268E+04      0.1028130689587615E+07     -0.1043170166938664E+10      0.1058891842012040E+13     -0.1075321982616370E+16
  0.26700000E+03     -0.1020001065267897E+04      0.1040840460113718E+07     -0.1062555160832299E+10      0.1085184160339518E+13     -0.1108768587497168E+16
  0.26800000E+03     -0.1026279632100126E+04      0.1053681633355997E+07     -0.1082260849580445E+10      0.1112075246053320E+13     -0.1143186103235474E+16
  0.26900000E+03     -0.1032601084535411E+04      0.1066689485899349E+07     -0.1102343999206913E+10      0.1139648155472203E+13     -0.1178690534904160E+16
  0.27000000E+03     -0.1038954391166068E+04      0.1079843780951591E+07     -0.1122778671416293E+10      0.1167876613429730E+13     -0.1215262698226670E+16
  0.27100000E+03     -0.1045348888302377E+04      0.1093164584833873E+07     -0.1143598724632939E+10      0.1196813221940122E+13     -0.1252981026129021E+16
  0.27200000E+03     -0.1051780751097022E+04      0.1106645555357364E+07     -0.1164798319820619E+10      0.1226457644500114E+13     -0.1291857961736522E+16
  0.27300000E+03     -0.1058252457934606E+04      0.1120293837763147E+07     -0.1186393389024124E+10      0.1256840990391769E+13     -0.1331948837546196E+16
  0.27400000E+03     -0.1064764697196184E+04      0.1134112089264778E+07     -0.1208391665081890E+10      0.1287981373705944E+13     -0.1373290081647934E+16
  0.27500000E+03     -0.1071320697385519E+04      0.1148109103939292E+07     -0.1230811883324212E+10      0.1319914330268584E+13     -0.1415943889665556E+16
  0.27600000E+03     -0.1077922018725406E+04      0.1162289807595246E+07     -0.1253666212011225E+10      0.1352665727365623E+13     -0.1459959461620377E+16
  0.27700000E+03     -0.1084566013561571E+04      0.1176650237023018E+07     -0.1276952740710745E+10      0.1386241663670748E+13     -0.1505360106346543E+16
  0.27800000E+03     -0.1091247901707915E+04      0.1191181664358219E+07     -0.1300661681460693E+10      0.1420636850690841E+13     -0.1552154010366620E+16
  0.27900000E+03     -0.1097981832463968E+04      0.1205917412836757E+07     -0.1324853389106716E+10      0.1455950160989267E+13     -0.1600494641146446E+16
  0.28000000E+03     -0.1104755210124798E+04      0.1220830449126572E+07     -0.1349486166402429E+10      0.1492127280490321E+13     -0.1650320208514324E+16
  0.28100000E+03     -0.1111566891599873E+04      0.1235920382178531E+07     -0.1374564738362129E+10      0.1529185755391537E+13     -0.1701673213534357E+16
  0.28200000E+03     -0.1118423655464025E+04      0.1251203998077483E+07     -0.1400121853327812E+10      0.1567183957379048E+13     -0.1754652253352400E+16
  0.28300000E+03     -0.1125340615039419E+04      0.1266717611523133E+07     -0.1426224572268495E+10      0.1606233888484880E+13     -0.1809434623853901E+16
  0.28400000E+03     -0.1132293504453145E+04      0.1282407819421260E+07     -0.1452786732179747E+10      0.1646215109495341E+13     -0.1865867339672976E+16
  0.28500000E+03     -0.1139279948003206E+04      0.1298271419606492E+07     -0.1479808578516674E+10      0.1687139533532308E+13     -0.1923987746005750E+16
  0.28600000E+03     -0.1146313439044077E+04      0.1314340588779516E+07     -0.1507349620757707E+10      0.1729107544964843E+13     -0.1983957418944465E+16
  0.28700000E+03     -0.1153405318099391E+04      0.1330644168855169E+07     -0.1535466421087379E+10      0.1772219393993905E+13     -0.2045944246552779E+16
  0.28800000E+03     -0.1160538074165235E+04      0.1347143327308225E+07     -0.1564096617504069E+10      0.1816389814375357E+13     -0.2109845232031687E+16
  0.28900000E+03     -0.1167704685591935E+04      0.1363822983442042E+07     -0.1593218219009835E+10      0.1861594647999890E+13     -0.2175644350475245E+16
  0.29000000E+03     -0.1174931325929407E+04      0.1380747219688036E+07     -0.1622950901348594E+10      0.1908035266140554E+13     -0.2243662511388362E+16
  0.29100000E+03     -0.1182206194217998E+04      0.1397889983184241E+07     -0.1653253932955400E+10      0.1955659429747119E+13     -0.2313844999519663E+16
  0.29200000E+03     -0.1189543817745267E+04      0.1415287879200218E+07     -0.1684198534135497E+10      0.2004592939959341E+13     -0.2386402987251576E+16
  0.29300000E+03     -0.1196910989303155E+04      0.1432864475011872E+07     -0.1715655229282408E+10      0.2054645029694149E+13     -0.2461079867264106E+16
  0.29400000E+03     -0.1204337432554377E+04      0.1450692720011877E+07     -0.1747760645808684E+10      0.2106046606459624E+13     -0.2538246048487252E+16
  0.29500000E+03     -0.1211789675041411E+04      0.1468693144570913E+07     -0.1780375672876504E+10      0.2158585190191752E+13     -0.2617603660218388E+16
  0.29600000E+03     -0.1219309142064188E+04      0.1486969635120319E+07     -0.1813698052115420E+10      0.2212598780076554E+13     -0.2699698886997550E+16
  0.29700000E+03     -0.1226864012255593E+04      0.1505446037192511E+07     -0.1847593646348915E+10      0.2267881694041855E+13     -0.2784243198681694E+16
  0.29800000E+03     -0.1234471881253388E+04      0.1524167811470358E+07     -0.1882152899693109E+10      0.2324597150104806E+13     -0.2871516657731210E+16
  0.29900000E+03     -0.1242087610578974E+04      0.1543024739623259E+07     -0.1917176572639284E+10      0.2382429398446166E+13     -0.2961057267189624E+16
  0.30000000E+03     -0.1249784969516853E+04      0.1562202030576430E+07     -0.1953016111383462E+10      0.2441975528502510E+13     -0.3053822357911885E+16
  0.30100000E+03     -0.1257503982476843E+04      0.1581552221593911E+07     -0.1989402289876236E+10      0.2502803265814481E+13     -0.3149168871203828E+16
  0.30200000E+03     -0.1265285501334443E+04      0.1601180199648867E+07     -0.2026539809258630E+10      0.2565271994749493E+13     -0.3247694404800641E+16
  0.30300000E+03     -0.1273098586522972E+04      0.1621010027158509E+07     -0.2064291805851820E+10      0.2629167724048747E+13     -0.3349094543209242E+16
  0.30400000E+03     -0.1280974356934696E+04      0.1641122777152719E+07     -0.2102819484796716E+10      0.2694779760133485E+13     -0.3453862226996546E+16
  0.30500000E+03     -0.1288875065722515E+04      0.1661423392103442E+07     -0.2141946241120441E+10      0.2761821656716188E+13     -0.3561570831781194E+16
  0.30600000E+03     -0.1296805991198054E+04      0.1681927628266688E+07     -0.2181709646658972E+10      0.2830375226905625E+13     -0.3672387980645588E+16
  0.30700000E+03     -0.1304805140704932E+04      0.1702735512345274E+07     -0.2222310087529082E+10      0.2900802126433774E+13     -0.3786932741902418E+16
  0.30800000E+03     -0.1312833058147554E+04      0.1723747637041043E+07     -0.2263562993346448E+10      0.2972803848607646E+13     -0.3904763543194238E+16
  0.30900000E+03     -0.1320908230786478E+04      0.1745013341309642E+07     -0.2305570229395332E+10      0.3046572370188268E+13     -0.4026226689227920E+16
  0.31000000E+03     -0.1329019455423055E+04      0.1766505557416173E+07     -0.2348286279965496E+10      0.3122047237104749E+13     -0.4151263769309998E+16
  0.31100000E+03     -0.1337156094949469E+04      0.1788197386384505E+07     -0.2391663461338837E+10      0.3199160092618779E+13     -0.4279797279249141E+16
  0.31200000E+03     -0.1345360545608586E+04      0.1810204517158415E+07     -0.2435941706635046E+10      0.3278358541468947E+13     -0.4412618071478866E+16
  0.31300000E+03     -0.1353605460474932E+04      0.1832455662475592E+07     -0.2480985065552047E+10      0.3359418728352548E+13     -0.4549393057835399E+16
  0.31400000E+03     -0.1361878363032423E+04      0.1854919124172067E+07     -0.2526736693961585E+10      0.3442257519404238E+13     -0.4690024386791130E+16
  0.31500000E+03     -0.1370184584633167E+04      0.1877610948494308E+07     -0.2573235908569385E+10      0.3526964333580617E+13     -0.4834705356300104E+16
  0.31600000E+03     -0.1378556775619572E+04      0.1900622662877942E+07     -0.2620678475373406E+10      0.3613917009301312E+13     -0.4984128233393739E+16
  0.31700000E+03     -0.1386958081752894E+04      0.1923855645468578E+07     -0.2668870125182066E+10      0.3702782574279442E+13     -0.5137771630927614E+16
  0.31800000E+03     -0.1395388246471753E+04      0.1947310462582401E+07     -0.2717818226502206E+10      0.3793592572836151E+13     -0.5295732422537022E+16
  0.31900000E+03     -0.1403843191139525E+04      0.1970976943433689E+07     -0.2767507612753016E+10      0.3886336786128522E+13     -0.5458035607976548E+16
  0.32000000E+03     -0.1412355238593301E+04      0.1994947802960075E+07     -0.2818141308452847E+10      0.3981416594957100E+13     -0.5625434821175269E+16
  0.32100000E+03     -0.1420907075810926E+04      0.2019176961364800E+07     -0.2869631324506536E+10      0.4078691255137021E+13     -0.5797737568515863E+16
  0.32200000E+03     -0.1429483623585480E+04      0.2043623153275497E+07     -0.2921896823719385E+10      0.4178028101516165E+13     -0.5974756941215051E+16
  0.32300000E+03     -0.1438108453852788E+04      0.2068355106492421E+07     -0.2975091826394287E+10      0.4279740527050164E+13     -0.6157101045918337E+16
  0.32400000E+03     -0.1446755385720512E+04      0.2093299874280097E+07     -0.3029067846322165E+10      0.4383568029953947E+13     -0.6344357976922676E+16
  0.32500000E+03     -0.1455429277858454E+04      0.2118472932751988E+07     -0.3083865423068868E+10      0.4489609641373857E+13     -0.6536757795994960E+16
  0.32600000E+03     -0.1464165152398061E+04      0.2143977128210315E+07     -0.3139714976600508E+10      0.4598331486198579E+13     -0.6735196657666598E+16
  0.32700000E+03     -0.1472915704073303E+04      0.2169678054872157E+07     -0.3196334256074524E+10      0.4709215335547426E+13     -0.6938799776800825E+16
  0.32800000E+03     -0.1481692732189239E+04      0.2195610684075825E+07     -0.3253805070281962E+10      0.4822438705905880E+13     -0.7147939491439405E+16
  0.32900000E+03     -0.1490536786828072E+04      0.2221897696216146E+07     -0.3312409750277807E+10      0.4938586462820187E+13     -0.7363763912901809E+16
  0.33000000E+03     -0.1499384508889835E+04      0.2248352272402911E+07     -0.3371739303975741E+10      0.5056871137198761E+13     -0.7584868001282904E+16
  0.33100000E+03     -0.1508270984425404E+04      0.2275079558464531E+07     -0.3432034230109837E+10      0.5177789832697037E+13     -0.7812229378467880E+16
  0.33200000E+03     -0.1517202676290672E+04      0.2302102415595257E+07     -0.3493358000070799E+10      0.5301502070127594E+13     -0.8046224328391220E+16
  0.33300000E+03     -0.1526172893419292E+04      0.2329402403239256E+07     -0.3555677161676758E+10      0.5427965977186805E+13     -0.8286838498057626E+16
  0.33400000E+03     -0.1535143291414532E+04      0.2356863858142570E+07     -0.3618734356701015E+10      0.5556681585888757E+13     -0.8533179675477743E+16
  0.33500000E+03     -0.1544157504864299E+04      0.2384622006095093E+07     -0.3682848240802815E+10      0.5688324906088836E+13     -0.8786607604236390E+16
  0.33600000E+03     -0.1553188394533363E+04      0.2412593830226406E+07     -0.3747832724543957E+10      0.5822534441284253E+13     -0.9046483293858006E+16
  0.33700000E+03     -0.1562262738217392E+04      0.2440865164044491E+07     -0.3813898349495548E+10      0.5959777109940872E+13     -0.9313790635585576E+16
  0.33800000E+03     -0.1571375950327876E+04      0.2469423002333878E+07     -0.3881022231265296E+10      0.6100030336827616E+13     -0.9588552523726916E+16
  0.33900000E+03     -0.1580543250191019E+04      0.2498318360613162E+07     -0.3949336652102643E+10      0.6243605904546507E+13     -0.9871467740280018E+16
  0.34000000E+03     -0.1589701399382622E+04      0.2527352524470101E+07     -0.4018377823644156E+10      0.6389551295134769E+13     -0.1016072201380587E+17
  0.34100000E+03     -0.1598911174913718E+04      0.2556719769608222E+07     -0.4088616179937489E+10      0.6538888707345368E+13     -0.1045841583478007E+17
  0.34200000E+03     -0.1608150786019756E+04      0.2586352402247170E+07     -0.4159898779360490E+10      0.6691321970661572E+13     -0.1076403645902726E+17
  0.34300000E+03     -0.1617408880041412E+04      0.2616215731246289E+07     -0.4232151018566870E+10      0.6846720550701024E+13     -0.1107740052303115E+17
  0.34400000E+03     -0.1626714116506263E+04      0.2646404388148537E+07     -0.4305611954206544E+10      0.7005630682308236E+13     -0.1139969506738653E+17
  0.34500000E+03     -0.1636039985555602E+04      0.2676833039793590E+07     -0.4380080358884790E+10      0.7167641315893236E+13     -0.1173015657969251E+17
  0.34600000E+03     -0.1645396036032863E+04      0.2707534888420910E+07     -0.4455647371230914E+10      0.7332982831746758E+13     -0.1206934208143342E+17
  0.34700000E+03     -0.1654777895857357E+04      0.2738497821782810E+07     -0.4532293585487484E+10      0.7501646272164689E+13     -0.1241732394023972E+17
  0.34800000E+03     -0.1664184178251523E+04      0.2769718301799220E+07     -0.4610017815489433E+10      0.7673656689948480E+13     -0.1277423360567428E+17
  0.34900000E+03     -0.1673630582269520E+04      0.2801249869538175E+07     -0.4688961929524527E+10      0.7849358109719829E+13     -0.1314087025747624E+17
  0.35000000E+03     -0.1683096157696232E+04      0.2833023820240227E+07     -0.4768961986744751E+10      0.8028414754803196E+13     -0.1351661716950099E+17
  0.35100000E+03     -0.1692575831215860E+04      0.2865025365399503E+07     -0.4849991495037964E+10      0.8210802782932306E+13     -0.1390152264421232E+17
  0.35200000E+03     -0.1702108350127450E+04      0.2897386824387688E+07     -0.4932394493826871E+10      0.8397328461796256E+13     -0.1429737998126837E+17
  0.35300000E+03     -0.1711633578186261E+04      0.2929904614979739E+07     -0.5015659201061097E+10      0.8586859941327066E+13     -0.1470186829350768E+17
  0.35400000E+03     -0.1721172353817228E+04      0.2962650894951778E+07     -0.5099978212534667E+10      0.8779865324541898E+13     -0.1511607534154998E+17
  0.35500000E+03     -0.1730794475632664E+04      0.2995867418407358E+07     -0.5185984767700985E+10      0.8977830666606271E+13     -0.1554329455625924E+17
  0.35600000E+03     -0.1740420277038189E+04      0.3029281521930720E+07     -0.5272984230987597E+10      0.9179195375495959E+13     -0.1598026688544425E+17
  0.35700000E+03     -0.1750072926508060E+04      0.3062975323974661E+07     -0.5361200172699741E+10      0.9384511889289367E+13     -0.1642829390650094E+17
  0.35800000E+03     -0.1759753377799842E+04      0.3096953152033018E+07     -0.5450651973739988E+10      0.9593856704829463E+13     -0.1688763864157583E+17
  0.35900000E+03     -0.1769460095866043E+04      0.3131211830471755E+07     -0.5541342545036514E+10      0.9807275760628686E+13     -0.1735851571129567E+17
  0.36000000E+03     -0.1779178158377765E+04      0.3165699164504479E+07     -0.5633140435745818E+10      0.1002448840737935E+14     -0.1784039760322913E+17
  0.36100000E+03     -0.1788895873490329E+04      0.3200375151984181E+07     -0.5725948684618070E+10      0.1024530086383913E+14     -0.1833296263589349E+17
  0.36200000E+03     -0.1798669368532146E+04      0.3235438767473520E+07     -0.5820301836375642E+10      0.1047100277155579E+14     -0.1883915654726168E+17
  0.36300000E+03     -0.1808503469922721E+04      0.3270914424427723E+07     -0.5916290283703105E+10      0.1070188282997930E+14     -0.1935981938832171E+17
  0.36400000E+03     -0.1818338532117917E+04      0.3306585293148869E+07     -0.6013328542315224E+10      0.1093654939591894E+14     -0.1989188124395202E+17
  0.36500000E+03     -0.1828187810281508E+04      0.3342502965270951E+07     -0.6111572193381922E+10      0.1117542924844327E+14     -0.2043645540819497E+17
  0.36600000E+03     -0.1838043077505696E+04      0.3378635848827097E+07     -0.6210936231905595E+10      0.1141833311471721E+14     -0.2099318200384126E+17
  0.36700000E+03     -0.1847893319375629E+04      0.3414945969153687E+07     -0.6311328618469976E+10      0.1166508038113356E+14     -0.2156178110834625E+17
  0.36800000E+03     -0.1857758553584241E+04      0.3451504658979060E+07     -0.6412945556837594E+10      0.1191616495512759E+14     -0.2214345044354089E+17
  0.36900000E+03     -0.1867688442104579E+04      0.3488499673217433E+07     -0.6516324983154851E+10      0.1217296985929664E+14     -0.2274155147690280E+17
  0.37000000E+03     -0.1877646785835362E+04      0.3525798562201920E+07     -0.6621109412201375E+10      0.1243465307199388E+14     -0.2335426434169130E+17
  0.37100000E+03     -0.1887633780628658E+04      0.3563404609241163E+07     -0.6727321130605197E+10      0.1270131760547667E+14     -0.2398197560492582E+17
  0.37200000E+03     -0.1897640957898877E+04      0.3601286513953272E+07     -0.6834879435566224E+10      0.1297279533179547E+14     -0.2462440637986682E+17
  0.37300000E+03     -0.1907618954018723E+04      0.3639257336466520E+07     -0.6943259255273006E+10      0.1324779031737145E+14     -0.2527859476151507E+17
  0.37400000E+03     -0.1917646890183779E+04      0.3677618513071267E+07     -0.7053327982778577E+10      0.1352853647686523E+14     -0.2594997000538432E+17
  0.37500000E+03     -0.1927686718520501E+04      0.3716226680050319E+07     -0.7164686566204040E+10      0.1381406270895779E+14     -0.2663635834929791E+17
  0.37600000E+03     -0.1937730742316259E+04      0.3755053324049679E+07     -0.7277261947646667E+10      0.1410422076881546E+14     -0.2733753469757771E+17
  0.37700000E+03     -0.1947843528752013E+04      0.3794349232983744E+07     -0.7391790914496065E+10      0.1440095048013998E+14     -0.2805832374993686E+17
  0.37800000E+03     -0.1957925057258351E+04      0.3833727108008187E+07     -0.7507154706893810E+10      0.1470139501757268E+14     -0.2879192558747645E+17
  0.37900000E+03     -0.1968064763107680E+04      0.3873536742103636E+07     -0.7624385628629249E+10      0.1500827850703421E+14     -0.2954511809061281E+17
  0.38000000E+03     -0.1978186393292633E+04      0.3913481849417994E+07     -0.7742626574887065E+10      0.1531941400552461E+14     -0.3031271349279305E+17
  0.38100000E+03     -0.1988315799222059E+04      0.3953662792126094E+07     -0.7862175954007594E+10      0.1563560665722691E+14     -0.3109678782619354E+17
  0.38200000E+03     -0.1998491136291963E+04      0.3994231901249257E+07     -0.7983496153055047E+10      0.1595812017398672E+14     -0.3190061681155741E+17
  0.38300000E+03     -0.2008695389069660E+04      0.4035123220908749E+07     -0.8106401830511232E+10      0.1628651011834631E+14     -0.3272325451989693E+17
  0.38400000E+03     -0.2018934164783740E+04      0.4076363904475282E+07     -0.8230995088292030E+10      0.1662112116471050E+14     -0.3356578732939355E+17
  0.38500000E+03     -0.2029168248213990E+04      0.4117794243792598E+07     -0.8356794533292402E+10      0.1696068063263752E+14     -0.3442510475661210E+17
  0.38600000E+03     -0.2039362388847654E+04      0.4159272756406550E+07     -0.8483380768370160E+10      0.1730410154176170E+14     -0.3529861438589607E+17
  0.38700000E+03     -0.2049588796107861E+04      0.4201089491220048E+07     -0.8611633845413151E+10      0.1765377469918841E+14     -0.3619244946459684E+17
  0.38800000E+03     -0.2059838150856949E+04      0.4243211331747585E+07     -0.8741473902875687E+10      0.1800955900730330E+14     -0.3710648984438694E+17
  0.38900000E+03     -0.2070160811164475E+04      0.4285845143669713E+07     -0.8873544868282993E+10      0.1837325405234522E+14     -0.3804549511767923E+17
  0.39000000E+03     -0.2080433653490937E+04      0.4328485742768101E+07     -0.9006298503044228E+10      0.1874065999764418E+14     -0.3899883189633086E+17
  0.39100000E+03     -0.2090771344499491E+04      0.4371609975394287E+07     -0.9141228841581326E+10      0.1911595642024677E+14     -0.3997750938007532E+17
  0.39200000E+03     -0.2101068103755374E+04      0.4414774179985220E+07     -0.9276946779736065E+10      0.1949529523130518E+14     -0.4097158080757998E+17
  0.39300000E+03     -0.2111428567375616E+04      0.4458419978432937E+07     -0.9414856877519865E+10      0.1988266546671328E+14     -0.4199171371574993E+17
  0.39400000E+03     -0.2121757948234389E+04      0.4502149214690041E+07     -0.9553711299459188E+10      0.2027460939944734E+14     -0.4302897545457853E+17
  0.39500000E+03     -0.2132123889303986E+04      0.4546246291541513E+07     -0.9694413597702011E+10      0.2067369778734347E+14     -0.4409027327757078E+17
  0.39600000E+03     -0.2142494225086649E+04      0.4590577635826615E+07     -0.9836554506528702E+10      0.2107883633571504E+14     -0.4517292335832802E+17
  0.39700000E+03     -0.2152838409959845E+04      0.4635011910220584E+07     -0.9979717269256638E+10      0.2148886894478250E+14     -0.4627397285700882E+17
  0.39800000E+03     -0.2163229496760486E+04      0.4679863126001902E+07     -0.1012492090426381E+11      0.2190675412095379E+14     -0.4740152444901511E+17
  0.39900000E+03     -0.2173702971536360E+04      0.4725289388472884E+07     -0.1027270011109284E+11      0.2233411617353060E+14     -0.4856024485687683E+17
  0.40000000E+03     -0.2184126192625453E+04      0.4770713701795104E+07     -0.1042117901828049E+11      0.2276555309899914E+14     -0.4973560184312821E+17
  0.40100000E+03     -0.2194518912118972E+04      0.4816222486970020E+07     -0.1057064806378894E+11      0.2320195180041216E+14     -0.5093018278087900E+17
  0.40200000E+03     -0.2204915520714538E+04      0.4861964263066179E+07     -0.1072159501239637E+11      0.2364475609727776E+14     -0.5214804809680758E+17
  0.40300000E+03     -0.2215374761734950E+04      0.4908199254453498E+07     -0.1087489115494256E+11      0.2409657843378821E+14     -0.5339659242652506E+17
  0.40400000E+03     -0.2225821085775227E+04      0.4954596568826714E+07     -0.1102945648402722E+11      0.2455430635216682E+14     -0.5466746666130210E+17
  0.40500000E+03     -0.2236261294718047E+04      0.5001184982386109E+07     -0.1118538893295421E+11      0.2501825628152400E+14     -0.5596167900212288E+17
  0.40600000E+03     -0.2246694855519763E+04      0.5047960512016340E+07     -0.1134267658583523E+11      0.2548841716702148E+14     -0.5727932297603350E+17
  0.40700000E+03     -0.2257166144538506E+04      0.5095124526644415E+07     -0.1150201156975898E+11      0.2596692324819061E+14     -0.5862662046398645E+17
  0.40800000E+03     -0.2267675631772452E+04      0.5142680739021627E+07     -0.1166341870933278E+11      0.2645390665730928E+14     -0.6000416391085093E+17
  0.40900000E+03     -0.2278230281557934E+04      0.5190663877158844E+07     -0.1182703376667340E+11      0.2694985207316878E+14     -0.6141359632868453E+17
  0.41000000E+03     -0.2288650454870612E+04      0.5238254288840175E+07     -0.1199005853374304E+11      0.2744628835355878E+14     -0.6283093295679985E+17
  0.41100000E+03     -0.2299178807290971E+04      0.5286559547413872E+07     -0.1215629186981494E+11      0.2795481970467646E+14     -0.6428946851588599E+17
  0.41200000E+03     -0.2309717251062576E+04      0.5335132930116646E+07     -0.1232421472393977E+11      0.2847087595919860E+14     -0.6577637563221957E+17
  0.41300000E+03     -0.2320191918462779E+04      0.5383632153156748E+07     -0.1249264450556010E+11      0.2899084650688618E+14     -0.6728138129509210E+17
  0.41400000E+03     -0.2330632053673123E+04      0.5432191653844444E+07     -0.1266205169643747E+11      0.2951621642326512E+14     -0.6880894055774543E+17
  0.41500000E+03     -0.2341156180174505E+04      0.5481360051307957E+07     -0.1283434786532269E+11      0.3005292798456190E+14     -0.7037643430551457E+17
  0.41600000E+03     -0.2351710738906746E+04      0.5530894556239462E+07     -0.1300871519888959E+11      0.3059855789463780E+14     -0.7197721091570669E+17
  0.41700000E+03     -0.2362170874477690E+04      0.5580204730287784E+07     -0.1318306657375953E+11      0.3114656984177695E+14     -0.7359214299343842E+17
  0.41800000E+03     -0.2372714627433998E+04      0.5630131753192716E+07     -0.1336038975051020E+11      0.3170641884795216E+14     -0.7524934584542813E+17
  0.41900000E+03     -0.2383274201372697E+04      0.5680355062579932E+07     -0.1353955496934451E+11      0.3227458809010447E+14     -0.7693862392647470E+17
  0.42000000E+03     -0.2393761052387459E+04      0.5730453857898809E+07     -0.1371906920970245E+11      0.3284639073205764E+14     -0.7864625014770234E+17
  0.42100000E+03     -0.2404314273760935E+04      0.5781091798780166E+07     -0.1390131452308840E+11      0.3342944936877711E+14     -0.8039515992006374E+17
  0.42200000E+03     -0.2414803614721569E+04      0.5831644111667947E+07     -0.1408405011690352E+11      0.3401664220694973E+14     -0.8216419974711280E+17
  0.42300000E+03     -0.2425451433878757E+04      0.5883185149747510E+07     -0.1427117647850146E+11      0.3462058011883121E+14     -0.8399166402046845E+17
  0.42400000E+03     -0.2435856315101916E+04      0.5933769325647760E+07     -0.1445562771623632E+11      0.3521847385280176E+14     -0.8580870925379760E+17
  0.42500000E+03     -0.2446479218963993E+04      0.5985637455856814E+07     -0.1464558114511447E+11      0.3583687327957388E+14     -0.8769622329804571E+17
  0.42600000E+03     -0.2456951428960603E+04      0.6036990295301548E+07     -0.1483445848535070E+11      0.3645442128503560E+14     -0.8958926784274251E+17
  0.42700000E+03     -0.2467491753999163E+04      0.6088897829678193E+07     -0.1502619112308120E+11      0.3708398129840510E+14     -0.9152737347411810E+17
  0.42800000E+03     -0.2477963705441062E+04      0.6140690219703015E+07     -0.1521832035281486E+11      0.3771755373958065E+14     -0.9348621020258544E+17
  0.42900000E+03     -0.2488465830346100E+04      0.6192850226674672E+07     -0.1541262681207405E+11      0.3836099982556046E+14     -0.9548393745809994E+17
  0.43000000E+03     -0.2498973420600023E+04      0.6245261017555674E+07     -0.1560870421428098E+11      0.3901309324125137E+14     -0.9751718990068861E+17
  0.43100000E+03     -0.2509394880033679E+04      0.6297458546988589E+07     -0.1580479648493209E+11      0.3966795000681289E+14     -0.9956755526031477E+17
  0.43200000E+03     -0.2519937792991210E+04      0.6350485989104209E+07     -0.1600484249356135E+11      0.4033881394667627E+14     -0.1016768541675920E+18
  0.43300000E+03     -0.2530500486813818E+04      0.6403834576558211E+07     -0.1620693972816103E+11      0.4101938460640259E+14     -0.1038256010327671E+18
  0.43400000E+03     -0.2541036074942258E+04      0.6457269475419003E+07     -0.1641021304011874E+11      0.4170678708049244E+14     -0.1060050211308648E+18
  0.43500000E+03     -0.2551411933880680E+04      0.6510111095696861E+07     -0.1661205765031210E+11      0.4239217010763916E+14     -0.1081869895901523E+18
  0.43600000E+03     -0.2561792753525956E+04      0.6563193955697599E+07     -0.1681565222135245E+11      0.4308632034477205E+14     -0.1104059008842901E+18
  0.43700000E+03     -0.2572355266255232E+04      0.6617426906376148E+07     -0.1702450883728497E+11      0.4380132430572727E+14     -0.1127008213791460E+18
  0.43800000E+03     -0.2582793667479134E+04      0.6671242649367880E+07     -0.1723260969583212E+11      0.4451666638328507E+14     -0.1150062560294828E+18
  0.43900000E+03     -0.2593269163876562E+04      0.6725467941958477E+07     -0.1744314179000439E+11      0.4524329086029028E+14     -0.1173575169200773E+18
  0.44000000E+03     -0.2603784755083309E+04      0.6780119998584143E+07     -0.1765618534489058E+11      0.4598154443442578E+14     -0.1197560281721410E+18
  0.44100000E+03     -0.2614171028219524E+04      0.6834318556593085E+07     -0.1786831667387529E+11      0.4671961379110301E+14     -0.1221636517886127E+18
  0.44200000E+03     -0.2624582491766488E+04      0.6888866335719509E+07     -0.1808267062082994E+11      0.4746840581423142E+14     -0.1246160445397324E+18
  0.44300000E+03     -0.2635002340084584E+04      0.6943672382634041E+07     -0.1829888503568231E+11      0.4822666222494950E+14     -0.1271091841306461E+18
  0.44400000E+03     -0.2645353308912157E+04      0.6998333912918516E+07     -0.1851539185793691E+11      0.4898898096105336E+14     -0.1296257053019240E+18
  0.44500000E+03     -0.2655795018976515E+04      0.7053687826358666E+07     -0.1873548879472694E+11      0.4976693658856221E+14     -0.1322037746364914E+18
  0.44600000E+03     -0.2666161936522495E+04      0.7108865078109846E+07     -0.1895576076482452E+11      0.5054862441360920E+14     -0.1348045699672930E+18
  0.44700000E+03     -0.2676540890418097E+04      0.7164319262486723E+07     -0.1917799160285116E+11      0.5134030460617065E+14     -0.1374487709554679E+18
  0.44800000E+03     -0.2686865320037052E+04      0.7219697847616925E+07     -0.1940078722062353E+11      0.5213709965492905E+14     -0.1401204579765183E+18
  0.44900000E+03     -0.2697211043536005E+04      0.7275402860943799E+07     -0.1962575307062617E+11      0.5294473255880769E+14     -0.1428388387086591E+18
  0.45000000E+03     -0.2707506483177741E+04      0.7331052026364056E+07     -0.1985136471053325E+11      0.5375782444913448E+14     -0.1455862065738743E+18
  0.45100000E+03     -0.2717726596235872E+04      0.7386500644324633E+07     -0.2007700399573997E+11      0.5457405690863180E+14     -0.1483544988631505E+18
  0.45200000E+03     -0.2728046233085666E+04      0.7442701789295555E+07     -0.2030657384950363E+11      0.5540766071635406E+14     -0.1511924403524935E+18
  0.45300000E+03     -0.2738416148365312E+04      0.7499393387344232E+07     -0.2053903546729068E+11      0.5625500337459605E+14     -0.1540882227347423E+18
  0.45400000E+03     -0.2748706748367450E+04      0.7555862791143649E+07     -0.2077145609819873E+11      0.5710537999481915E+14     -0.1570052929875145E+18
  0.45500000E+03     -0.2758899049820196E+04      0.7611998967593928E+07     -0.2100335690745552E+11      0.5795698216691871E+14     -0.1599373343723427E+18
  0.45600000E+03     -0.2769152338585925E+04      0.7668686064680597E+07     -0.2123842527949053E+11      0.5882350363735962E+14     -0.1629321037291036E+18
  0.45700000E+03     -0.2779158072317305E+04      0.7724202654946833E+07     -0.2146946435021051E+11      0.5967822206767759E+14     -0.1658966585273937E+18
  0.45800000E+03     -0.2789431624139244E+04      0.7781417385924544E+07     -0.2170845678094294E+11      0.6056565525496974E+14     -0.1689861442697128E+18
  0.45900000E+03     -0.2799616637229228E+04      0.7838344521652479E+07     -0.2194710933652014E+11      0.6145503667993070E+14     -0.1720936290372796E+18
  0.46000000E+03     -0.2809828348461715E+04      0.7895632688179406E+07     -0.2218816670738811E+11      0.6235671410214444E+14     -0.1752557686409063E+18
  0.46100000E+03     -0.2819946945726836E+04      0.7952601029851560E+07     -0.2242873361221385E+11      0.6325976746883558E+14     -0.1784340326137342E+18
  0.46200000E+03     -0.2830032186464940E+04      0.8009584810912581E+07     -0.2267022699561515E+11      0.6416954327707664E+14     -0.1816474155760958E+18
  0.46300000E+03     -0.2840058280812738E+04      0.8066440140605733E+07     -0.2291205111038641E+11      0.6508387387808045E+14     -0.1848886161490722E+18
  0.46400000E+03     -0.2850137946935316E+04      0.8123797832358704E+07     -0.2315685947073062E+11      0.6601270354561708E+14     -0.1881926534716523E+18
  0.46500000E+03     -0.2860040487018615E+04      0.8180346996987656E+07     -0.2339907091055456E+11      0.6693493127736805E+14     -0.1914848105795977E+18
  0.46600000E+03     -0.2870028198398409E+04      0.8237579894824153E+07     -0.2364505935395853E+11      0.6787478244077699E+14     -0.1948514968801907E+18
  0.46700000E+03     -0.2879973476101247E+04      0.8294770134275270E+07     -0.2389172907611893E+11      0.6882055105051801E+14     -0.1982512927686367E+18
  0.46800000E+03     -0.2889914049361092E+04      0.8352127687998303E+07     -0.2413996177629957E+11      0.6977554965455170E+14     -0.2016959470050876E+18
  0.46900000E+03     -0.2899959649974584E+04      0.8410297179601153E+07     -0.2439260266896250E+11      0.7075095973722523E+14     -0.2052267202618417E+18
  0.47000000E+03     -0.2909864681471254E+04      0.8467845027497787E+07     -0.2464338171025076E+11      0.7172242775589606E+14     -0.2087550135385586E+18
  0.47100000E+03     -0.2919620581445019E+04      0.8524721726746745E+07     -0.2489208999993356E+11      0.7268919329526527E+14     -0.2122783236102813E+18
  0.47200000E+03     -0.2929395435333467E+04      0.8581901122312488E+07     -0.2514296541796088E+11      0.7366767366205784E+14     -0.2158563650001743E+18
  0.47300000E+03     -0.2939132489446619E+04      0.8639043559166383E+07     -0.2539448910033073E+11      0.7465185279519620E+14     -0.2194668732761665E+18
  0.47400000E+03     -0.2949003434525703E+04      0.8697172080204863E+07     -0.2565123821942849E+11      0.7565995368049778E+14     -0.2231779347957894E+18
  0.47500000E+03     -0.2958824775484675E+04      0.8755197835812759E+07     -0.2590837249186445E+11      0.7667287209273081E+14     -0.2269189380072051E+18
  0.47600000E+03     -0.2968587984517855E+04      0.8813070208479892E+07     -0.2616567208743830E+11      0.7768978141861909E+14     -0.2306870556078259E+18
  0.47700000E+03     -0.2978397266551797E+04      0.8871409710696634E+07     -0.2642591404936172E+11      0.7872175179641311E+14     -0.2345237412678840E+18
  0.47800000E+03     -0.2988046396839007E+04      0.8928984408533689E+07     -0.2668358419091258E+11      0.7974686458848053E+14     -0.2383473911565816E+18
  0.47900000E+03     -0.2997325386781540E+04      0.8984531185279693E+07     -0.2693298981246280E+11      0.8074233653175639E+14     -0.2420726032156506E+18
  0.48000000E+03     -0.3006880759774167E+04      0.9041904300752530E+07     -0.2719136947861174E+11      0.8177672468250561E+14     -0.2459550706880333E+18
  0.48100000E+03     -0.3016550401727722E+04      0.9100152174989833E+07     -0.2745454100198478E+11      0.8283371992418866E+14     -0.2499352833341971E+18
  0.48200000E+03     -0.3026153672275756E+04      0.9158181942728588E+07     -0.2771755056778307E+11      0.8389338225181581E+14     -0.2539380701765482E+18
  0.48300000E+03     -0.3035381265464739E+04      0.9214121516100010E+07     -0.2797190457329845E+11      0.8492147650229252E+14     -0.2578341332469824E+18
  0.48400000E+03     -0.3044906319785047E+04      0.9272039776962303E+07     -0.2823605578064322E+11      0.8599241595104980E+14     -0.2619049001935283E+18
  0.48500000E+03     -0.3054315591002709E+04      0.9329438301670790E+07     -0.2849867992754429E+11      0.8706059474873866E+14     -0.2659782565264382E+18
  0.48600000E+03     -0.3063645842067388E+04      0.9386520656987427E+07     -0.2876061854088206E+11      0.8812908962449369E+14     -0.2700646899056312E+18
  0.48700000E+03     -0.3072955330913461E+04      0.9443654056132289E+07     -0.2902361121901063E+11      0.8920523963389162E+14     -0.2741932756697276E+18
  0.48800000E+03     -0.3082348210038567E+04      0.9501475258261951E+07     -0.2929058259245657E+11      0.9030100524562688E+14     -0.2784099475791649E+18
  0.48900000E+03     -0.3091509908879269E+04      0.9558040478103153E+07     -0.2955252868991748E+11      0.9137932998269789E+14     -0.2825717951253536E+18
  0.49000000E+03     -0.3100759351772509E+04      0.9615320586662702E+07     -0.2981858979095557E+11      0.9247791690404725E+14     -0.2868247104186858E+18
  0.49100000E+03     -0.3109649937939200E+04      0.9670542122474685E+07     -0.3007585193839827E+11      0.9354333193671138E+14     -0.2909614773328135E+18
  0.49200000E+03     -0.3118901295226607E+04      0.9728166386869142E+07     -0.3034506405006336E+11      0.9466137683963581E+14     -0.2953148227257534E+18
  0.49300000E+03     -0.3127957599691723E+04      0.9784744332371064E+07     -0.3061017804447189E+11      0.9576569356783241E+14     -0.2996275693761196E+18
  0.49400000E+03     -0.3136943858735121E+04      0.9841045998260122E+07     -0.3087475546439758E+11      0.9687094153805259E+14     -0.3039563529571812E+18
  0.49500000E+03     -0.3145927530068135E+04      0.9897494289198190E+07     -0.3114078939666064E+11      0.9798548948471903E+14     -0.3083341915083064E+18
  0.49600000E+03     -0.3154808952172711E+04      0.9953459788491281E+07     -0.3140530286467888E+11      0.9909683967161417E+14     -0.3127119678943798E+18
  0.49700000E+03     -0.3163545641625928E+04      0.1000866561421919E+08     -0.3166694772915536E+11      0.1001991782561767E+15     -0.3170662551169011E+18
  0.49800000E+03     -0.3172556387783824E+04      0.1006576233897348E+08     -0.3193831125305394E+11      0.1013456616558856E+15     -0.3216075936418753E+18
  0.49900000E+03     -0.3181286654430717E+04      0.1012123059368100E+08     -0.3220264386316741E+11      0.1024654409544366E+15     -0.3260550669696394E+18
  0.50000000E+03     -0.3190049944744827E+04      0.1017707684069318E+08     -0.3246958171731825E+11      0.1035996729876068E+15     -0.3305735535973179E+18
  0.50100000E+03     -0.3198751710674056E+04      0.1023267147919834E+08     -0.3273599018686786E+11      0.1047345242429085E+15     -0.3351059661537729E+18
  0.50200000E+03     -0.3207524901446262E+04      0.1028888014789377E+08     -0.3300609890536649E+11      0.1058883751065509E+15     -0.3397272251734813E+18
  0.50300000E+03     -0.3216036702303706E+04      0.1034355392688307E+08     -0.3326950517180432E+11      0.1070164779131208E+15     -0.3442569373245430E+18
  0.50400000E+03     -0.3224173016602188E+04      0.1039596692988112E+08     -0.3352274956705126E+11      0.1081041958996732E+15     -0.3486371200404238E+18
  0.50500000E+03     -0.3232561603542578E+04      0.1045013502318043E+08     -0.3378510378592982E+11      0.1092337538511221E+15     -0.3531967408168225E+18
  0.50600000E+03     -0.3240878699238425E+04      0.1050397714347303E+08     -0.3404653786725283E+11      0.1103621927327485E+15     -0.3577633458647254E+18
  0.50700000E+03     -0.3249102244181301E+04      0.1055734897859065E+08     -0.3430634732529020E+11      0.1114864707768818E+15     -0.3623246836360355E+18
  0.50800000E+03     -0.3257412142866869E+04      0.1061142417980720E+08     -0.3457027824526678E+11      0.1126316100443845E+15     -0.3669829683764406E+18
  0.50900000E+03     -0.3265969200482141E+04      0.1066724983283198E+08     -0.3484344815070293E+11      0.1138198599140259E+15     -0.3718289567048488E+18
  0.51000000E+03     -0.3273907949780577E+04      0.1071917921491025E+08     -0.3509822761481630E+11      0.1149310595164776E+15     -0.3763727640304196E+18
