  0.00000000E+00     -0.1592976320159379E+01
  0.10000000E+01     -0.1153795201077784E+01
  0.20000000E+01     -0.1375537880004614E+01
  0.30000000E+01     -0.1970629916948354E+01
  0.40000000E+01     -0.2821303823255035E+01
  0.50000000E+01     -0.3862819051798190E+01
  0.60000000E+01     -0.5054236965310567E+01
  0.70000000E+01     -0.6367291093149960E+01
  0.80000000E+01     -0.7781636444214042E+01
  0.90000000E+01     -0.9281405717394673E+01
  0.10000000E+02     -0.1085393914734829E+02
  0.11000000E+02     -0.1248914903174881E+02
  0.12000000E+02     -0.1417864277159437E+02
  0.13000000E+02     -0.1591543317045729E+02
  0.14000000E+02     -0.1769342800252657E+02
  0.15000000E+02     -0.1950741818984220E+02
  0.16000000E+02     -0.2135301013533739E+02
  0.17000000E+02     -0.2322598662450138E+02
  0.18000000E+02     -0.2512275716409991E+02
  0.19000000E+02     -0.2704017502765444E+02
  0.20000000E+02     -0.2897545864951532E+02
  0.21000000E+02     -0.3092530406721612E+02
  0.22000000E+02     -0.3288763141943558E+02
  0.23000000E+02     -0.3486041271960814E+02
  0.24000000E+02     -0.3684127991281505E+02
  0.25000000E+02     -0.3882827470130388E+02
  0.26000000E+02     -0.4081971399938235E+02
  0.27000000E+02     -0.4281334502485498E+02
  0.28000000E+02     -0.4480790899518412E+02
  0.29000000E+02     -0.4680198495472520E+02
  0.30000000E+02     -0.4879349956018966E+02
  0.31000000E+02     -0.5078113023166250E+02
  0.32000000E+02     -0.5276375505601385E+02
  0.33000000E+02     -0.5473955781074844E+02
  0.34000000E+02     -0.5670721239994961E+02
  0.35000000E+02     -0.5866557927729921E+02
  0.36000000E+02     -0.6061360900101335E+02
  0.37000000E+02     -0.6254963237961520E+02
  0.38000000E+02     -0.6447301420554024E+02
  0.39000000E+02     -0.6638248989100344E+02
  0.40000000E+02     -0.6827756617088541E+02
  0.41000000E+02     -0.7015740655981580E+02
  0.42000000E+02     -0.7202111784037123E+02
  0.43000000E+02     -0.7386832826090625E+02
  0.44000000E+02     -0.7569894323833711E+02
  0.45000000E+02     -0.7751231610407341E+02
  0.46000000E+02     -0.7930851561314167E+02
  0.47000000E+02     -0.8108758389059122E+02
  0.48000000E+02     -0.8284974634028853E+02
  0.49000000E+02     -0.8459528021178269E+02
  0.50000000E+02     -0.8632386325688519E+02
  0.51000000E+02     -0.8803619966219790E+02
  0.52000000E+02     -0.8973250532359971E+02
  0.53000000E+02     -0.9141292047063320E+02
  0.54000000E+02     -0.9307796964113864E+02
  0.55000000E+02     -0.9472810255034238E+02
  0.56000000E+02     -0.9636341198371130E+02
  0.57000000E+02     -0.9798444971670625E+02
  0.58000000E+02     -0.9959169226011720E+02
  0.59000000E+02     -0.1011847891996847E+03
  0.60000000E+02     -0.1027643026920363E+03
  0.61000000E+02     -0.1043303323318796E+03
  0.62000000E+02     -0.1058828124033659E+03
  0.63000000E+02     -0.1074226266842913E+03
  0.64000000E+02     -0.1089491949467085E+03
  0.65000000E+02     -0.1104629039472856E+03
  0.66000000E+02     -0.1119637965259919E+03
  0.67000000E+02     -0.1134518595952706E+03
  0.68000000E+02     -0.1149277893259283E+03
  0.69000000E+02     -0.1163913861688626E+03
  0.70000000E+02     -0.1178422775480879E+03
  0.71000000E+02     -0.1192806134620553E+03
  0.72000000E+02     -0.1207067503789583E+03
  0.73000000E+02     -0.1221206777471192E+03
  0.74000000E+02     -0.1235224213488255E+03
  0.75000000E+02     -0.1249116740399371E+03
  0.76000000E+02     -0.1262890220615247E+03
  0.77000000E+02     -0.1276542661577670E+03
  0.78000000E+02     -0.1290074918857156E+03
  0.79000000E+02     -0.1303485228874094E+03
  0.80000000E+02     -0.1316787359627965E+03
  0.81000000E+02     -0.1329968527143794E+03
  0.82000000E+02     -0.1343038040867799E+03
  0.83000000E+02     -0.1355997623574573E+03
  0.84000000E+02     -0.1368845907702500E+03
  0.85000000E+02     -0.1381581662022189E+03
  0.86000000E+02     -0.1394208071271756E+03
  0.87000000E+02     -0.1406729924047042E+03
  0.88000000E+02     -0.1419148300706810E+03
  0.89000000E+02     -0.1431459987623619E+03
  0.90000000E+02     -0.1443674879942925E+03
  0.91000000E+02     -0.1455784875355579E+03
  0.92000000E+02     -0.1467794153158376E+03
  0.93000000E+02     -0.1479707078502733E+03
  0.94000000E+02     -0.1491524288872032E+03
  0.95000000E+02     -0.1503245250726989E+03
  0.96000000E+02     -0.1514870998524665E+03
  0.97000000E+02     -0.1526404652809638E+03
  0.98000000E+02     -0.1537848546331793E+03
  0.99000000E+02     -0.1549201909833488E+03
  0.10000000E+03     -0.1560465554872163E+03
  0.10100000E+03     -0.1571640570073759E+03
  0.10200000E+03     -0.1582727913158610E+03
  0.10300000E+03     -0.1593731707534751E+03
  0.10400000E+03     -0.1604641366624498E+03
  0.10500000E+03     -0.1615469347894573E+03
  0.10600000E+03     -0.1626210372173536E+03
  0.10700000E+03     -0.1636863610260427E+03
  0.10800000E+03     -0.1647427408446942E+03
  0.10900000E+03     -0.1657905313959351E+03
  0.11000000E+03     -0.1668300659031451E+03
  0.11100000E+03     -0.1678602401123021E+03
  0.11200000E+03     -0.1688814241280988E+03
  0.11300000E+03     -0.1698936717547558E+03
  0.11400000E+03     -0.1708973947772368E+03
  0.11500000E+03     -0.1718918800637822E+03
  0.11600000E+03     -0.1728774742956745E+03
  0.11700000E+03     -0.1738538539663020E+03
  0.11800000E+03     -0.1748207023317619E+03
  0.11900000E+03     -0.1757783170589956E+03
  0.12000000E+03     -0.1767268337215376E+03
  0.12100000E+03     -0.1776653727271302E+03
  0.12200000E+03     -0.1785937031646583E+03
  0.12300000E+03     -0.1795123397939816E+03
  0.12400000E+03     -0.1804209978198895E+03
  0.12500000E+03     -0.1813195834601493E+03
  0.12600000E+03     -0.1822080862658954E+03
  0.12700000E+03     -0.1830861072227896E+03
  0.12800000E+03     -0.1839533922259937E+03
  0.12900000E+03     -0.1848102098347809E+03
  0.13000000E+03     -0.1856562954830920E+03
  0.13100000E+03     -0.1864908217660759E+03
  0.13200000E+03     -0.1873144463122965E+03
  0.13300000E+03     -0.1881264106028848E+03
  0.13400000E+03     -0.1889269986481548E+03
  0.13500000E+03     -0.1897160392935717E+03
  0.13600000E+03     -0.1904932329900945E+03
  0.13700000E+03     -0.1912585211989563E+03
  0.13800000E+03     -0.1920122086332489E+03
  0.13900000E+03     -0.1927531333963330E+03
  0.14000000E+03     -0.1934813771597281E+03
  0.14100000E+03     -0.1941981149554994E+03
  0.14200000E+03     -0.1949022665386268E+03
  0.14300000E+03     -0.1955938477926098E+03
  0.14400000E+03     -0.1962735628374367E+03
  0.14500000E+03     -0.1969406954817951E+03
  0.14600000E+03     -0.1975957657574517E+03
  0.14700000E+03     -0.1982389345307672E+03
  0.14800000E+03     -0.1988700891239266E+03
  0.14900000E+03     -0.1994903112484588E+03
  0.15000000E+03     -0.2000994379466419E+03
  0.15100000E+03     -0.2006972616130094E+03
  0.15200000E+03     -0.2012844316868625E+03
  0.15300000E+03     -0.2018615126591357E+03
  0.15400000E+03     -0.2024290116915854E+03
  0.15500000E+03     -0.2029872026358048E+03
  0.15600000E+03     -0.2035365723636919E+03
  0.15700000E+03     -0.2040774775577619E+03
  0.15800000E+03     -0.2046100865360748E+03
  0.15900000E+03     -0.2051345479828072E+03
  0.16000000E+03     -0.2056509648691369E+03
  0.16100000E+03     -0.2061603707948439E+03
  0.16200000E+03     -0.2066620127869758E+03
  0.16300000E+03     -0.2071576109652458E+03
  0.16400000E+03     -0.2076464137218004E+03
  0.16500000E+03     -0.2081294047817042E+03
  0.16600000E+03     -0.2086062524065771E+03
  0.16700000E+03     -0.2090775747885205E+03
  0.16800000E+03     -0.2095435198140113E+03
  0.16900000E+03     -0.2100042542274137E+03
  0.17000000E+03     -0.2104599515474978E+03
  0.17100000E+03     -0.2109106555932476E+03
  0.17200000E+03     -0.2113568814694958E+03
  0.17300000E+03     -0.2117979677156160E+03
  0.17400000E+03     -0.2122343195433028E+03
  0.17500000E+03     -0.2126658846280082E+03
  0.17600000E+03     -0.2130932181522644E+03
  0.17700000E+03     -0.2135165517480288E+03
  0.17800000E+03     -0.2139358206684924E+03
  0.17900000E+03     -0.2143523654629198E+03
  0.18000000E+03     -0.2147633462096726E+03
  0.18100000E+03     -0.2151711501275795E+03
  0.18200000E+03     -0.2155755270687943E+03
  0.18300000E+03     -0.2159757458188944E+03
  0.18400000E+03     -0.2163721217878715E+03
  0.18500000E+03     -0.2167654139917280E+03
  0.18600000E+03     -0.2171554238413615E+03
  0.18700000E+03     -0.2175410097448048E+03
  0.18800000E+03     -0.2179230892855919E+03
  0.18900000E+03     -0.2183018999627118E+03
  0.19000000E+03     -0.2186770240737193E+03
  0.19100000E+03     -0.2190485755640266E+03
  0.19200000E+03     -0.2194167788601396E+03
  0.19300000E+03     -0.2197810221242771E+03
  0.19400000E+03     -0.2201422733917900E+03
  0.19500000E+03     -0.2204997349906108E+03
  0.19600000E+03     -0.2208541435093485E+03
  0.19700000E+03     -0.2212048983444163E+03
  0.19800000E+03     -0.2215516866528293E+03
  0.19900000E+03     -0.2218949684176520E+03
  0.20000000E+03     -0.2222349461964186E+03
  0.20100000E+03     -0.2225711516349276E+03
  0.20200000E+03     -0.2229041676903892E+03
  0.20300000E+03     -0.2232329407301839E+03
  0.20400000E+03     -0.2235581150457066E+03
  0.20500000E+03     -0.2238792428640969E+03
  0.20600000E+03     -0.2241969355943792E+03
  0.20700000E+03     -0.2245106742840730E+03
  0.20800000E+03     -0.2248203155852737E+03
  0.20900000E+03     -0.2251253865923939E+03
  0.21000000E+03     -0.2254257158565409E+03
  0.21100000E+03     -0.2257224821014442E+03
  0.21200000E+03     -0.2260138968541694E+03
  0.21300000E+03     -0.2263011815211709E+03
  0.21400000E+03     -0.2265832740100657E+03
  0.21500000E+03     -0.2268604141546672E+03
  0.21600000E+03     -0.2271323427100075E+03
  0.21700000E+03     -0.2273984942225952E+03
  0.21800000E+03     -0.2276587261655724E+03
  0.21900000E+03     -0.2279125177690587E+03
  0.22000000E+03     -0.2281602370192220E+03
  0.22100000E+03     -0.2284010315342888E+03
  0.22200000E+03     -0.2286346388806393E+03
  0.22300000E+03     -0.2288605288165391E+03
  0.22400000E+03     -0.2290790745285383E+03
  0.22500000E+03     -0.2292887596822694E+03
  0.22600000E+03     -0.2294898673840465E+03
  0.22700000E+03     -0.2296814779797518E+03
  0.22800000E+03     -0.2298638198723932E+03
  0.22900000E+03     -0.2300359891866054E+03
  0.23000000E+03     -0.2301978355712526E+03
  0.23100000E+03     -0.2303488262543927E+03
  0.23200000E+03     -0.2304888973703358E+03
  0.23300000E+03     -0.2306171120674095E+03
  0.23400000E+03     -0.2307332681593601E+03
  0.23500000E+03     -0.2308375566465616E+03
  0.23600000E+03     -0.2309294742041387E+03
  0.23700000E+03     -0.2310085622848107E+03
  0.23800000E+03     -0.2310754709522168E+03
  0.23900000E+03     -0.2311300372779137E+03
  0.24000000E+03     -0.2311715744188935E+03
  0.24100000E+03     -0.2312005631557517E+03
  0.24200000E+03     -0.2312169070867001E+03
  0.24300000E+03     -0.2312214896662833E+03
  0.24400000E+03     -0.2312137485294450E+03
  0.24500000E+03     -0.2311943267019808E+03
  0.24600000E+03     -0.2311626902872450E+03
  0.24700000E+03     -0.2311191646478026E+03
  0.24800000E+03     -0.2310647921661876E+03
  0.24900000E+03     -0.2309994553568461E+03
  0.25000000E+03     -0.2309230063313871E+03
  0.25100000E+03     -0.2308356875742022E+03
  0.25200000E+03     -0.2307377824052763E+03
  0.25300000E+03     -0.2306296314747319E+03
  0.25400000E+03     -0.2305114485560616E+03
  0.25500000E+03     -0.2303831216548371E+03
  0.25600000E+03     -0.2302447287387433E+03
  0.25700000E+03     -0.2300970378930192E+03
  0.25800000E+03     -0.2299396427248223E+03
  0.25900000E+03     -0.2297724986325953E+03
  0.26000000E+03     -0.2295961891898078E+03
  0.26100000E+03     -0.2294112834370987E+03
  0.26200000E+03     -0.2292171821376071E+03
  0.26300000E+03     -0.2290140853075126E+03
  0.26400000E+03     -0.2288021655598031E+03
  0.26500000E+03     -0.2285817194092694E+03
  0.26600000E+03     -0.2283527304305087E+03
  0.26700000E+03     -0.2281145655658197E+03
  0.26800000E+03     -0.2278677043599422E+03
  0.26900000E+03     -0.2276130064663516E+03
  0.27000000E+03     -0.2273496152868880E+03
  0.27100000E+03     -0.2270779808885385E+03
  0.27200000E+03     -0.2267973921666921E+03
  0.27300000E+03     -0.2265083190891095E+03
  0.27400000E+03     -0.2262110622418701E+03
  0.27500000E+03     -0.2259051520439788E+03
  0.27600000E+03     -0.2255905364952938E+03
  0.27700000E+03     -0.2252673500548215E+03
  0.27800000E+03     -0.2249348522193336E+03
  0.27900000E+03     -0.2245933052094364E+03
  0.28000000E+03     -0.2242423848339708E+03
  0.28100000E+03     -0.2238824655747162E+03
  0.28200000E+03     -0.2235150688438530E+03
  0.28300000E+03     -0.2231372909548774E+03
  0.28400000E+03     -0.2227502279520535E+03
  0.28500000E+03     -0.2223530983973251E+03
  0.28600000E+03     -0.2219478817991872E+03
  0.28700000E+03     -0.2215321310049683E+03
  0.28800000E+03     -0.2211064644939176E+03
  0.28900000E+03     -0.2206709025500338E+03
  0.29000000E+03     -0.2202248921942244E+03
  0.29100000E+03     -0.2197695391416229E+03
  0.29200000E+03     -0.2193018454593160E+03
  0.29300000E+03     -0.2188250872460200E+03
  0.29400000E+03     -0.2183367497275148E+03
  0.29500000E+03     -0.2178367942002271E+03
  0.29600000E+03     -0.2173268722316631E+03
  0.29700000E+03     -0.2168044184936008E+03
  0.29800000E+03     -0.2162718533728273E+03
  0.29900000E+03     -0.2157270316464523E+03
  0.30000000E+03     -0.2151717768162385E+03
  0.30100000E+03     -0.2146045301008321E+03
  0.30200000E+03     -0.2140249679524990E+03
  0.30300000E+03     -0.2134341536536539E+03
  0.30400000E+03     -0.2128303381484703E+03
  0.30500000E+03     -0.2122138685052423E+03
  0.30600000E+03     -0.2115852469162828E+03
  0.30700000E+03     -0.2109434215789963E+03
  0.30800000E+03     -0.2102909325909940E+03
  0.30900000E+03     -0.2096246405943273E+03
  0.31000000E+03     -0.2089471208780511E+03
  0.31100000E+03     -0.2082561976277769E+03
  0.31200000E+03     -0.2075516563666812E+03
  0.31300000E+03     -0.2068331722656993E+03
  0.31400000E+03     -0.2061010100321961E+03
  0.31500000E+03     -0.2053538598692481E+03
  0.31600000E+03     -0.2045937756738858E+03
  0.31700000E+03     -0.2038206428944478E+03
  0.31800000E+03     -0.2030308535819161E+03
  0.31900000E+03     -0.2022268077452018E+03
  0.32000000E+03     -0.2014066472652637E+03
  0.32100000E+03     -0.2005704769048173E+03
  0.32200000E+03     -0.1997209115418844E+03
  0.32300000E+03     -0.1988558587176546E+03
  0.32400000E+03     -0.1979772827719052E+03
  0.32500000E+03     -0.1970831836210982E+03
  0.32600000E+03     -0.1961753940999048E+03
  0.32700000E+03     -0.1952564871653232E+03
  0.32800000E+03     -0.1943232760380978E+03
  0.32900000E+03     -0.1933784033339348E+03
  0.33000000E+03     -0.1924224099190767E+03
  0.33100000E+03     -0.1914560438958109E+03
  0.33200000E+03     -0.1904808384620943E+03
  0.33300000E+03     -0.1894958667943761E+03
  0.33400000E+03     -0.1885038721945153E+03
  0.33500000E+03     -0.1875067291588180E+03
  0.33600000E+03     -0.1865003575028389E+03
  0.33700000E+03     -0.1854891472491939E+03
  0.33800000E+03     -0.1844725623429976E+03
  0.33900000E+03     -0.1834508169293146E+03
  0.34000000E+03     -0.1824270583454443E+03
  0.34100000E+03     -0.1814024873033786E+03
  0.34200000E+03     -0.1803739778045110E+03
  0.34300000E+03     -0.1793436164367810E+03
  0.34400000E+03     -0.1783154999704707E+03
  0.34500000E+03     -0.1772860486331202E+03
  0.34600000E+03     -0.1762544639071074E+03
  0.34700000E+03     -0.1752248513177524E+03
  0.34800000E+03     -0.1741971089716429E+03
  0.34900000E+03     -0.1731724553353414E+03
  0.35000000E+03     -0.1721485792129028E+03
  0.35100000E+03     -0.1711281796375474E+03
  0.35200000E+03     -0.1701138329998248E+03
  0.35300000E+03     -0.1691032212479725E+03
  0.35400000E+03     -0.1680942679641257E+03
  0.35500000E+03     -0.1670912253393939E+03
  0.35600000E+03     -0.1660937743102336E+03
  0.35700000E+03     -0.1651026293221138E+03
  0.35800000E+03     -0.1641163581602077E+03
  0.35900000E+03     -0.1631377622411989E+03
  0.36000000E+03     -0.1621700174095581E+03
  0.36100000E+03     -0.1612068199243632E+03
  0.36200000E+03     -0.1602514199316978E+03
  0.36300000E+03     -0.1593070428998006E+03
  0.36400000E+03     -0.1583708699968543E+03
  0.36500000E+03     -0.1574454966752100E+03
  0.36600000E+03     -0.1565315926479553E+03
  0.36700000E+03     -0.1556273331444736E+03
  0.36800000E+03     -0.1547346286923369E+03
  0.36900000E+03     -0.1538533878485225E+03
  0.37000000E+03     -0.1529837382072545E+03
  0.37100000E+03     -0.1521302211279457E+03
  0.37200000E+03     -0.1512920988435923E+03
  0.37300000E+03     -0.1504625829431713E+03
  0.37400000E+03     -0.1496492150966962E+03
  0.37500000E+03     -0.1488538477338517E+03
  0.37600000E+03     -0.1480736005995473E+03
  0.37700000E+03     -0.1473061124136939E+03
  0.37800000E+03     -0.1465559593444716E+03
  0.37900000E+03     -0.1458212859981628E+03
  0.38000000E+03     -0.1451024775022310E+03
  0.38100000E+03     -0.1444036707905300E+03
  0.38200000E+03     -0.1437214805870250E+03
  0.38300000E+03     -0.1430565973203411E+03
  0.38400000E+03     -0.1424127359114503E+03
  0.38500000E+03     -0.1417897221581355E+03
  0.38600000E+03     -0.1411899051581751E+03
  0.38700000E+03     -0.1406042592755896E+03
  0.38800000E+03     -0.1400425451873733E+03
  0.38900000E+03     -0.1395036543451808E+03
  0.39000000E+03     -0.1389868824648782E+03
  0.39100000E+03     -0.1384923464996315E+03
  0.39200000E+03     -0.1380284460482699E+03
  0.39300000E+03     -0.1375898613257937E+03
  0.39400000E+03     -0.1371666128272272E+03
  0.39500000E+03     -0.1367708571636323E+03
  0.39600000E+03     -0.1364049989287577E+03
  0.39700000E+03     -0.1360642730899169E+03
  0.39800000E+03     -0.1357482478847100E+03
  0.39900000E+03     -0.1354626835021241E+03
  0.40000000E+03     -0.1352048223985836E+03
  0.40100000E+03     -0.1349772955560666E+03
  0.40200000E+03     -0.1347778672674625E+03
  0.40300000E+03     -0.1346100202736986E+03
  0.40400000E+03     -0.1344712409559859E+03
  0.40500000E+03     -0.1343620051658668E+03
  0.40600000E+03     -0.1342893434796906E+03
  0.40700000E+03     -0.1342447689305935E+03
  0.40800000E+03     -0.1342352575146639E+03
  0.40900000E+03     -0.1342654621947785E+03
  0.41000000E+03     -0.1343205771667124E+03
  0.41100000E+03     -0.1344141771535699E+03
  0.41200000E+03     -0.1345449923326972E+03
  0.41300000E+03     -0.1347109346079552E+03
  0.41400000E+03     -0.1349106778694973E+03
  0.41500000E+03     -0.1351497211380810E+03
  0.41600000E+03     -0.1354313746576314E+03
  0.41700000E+03     -0.1357467548744733E+03
  0.41800000E+03     -0.1361031026193621E+03
  0.41900000E+03     -0.1364931373966447E+03
  0.42000000E+03     -0.1369313666489051E+03
  0.42100000E+03     -0.1374123020852593E+03
  0.42200000E+03     -0.1379299966228752E+03
  0.42300000E+03     -0.1384896476109730E+03
  0.42400000E+03     -0.1391086828296983E+03
  0.42500000E+03     -0.1397628112649986E+03
  0.42600000E+03     -0.1404591563923767E+03
  0.42700000E+03     -0.1412039469751704E+03
  0.42800000E+03     -0.1419935747211620E+03
  0.42900000E+03     -0.1428355421296428E+03
  0.43000000E+03     -0.1437195183831544E+03
  0.43100000E+03     -0.1446625544019106E+03
  0.43200000E+03     -0.1456484147527889E+03
  0.43300000E+03     -0.1466871663156248E+03
  0.43400000E+03     -0.1477713327460839E+03
  0.43500000E+03     -0.1489139069547449E+03
  0.43600000E+03     -0.1501038395068109E+03
  0.43700000E+03     -0.1513429471552968E+03
  0.43800000E+03     -0.1526519927299208E+03
  0.43900000E+03     -0.1540004594219002E+03
  0.44000000E+03     -0.1554103000507900E+03
  0.44100000E+03     -0.1568873505541745E+03
  0.44200000E+03     -0.1584083559212059E+03
  0.44300000E+03     -0.1599858071263353E+03
  0.44400000E+03     -0.1616187161608956E+03
  0.44500000E+03     -0.1633110848671436E+03
  0.44600000E+03     -0.1650667953408542E+03
  0.44700000E+03     -0.1668897482898597E+03
  0.44800000E+03     -0.1687772380506161E+03
  0.44900000E+03     -0.1707242309340213E+03
  0.45000000E+03     -0.1727342435248468E+03
  0.45100000E+03     -0.1748031623711759E+03
  0.45200000E+03     -0.1769261441192257E+03
  0.45300000E+03     -0.1791333819519111E+03
  0.45400000E+03     -0.1813928210250711E+03
  0.45500000E+03     -0.1837322887632969E+03
  0.45600000E+03     -0.1861400397552287E+03
  0.45700000E+03     -0.1886036517439302E+03
  0.45800000E+03     -0.1911507250830767E+03
  0.45900000E+03     -0.1937606781155771E+03
  0.46000000E+03     -0.1964548361066145E+03
  0.46100000E+03     -0.1992011560980949E+03
  0.46200000E+03     -0.2020214010582196E+03
  0.46300000E+03     -0.2049340302762281E+03
  0.46400000E+03     -0.2079151339961300E+03
  0.46500000E+03     -0.2109750119180211E+03
  0.46600000E+03     -0.2140975777655554E+03
  0.46700000E+03     -0.2173175379609059E+03
  0.46800000E+03     -0.2206044542684476E+03
  0.46900000E+03     -0.2239800661551600E+03
  0.47000000E+03     -0.2274400567796544E+03
  0.47100000E+03     -0.2309555301918830E+03
  0.47200000E+03     -0.2345632272620300E+03
  0.47300000E+03     -0.2382550487122235E+03
  0.47400000E+03     -0.2420277029574396E+03
  0.47500000E+03     -0.2458908341930609E+03
  0.47600000E+03     -0.2498257729463005E+03
  0.47700000E+03     -0.2538527808834761E+03
  0.47800000E+03     -0.2579671714730983E+03
  0.47900000E+03     -0.2621840350662011E+03
  0.48000000E+03     -0.2665000292684797E+03
  0.48100000E+03     -0.2709272679592394E+03
  0.48200000E+03     -0.2754371301813201E+03
  0.48300000E+03     -0.2800241768604955E+03
  0.48400000E+03     -0.2847034382553416E+03
  0.48500000E+03     -0.2894857742625754E+03
  0.48600000E+03     -0.2943650230244003E+03
  0.48700000E+03     -0.2993262604689334E+03
  0.48800000E+03     -0.3044056141078898E+03
  0.48900000E+03     -0.3095573980142544E+03
  0.49000000E+03     -0.3148200732815297E+03
  0.49100000E+03     -0.3201626630856093E+03
  0.49200000E+03     -0.3256377911449714E+03
  0.49300000E+03     -0.3311966025221334E+03
  0.49400000E+03     -0.3367287864301510E+03
  0.49500000E+03     -0.3386769601110526E+03
  0.49600000E+03     -0.3403510047938021E+03
  0.49700000E+03     -0.3420703934695595E+03
  0.49800000E+03     -0.3436911863321618E+03
  0.49900000E+03     -0.3443107746253678E+03
  0.50000000E+03     -0.3441452920101847E+03
  0.50100000E+03     -0.3518762694116645E+03
  0.50200000E+03     -0.3556539585455889E+03
  0.50300000E+03     -0.3605502573562364E+03
  0.50400000E+03     -0.3623038014240402E+03
  0.50500000E+03     -0.3642058201282275E+03
  0.50600000E+03     -0.3662552123870946E+03
  0.50700000E+03     -0.3684641355211695E+03
  0.50800000E+03     -0.3711045404616364E+03
  0.50900000E+03     -0.3829751189659781E+03
  0.51000000E+03     -0.3910146914759628E+03
