  0.00000000E+00     -0.1592737953152084E+01
  0.10000000E+01     -0.1153702062864993E+01
  0.20000000E+01     -0.1375630576363678E+01
  0.30000000E+01     -0.1970895302868302E+01
  0.40000000E+01     -0.2821492128732955E+01
  0.50000000E+01     -0.3862957234265258E+01
  0.60000000E+01     -0.5054533068110183E+01
  0.70000000E+01     -0.6367894471022131E+01
  0.80000000E+01     -0.7782424580285570E+01
  0.90000000E+01     -0.9282136187847136E+01
  0.10000000E+02     -0.1085449637737242E+02
  0.11000000E+02     -0.1248955699129572E+02
  0.12000000E+02     -0.1417902604762446E+02
  0.13000000E+02     -0.1591587495804975E+02
  0.14000000E+02     -0.1769404297328145E+02
  0.15000000E+02     -0.1950815326739035E+02
  0.16000000E+02     -0.2135375020793604E+02
  0.17000000E+02     -0.2322675996773096E+02
  0.18000000E+02     -0.2512346608807419E+02
  0.19000000E+02     -0.2704101743980063E+02
  0.20000000E+02     -0.2897599393871341E+02
  0.21000000E+02     -0.3092590898077480E+02
  0.22000000E+02     -0.3288848625812476E+02
  0.23000000E+02     -0.3486135355436963E+02
  0.24000000E+02     -0.3684254651865361E+02
  0.25000000E+02     -0.3882970969543256E+02
  0.26000000E+02     -0.4082109202662561E+02
  0.27000000E+02     -0.4281481684920901E+02
  0.28000000E+02     -0.4480948162297322E+02
  0.29000000E+02     -0.4680330757940250E+02
  0.30000000E+02     -0.4879489785835474E+02
  0.31000000E+02     -0.5078266343829129E+02
  0.32000000E+02     -0.5276519849218036E+02
  0.33000000E+02     -0.5474100700620943E+02
  0.34000000E+02     -0.5670870540295088E+02
  0.35000000E+02     -0.5866709742710061E+02
  0.36000000E+02     -0.6061496753787320E+02
  0.37000000E+02     -0.6255113517576559E+02
  0.38000000E+02     -0.6447465032383668E+02
  0.39000000E+02     -0.6638449982914878E+02
  0.40000000E+02     -0.6827930954482883E+02
  0.41000000E+02     -0.7015909354141691E+02
  0.42000000E+02     -0.7202294525406938E+02
  0.43000000E+02     -0.7387030506221852E+02
  0.44000000E+02     -0.7570082589942936E+02
  0.45000000E+02     -0.7751457814045372E+02
  0.46000000E+02     -0.7931121008249144E+02
  0.47000000E+02     -0.8109046797937714E+02
  0.48000000E+02     -0.8285241479235604E+02
  0.49000000E+02     -0.8459810416859295E+02
  0.50000000E+02     -0.8632673139148433E+02
  0.51000000E+02     -0.8803919013950299E+02
  0.52000000E+02     -0.8973543874862331E+02
  0.53000000E+02     -0.9141615291078863E+02
  0.54000000E+02     -0.9308154968888199E+02
  0.55000000E+02     -0.9473198508558310E+02
  0.56000000E+02     -0.9636796890386664E+02
  0.57000000E+02     -0.9798925506826214E+02
  0.58000000E+02     -0.9959598041353910E+02
  0.59000000E+02     -0.1011893377892063E+03
  0.60000000E+02     -0.1027687289804198E+03
  0.61000000E+02     -0.1043349560898891E+03
  0.62000000E+02     -0.1058879492308426E+03
  0.63000000E+02     -0.1074279128952644E+03
  0.64000000E+02     -0.1089546993180056E+03
  0.65000000E+02     -0.1104681535880030E+03
  0.66000000E+02     -0.1119692096926231E+03
  0.67000000E+02     -0.1134576147871626E+03
  0.68000000E+02     -0.1149329065256382E+03
  0.69000000E+02     -0.1163958740674233E+03
  0.70000000E+02     -0.1178462242443263E+03
  0.71000000E+02     -0.1192843106570752E+03
  0.72000000E+02     -0.1207101268675496E+03
  0.73000000E+02     -0.1221240666387575E+03
  0.74000000E+02     -0.1235254046999905E+03
  0.75000000E+02     -0.1249148142976395E+03
  0.76000000E+02     -0.1262922894669070E+03
  0.77000000E+02     -0.1276578536758286E+03
  0.78000000E+02     -0.1290113267509493E+03
  0.79000000E+02     -0.1303532075485258E+03
  0.80000000E+02     -0.1316831922920008E+03
  0.81000000E+02     -0.1330020045559262E+03
  0.82000000E+02     -0.1343091977139917E+03
  0.83000000E+02     -0.1356054593581138E+03
  0.84000000E+02     -0.1368905010263000E+03
  0.85000000E+02     -0.1381645596872902E+03
  0.86000000E+02     -0.1394276615915877E+03
  0.87000000E+02     -0.1406798561748735E+03
  0.88000000E+02     -0.1419218577908080E+03
  0.89000000E+02     -0.1431531770043084E+03
  0.90000000E+02     -0.1443744142794594E+03
  0.91000000E+02     -0.1455859148761204E+03
  0.92000000E+02     -0.1467877174916278E+03
  0.93000000E+02     -0.1479799353904286E+03
  0.94000000E+02     -0.1491628383939888E+03
  0.95000000E+02     -0.1503355425148777E+03
  0.96000000E+02     -0.1514983503174611E+03
  0.97000000E+02     -0.1526525529465391E+03
  0.98000000E+02     -0.1537975347122965E+03
  0.99000000E+02     -0.1549330327481060E+03
  0.10000000E+03     -0.1560597412974181E+03
  0.10100000E+03     -0.1571777745318729E+03
  0.10200000E+03     -0.1582865687222463E+03
  0.10300000E+03     -0.1593872824574274E+03
  0.10400000E+03     -0.1604787578524829E+03
  0.10500000E+03     -0.1615611787369488E+03
  0.10600000E+03     -0.1626353005746696E+03
  0.10700000E+03     -0.1637007245858943E+03
  0.10800000E+03     -0.1647576562970841E+03
  0.10900000E+03     -0.1658058492014297E+03
  0.11000000E+03     -0.1668453393490937E+03
  0.11100000E+03     -0.1678755122581604E+03
  0.11200000E+03     -0.1688972319929240E+03
  0.11300000E+03     -0.1699097067041213E+03
  0.11400000E+03     -0.1709134741551337E+03
  0.11500000E+03     -0.1719079178665240E+03
  0.11600000E+03     -0.1728937246857752E+03
  0.11700000E+03     -0.1738702579118114E+03
  0.11800000E+03     -0.1748377734126792E+03
  0.11900000E+03     -0.1757952893924231E+03
  0.12000000E+03     -0.1767437526534120E+03
  0.12100000E+03     -0.1776822072920174E+03
  0.12200000E+03     -0.1786111907067122E+03
  0.12300000E+03     -0.1795298953353884E+03
  0.12400000E+03     -0.1804389421407393E+03
  0.12500000E+03     -0.1813377758002800E+03
  0.12600000E+03     -0.1822264587850486E+03
  0.12700000E+03     -0.1831046170633712E+03
  0.12800000E+03     -0.1839715816447573E+03
  0.12900000E+03     -0.1848280173956158E+03
  0.13000000E+03     -0.1856732227849376E+03
  0.13100000E+03     -0.1865077815733228E+03
  0.13200000E+03     -0.1873305870068505E+03
  0.13300000E+03     -0.1881419421639518E+03
  0.13400000E+03     -0.1889424297041553E+03
  0.13500000E+03     -0.1897311711068754E+03
  0.13600000E+03     -0.1905080924622735E+03
  0.13700000E+03     -0.1912730145161147E+03
  0.13800000E+03     -0.1920257212233499E+03
  0.13900000E+03     -0.1927670108125452E+03
  0.14000000E+03     -0.1934954106503249E+03
  0.14100000E+03     -0.1942113683946139E+03
  0.14200000E+03     -0.1949151744256881E+03
  0.14300000E+03     -0.1956069195897915E+03
  0.14400000E+03     -0.1962858192853607E+03
  0.14500000E+03     -0.1969527798758472E+03
  0.14600000E+03     -0.1976082830143436E+03
  0.14700000E+03     -0.1982512508131689E+03
  0.14800000E+03     -0.1988825806061030E+03
  0.14900000E+03     -0.1995020818840111E+03
  0.15000000E+03     -0.2001107643898342E+03
  0.15100000E+03     -0.2007085245103214E+03
  0.15200000E+03     -0.2012955815156724E+03
  0.15300000E+03     -0.2018727229190550E+03
  0.15400000E+03     -0.2024404267590791E+03
  0.15500000E+03     -0.2029981745270359E+03
  0.15600000E+03     -0.2035473410878071E+03
  0.15700000E+03     -0.2040872694572089E+03
  0.15800000E+03     -0.2046194821718439E+03
  0.15900000E+03     -0.2051439483264928E+03
  0.16000000E+03     -0.2056611127019210E+03
  0.16100000E+03     -0.2061708060166058E+03
  0.16200000E+03     -0.2066735117438734E+03
  0.16300000E+03     -0.2071694490741275E+03
  0.16400000E+03     -0.2076589597588784E+03
  0.16500000E+03     -0.2081423609718541E+03
  0.16600000E+03     -0.2086196946546332E+03
  0.16700000E+03     -0.2090910084565723E+03
  0.16800000E+03     -0.2095568575833123E+03
  0.16900000E+03     -0.2100176748007910E+03
  0.17000000E+03     -0.2104727568478135E+03
  0.17100000E+03     -0.2109236652946792E+03
  0.17200000E+03     -0.2113695323694502E+03
  0.17300000E+03     -0.2118109288749869E+03
  0.17400000E+03     -0.2122478238251408E+03
  0.17500000E+03     -0.2126799870664859E+03
  0.17600000E+03     -0.2131076926960006E+03
  0.17700000E+03     -0.2135312122525175E+03
  0.17800000E+03     -0.2139516062919587E+03
  0.17900000E+03     -0.2143678337611928E+03
  0.18000000E+03     -0.2147800426969241E+03
  0.18100000E+03     -0.2151884088441389E+03
  0.18200000E+03     -0.2155931136107260E+03
  0.18300000E+03     -0.2159938822794612E+03
  0.18400000E+03     -0.2163901116959926E+03
  0.18500000E+03     -0.2167833404002772E+03
  0.18600000E+03     -0.2171727176376969E+03
  0.18700000E+03     -0.2175583286802050E+03
  0.18800000E+03     -0.2179406488494873E+03
  0.18900000E+03     -0.2183189151423997E+03
  0.19000000E+03     -0.2186940491004257E+03
  0.19100000E+03     -0.2190655583982489E+03
  0.19200000E+03     -0.2194333370203023E+03
  0.19300000E+03     -0.2197979633799714E+03
  0.19400000E+03     -0.2201591944720435E+03
  0.19500000E+03     -0.2205168502029678E+03
  0.19600000E+03     -0.2208711193854461E+03
  0.19700000E+03     -0.2212217365734927E+03
  0.19800000E+03     -0.2215687693926340E+03
  0.19900000E+03     -0.2219120365452004E+03
  0.20000000E+03     -0.2222520015036107E+03
  0.20100000E+03     -0.2225888643126672E+03
  0.20200000E+03     -0.2229216408750465E+03
  0.20300000E+03     -0.2232508112683611E+03
  0.20400000E+03     -0.2235762201591348E+03
  0.20500000E+03     -0.2238975072115421E+03
  0.20600000E+03     -0.2242148797170667E+03
  0.20700000E+03     -0.2245287070540949E+03
  0.20800000E+03     -0.2248381026431255E+03
  0.20900000E+03     -0.2251432964103710E+03
  0.21000000E+03     -0.2254441808535505E+03
  0.21100000E+03     -0.2257412404427684E+03
  0.21200000E+03     -0.2260335739978449E+03
  0.21300000E+03     -0.2263208083435480E+03
  0.21400000E+03     -0.2266034529754824E+03
  0.21500000E+03     -0.2268808098398038E+03
  0.21600000E+03     -0.2271526083290427E+03
  0.21700000E+03     -0.2274185408573122E+03
  0.21800000E+03     -0.2276788210420316E+03
  0.21900000E+03     -0.2279325989524137E+03
  0.22000000E+03     -0.2281802364836739E+03
  0.22100000E+03     -0.2284217119217237E+03
  0.22200000E+03     -0.2286560730188893E+03
  0.22300000E+03     -0.2288823813725757E+03
  0.22400000E+03     -0.2291010100094549E+03
  0.22500000E+03     -0.2293112000064335E+03
  0.22600000E+03     -0.2295129275620741E+03
  0.22700000E+03     -0.2297055085656133E+03
  0.22800000E+03     -0.2298879973014841E+03
  0.22900000E+03     -0.2300606513255043E+03
  0.23000000E+03     -0.2302231872256538E+03
  0.23100000E+03     -0.2303746936846379E+03
  0.23200000E+03     -0.2305150502827513E+03
  0.23300000E+03     -0.2306437609949605E+03
  0.23400000E+03     -0.2307605579825548E+03
  0.23500000E+03     -0.2308652186000452E+03
  0.23600000E+03     -0.2309574259370622E+03
  0.23700000E+03     -0.2310369643872079E+03
  0.23800000E+03     -0.2311040267624143E+03
  0.23900000E+03     -0.2311581268167213E+03
  0.24000000E+03     -0.2312002205569375E+03
  0.24100000E+03     -0.2312292533406754E+03
  0.24200000E+03     -0.2312457761702780E+03
  0.24300000E+03     -0.2312500840390725E+03
  0.24400000E+03     -0.2312423057439832E+03
  0.24500000E+03     -0.2312229808965637E+03
  0.24600000E+03     -0.2311918578975875E+03
  0.24700000E+03     -0.2311486676359035E+03
  0.24800000E+03     -0.2310943471481080E+03
  0.24900000E+03     -0.2310288892482797E+03
  0.25000000E+03     -0.2309519496429580E+03
  0.25100000E+03     -0.2308647768741282E+03
  0.25200000E+03     -0.2307674296242758E+03
  0.25300000E+03     -0.2306593548488505E+03
  0.25400000E+03     -0.2305408358269189E+03
  0.25500000E+03     -0.2304125366864922E+03
  0.25600000E+03     -0.2302739864100531E+03
  0.25700000E+03     -0.2301262731834747E+03
  0.25800000E+03     -0.2299690226543917E+03
  0.25900000E+03     -0.2298021738641168E+03
  0.26000000E+03     -0.2296263907432983E+03
  0.26100000E+03     -0.2294409683066830E+03
  0.26200000E+03     -0.2292465480861229E+03
  0.26300000E+03     -0.2290429169257667E+03
  0.26400000E+03     -0.2288306582429629E+03
  0.26500000E+03     -0.2286101805033829E+03
  0.26600000E+03     -0.2283807619798033E+03
  0.26700000E+03     -0.2281431134892987E+03
  0.26800000E+03     -0.2278967269602574E+03
  0.26900000E+03     -0.2276418224912495E+03
  0.27000000E+03     -0.2273781822479631E+03
  0.27100000E+03     -0.2271058719771977E+03
  0.27200000E+03     -0.2268253430593159E+03
  0.27300000E+03     -0.2265363845528116E+03
  0.27400000E+03     -0.2262385533090970E+03
  0.27500000E+03     -0.2259326484470173E+03
  0.27600000E+03     -0.2256180228997588E+03
  0.27700000E+03     -0.2252950530173154E+03
  0.27800000E+03     -0.2249632782553375E+03
  0.27900000E+03     -0.2246219961541157E+03
  0.28000000E+03     -0.2242724338241264E+03
  0.28100000E+03     -0.2239138048961611E+03
  0.28200000E+03     -0.2235453195219163E+03
  0.28300000E+03     -0.2231697865510404E+03
  0.28400000E+03     -0.2227841248956389E+03
  0.28500000E+03     -0.2223888130370994E+03
  0.28600000E+03     -0.2219835508202524E+03
  0.28700000E+03     -0.2215685574048741E+03
  0.28800000E+03     -0.2211424979844812E+03
  0.28900000E+03     -0.2207073503749539E+03
  0.29000000E+03     -0.2202613809358818E+03
  0.29100000E+03     -0.2198055337530739E+03
  0.29200000E+03     -0.2193382203603494E+03
  0.29300000E+03     -0.2188610947849637E+03
  0.29400000E+03     -0.2183728457514624E+03
  0.29500000E+03     -0.2178740870338434E+03
  0.29600000E+03     -0.2173638503345587E+03
  0.29700000E+03     -0.2168429295560119E+03
  0.29800000E+03     -0.2163108042147914E+03
  0.29900000E+03     -0.2157669647226483E+03
  0.30000000E+03     -0.2152119385494418E+03
  0.30100000E+03     -0.2146439051896513E+03
  0.30200000E+03     -0.2140654217433113E+03
  0.30300000E+03     -0.2134748019071376E+03
  0.30400000E+03     -0.2128729414198691E+03
  0.30500000E+03     -0.2122571846400408E+03
  0.30600000E+03     -0.2116295515138061E+03
  0.30700000E+03     -0.2109894214754230E+03
  0.30800000E+03     -0.2103375214438206E+03
  0.30900000E+03     -0.2096721787069106E+03
  0.31000000E+03     -0.2089945738875073E+03
  0.31100000E+03     -0.2083022604829809E+03
  0.31200000E+03     -0.2075980171281180E+03
  0.31300000E+03     -0.2068797820138571E+03
  0.31400000E+03     -0.2061476271531875E+03
  0.31500000E+03     -0.2054016438772144E+03
  0.31600000E+03     -0.2046409682052204E+03
  0.31700000E+03     -0.2038659348696746E+03
  0.31800000E+03     -0.2030758033245397E+03
  0.31900000E+03     -0.2022712195552363E+03
  0.32000000E+03     -0.2014515506513930E+03
  0.32100000E+03     -0.2006160667845412E+03
  0.32200000E+03     -0.1997663454531261E+03
  0.32300000E+03     -0.1989014833132444E+03
  0.32400000E+03     -0.1980225898226020E+03
  0.32500000E+03     -0.1971285435106575E+03
  0.32600000E+03     -0.1962208552732432E+03
  0.32700000E+03     -0.1953003606183197E+03
  0.32800000E+03     -0.1943685152689984E+03
  0.32900000E+03     -0.1934232431769854E+03
  0.33000000E+03     -0.1924656342173948E+03
  0.33100000E+03     -0.1914999854748133E+03
  0.33200000E+03     -0.1905250864949413E+03
  0.33300000E+03     -0.1895407809542062E+03
  0.33400000E+03     -0.1885496938133942E+03
  0.33500000E+03     -0.1875498449049616E+03
  0.33600000E+03     -0.1865438363657704E+03
  0.33700000E+03     -0.1855337189199079E+03
  0.33800000E+03     -0.1845178964128746E+03
  0.33900000E+03     -0.1834987449339768E+03
  0.34000000E+03     -0.1824774404863639E+03
  0.34100000E+03     -0.1814528457164885E+03
  0.34200000E+03     -0.1804262250082763E+03
  0.34300000E+03     -0.1793972298019501E+03
  0.34400000E+03     -0.1783676338662704E+03
  0.34500000E+03     -0.1773389169811919E+03
  0.34600000E+03     -0.1763079910034777E+03
  0.34700000E+03     -0.1752763668951569E+03
  0.34800000E+03     -0.1742490368667781E+03
  0.34900000E+03     -0.1732249473555238E+03
  0.35000000E+03     -0.1722012831646698E+03
  0.35100000E+03     -0.1711821882610483E+03
  0.35200000E+03     -0.1701668005752208E+03
  0.35300000E+03     -0.1691531782357450E+03
  0.35400000E+03     -0.1681463979164863E+03
  0.35500000E+03     -0.1671448109222987E+03
  0.35600000E+03     -0.1661457339127667E+03
  0.35700000E+03     -0.1651560311102313E+03
  0.35800000E+03     -0.1641754599582012E+03
  0.35900000E+03     -0.1631983713792234E+03
  0.36000000E+03     -0.1622274200697227E+03
  0.36100000E+03     -0.1612694713420682E+03
  0.36200000E+03     -0.1603180829165509E+03
  0.36300000E+03     -0.1593737028177935E+03
  0.36400000E+03     -0.1584399712647424E+03
  0.36500000E+03     -0.1575139170805342E+03
  0.36600000E+03     -0.1565983323887066E+03
  0.36700000E+03     -0.1556956768123740E+03
  0.36800000E+03     -0.1548033356877635E+03
  0.36900000E+03     -0.1539209565239281E+03
  0.37000000E+03     -0.1530522663286761E+03
  0.37100000E+03     -0.1521967866078442E+03
  0.37200000E+03     -0.1513541229597114E+03
  0.37300000E+03     -0.1505258957798885E+03
  0.37400000E+03     -0.1497124937460087E+03
  0.37500000E+03     -0.1489149632326223E+03
  0.37600000E+03     -0.1481295462362111E+03
  0.37700000E+03     -0.1473647439211015E+03
  0.37800000E+03     -0.1466121705712220E+03
  0.37900000E+03     -0.1458803013188123E+03
  0.38000000E+03     -0.1451638135963796E+03
  0.38100000E+03     -0.1444676982708702E+03
  0.38200000E+03     -0.1437853617901922E+03
  0.38300000E+03     -0.1431196224638834E+03
  0.38400000E+03     -0.1424782281305779E+03
  0.38500000E+03     -0.1418545834853224E+03
  0.38600000E+03     -0.1412534899333310E+03
  0.38700000E+03     -0.1406727128971421E+03
  0.38800000E+03     -0.1401198611542793E+03
  0.38900000E+03     -0.1395826409790122E+03
  0.39000000E+03     -0.1390666833357935E+03
  0.39100000E+03     -0.1385735252183118E+03
  0.39200000E+03     -0.1381056802954342E+03
  0.39300000E+03     -0.1376606891802607E+03
  0.39400000E+03     -0.1372421816660967E+03
  0.39500000E+03     -0.1368457873944698E+03
  0.39600000E+03     -0.1364764315300333E+03
  0.39700000E+03     -0.1361392195263009E+03
  0.39800000E+03     -0.1358257973777456E+03
  0.39900000E+03     -0.1355424292303578E+03
  0.40000000E+03     -0.1352868136264295E+03
  0.40100000E+03     -0.1350564446538850E+03
  0.40200000E+03     -0.1348511749767245E+03
  0.40300000E+03     -0.1346828976043333E+03
  0.40400000E+03     -0.1345474180598360E+03
  0.40500000E+03     -0.1344431368907833E+03
  0.40600000E+03     -0.1343645089261987E+03
  0.40700000E+03     -0.1343246835497793E+03
  0.40800000E+03     -0.1343188070243269E+03
  0.40900000E+03     -0.1343487438827622E+03
  0.41000000E+03     -0.1344103801751657E+03
  0.41100000E+03     -0.1345045022661189E+03
  0.41200000E+03     -0.1346338491510117E+03
  0.41300000E+03     -0.1348022644767564E+03
  0.41400000E+03     -0.1350095675951086E+03
  0.41500000E+03     -0.1352501126309031E+03
  0.41600000E+03     -0.1355278172432463E+03
  0.41700000E+03     -0.1358433725301883E+03
  0.41800000E+03     -0.1362062973007221E+03
  0.41900000E+03     -0.1366058462469782E+03
  0.42000000E+03     -0.1370552407266582E+03
  0.42100000E+03     -0.1375387089176820E+03
  0.42200000E+03     -0.1380668014453980E+03
  0.42300000E+03     -0.1386368123105273E+03
  0.42400000E+03     -0.1392418672776315E+03
  0.42500000E+03     -0.1398936125173065E+03
  0.42600000E+03     -0.1405944307972805E+03
  0.42700000E+03     -0.1413425501166880E+03
  0.42800000E+03     -0.1421386092512213E+03
  0.42900000E+03     -0.1429818007821290E+03
  0.43000000E+03     -0.1438580574359958E+03
  0.43100000E+03     -0.1447970023549703E+03
  0.43200000E+03     -0.1457879956256199E+03
  0.43300000E+03     -0.1468321324635255E+03
  0.43400000E+03     -0.1479089425598610E+03
  0.43500000E+03     -0.1490479973554623E+03
  0.43600000E+03     -0.1502389857596078E+03
  0.43700000E+03     -0.1514789186181270E+03
  0.43800000E+03     -0.1527953302713734E+03
  0.43900000E+03     -0.1541409331101102E+03
  0.44000000E+03     -0.1555494531219426E+03
  0.44100000E+03     -0.1570151807265851E+03
  0.44200000E+03     -0.1585438059129493E+03
  0.44300000E+03     -0.1601234216018549E+03
  0.44400000E+03     -0.1617712171433820E+03
  0.44500000E+03     -0.1634610413167030E+03
  0.44600000E+03     -0.1652149849041537E+03
  0.44700000E+03     -0.1670364495528444E+03
  0.44800000E+03     -0.1689019103180879E+03
  0.44900000E+03     -0.1708457922718092E+03
  0.45000000E+03     -0.1728560149722319E+03
  0.45100000E+03     -0.1749234806549235E+03
  0.45200000E+03     -0.1770651945191401E+03
  0.45300000E+03     -0.1792581216804492E+03
  0.45400000E+03     -0.1815119708135718E+03
  0.45500000E+03     -0.1838478434396293E+03
  0.45600000E+03     -0.1862580702977805E+03
  0.45700000E+03     -0.1887229682182597E+03
  0.45800000E+03     -0.1912703665310282E+03
  0.45900000E+03     -0.1938723212150211E+03
  0.46000000E+03     -0.1965466673873480E+03
  0.46100000E+03     -0.1992976699659276E+03
  0.46200000E+03     -0.2021327615968260E+03
  0.46300000E+03     -0.2050297212994120E+03
  0.46400000E+03     -0.2080078899164920E+03
  0.46500000E+03     -0.2110579654952702E+03
  0.46600000E+03     -0.2141972324769186E+03
  0.46700000E+03     -0.2173994702127946E+03
  0.46800000E+03     -0.2207084512652407E+03
  0.46900000E+03     -0.2240709128353757E+03
  0.47000000E+03     -0.2275312889604714E+03
  0.47100000E+03     -0.2310613663233357E+03
  0.47200000E+03     -0.2346846089909781E+03
  0.47300000E+03     -0.2383957597131090E+03
  0.47400000E+03     -0.2421702802891122E+03
  0.47500000E+03     -0.2460332910311245E+03
  0.47600000E+03     -0.2500105116110616E+03
  0.47700000E+03     -0.2540376704068507E+03
  0.47800000E+03     -0.2581465503667765E+03
  0.47900000E+03     -0.2623768333371946E+03
  0.48000000E+03     -0.2666894446781415E+03
  0.48100000E+03     -0.2710936096758286E+03
  0.48200000E+03     -0.2755755818526982E+03
  0.48300000E+03     -0.2801544346835189E+03
  0.48400000E+03     -0.2848328297572197E+03
  0.48500000E+03     -0.2896000550359165E+03
  0.48600000E+03     -0.2944520126044930E+03
  0.48700000E+03     -0.2994123392989187E+03
  0.48800000E+03     -0.3044610163562035E+03
  0.48900000E+03     -0.3096309083700894E+03
  0.49000000E+03     -0.3148992385603349E+03
  0.49100000E+03     -0.3201627673905862E+03
  0.49200000E+03     -0.3231840377779246E+03
  0.49300000E+03     -0.3247135428569882E+03
  0.49400000E+03     -0.3261021386536359E+03
  0.49500000E+03     -0.3295730623255535E+03
  0.49600000E+03     -0.3329877756359248E+03
  0.49700000E+03     -0.3368989940929117E+03
  0.49800000E+03     -0.3410454331363539E+03
  0.49900000E+03     -0.3441054030484109E+03
  0.50000000E+03     -0.3473807492159867E+03
  0.50100000E+03     -0.3507588878491432E+03
  0.50200000E+03     -0.3542981774228645E+03
  0.50300000E+03     -0.3573612278404196E+03
  0.50400000E+03     -0.3600028319257044E+03
  0.50500000E+03     -0.3628882960356932E+03
  0.50600000E+03     -0.3658527141297772E+03
  0.50700000E+03     -0.3687300039593041E+03
  0.50800000E+03     -0.3716570111240195E+03
  0.50900000E+03     -0.3801277094951737E+03
  0.51000000E+03     -0.3841349528725315E+03
