  0.00000000E+00     -0.2046552627504513E-08      0.5132741255474850E-17     -0.1473243649541602E-25      0.4723765864180542E-34     -0.1654172784108139E-42
  0.10000000E+01     -0.6057420482801244E-03      0.3669234290566555E-06     -0.2222609494787587E-09      0.1346328027906891E-12     -0.8155274972934675E-16
  0.20000000E+01     -0.3497500109310878E-01      0.2047934815726076E-01     -0.1338726919438886E-01      0.2039884777506551E-01      0.2171965088261087E-01
  0.30000000E+01     -0.1030805130215681E+00      0.6884771352676478E-01     -0.5479980039521029E-01      0.9010393568299295E-01      0.2153492569557267E-01
  0.40000000E+01     -0.2049121357587292E+00      0.1590300048260050E+00     -0.1567344269549953E+00      0.2661359970948849E+00     -0.2188733197370757E+00
  0.50000000E+01     -0.3405462820207441E+00      0.3124531460018496E+00     -0.3740040426388132E+00      0.6979825817268857E+00     -0.9719608317808056E+00
  0.60000000E+01     -0.5101566143676852E+00      0.5570160649966146E+00     -0.8004374552542609E+00      0.1638001945558752E+01     -0.3323895208204833E+01
  0.70000000E+01     -0.7135874263632678E+00      0.9276872041432894E+00     -0.1573224389459553E+01      0.3591606603135163E+01     -0.8888395714268457E+01
  0.80000000E+01     -0.9507788686163462E+00      0.1466139478880700E+01     -0.2906532328370441E+01      0.7432090947471465E+01     -0.2158432982967354E+02
  0.90000000E+01     -0.1221643837034774E+01      0.2220185630071791E+01     -0.5090976037403598E+01      0.1457642408443647E+02     -0.4818821937573446E+02
  0.10000000E+02     -0.1526631769628016E+01      0.3247508851290113E+01     -0.8547130635592499E+01      0.2740170136297232E+02     -0.1015869757051171E+03
  0.11000000E+02     -0.1865589098692155E+01      0.4609145304998452E+01     -0.1382496078434203E+02      0.4948978120178331E+02     -0.2042232769109191E+03
  0.12000000E+02     -0.2238540048711078E+01      0.6376218709406031E+01     -0.2166472569774798E+02      0.8636020566571797E+02     -0.3940100713270276E+03
  0.13000000E+02     -0.2645539199133353E+01      0.8623749732005642E+01     -0.3299795721277796E+02      0.1459734954218904E+03     -0.7332152866821356E+03
  0.14000000E+02     -0.3085626522523020E+01      0.1143045867991668E+02     -0.4899023567867695E+02      0.2396693972054334E+03     -0.1320157716870828E+04
  0.15000000E+02     -0.3560451280290855E+01      0.1489625485991507E+02     -0.7118518015561169E+02      0.3841009358381473E+03     -0.2315870211949776E+04
  0.16000000E+02     -0.4068906274671008E+01      0.1911204010829277E+02     -0.1013708938689158E+03      0.6011892113047221E+03     -0.3953427617075951E+04
  0.17000000E+02     -0.4611168556787080E+01      0.2417982848838629E+02     -0.1417157098831871E+03      0.9206728806063473E+03     -0.6586194872205378E+04
  0.18000000E+02     -0.5187373441724636E+01      0.3021592979789301E+02     -0.1949419496623986E+03      0.1383328344767129E+04     -0.1073867194456586E+05
  0.19000000E+02     -0.5797241619218113E+01      0.3733202562588776E+02     -0.2641555245146848E+03      0.2041928813274525E+04     -0.1716939235800766E+05
  0.20000000E+02     -0.6441893546861770E+01      0.4566662988192860E+02     -0.3531709239770586E+03      0.2965364730566168E+04     -0.2693705912340984E+05
  0.21000000E+02     -0.7119423870215867E+01      0.5532840968812008E+02     -0.4661044581536000E+03      0.4239542423094016E+04     -0.4151681012385336E+05
  0.22000000E+02     -0.7832027317579057E+01      0.6648653619631472E+02     -0.6083117294243841E+03      0.5978655467768780E+04     -0.6297114346214673E+05
  0.23000000E+02     -0.8578137917032652E+01      0.7926291901231416E+02     -0.7853178744288138E+03      0.8320017514617388E+04     -0.9407528307379606E+05
  0.24000000E+02     -0.9357426509529178E+01      0.9380216619546182E+02     -0.1003597364703639E+04      0.1143452353024380E+05     -0.1385240900099951E+06
  0.25000000E+02     -0.1017223933459580E+02      0.1103118679706906E+03     -0.1271479988607989E+04      0.1554805061674846E+05     -0.2014592363251814E+06
  0.26000000E+02     -0.1102066414082095E+02      0.1289206788218169E+03     -0.1596892364312728E+04      0.2091231121191084E+05     -0.2892421982335037E+06
  0.27000000E+02     -0.1190228653015234E+02      0.1497889716436484E+03     -0.1989205065558425E+04      0.2784138308848625E+05     -0.4103654507707612E+06
  0.28000000E+02     -0.1281823025123970E+02      0.1731253449867275E+03     -0.2459752384679868E+04      0.3672742608503406E+05     -0.5759707695442784E+06
  0.29000000E+02     -0.1376913006892539E+02      0.1991352286834546E+03     -0.3021012598850570E+04      0.4803673416238368E+05     -0.8002202939225534E+06
  0.30000000E+02     -0.1475316018247133E+02      0.2279579039201948E+03     -0.3685141302312198E+04      0.6229007309824333E+05     -0.1100552952118847E+07
  0.31000000E+02     -0.1577278309352062E+02      0.2598832501442683E+03     -0.4469368454783754E+04      0.8018740258796085E+05     -0.1500587318238568E+07
  0.32000000E+02     -0.1682364693036340E+02      0.2949746574768649E+03     -0.5386463138171951E+04      0.1024051130304045E+06     -0.2026651776459018E+07
  0.33000000E+02     -0.1791043513392411E+02      0.3335968574722487E+03     -0.6458317588664068E+04      0.1299225754761380E+06     -0.2715725578762765E+07
  0.34000000E+02     -0.1903099724550246E+02      0.3758960107421081E+03     -0.7702750083813449E+04      0.1637271609352575E+06     -0.3609854527100503E+07
  0.35000000E+02     -0.2018467467885838E+02      0.4220823224063919E+03     -0.9141083468228228E+04      0.2050112043121468E+06     -0.4761600212915040E+07
  0.36000000E+02     -0.2137296092237738E+02      0.4724440129589253E+03     -0.1079853839610782E+05      0.2552050468635054E+06     -0.6236767764978811E+07
  0.37000000E+02     -0.2259426057189485E+02      0.5271631393991100E+03     -0.1269935659106997E+05      0.3158729612290260E+06     -0.8113175995486647E+07
  0.38000000E+02     -0.2384854926910567E+02      0.5864648456562534E+03     -0.1486975306192474E+05      0.3887451255827088E+06     -0.1048058118934500E+08
  0.39000000E+02     -0.2513869929985649E+02      0.6507743339279871E+03     -0.1734796625036707E+05      0.4762445214975509E+06     -0.1346618871809080E+08
  0.40000000E+02     -0.2646164633283501E+02      0.7201691448039912E+03     -0.2015837882865033E+05      0.5803961569916798E+06     -0.1719170469903148E+08
  0.41000000E+02     -0.2781739037008218E+02      0.7949461121869952E+03     -0.2333907583031481E+05      0.7040628460984991E+06     -0.2182772921601037E+08
  0.42000000E+02     -0.2920791825195181E+02      0.8754651130539214E+03     -0.2693069582006909E+05      0.8503412350722578E+06     -0.2756576137213987E+08
  0.43000000E+02     -0.3063147612120114E+02      0.9619289416251778E+03     -0.3097216967803523E+05      0.1022657655155803E+07     -0.3463541350535077E+08
  0.44000000E+02     -0.3208902749900532E+02      0.1054650421351500E+04     -0.3550660474971378E+05      0.1224723880689821E+07     -0.4329105997551149E+08
  0.45000000E+02     -0.3358074253737150E+02      0.1153965363449305E+04     -0.4058517298761930E+05      0.1461161017931403E+07     -0.5386285986115929E+08
  0.46000000E+02     -0.3510536487526557E+02      0.1260086827009169E+04     -0.4625388388006762E+05      0.1736621813079959E+07     -0.6670807574564176E+08
  0.47000000E+02     -0.3666348949894914E+02      0.1373357255074203E+04     -0.5256816030180796E+05      0.2056578531887626E+07     -0.8225506559955518E+08
  0.48000000E+02     -0.3825499737815479E+02      0.1494092076563967E+04     -0.5958623192712133E+05      0.2427114114325935E+07     -0.1010002158151653E+09
  0.49000000E+02     -0.3988112172599207E+02      0.1622693421804601E+04     -0.6737328294771528E+05      0.2855074245817734E+07     -0.1235195571520467E+09
  0.50000000E+02     -0.4153825174283097E+02      0.1759180166826544E+04     -0.7597474227218181E+05      0.3346742258578788E+07     -0.1504108465454568E+09
  0.51000000E+02     -0.4322852943072230E+02      0.1904084637148881E+04     -0.8547341620745204E+05      0.3911124062508431E+07     -0.1824759564454666E+09
  0.52000000E+02     -0.4495288495361392E+02      0.2057825521970514E+04     -0.9594860429098210E+05      0.4557699634558666E+07     -0.2206164803771150E+09
  0.53000000E+02     -0.4671456619079556E+02      0.2221045358700586E+04     -0.1074986082871194E+06      0.5297701326782217E+07     -0.2659011664768955E+09
  0.54000000E+02     -0.4850524757425757E+02      0.2393335245249642E+04     -0.1201523724671345E+06      0.6138656819805062E+07     -0.3192520056455525E+09
  0.55000000E+02     -0.5032823797991637E+02      0.2575319122935752E+04     -0.1340126079272539E+06      0.7093368035649979E+07     -0.3819939710954722E+09
  0.56000000E+02     -0.5218427060877619E+02      0.2767414910114635E+04     -0.1491735315126656E+06      0.8175020466029806E+07     -0.4555857691870847E+09
  0.57000000E+02     -0.5407234605209823E+02      0.2969925738875327E+04     -0.1657286560807955E+06      0.9397788298120411E+07     -0.5416652139712652E+09
  0.58000000E+02     -0.5599329160242548E+02      0.3183291531942579E+04     -0.1837835364052574E+06      0.1077752643014008E+08     -0.6421146740351881E+09
  0.59000000E+02     -0.5794536429375486E+02      0.3407701932441120E+04     -0.2034291303637082E+06      0.1233003311758581E+08     -0.7589467906643481E+09
  0.60000000E+02     -0.5993019594236952E+02      0.3643697905558369E+04     -0.2247884231734046E+06      0.1407441923257450E+08     -0.8945555644932146E+09
  0.61000000E+02     -0.6194579340826265E+02      0.3891440885426343E+04     -0.2479588783966291E+06      0.1602910109241498E+08     -0.1051462367614495E+10
  0.62000000E+02     -0.6399620217313699E+02      0.4151844756621944E+04     -0.2731139817490499E+06      0.1822012176217537E+08     -0.1232980930919915E+10
  0.63000000E+02     -0.6608214062377778E+02      0.4425370950874602E+04     -0.3003851240688902E+06      0.2067077852926072E+08     -0.1442366186680377E+10
  0.64000000E+02     -0.6819572719233538E+02      0.4711440825290573E+04     -0.3298144510130830E+06      0.2339856722001485E+08     -0.1682675572267725E+10
  0.65000000E+02     -0.7034558774445206E+02      0.5011529360049439E+04     -0.3616415806690853E+06      0.2643889309226655E+08     -0.1958621835470460E+10
  0.66000000E+02     -0.7251986514602848E+02      0.5324503914631671E+04     -0.3958610715680128E+06      0.2980765588074768E+08     -0.2273615829853336E+10
  0.67000000E+02     -0.7473276616082539E+02      0.5652714760916023E+04     -0.4328263435855906E+06      0.3355521199058333E+08     -0.2634377107684921E+10
  0.68000000E+02     -0.7697068868709330E+02      0.5994616590679728E+04     -0.4724788956566605E+06      0.3769346191171668E+08     -0.3044337215828276E+10
  0.69000000E+02     -0.7924308292617032E+02      0.6352056270089168E+04     -0.5151475762056985E+06      0.4227553513492704E+08     -0.3511276503200718E+10
  0.70000000E+02     -0.8154326103174441E+02      0.6724385018916998E+04     -0.5608731417724561E+06      0.4732582674525977E+08     -0.4040447696498625E+10
  0.71000000E+02     -0.8387628021471198E+02      0.7112888923720965E+04     -0.6099448125151681E+06      0.5289871896003855E+08     -0.4640709230222861E+10
  0.72000000E+02     -0.8623944679341987E+02      0.7517525581312439E+04     -0.6624835952085670E+06      0.5903059551297088E+08     -0.5319287219730629E+10
  0.73000000E+02     -0.8863488711749265E+02      0.7939064227911046E+04     -0.7187199385923988E+06      0.6577237573229561E+08     -0.6085411462070683E+10
  0.74000000E+02     -0.9105867246815080E+02      0.8377235679333093E+04     -0.7787566139455006E+06      0.7316265426003355E+08     -0.6947524962330152E+10
  0.75000000E+02     -0.9351223652852455E+02      0.8832771634465351E+04     -0.8428448299709312E+06      0.8126130939128643E+08     -0.7917174660616171E+10
  0.76000000E+02     -0.9599712220416436E+02      0.9306355128581210E+04     -0.9112221488173658E+06      0.9012672842396072E+08     -0.9005962544647194E+10
  0.77000000E+02     -0.9851425244275812E+02      0.9798752765331439E+04     -0.9841793959251973E+06      0.9983199839803179E+08     -0.1022865256582682E+11
  0.78000000E+02     -0.1010611654535868E+03      0.1030985352450707E+05     -0.1061847277927635E+07      0.1104260793069955E+09     -0.1159686978926830E+11
  0.79000000E+02     -0.1036376259227294E+03      0.1084010645127215E+05     -0.1144469748781063E+07      0.1219795105724150E+09     -0.1312620293221791E+11
  0.80000000E+02     -0.1062477800604984E+03      0.1139089854236928E+05     -0.1232449738095694E+07      0.1345889646215411E+09     -0.1483663060524427E+11
  0.81000000E+02     -0.1088793300370082E+03      0.1195987938202543E+05     -0.1325553968078702E+07      0.1482557384409490E+09     -0.1673493024269837E+11
  0.82000000E+02     -0.1115353451764773E+03      0.1254822615807004E+05     -0.1424170196803290E+07      0.1630814092164949E+09     -0.1884359849318833E+11
  0.83000000E+02     -0.1142276297275099E+03      0.1315907507306401E+05     -0.1529020862164779E+07      0.1792201274487703E+09     -0.2119323840359150E+11
  0.84000000E+02     -0.1169457128572035E+03      0.1379032545203225E+05     -0.1639910067161858E+07      0.1966848220468076E+09     -0.2379453684910712E+11
  0.85000000E+02     -0.1196859829015092E+03      0.1444178702793518E+05     -0.1757037566155472E+07      0.2155620165614971E+09     -0.2667124888508014E+11
  0.86000000E+02     -0.1224543491895394E+03      0.1511508814001500E+05     -0.1880856746093237E+07      0.2359695873276072E+09     -0.2985097220904377E+11
  0.87000000E+02     -0.1252586813369339E+03      0.1581283677235958E+05     -0.2012106036640858E+07      0.2580930968425913E+09     -0.3337580492674513E+11
  0.88000000E+02     -0.1280902302234018E+03      0.1653331730048414E+05     -0.2150681521093968E+07      0.2819737814051178E+09     -0.3726510328647704E+11
  0.89000000E+02     -0.1309434829056943E+03      0.1727540852517050E+05     -0.2296550310347935E+07      0.3076590184831933E+09     -0.4153863166626933E+11
  0.90000000E+02     -0.1338327861661573E+03      0.1804372552962304E+05     -0.2450939523093665E+07      0.3354465393296103E+09     -0.4626365363156497E+11
  0.91000000E+02     -0.1367497458048709E+03      0.1883615710045208E+05     -0.2613591431362844E+07      0.3653450519326236E+09     -0.5145521104103786E+11
  0.92000000E+02     -0.1396890162086538E+03      0.1965190731364541E+05     -0.2784622747914659E+07      0.3974534914548296E+09     -0.5714832287969595E+11
  0.93000000E+02     -0.1426500673272287E+03      0.2049105685926150E+05     -0.2964250205907008E+07      0.4318780724070577E+09     -0.6337831073059935E+11
  0.94000000E+02     -0.1456415598115445E+03      0.2135674100410476E+05     -0.3153448312761233E+07      0.4688934759421256E+09     -0.7021611297270671E+11
  0.95000000E+02     -0.1486536151628260E+03      0.2224625943609399E+05     -0.3351813746037113E+07      0.5084863160732103E+09     -0.7767655890916547E+11
  0.96000000E+02     -0.1516937647306898E+03      0.2316255614750081E+05     -0.3560329057666058E+07      0.5509502038929657E+09     -0.8583933973988234E+11
  0.97000000E+02     -0.1547642434397386E+03      0.2410674070761574E+05     -0.3779519445090406E+07      0.5964824729510815E+09     -0.9476636958222443E+11
  0.98000000E+02     -0.1578548298712934E+03      0.2507615627625783E+05     -0.4009046779114492E+07      0.6451043312184943E+09     -0.1044861403422206E+12
  0.99000000E+02     -0.1609786332988477E+03      0.2607546881895397E+05     -0.4250331221747975E+07      0.6972220187859503E+09     -0.1151085656290132E+12
  0.10000000E+03     -0.1641266703273609E+03      0.2710200067546971E+05     -0.4502943626360988E+07      0.7528255335832149E+09     -0.1266555384381694E+12
  0.10100000E+03     -0.1672913206488602E+03      0.2815416996999644E+05     -0.4766910447524715E+07      0.8120541484723020E+09     -0.1391922675257738E+12
  0.10200000E+03     -0.1704809871061827E+03      0.2923482599659875E+05     -0.5043154421709348E+07      0.8752045085532126E+09     -0.1528094833087353E+12
  0.10300000E+03     -0.1736999904752685E+03      0.3034578544619155E+05     -0.5332407176447614E+07      0.9425445198490866E+09     -0.1675949988172699E+12
  0.10400000E+03     -0.1769421688387809E+03      0.3148604280071312E+05     -0.5634910623082080E+07      0.1014296151322493E+10     -0.1836443330724367E+12
  0.10500000E+03     -0.1802151805564506E+03      0.3265823536749551E+05     -0.5951550698815074E+07      0.1090760744406821E+10     -0.2010556599731859E+12
  0.10600000E+03     -0.1835065147316081E+03      0.3385861973496460E+05     -0.6281719948661051E+07      0.1171937604975304E+10     -0.2198729003597747E+12
  0.10700000E+03     -0.1868303264824717E+03      0.3509293823024190E+05     -0.6627374427067410E+07      0.1258452514486992E+10     -0.2402865377774324E+12
  0.10800000E+03     -0.1901692615934138E+03      0.3635498925208284E+05     -0.6987061924759733E+07      0.1350066567394233E+10     -0.2622820036771328E+12
  0.10900000E+03     -0.1935408886345607E+03      0.3765212119295316E+05     -0.7363308752182642E+07      0.1447591164671775E+10     -0.2861081514678858E+12
  0.11000000E+03     -0.1969287434538671E+03      0.3897828341549838E+05     -0.7754662173142070E+07      0.1550784154787104E+10     -0.3117521059571539E+12
  0.11100000E+03     -0.2003409858409206E+03      0.4033707484482845E+05     -0.8162535908027573E+07      0.1660171214968087E+10     -0.3393971887443872E+12
  0.11200000E+03     -0.2037761934210830E+03      0.4172864680697779E+05     -0.8587431271774754E+07      0.1776072672062244E+10     -0.3691871941874293E+12
  0.11300000E+03     -0.2072309069850039E+03      0.4315165618648839E+05     -0.9029188814131204E+07      0.1898575709849791E+10     -0.4011938161708530E+12
  0.11400000E+03     -0.2107134157270760E+03      0.4461042817693495E+05     -0.9489685800195880E+07      0.2028417728421232E+10     -0.4356839583276365E+12
  0.11500000E+03     -0.2142200729534288E+03      0.4610361974445634E+05     -0.9968808827397229E+07      0.2165724677775906E+10     -0.4727514994568352E+12
  0.11600000E+03     -0.2177363408033509E+03      0.4762557061448280E+05     -0.1046516038942337E+08      0.2310286095896669E+10     -0.5124095235897007E+12
  0.11700000E+03     -0.2212700157754296E+03      0.4917994192156933E+05     -0.1098029115235950E+08      0.2462732853593848E+10     -0.5549005836925515E+12
  0.11800000E+03     -0.2248418879003338E+03      0.5077654288389652E+05     -0.1151793789082532E+08      0.2624392236879169E+10     -0.6006777044529684E+12
  0.11900000E+03     -0.2284281725941524E+03      0.5240535547539040E+05     -0.1207520455130136E+08      0.2794617062809720E+10     -0.6496432025009041E+12
  0.12000000E+03     -0.2320380404277538E+03      0.5407078638069923E+05     -0.1265396681586018E+08      0.2974179060175509E+10     -0.7021008620747131E+12
  0.12100000E+03     -0.2356710302179285E+03      0.5577294204147974E+05     -0.1325463878643298E+08      0.3163405032893223E+10     -0.7582274973637783E+12
  0.12200000E+03     -0.2393204407258148E+03      0.5750945343096359E+05     -0.1387694182414521E+08      0.3362470954097361E+10     -0.8181791635324751E+12
  0.12300000E+03     -0.2429925782533146E+03      0.5928344847878481E+05     -0.1452232942855169E+08      0.3572038768214122E+10     -0.8822414687518079E+12
  0.12400000E+03     -0.2466862747701491E+03      0.6109520859284675E+05     -0.1519150967264622E+08      0.3792630231810966E+10     -0.9506917106031002E+12
  0.12500000E+03     -0.2504016380530318E+03      0.6294499519531350E+05     -0.1588496056426362E+08      0.4024627958875114E+10     -0.1023748948021672E+13
  0.12600000E+03     -0.2541320647152959E+03      0.6482991577868870E+05     -0.1660204711073771E+08      0.4268068911752525E+10     -0.1101533996607428E+13
  0.12700000E+03     -0.2578789384143190E+03      0.6675139562446476E+05     -0.1734389387928320E+08      0.4523634993241065E+10     -0.1184392899097307E+13
  0.12800000E+03     -0.2616519877401610E+03      0.6871446840186954E+05     -0.1811278911004611E+08      0.4792344884887961E+10     -0.1272766388764245E+13
  0.12900000E+03     -0.2654449613392793E+03      0.7071665518840244E+05     -0.1890836897160612E+08      0.5074388266231149E+10     -0.1366854946291041E+13
  0.13000000E+03     -0.2692628213853803E+03      0.7276082819189171E+05     -0.1973220988343217E+08      0.5370595062735718E+10     -0.1467064203167786E+13
  0.13100000E+03     -0.2731055005842343E+03      0.7484798811280653E+05     -0.2058546754462981E+08      0.5681770457901771E+10     -0.1573838305701962E+13
  0.13200000E+03     -0.2769520172549913E+03      0.7696658961857265E+05     -0.2146369411082100E+08      0.6006511369845775E+10     -0.1686811497196081E+13
  0.13300000E+03     -0.2808143157028856E+03      0.7912364244090204E+05     -0.2237031278206045E+08      0.6346398372747271E+10     -0.1806685472138679E+13
  0.13400000E+03     -0.2846933502397139E+03      0.8131964252101089E+05     -0.2330585301412695E+08      0.6701874806574040E+10     -0.1933746261359369E+13
  0.13500000E+03     -0.2886071483949259E+03      0.8356602679198848E+05     -0.2427606813074952E+08      0.7075595079611127E+10     -0.2069157129039426E+13
  0.13600000E+03     -0.2925370031961661E+03      0.8585240442128142E+05     -0.2527697235890723E+08      0.7466351767245301E+10     -0.2212647653597785E+13
  0.13700000E+03     -0.2964817764034989E+03      0.8817840091499499E+05     -0.2630888670357756E+08      0.7874597732591020E+10     -0.2364554476841172E+13
  0.13800000E+03     -0.3004422074780941E+03      0.9054487297177555E+05     -0.2737274002665795E+08      0.8301058987344740E+10     -0.2525333085170391E+13
  0.13900000E+03     -0.3044336671205910E+03      0.9296170264738846E+05     -0.2847367057817246E+08      0.8748224999137424E+10     -0.2696139994203172E+13
  0.14000000E+03     -0.3084346578119512E+03      0.9541618562907011E+05     -0.2960640429764653E+08      0.9214311162518574E+10     -0.2876486544335196E+13
  0.14100000E+03     -0.3124582923095837E+03      0.9791685764563043E+05     -0.3077549325303680E+08      0.9701599409995253E+10     -0.3067473724444706E+13
  0.14200000E+03     -0.3165028021606133E+03      0.1004629677551366E+06     -0.3198114097813506E+08      0.1021056763776345E+11     -0.3269505824239798E+13
  0.14300000E+03     -0.3205569989754882E+03      0.1030481070918960E+06     -0.3322100088797615E+08      0.1074067702229340E+11     -0.3482611347693514E+13
  0.14400000E+03     -0.3246317714414895E+03      0.1056793160280150E+06     -0.3449888987559282E+08      0.1129391396250676E+11     -0.3707797321514585E+13
  0.14500000E+03     -0.3287273066472305E+03      0.1083574534668317E+06     -0.3581600751665062E+08      0.1187131863861768E+11     -0.3945772705152993E+13
  0.14600000E+03     -0.3328429784384209E+03      0.1110823476408075E+06     -0.3717277147190456E+08      0.1247346058769060E+11     -0.4196998965609150E+13
  0.14700000E+03     -0.3369675447506992E+03      0.1138472366301012E+06     -0.3856656895627844E+08      0.1309969647557003E+11     -0.4461497777820647E+13
  0.14800000E+03     -0.3411172329095657E+03      0.1166633046396439E+06     -0.4000364244504210E+08      0.1375330390992034E+11     -0.4740937830965258E+13
  0.14900000E+03     -0.3452727996359717E+03      0.1195177131894809E+06     -0.4147794467327671E+08      0.1443193701017708E+11     -0.5034562653475524E+13
  0.15000000E+03     -0.3494557908346503E+03      0.1224259521443751E+06     -0.4299827829086103E+08      0.1514022008073628E+11     -0.5344707753916208E+13
  0.15100000E+03     -0.3536549213206138E+03      0.1253807128111896E+06     -0.4456155212881138E+08      0.1587725996064960E+11     -0.5671311326112358E+13
  0.15200000E+03     -0.3578756432318235E+03      0.1283860296310036E+06     -0.4617043276533169E+08      0.1664476405340525E+11     -0.6015416843980682E+13
  0.15300000E+03     -0.3621078587506017E+03      0.1314350768394971E+06     -0.4782190309536694E+08      0.1744180505326222E+11     -0.6376930152948188E+13
  0.15400000E+03     -0.3663661232356985E+03      0.1345389217895727E+06     -0.4952272913845162E+08      0.1827223913135338E+11     -0.6757966322843432E+13
  0.15500000E+03     -0.3706338929074193E+03      0.1376859086143053E+06     -0.5126720455796502E+08      0.1913383452314835E+11     -0.7157856335767659E+13
  0.15600000E+03     -0.3749256697374932E+03      0.1408877024724710E+06     -0.5306279830419595E+08      0.2003100281000734E+11     -0.7579087969386743E+13
  0.15700000E+03     -0.3792274125713581E+03      0.1441335656906228E+06     -0.5490381298093466E+08      0.2096129234545705E+11     -0.8020803790072285E+13
  0.15800000E+03     -0.3835523748937590E+03      0.1474340472265479E+06     -0.5679700715727841E+08      0.2192874180442213E+11     -0.8485326125001719E+13
  0.15900000E+03     -0.3879012245232361E+03      0.1507907546969761E+06     -0.5874442517066092E+08      0.2293521836194785E+11     -0.8974064759035777E+13
  0.16000000E+03     -0.3922567807370430E+03      0.1541904048364732E+06     -0.6073884028325929E+08      0.2397748688900163E+11     -0.9485812527719137E+13
  0.16100000E+03     -0.3966226066593219E+03      0.1576357969928967E+06     -0.6278238239277748E+08      0.2505716205447265E+11     -0.1002172842466607E+14
  0.16200000E+03     -0.4010282742089905E+03      0.1611513170996486E+06     -0.6489064882227970E+08      0.2618335070221350E+11     -0.1058689408253966E+14
  0.16300000E+03     -0.4054381380193141E+03      0.1647092688924037E+06     -0.6704798347579400E+08      0.2734846674543967E+11     -0.1117802570688994E+14
  0.16400000E+03     -0.4098628598391471E+03      0.1683181139093206E+06     -0.6925995215179239E+08      0.2855602965002925E+11     -0.1179730947357172E+14
  0.16500000E+03     -0.4143110477446510E+03      0.1719853197002368E+06     -0.7153189847104992E+08      0.2980964114127236E+11     -0.1244707849638131E+14
  0.16600000E+03     -0.4187735747391044E+03      0.1757044623027938E+06     -0.7386107717445682E+08      0.3110876959687901E+11     -0.1312772171785740E+14
  0.16700000E+03     -0.4232498054121460E+03      0.1794743952134165E+06     -0.7624689545168060E+08      0.3245343712356050E+11     -0.1383958250226859E+14
  0.16800000E+03     -0.4277417463164073E+03      0.1832980097527058E+06     -0.7869248018815456E+08      0.3384643666323156E+11     -0.1458484203686632E+14
  0.16900000E+03     -0.4322532058477605E+03      0.1871788131465373E+06     -0.8120076582617082E+08      0.3529012707398798E+11     -0.1536528537648461E+14
  0.17000000E+03     -0.4367816939801905E+03      0.1911152085005179E+06     -0.8377165102647975E+08      0.3678531572756171E+11     -0.1618199378861347E+14
  0.17100000E+03     -0.4413289677420679E+03      0.1951092602281985E+06     -0.8640738974029098E+08      0.3833416062974032E+11     -0.1703678249034833E+14
  0.17200000E+03     -0.4459011585851807E+03      0.1991669951739729E+06     -0.8911293422383623E+08      0.3994046557696960E+11     -0.1793241907613643E+14
  0.17300000E+03     -0.4504942333728509E+03      0.2032851491324064E+06     -0.9188689573396106E+08      0.4160421398198674E+11     -0.1886953296679777E+14
  0.17400000E+03     -0.4550950291139557E+03      0.2074523872185457E+06     -0.9472253033444801E+08      0.4332223835451313E+11     -0.1984702571437704E+14
  0.17500000E+03     -0.4597123447319285E+03      0.2116768353040875E+06     -0.9762603782125241E+08      0.4509903975568106E+11     -0.2086807278106515E+14
  0.17600000E+03     -0.4643446744805066E+03      0.2159582502800448E+06     -0.1005986404650445E+09      0.4693658651045922E+11     -0.2193471758667682E+14
  0.17700000E+03     -0.4690039174521432E+03      0.2203075103649104E+06     -0.1036483815887709E+09      0.4884050508777236E+11     -0.2305080791985126E+14
  0.17800000E+03     -0.4736812972812950E+03      0.2247175570196080E+06     -0.1067717304499071E+09      0.5080986371698356E+11     -0.2421676869350516E+14
  0.17900000E+03     -0.4783655545607384E+03      0.2291778616993577E+06     -0.1099618901402642E+09      0.5284116628337929E+11     -0.2543121652682715E+14
  0.18000000E+03     -0.4830873342540745E+03      0.2337179621797601E+06     -0.1132408554116583E+09      0.5494935619843182E+11     -0.2670387458727697E+14
  0.18100000E+03     -0.4878078362028959E+03      0.2383011821440243E+06     -0.1165832114151427E+09      0.5711917888006643E+11     -0.2802642715093891E+14
  0.18200000E+03     -0.4925502421377275E+03      0.2429509022905371E+06     -0.1200072749681997E+09      0.5936375122425324E+11     -0.2940785955406798E+14
  0.18300000E+03     -0.4973161104690460E+03      0.2476687273946287E+06     -0.1235149349832404E+09      0.6168519800095900E+11     -0.3085028325756586E+14
  0.18400000E+03     -0.5020861709730865E+03      0.2524362402140746E+06     -0.1270936305040794E+09      0.6407637774137682E+11     -0.3235024975303632E+14
  0.18500000E+03     -0.5068835846209911E+03      0.2572767719592078E+06     -0.1307616602277794E+09      0.6655047097774191E+11     -0.3391689213506586E+14
  0.18600000E+03     -0.5116881874058212E+03      0.2621710390613553E+06     -0.1345058799746716E+09      0.6910004714445468E+11     -0.3554669372994064E+14
  0.18700000E+03     -0.5165262948797680E+03      0.2671459541942073E+06     -0.1383476407006103E+09      0.7174062484465643E+11     -0.3725049407556426E+14
  0.18800000E+03     -0.5213715365056074E+03      0.2721748891383157E+06     -0.1422673988607590E+09      0.7445990916155151E+11     -0.3902137371763785E+14
  0.18900000E+03     -0.5262540404172792E+03      0.2772901742595802E+06     -0.1462918855747285E+09      0.7727799307584549E+11     -0.4087374081005774E+14
  0.19000000E+03     -0.5311338554591484E+03      0.2824500441729097E+06     -0.1503889921605944E+09      0.8017339098148235E+11     -0.4279443705120337E+14
  0.19100000E+03     -0.5360395965793721E+03      0.2876850799379462E+06     -0.1545839416557068E+09      0.8316507052698790E+11     -0.4479711646241475E+14
  0.19200000E+03     -0.5409675143952984E+03      0.2929919577611631E+06     -0.1588753199545810E+09      0.8625341485064957E+11     -0.4688330010896231E+14
  0.19300000E+03     -0.5459108655928634E+03      0.2983646460794936E+06     -0.1632599669350313E+09      0.8943790206600539E+11     -0.4905416577553072E+14
  0.19400000E+03     -0.5508656614802060E+03      0.3037984824313406E+06     -0.1677345206505251E+09      0.9271692363954044E+11     -0.5130953046141627E+14
  0.19500000E+03     -0.5558530657291386E+03      0.3093177131957416E+06     -0.1723205354824469E+09      0.9610797363115558E+11     -0.5366296034799869E+14
  0.19600000E+03     -0.5608656426979462E+03      0.3149148522352965E+06     -0.1770131553757862E+09      0.9960901919163617E+11     -0.5611450438947480E+14
  0.19700000E+03     -0.5658873118131407E+03      0.3205725302986524E+06     -0.1817990606565640E+09      0.1032116068718698E+12     -0.5865967011356469E+14
  0.19800000E+03     -0.5709239985310385E+03      0.3262979393958534E+06     -0.1866855135705228E+09      0.1069226438034893E+12     -0.6130474236771300E+14
  0.19900000E+03     -0.5759818615497294E+03      0.3320980812470017E+06     -0.1916792687632022E+09      0.1107484384453416E+12     -0.6405547333528767E+14
  0.20000000E+03     -0.5810537391653700E+03      0.3379656239875238E+06     -0.1967755323121044E+09      0.1146870603458130E+12     -0.6691214131857745E+14
  0.20100000E+03     -0.5861455089529750E+03      0.3439081732501174E+06     -0.2019824048026744E+09      0.1187465350405751E+12     -0.6988228662420237E+14
  0.20200000E+03     -0.5912595957869498E+03      0.3499285455616942E+06     -0.2073031142321054E+09      0.1229305692408516E+12     -0.7296992581883914E+14
  0.20300000E+03     -0.5963919689222449E+03      0.3560233544166247E+06     -0.2127366781807287E+09      0.1272406044129610E+12     -0.7617822077912094E+14
  0.20400000E+03     -0.6015599136681370E+03      0.3622137878427434E+06     -0.2183033990587468E+09      0.1316945152302853E+12     -0.7952227535345289E+14
  0.20500000E+03     -0.6067506872177778E+03      0.3684850023125298E+06     -0.2239911145928974E+09      0.1362841604560414E+12     -0.8299764804844928E+14
  0.20600000E+03     -0.6119542136712937E+03      0.3748256057984674E+06     -0.2297910378521794E+09      0.1410043677648864E+12     -0.8660238034484239E+14
  0.20700000E+03     -0.6171696006666332E+03      0.3812349078098159E+06     -0.2357037317339069E+09      0.1458572392792917E+12     -0.9033984250470609E+14
  0.20800000E+03     -0.6224173745193589E+03      0.3877387892825594E+06     -0.2417545268179092E+09      0.1508654521565007E+12     -0.9422948248257811E+14
  0.20900000E+03     -0.6276737800662027E+03      0.3943086252161106E+06     -0.2479184241034340E+09      0.1560103844415161E+12     -0.9825900066998902E+14
  0.21000000E+03     -0.6329601847055327E+03      0.4009718115449412E+06     -0.2542226577282461E+09      0.1613167794475085E+12     -0.1024499222454656E+15
  0.21100000E+03     -0.6382513887445053E+03      0.4076966655478725E+06     -0.2606381677661487E+09      0.1667616504386161E+12     -0.1067858074266001E+15
  0.21200000E+03     -0.6435838332366262E+03      0.4145311064024903E+06     -0.2672131321335547E+09      0.1723887630967050E+12     -0.1113044212791736E+15
  0.21300000E+03     -0.6489460305739535E+03      0.4214610402970625E+06     -0.2739355100357108E+09      0.1781898891102574E+12     -0.1160014458399522E+15
  0.21400000E+03     -0.6543231914125550E+03      0.4284676580940945E+06     -0.2807882311082738E+09      0.1841520659490399E+12     -0.1208684236379559E+15
  0.21500000E+03     -0.6597208087586448E+03      0.4355586920008330E+06     -0.2877803609070472E+09      0.1902853025834617E+12     -0.1259159168812133E+15
  0.21600000E+03     -0.6651404469185660E+03      0.4427374355866725E+06     -0.2949173103196915E+09      0.1965970652936749E+12     -0.1311529824865245E+15
  0.21700000E+03     -0.6705713562442343E+03      0.4499901777133347E+06     -0.3021869210290509E+09      0.2030787378873788E+12     -0.1365749314102737E+15
  0.21800000E+03     -0.6760219469038998E+03      0.4573286737555510E+06     -0.3096024800373345E+09      0.2097443772122104E+12     -0.1421960941460039E+15
  0.21900000E+03     -0.6814902926760589E+03      0.4647505955784291E+06     -0.3171628507385383E+09      0.2165949012596855E+12     -0.1480195899822338E+15
  0.22000000E+03     -0.6869927319230027E+03      0.4722788519489015E+06     -0.3248931004227703E+09      0.2236554796956526E+12     -0.1540696535884192E+15
  0.22100000E+03     -0.6925285628150554E+03      0.4799138033211569E+06     -0.3327959479839594E+09      0.2309316423357897E+12     -0.1603544012547421E+15
  0.22200000E+03     -0.6980861838007914E+03      0.4876405340270220E+06     -0.3408580705618436E+09      0.2384139801731439E+12     -0.1668689546158113E+15
  0.22300000E+03     -0.7036785043250918E+03      0.4954783281016547E+06     -0.3491020580154607E+09      0.2461267427627159E+12     -0.1736381469876482E+15
  0.22400000E+03     -0.7092807705311549E+03      0.5033928555902606E+06     -0.3574932278138615E+09      0.2540397900120364E+12     -0.1806384010344185E+15
  0.22500000E+03     -0.7149060649726938E+03      0.5114021157019833E+06     -0.3660511790548960E+09      0.2621730546267741E+12     -0.1878894809373183E+15
  0.22600000E+03     -0.7205790040408974E+03      0.5195438192731568E+06     -0.3748201169956421E+09      0.2705732740687168E+12     -0.1954381635781534E+15
  0.22700000E+03     -0.7262418514943388E+03      0.5277351727066619E+06     -0.3837120395605411E+09      0.2791583122317493E+12     -0.2032135195284169E+15
  0.22800000E+03     -0.7319708610922116E+03      0.5360879581358470E+06     -0.3928510205502130E+09      0.2880516797406865E+12     -0.2113317553271856E+15
  0.22900000E+03     -0.7376976342532714E+03      0.5445024393021814E+06     -0.4021289942033994E+09      0.2971502813777175E+12     -0.2197015880607343E+15
  0.23000000E+03     -0.7434415196287156E+03      0.5530079507995766E+06     -0.4115804323561370E+09      0.3064911098385632E+12     -0.2283609876348173E+15
  0.23100000E+03     -0.7492278612345048E+03      0.5616435230716122E+06     -0.4212515519893919E+09      0.3161238137178405E+12     -0.2373607351354061E+15
  0.23200000E+03     -0.7550270516724785E+03      0.5703649602964282E+06     -0.4310939626805109E+09      0.3260024006915081E+12     -0.2466609477314489E+15
  0.23300000E+03     -0.7608618334871089E+03      0.5792077303113139E+06     -0.4411503043600596E+09      0.3361734755272311E+12     -0.2563101979525243E+15
  0.23400000E+03     -0.7667057726014384E+03      0.5881328017109163E+06     -0.4513785385899610E+09      0.3465980828017125E+12     -0.2662760292344260E+15
  0.23500000E+03     -0.7725913099644832E+03      0.5971904579471104E+06     -0.4618383450322468E+09      0.3573403671854755E+12     -0.2766241026886591E+15
  0.23600000E+03     -0.7784854626683992E+03      0.6063308597121285E+06     -0.4724744471147086E+09      0.3683471418395439E+12     -0.2873078269995359E+15
  0.23700000E+03     -0.7844181744915064E+03      0.6156010825969875E+06     -0.4833436062208507E+09      0.3796804731672064E+12     -0.2983919084951878E+15
  0.23800000E+03     -0.7903797663456880E+03      0.6249874607436837E+06     -0.4944327578812045E+09      0.3913311204622194E+12     -0.3098728583825370E+15
  0.23900000E+03     -0.7963619011310176E+03      0.6344773912439375E+06     -0.5057288938630511E+09      0.4032887141178596E+12     -0.3217450041802744E+15
  0.24000000E+03     -0.8023814540371528E+03      0.6440990213286869E+06     -0.5172684343740141E+09      0.4155962395108376E+12     -0.3340567558389754E+15
  0.24100000E+03     -0.8084081439700315E+03      0.6538048218279451E+06     -0.5289967351459623E+09      0.4281993269140490E+12     -0.3467590278796870E+15
  0.24200000E+03     -0.8144725382513805E+03      0.6636446654933059E+06     -0.5409761711091136E+09      0.4411686948516797E+12     -0.3599282456865617E+15
  0.24300000E+03     -0.8205607638850049E+03      0.6735970459650933E+06     -0.5531830968766453E+09      0.4544829102279628E+12     -0.3735483121297601E+15
  0.24400000E+03     -0.8266850698646303E+03      0.6836833552983840E+06     -0.5656467924285754E+09      0.4681787079309960E+12     -0.3876632243999213E+15
  0.24500000E+03     -0.8328403907941770E+03      0.6938962116581532E+06     -0.5783607051962367E+09      0.4822532249406480E+12     -0.4022760574844175E+15
  0.24600000E+03     -0.8390229908232320E+03      0.7042306612454788E+06     -0.5913216006777946E+09      0.4967076518110925E+12     -0.4173945781922025E+15
  0.24700000E+03     -0.8452373442390683E+03      0.7146952542221486E+06     -0.6045429711396847E+09      0.5115617086251439E+12     -0.4330459527355578E+15
  0.24800000E+03     -0.8514716793691781E+03      0.7252710977627500E+06     -0.6180035691957554E+09      0.5267960916980737E+12     -0.4492163566428009E+15
  0.24900000E+03     -0.8577384089743234E+03      0.7359803500920965E+06     -0.6317344361158848E+09      0.5424507668404651E+12     -0.4659550568933767E+15
  0.25000000E+03     -0.8640417729177334E+03      0.7468311719354602E+06     -0.6457486943554738E+09      0.5585454150501814E+12     -0.4832899432366981E+15
  0.25100000E+03     -0.8703631081970366E+03      0.7577929803608147E+06     -0.6600103257627726E+09      0.5750443709842085E+12     -0.5011905684644549E+15
  0.25200000E+03     -0.8767259794299006E+03      0.7689076417155130E+06     -0.6745766491347744E+09      0.5920190234025662E+12     -0.5197418226056361E+15
  0.25300000E+03     -0.8831103148464047E+03      0.7801412359776209E+06     -0.6894062418787823E+09      0.6094264175588411E+12     -0.5389045153760635E+15
  0.25400000E+03     -0.8895239577018361E+03      0.7915084001889542E+06     -0.7045210873208933E+09      0.6272973032280076E+12     -0.5587199405542922E+15
  0.25500000E+03     -0.8959687885346328E+03      0.8030135632329959E+06     -0.7199301111734830E+09      0.6456476857534095E+12     -0.5792139485326446E+15
  0.25600000E+03     -0.9024425091898908E+03      0.8146540521730063E+06     -0.7356332579252721E+09      0.6644836082247128E+12     -0.6004022413202705E+15
  0.25700000E+03     -0.9089534008627656E+03      0.8264460390557739E+06     -0.7516556985088282E+09      0.6838412315736519E+12     -0.6223343905548108E+15
  0.25800000E+03     -0.9154919612575510E+03      0.8383734009864964E+06     -0.7679786575333939E+09      0.7037036494083997E+12     -0.6450000392897200E+15
  0.25900000E+03     -0.9220588577269766E+03      0.8504386370394025E+06     -0.7846089977307519E+09      0.7240854517106622E+12     -0.6684252901851605E+15
  0.26000000E+03     -0.9286489397580350E+03      0.8626332504275687E+06     -0.8015380303757176E+09      0.7449817617735896E+12     -0.6926135415714361E+15
  0.26100000E+03     -0.9352795209912251E+03      0.8749906085927055E+06     -0.8188156580456971E+09      0.7664607333789783E+12     -0.7176537418063639E+15
  0.26200000E+03     -0.9419368959678884E+03      0.8874863006743261E+06     -0.8364110705325860E+09      0.7884903464600558E+12     -0.7435183909850170E+15
  0.26300000E+03     -0.9486324577772059E+03      0.9001429793064990E+06     -0.8543597198808193E+09      0.8111216468719496E+12     -0.7702778282848059E+15
  0.26400000E+03     -0.9553626598535649E+03      0.9129559477364765E+06     -0.8726596024240938E+09      0.8343602570000648E+12     -0.7979510227324328E+15
  0.26500000E+03     -0.9621244728084476E+03      0.9259200242639155E+06     -0.8913059822975051E+09      0.8582058633075640E+12     -0.8265471414199462E+15
  0.26600000E+03     -0.9689068988172651E+03      0.9390154090107521E+06     -0.9102740777009473E+09      0.8826338586606874E+12     -0.8560479919368972E+15
  0.26700000E+03     -0.9757176417169832E+03      0.9522582594315038E+06     -0.9295910242555437E+09      0.9076864042625101E+12     -0.8865161059594511E+15
  0.26800000E+03     -0.9825659468623415E+03      0.9656679423109329E+06     -0.9492890217731438E+09      0.9334128725907810E+12     -0.9180238079884665E+15
  0.26900000E+03     -0.9894525066678074E+03      0.9792470109760208E+06     -0.9693754883085948E+09      0.9598302286593285E+12     -0.9506038266056551E+15
  0.27000000E+03     -0.9963758158314339E+03      0.9929941053843048E+06     -0.9898527505248629E+09      0.9869498102313423E+12     -0.9842835186142009E+15
  0.27100000E+03     -0.1003323032838799E+04      0.1006885346496259E+07     -0.1010689657884548E+10      0.1014738867901984E+13     -0.1019036065293705E+16
  0.27200000E+03     -0.1010276020789425E+04      0.1020884216904857E+07     -0.1031833034038626E+10      0.1043131248559598E+13     -0.1054787979651990E+16
  0.27300000E+03     -0.1017290618996730E+04      0.1035105759703865E+07     -0.1053462648908328E+10      0.1072379191097109E+13     -0.1091873997348676E+16
  0.27400000E+03     -0.1024331225646894E+04      0.1049478897487954E+07     -0.1075474142457057E+10      0.1102349425642826E+13     -0.1130138613148232E+16
  0.27500000E+03     -0.1031396488669855E+04      0.1064001972287014E+07     -0.1097868740860765E+10      0.1133051571150683E+13     -0.1169607854491667E+16
  0.27600000E+03     -0.1038507618709816E+04      0.1078720311745568E+07     -0.1120721150728678E+10      0.1164597582867203E+13     -0.1210441677242285E+16
  0.27700000E+03     -0.1045643967753463E+04      0.1093592498187197E+07     -0.1143971253771335E+10      0.1196913205753953E+13     -0.1252559083859470E+16
  0.27800000E+03     -0.1052815814273662E+04      0.1108641178701538E+07     -0.1167658548743659E+10      0.1230062049668081E+13     -0.1296058259377356E+16
  0.27900000E+03     -0.1060020008030529E+04      0.1123861391681275E+07     -0.1191780027452951E+10      0.1264049706682228E+13     -0.1340963441500823E+16
  0.28000000E+03     -0.1067253012504454E+04      0.1139247085598516E+07     -0.1216330617560846E+10      0.1298878587336381E+13     -0.1387294653539988E+16
  0.28100000E+03     -0.1074522879653941E+04      0.1154816581312682E+07     -0.1241343728684009E+10      0.1334605230213114E+13     -0.1435143542389389E+16
  0.28200000E+03     -0.1081834508193468E+04      0.1170582440622800E+07     -0.1266845177475991E+10      0.1371277853082720E+13     -0.1484594284894328E+16
  0.28300000E+03     -0.1089162716008323E+04      0.1186491272108811E+07     -0.1292752417770822E+10      0.1408786605426283E+13     -0.1535515233945290E+16
  0.28400000E+03     -0.1096536780641844E+04      0.1202608227214801E+07     -0.1319176508899507E+10      0.1447302886635589E+13     -0.1588158118168062E+16
  0.28500000E+03     -0.1103935392097926E+04      0.1218887708879999E+07     -0.1346046685772013E+10      0.1486732842525633E+13     -0.1642412106662326E+16
  0.28600000E+03     -0.1111360763707878E+04      0.1235336380459735E+07     -0.1373379345199891E+10      0.1527112030854304E+13     -0.1698346857717523E+16
  0.28700000E+03     -0.1118820074870626E+04      0.1251971494098702E+07     -0.1401207860324896E+10      0.1568500343129812E+13     -0.1756065036035100E+16
  0.28800000E+03     -0.1126316057436194E+04      0.1268800762722107E+07     -0.1429550344290915E+10      0.1610936179964888E+13     -0.1815641347840252E+16
  0.28900000E+03     -0.1133839922484917E+04      0.1285805216527589E+07     -0.1458378661245480E+10      0.1654386902288636E+13     -0.1877048591987155E+16
  0.29000000E+03     -0.1141402620712163E+04      0.1303011869947281E+07     -0.1487745004161763E+10      0.1698944660126509E+13     -0.1940441486140053E+16
  0.29100000E+03     -0.1148997707959197E+04      0.1320407333596392E+07     -0.1517631298528717E+10      0.1744593226334870E+13     -0.2005818487862860E+16
  0.29200000E+03     -0.1156628567466307E+04      0.1338001023606734E+07     -0.1548059215291342E+10      0.1791378103948088E+13     -0.2073268268880620E+16
  0.29300000E+03     -0.1164274021726192E+04      0.1355744837095882E+07     -0.1578949463480723E+10      0.1839187447655370E+13     -0.2142649961163318E+16
  0.29400000E+03     -0.1171961356679024E+04      0.1373704061823031E+07     -0.1610421802949643E+10      0.1888220204857171E+13     -0.2214278026133920E+16
  0.29500000E+03     -0.1179676136521850E+04      0.1391846004538268E+07     -0.1642423484347486E+10      0.1938405529194203E+13     -0.2288071740621196E+16
  0.29600000E+03     -0.1187428778544592E+04      0.1410197086909977E+07     -0.1675007259284980E+10      0.1989840091360797E+13     -0.2364200087268629E+16
  0.29700000E+03     -0.1195206455242520E+04      0.1428728401634374E+07     -0.1708127191243196E+10      0.2042464311498410E+13     -0.2442600563857128E+16
  0.29800000E+03     -0.1203025957665447E+04      0.1447481507653231E+07     -0.1741863169722216E+10      0.2096418553844574E+13     -0.2523509004217185E+16
  0.29900000E+03     -0.1210855628544976E+04      0.1466381266292101E+07     -0.1776084295104405E+10      0.2151504874401486E+13     -0.2606652531620262E+16
  0.30000000E+03     -0.1218737052033647E+04      0.1485529952171143E+07     -0.1810982067947577E+10      0.2208046337560667E+13     -0.2692548093298684E+16
  0.30100000E+03     -0.1226650440844902E+04      0.1504881426304073E+07     -0.1846478867720325E+10      0.2265932413977769E+13     -0.2781058134929393E+16
  0.30200000E+03     -0.1234584942525044E+04      0.1524410237752060E+07     -0.1882532984111026E+10      0.2325108052632499E+13     -0.2872125727201731E+16
  0.30300000E+03     -0.1242557224477096E+04      0.1544158768667553E+07     -0.1919228173503782E+10      0.2385724688670365E+13     -0.2966012980924683E+16
  0.30400000E+03     -0.1250550080162586E+04      0.1564085956445342E+07     -0.1956494055055494E+10      0.2447680819923057E+13     -0.3062593255463516E+16
  0.30500000E+03     -0.1258573531818609E+04      0.1584218095839889E+07     -0.1994385342372020E+10      0.2511081759596914E+13     -0.3162061093247504E+16
  0.30600000E+03     -0.1266626900501226E+04      0.1604555134949521E+07     -0.2032908155795314E+10      0.2575953352556978E+13     -0.3264489676259936E+16
  0.30700000E+03     -0.1274720826566680E+04      0.1625125104628427E+07     -0.2072120932024715E+10      0.2642408283295373E+13     -0.3370087811949094E+16
  0.30800000E+03     -0.1282849739788661E+04      0.1645915965241246E+07     -0.2112007937092405E+10      0.2710437509292301E+13     -0.3478877696029792E+16
  0.30900000E+03     -0.1291024103081295E+04      0.1666956036625874E+07     -0.2152629710507604E+10      0.2780160354878881E+13     -0.3591084611410732E+16
  0.31000000E+03     -0.1299206914885006E+04      0.1688151792117400E+07     -0.2193812241143752E+10      0.2851294989916834E+13     -0.3706291082939318E+16
  0.31100000E+03     -0.1307421597422074E+04      0.1709564854664369E+07     -0.2235680411001521E+10      0.2924071716202517E+13     -0.3824902949984550E+16
  0.31200000E+03     -0.1315669791604222E+04      0.1731201076054819E+07     -0.2278252055047576E+10      0.2998538405740989E+13     -0.3947035108033308E+16
  0.31300000E+03     -0.1323935886619723E+04      0.1753020742549376E+07     -0.2321454858260843E+10      0.3074584690666036E+13     -0.4072542722045322E+16
  0.31400000E+03     -0.1332241073351263E+04      0.1775081304887879E+07     -0.2365408943273332E+10      0.3152439160388873E+13     -0.4201841148431114E+16
  0.31500000E+03     -0.1340567847769158E+04      0.1797337925607853E+07     -0.2410031719712388E+10      0.3231973566736919E+13     -0.4334757474640514E+16
  0.31600000E+03     -0.1348909378319862E+04      0.1819772933324556E+07     -0.2455292408755373E+10      0.3313147523013218E+13     -0.4471258721384830E+16
  0.31700000E+03     -0.1357292389604689E+04      0.1842460076387429E+07     -0.2501347071939263E+10      0.3396260264198114E+13     -0.4611891168874247E+16
  0.31800000E+03     -0.1365708821191237E+04      0.1865378772271022E+07     -0.2548159954115654E+10      0.3481264503691481E+13     -0.4756614735194717E+16
  0.31900000E+03     -0.1374139033954234E+04      0.1888477165065526E+07     -0.2595632019951531E+10      0.3567999386201140E+13     -0.4905198886995280E+16
  0.32000000E+03     -0.1382622767977673E+04      0.1911865950318353E+07     -0.2643998121880876E+10      0.3656914063753452E+13     -0.5058458779475462E+16
  0.32100000E+03     -0.1391126228398522E+04      0.1935453433604706E+07     -0.2693075339221415E+10      0.3747691272179304E+13     -0.5215891870574200E+16
  0.32200000E+03     -0.1399669732251903E+04      0.1959297506074739E+07     -0.2742990995584952E+10      0.3840586035212734E+13     -0.5377986081763357E+16
  0.32300000E+03     -0.1408238978895761E+04      0.1983360041203059E+07     -0.2793672758354423E+10      0.3935484631281371E+13     -0.5544591585792125E+16
  0.32400000E+03     -0.1416839765939514E+04      0.2007658653626232E+07     -0.2845164303497423E+10      0.4032488196639527E+13     -0.5715932282530561E+16
  0.32500000E+03     -0.1425469393814399E+04      0.2032187736787910E+07     -0.2897461842401191E+10      0.4131612016522453E+13     -0.5892087450334904E+16
  0.32600000E+03     -0.1434098090035264E+04      0.2056863363666538E+07     -0.2950391817358582E+10      0.4232544698511156E+13     -0.6072548012801678E+16
  0.32700000E+03     -0.1442762232430020E+04      0.2081790255759948E+07     -0.3004184201616067E+10      0.4335742326535033E+13     -0.6258173939514060E+16
  0.32800000E+03     -0.1451458879800937E+04      0.2106960931716680E+07     -0.3058828855846420E+10      0.4441204428873668E+13     -0.6449011933748562E+16
  0.32900000E+03     -0.1460171603016703E+04      0.2132330451199260E+07     -0.3114237807886799E+10      0.4548787306121391E+13     -0.6644862862470531E+16
  0.33000000E+03     -0.1468925306260645E+04      0.2157972016582927E+07     -0.3170576435239744E+10      0.4658830491399550E+13     -0.6846392510543853E+16
  0.33100000E+03     -0.1477706204168454E+04      0.2183847679985019E+07     -0.3227770737272253E+10      0.4771215632461946E+13     -0.7053446509475171E+16
  0.33200000E+03     -0.1486504617615856E+04      0.2209929262696024E+07     -0.3285763262425282E+10      0.4885847337109565E+13     -0.7265896087649806E+16
  0.33300000E+03     -0.1495362180922536E+04      0.2236342680108397E+07     -0.3344843625317771E+10      0.5003325216575051E+13     -0.7484917798736722E+16
  0.33400000E+03     -0.1504213034654026E+04      0.2262893078379265E+07     -0.3404583569666379E+10      0.5122821016106647E+13     -0.7709026261764860E+16
  0.33500000E+03     -0.1513117635165877E+04      0.2289761966940726E+07     -0.3465396036974110E+10      0.5245178168385393E+13     -0.7939851690525633E+16
  0.33600000E+03     -0.1522002263118213E+04      0.2316730067910418E+07     -0.3526796106774560E+10      0.5369452346149019E+13     -0.8175687747550250E+16
  0.33700000E+03     -0.1530967576427759E+04      0.2344102118010956E+07     -0.3589480041000842E+10      0.5497066365235610E+13     -0.8419276643654807E+16
  0.33800000E+03     -0.1539933751226862E+04      0.2371637723628316E+07     -0.3652909191659071E+10      0.5626956493256782E+13     -0.8668667265246499E+16
  0.33900000E+03     -0.1548896542564184E+04      0.2399323744234039E+07     -0.3717057393476041E+10      0.5759086448437628E+13     -0.8923840241888379E+16
  0.34000000E+03     -0.1557910734562338E+04      0.2427331289648275E+07     -0.3782329803388757E+10      0.5894317603521438E+13     -0.9186528173821628E+16
  0.34100000E+03     -0.1566965209500820E+04      0.2455627014222750E+07     -0.3848655918772933E+10      0.6032527980795701E+13     -0.9456558679134606E+16
  0.34200000E+03     -0.1575992794684335E+04      0.2484001772127922E+07     -0.3915551712194624E+10      0.6172731102718416E+13     -0.9732065611658884E+16
  0.34300000E+03     -0.1585094512882592E+04      0.2512774976776469E+07     -0.3983779114655292E+10      0.6316551786556176E+13     -0.1001631498278941E+17
  0.34400000E+03     -0.1594192031822736E+04      0.2541700183034272E+07     -0.4052761066809289E+10      0.6462798519259443E+13     -0.1030701983479067E+17
  0.34500000E+03     -0.1603322439367506E+04      0.2570896421725437E+07     -0.4122788624857620E+10      0.6612113213688773E+13     -0.1060552465599223E+17
  0.34600000E+03     -0.1612473698776558E+04      0.2600327056755587E+07     -0.4193782956295843E+10      0.6764356848830694E+13     -0.1091162920856799E+17
  0.34700000E+03     -0.1621672904936169E+04      0.2630080635449393E+07     -0.4265965634020082E+10      0.6920031480735706E+13     -0.1122641674350598E+17
  0.34800000E+03     -0.1630896777377886E+04      0.2660083357410947E+07     -0.4339165944258608E+10      0.7078797018698285E+13     -0.1154927682563144E+17
  0.34900000E+03     -0.1640107999851739E+04      0.2690215526776085E+07     -0.4413100588523093E+10      0.7240067987344754E+13     -0.1187909817537580E+17
  0.35000000E+03     -0.1649378395465233E+04      0.2720712291290699E+07     -0.4488351865175282E+10      0.7405136691797311E+13     -0.1221859062475287E+17
  0.35100000E+03     -0.1658655781060304E+04      0.2751404117242833E+07     -0.4564511361244687E+10      0.7573139202387109E+13     -0.1256606405430018E+17
  0.35200000E+03     -0.1667946355100610E+04      0.2782311597820243E+07     -0.4641635210906611E+10      0.7744221073305110E+13     -0.1292188640437372E+17
  0.35300000E+03     -0.1677260219307573E+04      0.2813469994228179E+07     -0.4719820347389448E+10      0.7918627852529856E+13     -0.1328665406872613E+17
  0.35400000E+03     -0.1686583092522245E+04      0.2844832753453336E+07     -0.4798957866242471E+10      0.8096145050365433E+13     -0.1366000051174023E+17
  0.35500000E+03     -0.1695934605201178E+04      0.2876466530434639E+07     -0.4879222410560054E+10      0.8277189874682485E+13     -0.1404287982329486E+17
  0.35600000E+03     -0.1705296389521385E+04      0.2908310168883089E+07     -0.4960466176860091E+10      0.8461456585099308E+13     -0.1443472718961217E+17
  0.35700000E+03     -0.1714715654410247E+04      0.2940525643786933E+07     -0.5043110933415688E+10      0.8649932331230479E+13     -0.1483773065698825E+17
  0.35800000E+03     -0.1724148008047247E+04      0.2972965509496409E+07     -0.5126794668184391E+10      0.8841839966558375E+13     -0.1525035646830143E+17
  0.35900000E+03     -0.1733583358691562E+04      0.3005592079784483E+07     -0.5211417565155276E+10      0.9036956289132109E+13     -0.1567216203599080E+17
  0.36000000E+03     -0.1743069769937648E+04      0.3038575517649291E+07     -0.5297436229973601E+10      0.9236380756278586E+13     -0.1610564985278205E+17
  0.36100000E+03     -0.1752567016174366E+04      0.3071775915879752E+07     -0.5384490796943669E+10      0.9439302534740707E+13     -0.1654913424567157E+17
  0.36200000E+03     -0.1762041750405912E+04      0.3105077974562344E+07     -0.5472287390201792E+10      0.9645068217937859E+13     -0.1700128230862362E+17
  0.36300000E+03     -0.1771522932289818E+04      0.3138583511803970E+07     -0.5561099686619637E+10      0.9854343618826184E+13     -0.1746363733383573E+17
  0.36400000E+03     -0.1781053180619141E+04      0.3172443308199946E+07     -0.5651332993955112E+10      0.1006810929947979E+14     -0.1793844903091485E+17
  0.36500000E+03     -0.1790593581318965E+04      0.3206520062612785E+07     -0.5742629056791790E+10      0.1028554670251011E+14     -0.1842399302096154E+17
  0.36600000E+03     -0.1800174941790332E+04      0.3240927137412754E+07     -0.5835305736566324E+10      0.1050745906082751E+14     -0.1892219399055073E+17
  0.36700000E+03     -0.1809774705166494E+04      0.3275584204939368E+07     -0.5929153754061962E+10      0.1073337483862023E+14     -0.1943208803730913E+17
  0.36800000E+03     -0.1819372028678783E+04      0.3310415835404388E+07     -0.6023973629529519E+10      0.1096283802848425E+14     -0.1995272918657754E+17
  0.36900000E+03     -0.1829020259453750E+04      0.3345619217522242E+07     -0.6120317208691572E+10      0.1119723338656661E+14     -0.2048740043410260E+17
  0.37000000E+03     -0.1838655135202917E+04      0.3380959411956452E+07     -0.6217545681249969E+10      0.1143503011073885E+14     -0.2103269340126608E+17
  0.37100000E+03     -0.1848338206194928E+04      0.3416663169393407E+07     -0.6316290940357694E+10      0.1167780640143280E+14     -0.2159233208500481E+17
  0.37200000E+03     -0.1857996213399492E+04      0.3452461086606795E+07     -0.6415815321298842E+10      0.1192378020997326E+14     -0.2216231212877610E+17
  0.37300000E+03     -0.1867691657054604E+04      0.3488585813252741E+07     -0.6516773790890933E+10      0.1217460382351826E+14     -0.2274657098711130E+17
  0.37400000E+03     -0.1877405805558251E+04      0.3524968610283245E+07     -0.6618982656753404E+10      0.1242985535690532E+14     -0.2334423788694521E+17
  0.37500000E+03     -0.1887130063738050E+04      0.3561578332446515E+07     -0.6722362848929543E+10      0.1268937208225022E+14     -0.2395504520941416E+17
  0.37600000E+03     -0.1896913259252689E+04      0.3598601784049327E+07     -0.6827455982771267E+10      0.1295456334547784E+14     -0.2458246073557809E+17
  0.37700000E+03     -0.1906654510986273E+04      0.3635655549058004E+07     -0.6933174439941276E+10      0.1322270010362217E+14     -0.2522009655859841E+17
  0.37800000E+03     -0.1916405857985205E+04      0.3672938252768401E+07     -0.7040092506406620E+10      0.1349527249707884E+14     -0.2587161012756449E+17
  0.37900000E+03     -0.1926162090626999E+04      0.3710430566380447E+07     -0.7148161989311363E+10      0.1377219025856880E+14     -0.2653689739199504E+17
  0.38000000E+03     -0.1935951044020084E+04      0.3748238811772840E+07     -0.7257693114879851E+10      0.1405427234578402E+14     -0.2721801819764055E+17
  0.38100000E+03     -0.1945750690757564E+04      0.3786281080149448E+07     -0.7368463345629643E+10      0.1434099800040996E+14     -0.2791387621296112E+17
  0.38200000E+03     -0.1955572478308442E+04      0.3824600867683679E+07     -0.7480602215320272E+10      0.1463272454643775E+14     -0.2862542744236219E+17
  0.38300000E+03     -0.1965393169742068E+04      0.3863110973537652E+07     -0.7593870364997478E+10      0.1492888530589883E+14     -0.2935146250156831E+17
  0.38400000E+03     -0.1975305316748485E+04      0.3902174579515506E+07     -0.7709342552327075E+10      0.1523232269118361E+14     -0.3009906572948354E+17
  0.38500000E+03     -0.1985160369623188E+04      0.3941207696267816E+07     -0.7825302433845288E+10      0.1553856749243171E+14     -0.3085736365963118E+17
  0.38600000E+03     -0.1994993412419778E+04      0.3980347625456936E+07     -0.7942158785756686E+10      0.1584871690576745E+14     -0.3162915465810426E+17
  0.38700000E+03     -0.2004871956396564E+04      0.4019863255996829E+07     -0.8060720669326049E+10      0.1616495022600417E+14     -0.3241997946216250E+17
  0.38800000E+03     -0.2014788164832580E+04      0.4059727138317418E+07     -0.8180923193968634E+10      0.1648715636261142E+14     -0.3322975378251041E+17
  0.38900000E+03     -0.2024723767128483E+04      0.4099864796671400E+07     -0.8302544578070003E+10      0.1681476405917774E+14     -0.3405713993666249E+17
  0.39000000E+03     -0.2034703092484373E+04      0.4140378415202527E+07     -0.8425912135450146E+10      0.1714871844051377E+14     -0.3490472506394872E+17
  0.39100000E+03     -0.2044586901765736E+04      0.4180700520846889E+07     -0.8549297050867098E+10      0.1748435334561158E+14     -0.3576074152083333E+17
  0.39200000E+03     -0.2054543928718688E+04      0.4221518770238298E+07     -0.8674807299450939E+10      0.1782742931241486E+14     -0.3663998963668986E+17
  0.39300000E+03     -0.2064521731190983E+04      0.4262618908161840E+07     -0.8801792011929235E+10      0.1817620447789761E+14     -0.3753814066985336E+17
  0.39400000E+03     -0.2074452893726165E+04      0.4303726455562138E+07     -0.8929419011319304E+10      0.1852845304732401E+14     -0.3844965890148724E+17
  0.39500000E+03     -0.2084422197805297E+04      0.4345193354690256E+07     -0.9058790332553074E+10      0.1888725960649372E+14     -0.3938268200183674E+17
  0.39600000E+03     -0.2094397666497820E+04      0.4386881242568090E+07     -0.9189463439247034E+10      0.1925138289129832E+14     -0.4033398825742169E+17
  0.39700000E+03     -0.2104334103938608E+04      0.4428604953890792E+07     -0.9320875358854805E+10      0.1961931895367450E+14     -0.4129986004094611E+17
  0.39800000E+03     -0.2114318562440615E+04      0.4470727981580897E+07     -0.9454170440437214E+10      0.1999428705505962E+14     -0.4228883189750830E+17
  0.39900000E+03     -0.2124381685993170E+04      0.4513387497157129E+07     -0.9589813888608807E+10      0.2037770080331459E+14     -0.4330495483663549E+17
  0.40000000E+03     -0.2134384372650245E+04      0.4555989545221685E+07     -0.9725909333907518E+10      0.2076419428770231E+14     -0.4433403686596195E+17
  0.40100000E+03     -0.2144374707389200E+04      0.4598739140203324E+07     -0.9863118560113358E+10      0.2115568381154330E+14     -0.4538132516575023E+17
  0.40200000E+03     -0.2154353115741879E+04      0.4641634855131349E+07     -0.1000143251697321E+11      0.2155214778516128E+14     -0.4644681874555507E+17
  0.40300000E+03     -0.2164381045214593E+04      0.4684948289746016E+07     -0.1014175689769875E+11      0.2195628512242841E+14     -0.4753809298652195E+17
  0.40400000E+03     -0.2174388675360195E+04      0.4728370442777895E+07     -0.1028307272457932E+11      0.2236512737146617E+14     -0.4864708904562526E+17
  0.40500000E+03     -0.2184523093333788E+04      0.4772550392157494E+07     -0.1042753379965904E+11      0.2278504283760594E+14     -0.4979150013065403E+17
  0.40600000E+03     -0.2194485861211506E+04      0.4816180396287197E+07     -0.1057084817712290E+11      0.2320352765609652E+14     -0.5093722107075357E+17
  0.40700000E+03     -0.2204465299135832E+04      0.4860082977390130E+07     -0.1071571642928890E+11      0.2362848149337497E+14     -0.5210596513363654E+17
  0.40800000E+03     -0.2214543237294585E+04      0.4904620863421316E+07     -0.1086335047724232E+11      0.2406352094875267E+14     -0.5330789662405195E+17
  0.40900000E+03     -0.2224547968240659E+04      0.4949037003873084E+07     -0.1101125292524931E+11      0.2450134057018828E+14     -0.5452303056791182E+17
  0.41000000E+03     -0.2234635396544104E+04      0.4994021343112651E+07     -0.1116171992224631E+11      0.2494875126243555E+14     -0.5577035784702657E+17
  0.41100000E+03     -0.2244621850725874E+04      0.5038756560254782E+07     -0.1131202960378397E+11      0.2539771338731643E+14     -0.5702766550599348E+17
  0.41200000E+03     -0.2254755126969560E+04      0.5084352877334162E+07     -0.1146591890577348E+11      0.2585942633234148E+14     -0.5832647181152051E+17
  0.41300000E+03     -0.2264730321191457E+04      0.5129439792059150E+07     -0.1161877349108423E+11      0.2632009788439162E+14     -0.5962817822474877E+17
  0.41400000E+03     -0.2274763461391819E+04      0.5174989100212469E+07     -0.1177387846354571E+11      0.2678961871362275E+14     -0.6096075724513812E+17
  0.41500000E+03     -0.2284823887390863E+04      0.5220863735974357E+07     -0.1193078020308582E+11      0.2726667314871661E+14     -0.6232068842080362E+17
  0.41600000E+03     -0.2294923679555052E+04      0.5267121581528619E+07     -0.1208969235770681E+11      0.2775197701918084E+14     -0.6371025409720067E+17
  0.41700000E+03     -0.2305000485548595E+04      0.5313478756541345E+07     -0.1224965182174852E+11      0.2824264532420570E+14     -0.6512140974018574E+17
  0.41800000E+03     -0.2315062943292698E+04      0.5359970496297007E+07     -0.1241077060645474E+11      0.2873901059106462E+14     -0.6655513250067511E+17
  0.41900000E+03     -0.2325064755216285E+04      0.5406385125886395E+07     -0.1257232913787643E+11      0.2923891835444031E+14     -0.6800543501935928E+17
  0.42000000E+03     -0.2335053368844216E+04      0.5452937410986575E+07     -0.1273506204361893E+11      0.2974462017423833E+14     -0.6947884014573842E+17
  0.42100000E+03     -0.2345085548737397E+04      0.5499891705614190E+07     -0.1289989887562635E+11      0.3025904071574065E+14     -0.7098402974935331E+17
  0.42200000E+03     -0.2355133025408976E+04      0.5547121679051740E+07     -0.1306642292249451E+11      0.3078098115809107E+14     -0.7251784637640674E+17
  0.42300000E+03     -0.2365287011179190E+04      0.5595057970334703E+07     -0.1323616559534623E+11      0.3131530252514619E+14     -0.7409481373587267E+17
  0.42400000E+03     -0.2375315026023926E+04      0.5642597254169478E+07     -0.1340520545692257E+11      0.3184963383790166E+14     -0.7567839694156632E+17
  0.42500000E+03     -0.2385413180850832E+04      0.5690674868914275E+07     -0.1357689434253650E+11      0.3239467086840706E+14     -0.7730064835216102E+17
  0.42600000E+03     -0.2395359473761119E+04      0.5738229999289049E+07     -0.1374743655060937E+11      0.3293836035352682E+14     -0.7892574162411192E+17
  0.42700000E+03     -0.2405336031471757E+04      0.5786129122040001E+07     -0.1391993014469937E+11      0.3349056890900764E+14     -0.8058319683081248E+17
  0.42800000E+03     -0.2415359610468219E+04      0.5834452476549428E+07     -0.1409466907781620E+11      0.3405227199605511E+14     -0.8227610043474998E+17
  0.42900000E+03     -0.2425311174902989E+04      0.5882631097780701E+07     -0.1426961981994464E+11      0.3461702922979256E+14     -0.8398539207814261E+17
  0.43000000E+03     -0.2435363128154883E+04      0.5931496721432737E+07     -0.1444779820250449E+11      0.3519458155435331E+14     -0.8574063075149334E+17
  0.43100000E+03     -0.2445402315422416E+04      0.5980496033401622E+07     -0.1462718065927411E+11      0.3577836891840855E+14     -0.8752193421685515E+17
  0.43200000E+03     -0.2455381834974065E+04      0.6029406226956182E+07     -0.1480697977812085E+11      0.3636593990324147E+14     -0.8932222015452752E+17
  0.43300000E+03     -0.2465314314828748E+04      0.6078286649635168E+07     -0.1498741048971924E+11      0.3695800628282668E+14     -0.9114375939992957E+17
  0.43400000E+03     -0.2475244084333930E+04      0.6127348427828363E+07     -0.1516923223516165E+11      0.3755701474230394E+14     -0.9299400101070486E+17
  0.43500000E+03     -0.2485220871621982E+04      0.6176843955983309E+07     -0.1535341100659031E+11      0.3816626779729638E+14     -0.9488357610260123E+17
  0.43600000E+03     -0.2495169393460532E+04      0.6226394839812862E+07     -0.1553852652872904E+11      0.3878104680346816E+14     -0.9679784853255168E+17
  0.43700000E+03     -0.2505065182793170E+04      0.6275881062000103E+07     -0.1572414303606442E+11      0.3939996536613272E+14     -0.9873274976267322E+17
  0.43800000E+03     -0.2515004492513950E+04      0.6325782133186972E+07     -0.1591205820016263E+11      0.4002903436023852E+14     -0.1007071854350506E+18
  0.43900000E+03     -0.2525017075122229E+04      0.6376250960383769E+07     -0.1610286714559195E+11      0.4067033082995166E+14     -0.1027280040425351E+18
  0.44000000E+03     -0.2534864881308858E+04      0.6426078233973426E+07     -0.1629196791383758E+11      0.4130830658482180E+14     -0.1047460150372296E+18
  0.44100000E+03     -0.2544669476956238E+04      0.6475887794591976E+07     -0.1648176700358827E+11      0.4195123128022113E+14     -0.1067879148049198E+18
  0.44200000E+03     -0.2554716744004408E+04      0.6527128059136499E+07     -0.1667777461256380E+11      0.4261775994228799E+14     -0.1089129827747421E+18
  0.44300000E+03     -0.2564497655290526E+04      0.6577201017713158E+07     -0.1687005089215819E+11      0.4327410598625370E+14     -0.1110136076377239E+18
  0.44400000E+03     -0.2574317072925545E+04      0.6627666317973375E+07     -0.1706458609366968E+11      0.4394074069655653E+14     -0.1131554415735982E+18
  0.44500000E+03     -0.2584254983977650E+04      0.6678937888841895E+07     -0.1726299291484257E+11      0.4462326985541745E+14     -0.1153568175344126E+18
  0.44600000E+03     -0.2593996686315393E+04      0.6729384991848454E+07     -0.1745893864878319E+11      0.4529985082743125E+14     -0.1175471593668181E+18
  0.44700000E+03     -0.2603662045940340E+04      0.6779627211283795E+07     -0.1765483130259162E+11      0.4597882334293191E+14     -0.1197536125177181E+18
  0.44800000E+03     -0.2613422579854009E+04      0.6830553207586549E+07     -0.1785412960811898E+11      0.4667217247387882E+14     -0.1220151740644894E+18
  0.44900000E+03     -0.2623282263251912E+04      0.6882192165691061E+07     -0.1805698669835507E+11      0.4738058675981515E+14     -0.1243346645309113E+18
  0.45000000E+03     -0.2633147917156720E+04      0.6934054041429395E+07     -0.1826147548987166E+11      0.4809735031522162E+14     -0.1266902084172254E+18
  0.45100000E+03     -0.2642844064026856E+04      0.6985213326199710E+07     -0.1846393956554857E+11      0.4880963876087422E+14     -0.1290396897767271E+18
  0.45200000E+03     -0.2652636548113732E+04      0.7037072819610599E+07     -0.1866993706270699E+11      0.4953705011468197E+14     -0.1314479667301455E+18
  0.45300000E+03     -0.2662224046243017E+04      0.7088033042977906E+07     -0.1887310527033398E+11      0.5025710359135277E+14     -0.1338406328243162E+18
  0.45400000E+03     -0.2671822456862968E+04      0.7139237052799820E+07     -0.1907798867352645E+11      0.5098587936789793E+14     -0.1362710967992502E+18
  0.45500000E+03     -0.2681570848177672E+04      0.7191431008569978E+07     -0.1928759558174220E+11      0.5173417854599215E+14     -0.1387757811616567E+18
  0.45600000E+03     -0.2691232417678656E+04      0.7243347037098564E+07     -0.1949684009007812E+11      0.5248388574069168E+14     -0.1412942585413886E+18
  0.45700000E+03     -0.2700793845992711E+04      0.7294902112665989E+07     -0.1970534606880854E+11      0.5323352135373495E+14     -0.1438211715387607E+18
  0.45800000E+03     -0.2710284819804636E+04      0.7346262656902493E+07     -0.1991381759935734E+11      0.5398574740766545E+14     -0.1463659983656278E+18
  0.45900000E+03     -0.2719845024889585E+04      0.7398180925146780E+07     -0.2012529867198951E+11      0.5475153320418815E+14     -0.1489658667854139E+18
  0.46000000E+03     -0.2729435567089092E+04      0.7450447742619428E+07     -0.2033895075967812E+11      0.5552791008366388E+14     -0.1516109916640994E+18
  0.46100000E+03     -0.2739065160628068E+04      0.7503112697048950E+07     -0.2055499063896316E+11      0.5631573693085442E+14     -0.1543046098126234E+18
  0.46200000E+03     -0.2748693552768825E+04      0.7555954480542764E+07     -0.2077251089086894E+11      0.5711172515275116E+14     -0.1570356121105137E+18
  0.46300000E+03     -0.2758165298740808E+04      0.7608121465517714E+07     -0.2098801694616807E+11      0.5790314592174763E+14     -0.1597605926099064E+18
  0.46400000E+03     -0.2767480520435839E+04      0.7659599093394073E+07     -0.2120139147846915E+11      0.5868937941744777E+14     -0.1624768390426446E+18
  0.46500000E+03     -0.2777002898080123E+04      0.7712398435795647E+07     -0.2142098022994042E+11      0.5950123037850678E+14     -0.1652910129890401E+18
  0.46600000E+03     -0.2786435901276933E+04      0.7764885943246267E+07     -0.2164003886026064E+11      0.6031396622905260E+14     -0.1681181500390379E+18
  0.46700000E+03     -0.2795611337746475E+04      0.7816105891857767E+07     -0.2185450076701243E+11      0.6111222920330546E+14     -0.1709039528482320E+18
  0.46800000E+03     -0.2805160417997467E+04      0.7869591837826356E+07     -0.2207920766435058E+11      0.6195145318904320E+14     -0.1738426030856454E+18
  0.46900000E+03     -0.2814105281642165E+04      0.7919860011792900E+07     -0.2229109806728091E+11      0.6274544210599373E+14     -0.1766321029066284E+18
  0.47000000E+03     -0.2823424264685462E+04      0.7972401047561544E+07     -0.2251328931376662E+11      0.6358073666001916E+14     -0.1795762568248711E+18
  0.47100000E+03     -0.2832632687099906E+04      0.8024493963145182E+07     -0.2273432919620267E+11      0.6441450873243574E+14     -0.1825249700851669E+18
  0.47200000E+03     -0.2841889462409476E+04      0.8077022477291653E+07     -0.2295790724990989E+11      0.6526046531221238E+14     -0.1855260363920318E+18
  0.47300000E+03     -0.2851261017650338E+04      0.8130382877770544E+07     -0.2318579712237910E+11      0.6612566366259816E+14     -0.1886057817940235E+18
  0.47400000E+03     -0.2860377722338064E+04      0.8182460530946426E+07     -0.2340893001331590E+11      0.6697554957219146E+14     -0.1916408347998988E+18
  0.47500000E+03     -0.2869405386838506E+04      0.8234187667991810E+07     -0.2363124064588260E+11      0.6782490012336262E+14     -0.1946832776390137E+18
  0.47600000E+03     -0.2878547259730043E+04      0.8286746039215350E+07     -0.2385788634338944E+11      0.6869373671732334E+14     -0.1978060299690251E+18
  0.47700000E+03     -0.2887501686297564E+04      0.8338380306518178E+07     -0.2408121110066813E+11      0.6955239530063901E+14     -0.2009014010357326E+18
  0.47800000E+03     -0.2896612611184826E+04      0.8391086861554425E+07     -0.2430991084147145E+11      0.7043456425928145E+14     -0.2040918124943958E+18
  0.47900000E+03     -0.2905368958961791E+04      0.8441890686415248E+07     -0.2453100068317202E+11      0.7128987971126578E+14     -0.2071941765705867E+18
  0.48000000E+03     -0.2914383468047838E+04      0.8494356775773702E+07     -0.2476004206236266E+11      0.7217874107860119E+14     -0.2104283455310133E+18
  0.48100000E+03     -0.2923133599952739E+04      0.8545438528967910E+07     -0.2498371607945953E+11      0.7304940392249216E+14     -0.2136058998337314E+18
  0.48200000E+03     -0.2931891713305852E+04      0.8596720442957545E+07     -0.2520894104535432E+11      0.7392873749362789E+14     -0.2168247396405735E+18
  0.48300000E+03     -0.2940946898989616E+04      0.8649912772140821E+07     -0.2544330958283640E+11      0.7484672010500086E+14     -0.2201958907071386E+18
  0.48400000E+03     -0.2949828580844020E+04      0.8702233822423134E+07     -0.2567449284189997E+11      0.7575479397102142E+14     -0.2235401088821344E+18
  0.48500000E+03     -0.2958478386060099E+04      0.8753347762747223E+07     -0.2590104666460367E+11      0.7664745917722750E+14     -0.2268378363812653E+18
  0.48600000E+03     -0.2966972007654521E+04      0.8803679033541486E+07     -0.2612475476991160E+11      0.7753137429532875E+14     -0.2301123604731778E+18
  0.48700000E+03     -0.2975643310023989E+04      0.8855220634667074E+07     -0.2635454450613481E+11      0.7844210226559381E+14     -0.2334965588789965E+18
  0.48800000E+03     -0.2984393594501570E+04      0.8907379611115426E+07     -0.2658774803317760E+11      0.7936898867891328E+14     -0.2369505962410607E+18
  0.48900000E+03     -0.2992894809219025E+04      0.8958195863963274E+07     -0.2681558471286988E+11      0.8027708137732467E+14     -0.2403440819603059E+18
  0.49000000E+03     -0.3001559598400364E+04      0.9010142363535551E+07     -0.2704917443592530E+11      0.8121084407749244E+14     -0.2438437627354240E+18
  0.49100000E+03     -0.3009873390482889E+04      0.9060120271405462E+07     -0.2727452357322968E+11      0.8211411664780614E+14     -0.2472383783467159E+18
  0.49200000E+03     -0.3018231479981315E+04      0.9110512760529565E+07     -0.2750241283949025E+11      0.8303026831594500E+14     -0.2506915653416107E+18
  0.49300000E+03     -0.3026515260409854E+04      0.9160590772207092E+07     -0.2772948549277748E+11      0.8394557794787270E+14     -0.2541508032916316E+18
  0.49400000E+03     -0.3034790487633807E+04      0.9210757768061599E+07     -0.2795760126995125E+11      0.8486767746599617E+14     -0.2576454982770620E+18
  0.49500000E+03     -0.3043458678215526E+04      0.9263447004691653E+07     -0.2819782448642096E+11      0.8584130723261934E+14     -0.2613453325028650E+18
  0.49600000E+03     -0.3051602205722832E+04      0.9313088240908140E+07     -0.2842479639837553E+11      0.8676385176255717E+14     -0.2648610342590072E+18
  0.49700000E+03     -0.3059860225888098E+04      0.9363558946470462E+07     -0.2865616366579278E+11      0.8770671726145908E+14     -0.2684635561098648E+18
  0.49800000E+03     -0.3067948465831342E+04      0.9413128535845116E+07     -0.2888402777687037E+11      0.8863787236386675E+14     -0.2720311661849211E+18
  0.49900000E+03     -0.3075819761958327E+04      0.9461498557192419E+07     -0.2910697677647537E+11      0.8955139681714594E+14     -0.2755406560288526E+18
  0.50000000E+03     -0.3084114926747540E+04      0.9512596681348328E+07     -0.2934307065814337E+11      0.9052112614128230E+14     -0.2792751014338368E+18
  0.50100000E+03     -0.3092166684468525E+04      0.9562325812801220E+07     -0.2957344313753531E+11      0.9146984175903614E+14     -0.2829382202374476E+18
  0.50200000E+03     -0.3099886847871833E+04      0.9610143558245232E+07     -0.2979559542971336E+11      0.9238732425402973E+14     -0.2864908817483850E+18
  0.50300000E+03     -0.3107582406015478E+04      0.9657918124481235E+07     -0.3001805596361985E+11      0.9330818714486084E+14     -0.2900648155835794E+18
  0.50400000E+03     -0.3115547683573330E+04      0.9707490941355938E+07     -0.3024946818076594E+11      0.9426850532349380E+14     -0.2938012207279000E+18
  0.50500000E+03     -0.3123318548556471E+04      0.9755978790556416E+07     -0.3047640030642073E+11      0.9521266344058681E+14     -0.2974842310895832E+18
  0.50600000E+03     -0.3130956570574863E+04      0.9803754168139866E+07     -0.3070054420877328E+11      0.9614749957366770E+14     -0.3011397882561378E+18
  0.50700000E+03     -0.3138318041495634E+04      0.9849915530196328E+07     -0.3091766088698925E+11      0.9705530859566972E+14     -0.3046986105799456E+18
  0.50800000E+03     -0.3145907651774570E+04      0.9897614516228370E+07     -0.3114251363696964E+11      0.9799757309568214E+14     -0.3084007843024851E+18
  0.50900000E+03     -0.3153528716148561E+04      0.9945627308185026E+07     -0.3136939471179594E+11      0.9895064516897445E+14     -0.3121545153271148E+18
  0.51000000E+03     -0.3161065711689484E+04      0.9993223407405358E+07     -0.3159484169840365E+11      0.9989994554895158E+14     -0.3159022840407706E+18
