  0.00000000E+00     -0.4496302547883086E+01
  0.10000000E+01     -0.3057200593318779E+01
  0.20000000E+01     -0.2283999316386147E+01
  0.30000000E+01     -0.1889071981408133E+01
  0.40000000E+01     -0.1754765979383023E+01
  0.50000000E+01     -0.1816455654225731E+01
  0.60000000E+01     -0.2033415843652382E+01
  0.70000000E+01     -0.2377469932711105E+01
  0.80000000E+01     -0.2827841670961331E+01
  0.90000000E+01     -0.3368699191687249E+01
  0.10000000E+02     -0.3987635783473614E+01
  0.11000000E+02     -0.4674750533972492E+01
  0.12000000E+02     -0.5421652030970264E+01
  0.13000000E+02     -0.6221309878925172E+01
  0.14000000E+02     -0.7067984249190236E+01
  0.15000000E+02     -0.7956504927978628E+01
  0.16000000E+02     -0.8882342598190498E+01
  0.17000000E+02     -0.9841767260101157E+01
  0.18000000E+02     -0.1083105753752375E+02
  0.19000000E+02     -0.1184715713410106E+02
  0.20000000E+02     -0.1288730037512048E+02
  0.21000000E+02     -0.1394895299809210E+02
  0.22000000E+02     -0.1502976601288800E+02
  0.23000000E+02     -0.1612775933126996E+02
  0.24000000E+02     -0.1724092946302457E+02
  0.25000000E+02     -0.1836742218131167E+02
  0.26000000E+02     -0.1950575311414682E+02
  0.27000000E+02     -0.2065438805741710E+02
  0.28000000E+02     -0.2181184701220558E+02
  0.29000000E+02     -0.2297706088921822E+02
  0.30000000E+02     -0.2414864693669677E+02
  0.31000000E+02     -0.2532538943530157E+02
  0.32000000E+02     -0.2650613578645609E+02
  0.33000000E+02     -0.2768997055021108E+02
  0.34000000E+02     -0.2887589431006277E+02
  0.35000000E+02     -0.3006306063625798E+02
  0.36000000E+02     -0.3125041113187973E+02
  0.37000000E+02     -0.3243706442634033E+02
  0.38000000E+02     -0.3362248769711040E+02
  0.39000000E+02     -0.3480615021054601E+02
  0.40000000E+02     -0.3598679259020998E+02
  0.41000000E+02     -0.3716414146185649E+02
  0.42000000E+02     -0.3833727237239426E+02
  0.43000000E+02     -0.3950603511941003E+02
  0.44000000E+02     -0.4066964813903806E+02
  0.45000000E+02     -0.4182716242938830E+02
  0.46000000E+02     -0.4297849706705702E+02
  0.47000000E+02     -0.4412304183653683E+02
  0.48000000E+02     -0.4526035714542556E+02
  0.49000000E+02     -0.4638968201466455E+02
  0.50000000E+02     -0.4751106781376319E+02
  0.51000000E+02     -0.4862443320031390E+02
  0.52000000E+02     -0.4972910380095790E+02
  0.53000000E+02     -0.5082468522405181E+02
  0.54000000E+02     -0.5191107315043408E+02
  0.55000000E+02     -0.5298802072376346E+02
  0.56000000E+02     -0.5405546606409445E+02
  0.57000000E+02     -0.5511322228025004E+02
  0.58000000E+02     -0.5616084406842248E+02
  0.59000000E+02     -0.5719864146161053E+02
  0.60000000E+02     -0.5822640618097488E+02
  0.61000000E+02     -0.5924390862696838E+02
  0.62000000E+02     -0.6025135641890455E+02
  0.63000000E+02     -0.6124885852504895E+02
  0.64000000E+02     -0.6223597641296976E+02
  0.65000000E+02     -0.6321297022159193E+02
  0.66000000E+02     -0.6417983378047647E+02
  0.67000000E+02     -0.6513683371256478E+02
  0.68000000E+02     -0.6608348575381369E+02
  0.69000000E+02     -0.6701988414580134E+02
  0.70000000E+02     -0.6794611923093584E+02
  0.71000000E+02     -0.6886242889985729E+02
  0.72000000E+02     -0.6976910452237622E+02
  0.73000000E+02     -0.7066585890578091E+02
  0.74000000E+02     -0.7155248665983474E+02
  0.75000000E+02     -0.7242959711150968E+02
  0.76000000E+02     -0.7329727941358030E+02
  0.77000000E+02     -0.7415548001554515E+02
  0.78000000E+02     -0.7500379500551088E+02
  0.79000000E+02     -0.7584278890989103E+02
  0.80000000E+02     -0.7667269947669575E+02
  0.81000000E+02     -0.7749317496111098E+02
  0.82000000E+02     -0.7830418855428431E+02
  0.83000000E+02     -0.7910614498724161E+02
  0.84000000E+02     -0.7989883093666053E+02
  0.85000000E+02     -0.8068234670341840E+02
  0.86000000E+02     -0.8145694101745505E+02
  0.87000000E+02     -0.8222282020760045E+02
  0.88000000E+02     -0.8298003221289207E+02
  0.89000000E+02     -0.8372825116902860E+02
  0.90000000E+02     -0.8446805753754401E+02
  0.91000000E+02     -0.8519889825435308E+02
  0.92000000E+02     -0.8592142582934670E+02
  0.93000000E+02     -0.8663545693514699E+02
  0.94000000E+02     -0.8734103684172059E+02
  0.95000000E+02     -0.8803823903712632E+02
  0.96000000E+02     -0.8872713962620743E+02
  0.97000000E+02     -0.8940802876201961E+02
  0.98000000E+02     -0.9008050573604633E+02
  0.99000000E+02     -0.9074494204774976E+02
  0.10000000E+03     -0.9140124121540032E+02
  0.10100000E+03     -0.9204937535295835E+02
  0.10200000E+03     -0.9268916053369574E+02
  0.10300000E+03     -0.9332127599932153E+02
  0.10400000E+03     -0.9394565340132206E+02
  0.10500000E+03     -0.9456217118750608E+02
  0.10600000E+03     -0.9517068106602956E+02
  0.10700000E+03     -0.9577120026076130E+02
  0.10800000E+03     -0.9636380927093285E+02
  0.10900000E+03     -0.9694884197434976E+02
  0.11000000E+03     -0.9752594907563368E+02
  0.11100000E+03     -0.9809551753348094E+02
  0.11200000E+03     -0.9865736063304794E+02
  0.11300000E+03     -0.9921160617788917E+02
  0.11400000E+03     -0.9975819557193580E+02
  0.11500000E+03     -0.1002970016507452E+03
  0.11600000E+03     -0.1008280034879519E+03
  0.11700000E+03     -0.1013511687176877E+03
  0.11800000E+03     -0.1018667584754362E+03
  0.11900000E+03     -0.1023744669346997E+03
  0.12000000E+03     -0.1028748875972812E+03
  0.12100000E+03     -0.1033670867831784E+03
  0.12200000E+03     -0.1038518930404796E+03
  0.12300000E+03     -0.1043290179603719E+03
  0.12400000E+03     -0.1047984912272382E+03
  0.12500000E+03     -0.1052598270337491E+03
  0.12600000E+03     -0.1057131385960353E+03
  0.12700000E+03     -0.1061590994248737E+03
  0.12800000E+03     -0.1065975883570171E+03
  0.12900000E+03     -0.1070279087606118E+03
  0.13000000E+03     -0.1074501104160439E+03
  0.13100000E+03     -0.1078644351022761E+03
  0.13200000E+03     -0.1082709293579426E+03
  0.13300000E+03     -0.1086698360727226E+03
  0.13400000E+03     -0.1090603735241703E+03
  0.13500000E+03     -0.1094431037363844E+03
  0.13600000E+03     -0.1098183201911138E+03
  0.13700000E+03     -0.1101852718049082E+03
  0.13800000E+03     -0.1105447715604537E+03
  0.13900000E+03     -0.1108962116443561E+03
  0.14000000E+03     -0.1112390909091371E+03
  0.14100000E+03     -0.1115742924574386E+03
  0.14200000E+03     -0.1119015005596813E+03
  0.14300000E+03     -0.1122208416210620E+03
  0.14400000E+03     -0.1125325172983755E+03
  0.14500000E+03     -0.1128360547530318E+03
  0.14600000E+03     -0.1131318896289256E+03
  0.14700000E+03     -0.1134200263997868E+03
  0.14800000E+03     -0.1137000579013565E+03
  0.14900000E+03     -0.1139729400069899E+03
  0.15000000E+03     -0.1142377660726836E+03
  0.15100000E+03     -0.1144955632560139E+03
  0.15200000E+03     -0.1147461370274088E+03
  0.15300000E+03     -0.1149890196559139E+03
  0.15400000E+03     -0.1152247705076404E+03
  0.15500000E+03     -0.1154529640189134E+03
  0.15600000E+03     -0.1156743168414906E+03
  0.15700000E+03     -0.1158890568568121E+03
  0.15800000E+03     -0.1160969732034495E+03
  0.15900000E+03     -0.1162988356002048E+03
  0.16000000E+03     -0.1164936300936362E+03
  0.16100000E+03     -0.1166817869552099E+03
  0.16200000E+03     -0.1168630358084797E+03
  0.16300000E+03     -0.1170384871927563E+03
  0.16400000E+03     -0.1172079878730050E+03
  0.16500000E+03     -0.1173717363229145E+03
  0.16600000E+03     -0.1175293839029204E+03
  0.16700000E+03     -0.1176812636470952E+03
  0.16800000E+03     -0.1178282258571274E+03
  0.16900000E+03     -0.1179688847045413E+03
  0.17000000E+03     -0.1181040997736812E+03
  0.17100000E+03     -0.1182340381512361E+03
  0.17200000E+03     -0.1183583826529045E+03
  0.17300000E+03     -0.1184776718463342E+03
  0.17400000E+03     -0.1185914309538799E+03
  0.17500000E+03     -0.1187001914989897E+03
  0.17600000E+03     -0.1188039712779551E+03
  0.17700000E+03     -0.1189026806616623E+03
  0.17800000E+03     -0.1189961978223813E+03
  0.17900000E+03     -0.1190848852739435E+03
  0.18000000E+03     -0.1191688906580174E+03
  0.18100000E+03     -0.1192485101630750E+03
  0.18200000E+03     -0.1193232544803182E+03
  0.18300000E+03     -0.1193921087795703E+03
  0.18400000E+03     -0.1194562017773324E+03
  0.18500000E+03     -0.1195158295554502E+03
  0.18600000E+03     -0.1195710873146041E+03
  0.18700000E+03     -0.1196205702612880E+03
  0.18800000E+03     -0.1196653516381763E+03
  0.18900000E+03     -0.1197056853493963E+03
  0.19000000E+03     -0.1197413766561081E+03
  0.19100000E+03     -0.1197716337940908E+03
  0.19200000E+03     -0.1197970676227959E+03
  0.19300000E+03     -0.1198171893170140E+03
  0.19400000E+03     -0.1198320991420152E+03
  0.19500000E+03     -0.1198416076327277E+03
  0.19600000E+03     -0.1198459771986781E+03
  0.19700000E+03     -0.1198449241943666E+03
  0.19800000E+03     -0.1198386118843890E+03
  0.19900000E+03     -0.1198264749806669E+03
  0.20000000E+03     -0.1198085862817609E+03
  0.20100000E+03     -0.1197848062841060E+03
  0.20200000E+03     -0.1197551402637939E+03
  0.20300000E+03     -0.1197193981010575E+03
  0.20400000E+03     -0.1196772238782478E+03
  0.20500000E+03     -0.1196287670912102E+03
  0.20600000E+03     -0.1195742825878752E+03
  0.20700000E+03     -0.1195129907418892E+03
  0.20800000E+03     -0.1194456246672070E+03
  0.20900000E+03     -0.1193712796524488E+03
  0.21000000E+03     -0.1192902387132078E+03
  0.21100000E+03     -0.1192021794474317E+03
  0.21200000E+03     -0.1191069087144284E+03
  0.21300000E+03     -0.1190042846594761E+03
  0.21400000E+03     -0.1188946129946895E+03
  0.21500000E+03     -0.1187775961555430E+03
  0.21600000E+03     -0.1186530830403532E+03
  0.21700000E+03     -0.1185210064620818E+03
  0.21800000E+03     -0.1183814591830282E+03
  0.21900000E+03     -0.1182339149202330E+03
  0.22000000E+03     -0.1180791489986400E+03
  0.22100000E+03     -0.1179163746265276E+03
  0.22200000E+03     -0.1177462997141897E+03
  0.22300000E+03     -0.1175681239379682E+03
  0.22400000E+03     -0.1173821421042460E+03
  0.22500000E+03     -0.1171881873391656E+03
  0.22600000E+03     -0.1169866084777356E+03
  0.22700000E+03     -0.1167774786500711E+03
  0.22800000E+03     -0.1165601329098814E+03
  0.22900000E+03     -0.1163352110237393E+03
  0.23000000E+03     -0.1161023495040829E+03
  0.23100000E+03     -0.1158620968737468E+03
  0.23200000E+03     -0.1156137462928131E+03
  0.23300000E+03     -0.1153578054235376E+03
  0.23400000E+03     -0.1150940223463922E+03
  0.23500000E+03     -0.1148224769523542E+03
  0.23600000E+03     -0.1145433999088980E+03
  0.23700000E+03     -0.1142566865502761E+03
  0.23800000E+03     -0.1139622564633722E+03
  0.23900000E+03     -0.1136602288926250E+03
  0.24000000E+03     -0.1133506245091654E+03
  0.24100000E+03     -0.1130335319595294E+03
  0.24200000E+03     -0.1127089242332765E+03
  0.24300000E+03     -0.1123766236938588E+03
  0.24400000E+03     -0.1120367952192866E+03
  0.24500000E+03     -0.1116896177900753E+03
  0.24600000E+03     -0.1113349244297793E+03
  0.24700000E+03     -0.1109725273149343E+03
  0.24800000E+03     -0.1106031183743362E+03
  0.24900000E+03     -0.1102261622094089E+03
  0.25000000E+03     -0.1098418674231902E+03
  0.25100000E+03     -0.1094500876695755E+03
  0.25200000E+03     -0.1090508728085813E+03
  0.25300000E+03     -0.1086439330162879E+03
  0.25400000E+03     -0.1082292057615041E+03
  0.25500000E+03     -0.1078072955588247E+03
  0.25600000E+03     -0.1073775753837128E+03
  0.25700000E+03     -0.1069405854608181E+03
  0.25800000E+03     -0.1064955484527712E+03
  0.25900000E+03     -0.1060431058653575E+03
  0.26000000E+03     -0.1055828689152855E+03
  0.26100000E+03     -0.1051150043324533E+03
  0.26200000E+03     -0.1046395773425825E+03
  0.26300000E+03     -0.1041559763489291E+03
  0.26400000E+03     -0.1036649697125124E+03
  0.26500000E+03     -0.1031658522756544E+03
  0.26600000E+03     -0.1026589292131100E+03
  0.26700000E+03     -0.1021436575919434E+03
  0.26800000E+03     -0.1016207304615081E+03
  0.26900000E+03     -0.1010895593741962E+03
  0.27000000E+03     -0.1005501705224988E+03
  0.27100000E+03     -0.1000024983305414E+03
  0.27200000E+03     -0.9944674465394274E+02
  0.27300000E+03     -0.9888252310420845E+02
  0.27400000E+03     -0.9830938646045125E+02
  0.27500000E+03     -0.9772729479156189E+02
  0.27600000E+03     -0.9713786624120991E+02
  0.27700000E+03     -0.9653959722696784E+02
  0.27800000E+03     -0.9593297488239048E+02
  0.27900000E+03     -0.9531691708372466E+02
  0.28000000E+03     -0.9469236145206835E+02
  0.28100000E+03     -0.9405846085328834E+02
  0.28200000E+03     -0.9341583592490102E+02
  0.28300000E+03     -0.9276521006078136E+02
  0.28400000E+03     -0.9210459617232371E+02
  0.28500000E+03     -0.9143586849016448E+02
  0.28600000E+03     -0.9075827120977067E+02
  0.28700000E+03     -0.9007045612487023E+02
  0.28800000E+03     -0.8937409605616935E+02
  0.28900000E+03     -0.8866785411891047E+02
  0.29000000E+03     -0.8795274354042540E+02
  0.29100000E+03     -0.8722846892042516E+02
  0.29200000E+03     -0.8649504474130019E+02
  0.29300000E+03     -0.8575247296836841E+02
  0.29400000E+03     -0.8500093854470303E+02
  0.29500000E+03     -0.8423890567030520E+02
  0.29600000E+03     -0.8346893580913658E+02
  0.29700000E+03     -0.8268974531923942E+02
  0.29800000E+03     -0.8190013597926855E+02
  0.29900000E+03     -0.8110320747884288E+02
  0.30000000E+03     -0.8029614650427017E+02
  0.30100000E+03     -0.7948194192061756E+02
  0.30200000E+03     -0.7865885334663355E+02
  0.30300000E+03     -0.7782767913191307E+02
  0.30400000E+03     -0.7698817600742187E+02
  0.30500000E+03     -0.7614022092981608E+02
  0.30600000E+03     -0.7528386551383682E+02
  0.30700000E+03     -0.7442205730126182E+02
  0.30800000E+03     -0.7355171008814835E+02
  0.30900000E+03     -0.7267533250499525E+02
  0.31000000E+03     -0.7179289927928512E+02
  0.31100000E+03     -0.7090353734347093E+02
  0.31200000E+03     -0.7000858697780254E+02
  0.31300000E+03     -0.6910794819063221E+02
  0.31400000E+03     -0.6820061621806454E+02
  0.31500000E+03     -0.6729067062049792E+02
  0.31600000E+03     -0.6637567418117217E+02
  0.31700000E+03     -0.6545703081202072E+02
  0.31800000E+03     -0.6453365030354885E+02
  0.31900000E+03     -0.6360688072227207E+02
  0.32000000E+03     -0.6267790093574558E+02
  0.32100000E+03     -0.6174589714735333E+02
  0.32200000E+03     -0.6081101701592017E+02
  0.32300000E+03     -0.5987358390724555E+02
  0.32400000E+03     -0.5893523827701107E+02
  0.32500000E+03     -0.5799585406429453E+02
  0.32600000E+03     -0.5705491001367798E+02
  0.32700000E+03     -0.5611249914584909E+02
  0.32800000E+03     -0.5517035960647848E+02
  0.32900000E+03     -0.5422842538867396E+02
  0.33000000E+03     -0.5328767640103194E+02
  0.33100000E+03     -0.5234683814438310E+02
  0.33200000E+03     -0.5140855356640087E+02
  0.33300000E+03     -0.5047008565983808E+02
  0.33400000E+03     -0.4953525481514230E+02
  0.33500000E+03     -0.4860119406682328E+02
  0.33600000E+03     -0.4766894941322166E+02
  0.33700000E+03     -0.4674082417322776E+02
  0.33800000E+03     -0.4581629984369764E+02
  0.33900000E+03     -0.4489666307713060E+02
  0.34000000E+03     -0.4397938378922736E+02
  0.34100000E+03     -0.4306544269683265E+02
  0.34200000E+03     -0.4215573986230140E+02
  0.34300000E+03     -0.4125109240956088E+02
  0.34400000E+03     -0.4035528345747213E+02
  0.34500000E+03     -0.3946306578293937E+02
  0.34600000E+03     -0.3857893497795365E+02
  0.34700000E+03     -0.3770000766244725E+02
  0.34800000E+03     -0.3682864479459874E+02
  0.34900000E+03     -0.3596458398939814E+02
  0.35000000E+03     -0.3510661124302777E+02
  0.35100000E+03     -0.3425792513054811E+02
  0.35200000E+03     -0.3341913595122297E+02
  0.35300000E+03     -0.3258969440460979E+02
  0.35400000E+03     -0.3176814142946244E+02
  0.35500000E+03     -0.3095400386634829E+02
  0.35600000E+03     -0.3015146823507683E+02
  0.35700000E+03     -0.2935832385978654E+02
  0.35800000E+03     -0.2857729849384858E+02
  0.35900000E+03     -0.2780491953004518E+02
  0.36000000E+03     -0.2704665546906877E+02
  0.36100000E+03     -0.2630049937075498E+02
  0.36200000E+03     -0.2556209885770991E+02
  0.36300000E+03     -0.2484279698030006E+02
  0.36400000E+03     -0.2413563278558196E+02
  0.36500000E+03     -0.2344129758639596E+02
  0.36600000E+03     -0.2275872134695547E+02
  0.36700000E+03     -0.2209439242146612E+02
  0.36800000E+03     -0.2144290352874948E+02
  0.36900000E+03     -0.2080584002937575E+02
  0.37000000E+03     -0.2018589580809994E+02
  0.37100000E+03     -0.1958149502088420E+02
  0.37200000E+03     -0.1899439035666935E+02
  0.37300000E+03     -0.1842157425668790E+02
  0.37400000E+03     -0.1786401347632648E+02
  0.37500000E+03     -0.1732216452595984E+02
  0.37600000E+03     -0.1680481637357105E+02
  0.37700000E+03     -0.1630817578957961E+02
  0.37800000E+03     -0.1582738958107541E+02
  0.37900000E+03     -0.1537145229793590E+02
  0.38000000E+03     -0.1493525469897117E+02
  0.38100000E+03     -0.1452194313047178E+02
  0.38200000E+03     -0.1412637786595823E+02
  0.38300000E+03     -0.1374996956826244E+02
  0.38400000E+03     -0.1339643898167668E+02
  0.38500000E+03     -0.1306045614595069E+02
  0.38600000E+03     -0.1275176411217870E+02
  0.38700000E+03     -0.1247658877260312E+02
  0.38800000E+03     -0.1220506820727247E+02
  0.38900000E+03     -0.1196658582147454E+02
  0.39000000E+03     -0.1174890996923822E+02
  0.39100000E+03     -0.1155942273688938E+02
  0.39200000E+03     -0.1140290631048864E+02
  0.39300000E+03     -0.1126446289015623E+02
  0.39400000E+03     -0.1115731944324209E+02
  0.39500000E+03     -0.1107867215344437E+02
  0.39600000E+03     -0.1103140800483228E+02
  0.39700000E+03     -0.1100317587683148E+02
  0.39800000E+03     -0.1100488544483260E+02
  0.39900000E+03     -0.1105003582936214E+02
  0.40000000E+03     -0.1111947917227124E+02
  0.40100000E+03     -0.1121862991204573E+02
  0.40200000E+03     -0.1134912567337837E+02
  0.40300000E+03     -0.1149987707924877E+02
  0.40400000E+03     -0.1169259738995625E+02
  0.40500000E+03     -0.1191811225682022E+02
  0.40600000E+03     -0.1217789211893419E+02
  0.40700000E+03     -0.1247127877493778E+02
  0.40800000E+03     -0.1280148855213158E+02
  0.40900000E+03     -0.1316531623383189E+02
  0.41000000E+03     -0.1355978459122441E+02
  0.41100000E+03     -0.1400139428570753E+02
  0.41200000E+03     -0.1447166767418970E+02
  0.41300000E+03     -0.1498549354973319E+02
  0.41400000E+03     -0.1553565238737943E+02
  0.41500000E+03     -0.1611937625599547E+02
  0.41600000E+03     -0.1674417795006883E+02
  0.41700000E+03     -0.1740081758265244E+02
  0.41800000E+03     -0.1811854227565902E+02
  0.41900000E+03     -0.1885740685381548E+02
  0.42000000E+03     -0.1965116288139900E+02
  0.42100000E+03     -0.2049752639654564E+02
  0.42200000E+03     -0.2136015554183039E+02
  0.42300000E+03     -0.2227888442629202E+02
  0.42400000E+03     -0.2324007193226385E+02
  0.42500000E+03     -0.2424696898156864E+02
  0.42600000E+03     -0.2529046961923045E+02
  0.42700000E+03     -0.2639240608356979E+02
  0.42800000E+03     -0.2753354933579643E+02
  0.42900000E+03     -0.2872247638202919E+02
  0.43000000E+03     -0.2995715295946230E+02
  0.43100000E+03     -0.3124204611650819E+02
  0.43200000E+03     -0.3257496019842488E+02
  0.43300000E+03     -0.3396296571185052E+02
  0.43400000E+03     -0.3540282083049624E+02
  0.43500000E+03     -0.3689229074896606E+02
  0.43600000E+03     -0.3841577999347690E+02
  0.43700000E+03     -0.4001738020096966E+02
  0.43800000E+03     -0.4166451437262840E+02
  0.43900000E+03     -0.4335813384787978E+02
  0.44000000E+03     -0.4510837859916555E+02
  0.44100000E+03     -0.4691938666550292E+02
  0.44200000E+03     -0.4876998157078262E+02
  0.44300000E+03     -0.5069342998555503E+02
  0.44400000E+03     -0.5267849903939752E+02
  0.44500000E+03     -0.5472087036209746E+02
  0.44600000E+03     -0.5680933203507038E+02
  0.44700000E+03     -0.5894450029736578E+02
  0.44800000E+03     -0.6114260361939478E+02
  0.44900000E+03     -0.6341895941501051E+02
  0.45000000E+03     -0.6576258175196776E+02
  0.45100000E+03     -0.6814936116374744E+02
  0.45200000E+03     -0.7060606842858479E+02
  0.45300000E+03     -0.7315087379597841E+02
  0.45400000E+03     -0.7576133844397738E+02
  0.45500000E+03     -0.7842439011318262E+02
  0.45600000E+03     -0.8115695395671437E+02
  0.45700000E+03     -0.8396230737565898E+02
  0.45800000E+03     -0.8680173437630364E+02
  0.45900000E+03     -0.8973370087162164E+02
  0.46000000E+03     -0.9271928496678161E+02
  0.46100000E+03     -0.9580625417742647E+02
  0.46200000E+03     -0.9893380643693368E+02
  0.46300000E+03     -0.1021355787278817E+03
  0.46400000E+03     -0.1054053976648335E+03
  0.46500000E+03     -0.1087761337155172E+03
  0.46600000E+03     -0.1122127031326424E+03
  0.46700000E+03     -0.1157049016734594E+03
  0.46800000E+03     -0.1192873961299860E+03
  0.46900000E+03     -0.1229367987053339E+03
  0.47000000E+03     -0.1267018203941820E+03
  0.47100000E+03     -0.1305081579135378E+03
  0.47200000E+03     -0.1344193006831228E+03
  0.47300000E+03     -0.1384020510092633E+03
  0.47400000E+03     -0.1424435175857886E+03
  0.47500000E+03     -0.1465909451820697E+03
  0.47600000E+03     -0.1507843766279600E+03
  0.47700000E+03     -0.1550760436154910E+03
  0.47800000E+03     -0.1594833154624603E+03
  0.47900000E+03     -0.1639527166508109E+03
  0.48000000E+03     -0.1685148922467299E+03
  0.48100000E+03     -0.1731513389476295E+03
  0.48200000E+03     -0.1778517863486643E+03
  0.48300000E+03     -0.1826479862677605E+03
  0.48400000E+03     -0.1875584539288966E+03
  0.48500000E+03     -0.1925640605827629E+03
  0.48600000E+03     -0.1976620337203168E+03
  0.48700000E+03     -0.2028250824658160E+03
  0.48800000E+03     -0.2081172329379569E+03
  0.48900000E+03     -0.2134993751160646E+03
  0.49000000E+03     -0.2189937477980328E+03
  0.49100000E+03     -0.2245574305461750E+03
  0.49200000E+03     -0.2301926321062384E+03
  0.49300000E+03     -0.2359061432610836E+03
  0.49400000E+03     -0.2417973918794488E+03
  0.49500000E+03     -0.2477565648585496E+03
  0.49600000E+03     -0.2538147428386686E+03
  0.49700000E+03     -0.2599554592287572E+03
  0.49800000E+03     -0.2662148424079812E+03
  0.49900000E+03     -0.2726064867859459E+03
  0.50000000E+03     -0.2790323971905814E+03
  0.50100000E+03     -0.2856523941612926E+03
  0.50200000E+03     -0.2923448272555387E+03
  0.50300000E+03     -0.2991413204012267E+03
  0.50400000E+03     -0.3060550532117166E+03
  0.50500000E+03     -0.3137237248257606E+03
  0.50600000E+03     -0.3193050075527665E+03
  0.50700000E+03     -0.3246808352249724E+03
  0.50800000E+03     -0.3299787813166400E+03
  0.50900000E+03     -0.3350730351392550E+03
  0.51000000E+03     -0.3396023137701080E+03
