  0.00000000E+00     -0.1425719138739493E-08      0.4241106859255413E-17     -0.1352775866497183E-25      0.4726850154218942E-34     -0.1729030364577341E-42
  0.10000000E+01     -0.6057414271023586E-03      0.3669226765217252E-06     -0.2222602657217711E-09      0.1346322505499649E-12     -0.8155233158568166E-16
  0.20000000E+01     -0.4056509396455258E-01      0.2447080445628683E-01     -0.1829960561050131E-01      0.1896219253290585E-01     -0.5646655210145240E-02
  0.30000000E+01     -0.1201399985299949E+00      0.8421367836600838E-01     -0.7768252273283287E-01      0.1012553197402477E+00     -0.1111252897839366E+00
  0.40000000E+01     -0.2394983975167344E+00      0.1995120492987286E+00     -0.2272520966495967E+00      0.3598138358276590E+00     -0.6046665799474057E+00
  0.50000000E+01     -0.3988557089381631E+00      0.4005134760993750E+00     -0.5552275878137996E+00      0.1042329421467909E+01     -0.2269466343752842E+01
  0.60000000E+01     -0.5986404248915639E+00      0.7276001931521897E+00     -0.1210307859263813E+01      0.2653849051747774E+01     -0.6952025549834444E+01
  0.70000000E+01     -0.8388381061517968E+00      0.1230987301425392E+01     -0.2426372458844700E+01      0.6152311700164681E+01     -0.1880368987920657E+02
  0.80000000E+01     -0.1120262502888138E+01      0.1972654246900986E+01     -0.4557958290419177E+01      0.1325645786528408E+02     -0.4634636890598562E+02
  0.90000000E+01     -0.1442744582666363E+01      0.3023886556331983E+01     -0.8120012092875202E+01      0.2693003906505006E+02     -0.1066413824640597E+03
  0.10000000E+02     -0.1806558747576288E+01      0.4466845681293424E+01     -0.1382969454860117E+02      0.5196453597342109E+02     -0.2309541864934662E+03
  0.11000000E+02     -0.2212406820952462E+01      0.6397610082857469E+01     -0.2268540723089967E+02      0.9613508446300619E+02     -0.4773601330566929E+03
  0.12000000E+02     -0.2660357153332697E+01      0.8922389424054987E+01     -0.3601478791780027E+02      0.1713681750006071E+03     -0.9467385248665695E+03
  0.13000000E+02     -0.3150922299148388E+01      0.1215919043800553E+02     -0.5553782945582471E+02      0.2953076111951432E+03     -0.1806145726834904E+04
  0.14000000E+02     -0.3684479988239364E+01      0.1623949747069206E+02     -0.8349398688252444E+02      0.4942768577680555E+03     -0.3338269086904121E+04
  0.15000000E+02     -0.4262056117754321E+01      0.2131648993186103E+02     -0.1227859259558943E+03      0.8062887477228156E+03     -0.5992371121370311E+04
  0.16000000E+02     -0.4883263578894189E+01      0.2753956935364261E+02     -0.1768697027811414E+03      0.1283409432365863E+04     -0.1046343053547227E+05
  0.17000000E+02     -0.5549334048544607E+01      0.3508990918787734E+02     -0.2501878526021428E+03      0.1999268660486669E+04     -0.1783092651023676E+05
  0.18000000E+02     -0.6260041374558178E+01      0.4414927169355928E+02     -0.3480625205547269E+03      0.3053704686774759E+04     -0.2972447368442042E+05
  0.19000000E+02     -0.7015766998795981E+01      0.5491742755737779E+02     -0.4768816569531676E+03      0.4578746520023341E+04     -0.4850242473467388E+05
  0.20000000E+02     -0.7818563254259074E+01      0.6763986371936291E+02     -0.6447924484040644E+03      0.6757559211792760E+04     -0.7775283186471286E+05
  0.21000000E+02     -0.8668355515529184E+01      0.8254279389096804E+02     -0.8608962321617036E+03      0.9819990975004808E+04     -0.1224157633065898E+06
  0.22000000E+02     -0.9565762351176259E+01      0.9988757253420150E+02     -0.1136377025319437E+04      0.1407314166789655E+05     -0.1896695065841256E+06
  0.23000000E+02     -0.1051024767118395E+02      0.1199304235616993E+03     -0.1483956305632759E+04      0.1990422100546248E+05     -0.2894293031644801E+06
  0.24000000E+02     -0.1150495276333161E+02      0.1430126759657132E+03     -0.1919535388061831E+04      0.2782130299335963E+05     -0.4355958551697144E+06
  0.25000000E+02     -0.1254890276444833E+02      0.1694279249577543E+03     -0.2460790453424740E+04      0.3846362724630148E+05     -0.6474156266626592E+06
  0.26000000E+02     -0.1364367603340558E+02      0.1995258093080872E+03     -0.3128253849403156E+04      0.5261713823163242E+05     -0.9502285514970658E+06
  0.27000000E+02     -0.1479159228450563E+02      0.2337241036464807E+03     -0.3947217749417085E+04      0.7130986415700696E+05     -0.1379398074356365E+07
  0.28000000E+02     -0.1599008796159170E+02      0.2723231643371740E+03     -0.4943459891071513E+04      0.9574900124559086E+05     -0.1980856032415472E+07
  0.29000000E+02     -0.1724337406539504E+02      0.3158413430771721E+03     -0.6151094736086585E+04      0.1275177941857603E+06     -0.2817195162941566E+07
  0.30000000E+02     -0.1855133121941589E+02      0.3647058962373648E+03     -0.7606476794007298E+04      0.1685144183687297E+06     -0.3970212796576385E+07
  0.31000000E+02     -0.1991466109395358E+02      0.4193748575505784E+03     -0.9350088786103237E+04      0.2209928083690764E+06     -0.5543827401364160E+07
  0.32000000E+02     -0.2133685689581277E+02      0.4804806896495991E+03     -0.1143406948419247E+05      0.2879320213873737E+06     -0.7681943047255095E+07
  0.33000000E+02     -0.2281786198112865E+02      0.5485354861606653E+03     -0.1391167695460155E+05      0.3727265560995975E+06     -0.1056217967943987E+08
  0.34000000E+02     -0.2435892192112243E+02      0.6241531763558201E+03     -0.1684642851436509E+05      0.4796218305288886E+06     -0.1441993559072070E+08
  0.35000000E+02     -0.2596080771645073E+02      0.7079263534003487E+03     -0.2030607387745908E+05      0.6134994196722590E+06     -0.1954470038362628E+08
  0.36000000E+02     -0.2762571883254023E+02      0.8005656736921214E+03     -0.2437038667047674E+05      0.7803166142709219E+06     -0.2630640423038814E+08
  0.37000000E+02     -0.2935360111000801E+02      0.9027463391750753E+03     -0.2912823173155495E+05      0.9872841620971065E+06     -0.3518469215372106E+08
  0.38000000E+02     -0.3115099889930218E+02      0.1015530603746546E+04     -0.3469372504623790E+05      0.1243529121635510E+07     -0.4680349216146500E+08
  0.39000000E+02     -0.3301302873584521E+02      0.1139382783374290E+04     -0.4116383836710406E+05      0.1558457667528242E+07     -0.6187683658958734E+08
  0.40000000E+02     -0.3494360153648281E+02      0.1275287229077810E+04     -0.4866932001692388E+05      0.1944199299770113E+07     -0.8134666140105875E+08
  0.41000000E+02     -0.3694164900841307E+02      0.1423984278326363E+04     -0.5734149941915053E+05      0.2414324396103757E+07     -0.1063430012670720E+09
  0.42000000E+02     -0.3901510434516592E+02      0.1586945968573429E+04     -0.6736805251662452E+05      0.2987099224549563E+07     -0.1383953004103791E+09
  0.43000000E+02     -0.4115894663616755E+02      0.1764644601508617E+04     -0.7888604210912212E+05      0.3679433484700491E+07     -0.1791081367923271E+09
  0.44000000E+02     -0.4337449001858004E+02      0.1958099201215225E+04     -0.9208261183740819E+05      0.4513365217561132E+07     -0.2306044187061485E+09
  0.45000000E+02     -0.4566647808302934E+02      0.2168724744121515E+04     -0.1071875539032552E+06      0.5515639865987130E+07     -0.2955051655625603E+09
  0.46000000E+02     -0.4803341340374046E+02      0.2397441053630374E+04     -0.1244191176713523E+06      0.6715638289493786E+07     -0.3769690667748159E+09
  0.47000000E+02     -0.5047026337488779E+02      0.2644682959322669E+04     -0.1439579060941700E+06      0.8141309404490941E+07     -0.4782537418929757E+09
  0.48000000E+02     -0.5298730357660695E+02      0.2912722430568038E+04     -0.1661693891177278E+06      0.9838948689084969E+07     -0.6044415064028585E+09
  0.49000000E+02     -0.5557921716567129E+02      0.3201968753913025E+04     -0.1912614007309184E+06      0.1184432875961483E+08     -0.7601194092561244E+09
  0.50000000E+02     -0.5823949881546015E+02      0.3512820665568390E+04     -0.2194692747110623E+06      0.1419998729428305E+08     -0.9509835763385284E+09
  0.51000000E+02     -0.6098013680001372E+02      0.3847953347908030E+04     -0.2512634520158445E+06      0.1697289029363221E+08     -0.1185345367938358E+10
  0.52000000E+02     -0.6378926607766905E+02      0.4206861357561023E+04     -0.2868063365226380E+06      0.2020539651287745E+08     -0.1469940539938329E+10
  0.53000000E+02     -0.6666854771457314E+02      0.4591138205658532E+04     -0.3265206453642207E+06      0.2397082996445588E+08     -0.1815166890198036E+10
  0.54000000E+02     -0.6961519980534931E+02      0.5001332540146016E+04     -0.3706922319924775E+06      0.2832979200356382E+08     -0.2230645358327156E+10
  0.55000000E+02     -0.7262421219142821E+02      0.5438065972163574E+04     -0.4196838235083268E+06      0.3336144683336254E+08     -0.2729308345451539E+10
  0.56000000E+02     -0.7570189622854045E+02      0.5903292931595014E+04     -0.4739817744850573E+06      0.3915743078840242E+08     -0.3325663044502789E+10
  0.57000000E+02     -0.7883804154464644E+02      0.6396546755089670E+04     -0.5338240559723937E+06      0.4579087226515483E+08     -0.4033708772432601E+10
  0.58000000E+02     -0.8203639591676971E+02      0.6919488867887012E+04     -0.5997153494596438E+06      0.5336900700562345E+08     -0.4872099895165341E+10
  0.59000000E+02     -0.8528714491519452E+02      0.7471714713507592E+04     -0.6719428127745256E+06      0.6198370741409128E+08     -0.5859549145341494E+10
  0.60000000E+02     -0.8859342218767600E+02      0.8054668119638251E+04     -0.7510069976950545E+06      0.7175320289575247E+08     -0.7018588553932933E+10
  0.61000000E+02     -0.9194176799061059E+02      0.8666871543155472E+04     -0.8370357504998191E+06      0.8275743045127210E+08     -0.8368882201834768E+10
  0.62000000E+02     -0.9533967197488377E+02      0.9310764427016633E+04     -0.9307269685658552E+06      0.9515534727795058E+08     -0.9941236793414612E+10
  0.63000000E+02     -0.9878205990471692E+02      0.9986298088122794E+04     -0.1032433623268513E+07      0.1090692593126402E+09     -0.1176404180920783E+11
  0.64000000E+02     -0.1022643402497877E+03      0.1069333396740157E+05     -0.1142480350534073E+07      0.1246199990556810E+09     -0.1386665622302764E+11
  0.65000000E+02     -0.1057907120659030E+03      0.1143361889520036E+05     -0.1261514014876439E+07      0.1419831924551249E+09     -0.1628817359021279E+11
  0.66000000E+02     -0.1093498876004814E+03      0.1220567917649267E+05     -0.1389688450348485E+07      0.1612712169588555E+09     -0.1906099727661493E+11
  0.67000000E+02     -0.1129488070987530E+03      0.1301174360335460E+05     -0.1527757542245784E+07      0.1826926313416322E+09     -0.2223383810532281E+11
  0.68000000E+02     -0.1165782032325669E+03      0.1385061012550966E+05     -0.1675925974954873E+07      0.2063804945349866E+09     -0.2584658427015976E+11
  0.69000000E+02     -0.1202499784890415E+03      0.1472575428662329E+05     -0.1835217860481253E+07      0.2326063029236975E+09     -0.2996309459672797E+11
  0.70000000E+02     -0.1239394255445602E+03      0.1563197479450349E+05     -0.2005083677194092E+07      0.2613866916852590E+09     -0.3460889538277254E+11
  0.71000000E+02     -0.1276601131004087E+03      0.1657296481506083E+05     -0.2186578809138950E+07      0.2930088242965025E+09     -0.3985490209378295E+11
  0.72000000E+02     -0.1314000779168520E+03      0.1754653829612878E+05     -0.2379732078570154E+07      0.3276031903295751E+09     -0.4575087419037709E+11
  0.73000000E+02     -0.1351678097117204E+03      0.1855534673168230E+05     -0.2585467306994305E+07      0.3654586581189577E+09     -0.5237543727976373E+11
  0.74000000E+02     -0.1389607346506300E+03      0.1959951872346001E+05     -0.2804295471366067E+07      0.4068134643578720E+09     -0.5980458988282489E+11
  0.75000000E+02     -0.1427775374360304E+03      0.2067905193096496E+05     -0.3036598618419669E+07      0.4518666560780374E+09     -0.6810610477238875E+11
  0.76000000E+02     -0.1466109736336626E+03      0.2179235440272257E+05     -0.3282460231552035E+07      0.5007768474666922E+09     -0.7734583851040616E+11
  0.77000000E+02     -0.1504723058036980E+03      0.2294335354802190E+05     -0.3543223493251068E+07      0.5539681428442692E+09     -0.8764469648381221E+11
  0.78000000E+02     -0.1543492708512516E+03      0.2412877609833870E+05     -0.3818566417943182E+07      0.6115243930630530E+09     -0.9905954264852576E+11
  0.79000000E+02     -0.1582491084933951E+03      0.2535157832689103E+05     -0.4109699544294629E+07      0.6738779361556811E+09     -0.1117248544876988E+12
  0.80000000E+02     -0.1621613703999906E+03      0.2660866642853299E+05     -0.4416268779755452E+07      0.7411032450911912E+09     -0.1256993930662085E+12
  0.81000000E+02     -0.1661035167336452E+03      0.2790616403104214E+05     -0.4740256807585325E+07      0.8138184780363243E+09     -0.1411648960399864E+12
  0.82000000E+02     -0.1700598587559994E+03      0.2923959296629710E+05     -0.5081074496625534E+07      0.8920865223418634E+09     -0.1581917124603671E+12
  0.83000000E+02     -0.1740370171517887E+03      0.3061145524497202E+05     -0.5439790972639877E+07      0.9763303911138858E+09     -0.1769268541004302E+12
  0.84000000E+02     -0.1780281150692443E+03      0.3201991835932616E+05     -0.5816448297355123E+07      0.1066767279914933E+10     -0.1974827227538967E+12
  0.85000000E+02     -0.1820413049025553E+03      0.3346798757006224E+05     -0.6212258016797698E+07      0.1163871272926289E+10     -0.2200271689831142E+12
  0.86000000E+02     -0.1860636433467852E+03      0.3495162917842699E+05     -0.6626663815100403E+07      0.1267727592747755E+10     -0.2446510334944368E+12
  0.87000000E+02     -0.1901032695143326E+03      0.3647422282522985E+05     -0.7061113187391079E+07      0.1378920403967969E+10     -0.2715669049227491E+12
  0.88000000E+02     -0.1941548242481641E+03      0.3803396324249592E+05     -0.7515541411342866E+07      0.1497643929578103E+10     -0.3008950475074233E+12
  0.89000000E+02     -0.1982349465354327E+03      0.3963785323572774E+05     -0.7992557108845318E+07      0.1624826935890456E+10     -0.3329493872235926E+12
  0.90000000E+02     -0.2023164407904146E+03      0.4127553178734153E+05     -0.8489579606997462E+07      0.1760018188865134E+10     -0.3677009844098654E+12
  0.91000000E+02     -0.2064201837210845E+03      0.4295562022111392E+05     -0.9009707250232823E+07      0.1904298070235105E+10     -0.4055150142950179E+12
  0.92000000E+02     -0.2105357604892800E+03      0.4467444441062184E+05     -0.9552384252883805E+07      0.2057780426034683E+10     -0.4465185428421259E+12
  0.93000000E+02     -0.2146704706708788E+03      0.4643523744608055E+05     -0.1011911772726673E+08      0.2221145197619465E+10     -0.4909908086505037E+12
  0.94000000E+02     -0.2188153594491380E+03      0.4823463276815315E+05     -0.1070938313615263E+08      0.2394518145416299E+10     -0.5390720091644729E+12
  0.95000000E+02     -0.2229632728602838E+03      0.5006963576805014E+05     -0.1132265461957618E+08      0.2577997861884362E+10     -0.5908915269619825E+12
  0.96000000E+02     -0.2271273786157775E+03      0.5194638605415624E+05     -0.1196152640479283E+08      0.2772649148589886E+10     -0.6468661593657483E+12
  0.97000000E+02     -0.2313029820036618E+03      0.5386302286566506E+05     -0.1262586681557228E+08      0.2978707210778067E+10     -0.7071768768977552E+12
  0.98000000E+02     -0.2354905917677091E+03      0.5582009536564352E+05     -0.1331640812429834E+08      0.3196696694104814E+10     -0.7721009109134927E+12
  0.99000000E+02     -0.2396925151443745E+03      0.5781895919746748E+05     -0.1403417187602319E+08      0.3427248014769772E+10     -0.8419572430259041E+12
  0.10000000E+03     -0.2439063550730827E+03      0.5985906619725435E+05     -0.1477960834484764E+08      0.3670848775265746E+10     -0.9170372099708335E+12
  0.10100000E+03     -0.2481223786931907E+03      0.6193569400239439E+05     -0.1555143493178800E+08      0.3927366285503950E+10     -0.9974306647232277E+12
  0.10200000E+03     -0.2523611735506066E+03      0.6405955922117218E+05     -0.1635430881191856E+08      0.4198720515060791E+10     -0.1083901000969492E+13
  0.10300000E+03     -0.2566085022407411E+03      0.6622340365183307E+05     -0.1718588604364479E+08      0.4484401394238894E+10     -0.1176421221940781E+13
  0.10400000E+03     -0.2608629875950452E+03      0.6842679904014277E+05     -0.1804654427908655E+08      0.4784870767978938E+10     -0.1275294357953096E+13
  0.10500000E+03     -0.2651318426545268E+03      0.7067429720009133E+05     -0.1893885346026865E+08      0.5101463007489613E+10     -0.1381154834939419E+13
  0.10600000E+03     -0.2694183404187211E+03      0.7296742545813916E+05     -0.1986380858109141E+08      0.5434829633567582E+10     -0.1494372505898427E+13
  0.10700000E+03     -0.2737103650910041E+03      0.7530046546004410E+05     -0.2081987130659778E+08      0.5784854865839522E+10     -0.1615110644825289E+13
  0.10800000E+03     -0.2780168904606898E+03      0.7767821062399869E+05     -0.2180945891417088E+08      0.6152763380360866E+10     -0.1743967309762824E+13
  0.10900000E+03     -0.2823331498137054E+03      0.8009832178752215E+05     -0.2283217165223442E+08      0.6538783784313519E+10     -0.1881210721722694E+13
  0.11000000E+03     -0.2866522203852143E+03      0.8255765879206834E+05     -0.2388748209714357E+08      0.6943198310656718E+10     -0.2027174836434116E+13
  0.11100000E+03     -0.2909875249557094E+03      0.8506361793935260E+05     -0.2497895513639427E+08      0.7367708337082013E+10     -0.2182659878247434E+13
  0.11200000E+03     -0.2953253773629508E+03      0.8760827642212274E+05     -0.2610360366489866E+08      0.7811510508787029E+10     -0.2347566670914312E+13
  0.11300000E+03     -0.2996754331247040E+03      0.9019831332075146E+05     -0.2726531798398166E+08      0.8276699536510953E+10     -0.2522950381749313E+13
  0.11400000E+03     -0.3040448797827314E+03      0.9283810895700048E+05     -0.2846661388015338E+08      0.8764701230462475E+10     -0.2709579144228927E+13
  0.11500000E+03     -0.3084215780592086E+03      0.9552016519796934E+05     -0.2970449250123799E+08      0.9274659048450886E+10     -0.2907336176413275E+13
  0.11600000E+03     -0.3128159400827062E+03      0.9825152348882674E+05     -0.3098299564842555E+08      0.9808760114630821E+10     -0.3117346262666698E+13
  0.11700000E+03     -0.3172196355580606E+03      0.1010274849512564E+06     -0.3230068473488606E+08      0.1036694092891575E+11     -0.3339880416737699E+13
  0.11800000E+03     -0.3216326219558076E+03      0.1038484999693440E+06     -0.3365849420135809E+08      0.1095010824505666E+11     -0.3575584437363884E+13
  0.11900000E+03     -0.3260690235842438E+03      0.1067235944593801E+06     -0.3506130387517923E+08      0.1156081357154572E+11     -0.3825763057893227E+13
  0.12000000E+03     -0.3305174182596231E+03      0.1096458403346828E+06     -0.3650646534831312E+08      0.1219843684358161E+11     -0.4090466914505303E+13
  0.12100000E+03     -0.3349787633323086E+03      0.1126164586904259E+06     -0.3799539645280926E+08      0.1286418833179476E+11     -0.4370533146850366E+13
  0.12200000E+03     -0.3394594108426325E+03      0.1156400172259940E+06     -0.3953110779028600E+08      0.1355997850446895E+11     -0.4667102666045457E+13
  0.12300000E+03     -0.3439421892010689E+03      0.1187052504595441E+06     -0.4110857002382497E+08      0.1428407793855095E+11     -0.4979771042450581E+13
  0.12400000E+03     -0.3484516963231372E+03      0.1218291594648006E+06     -0.4273715884437073E+08      0.1504131864798037E+11     -0.5310955227216608E+13
  0.12500000E+03     -0.3529821220443401E+03      0.1250087531755193E+06     -0.4441642008394571E+08      0.1583226182851658E+11     -0.5661349599289534E+13
  0.12600000E+03     -0.3575341702987945E+03      0.1282447340230057E+06     -0.4614738456333195E+08      0.1665795842721616E+11     -0.6031781165413275E+13
  0.12700000E+03     -0.3621022937977740E+03      0.1315341106293217E+06     -0.4792952445590017E+08      0.1751893286053490E+11     -0.6422950524637311E+13
  0.12800000E+03     -0.3666787177385964E+03      0.1348710101641135E+06     -0.4976008339642129E+08      0.1841433166746697E+11     -0.6834808986464558E+13
  0.12900000E+03     -0.3712817463756930E+03      0.1382697569545429E+06     -0.5164803326106495E+08      0.1934936615271403E+11     -0.7270257993457082E+13
  0.13000000E+03     -0.3759017888338178E+03      0.1417237178259780E+06     -0.5359051941422482E+08      0.2032331670151007E+11     -0.7729415503383903E+13
  0.13100000E+03     -0.3805501950434337E+03      0.1452421256942893E+06     -0.5559375219155842E+08      0.2134010290488482E+11     -0.8214646654054387E+13
  0.13200000E+03     -0.3852198477747548E+03      0.1488202343338743E+06     -0.5765600231845107E+08      0.2239964559244926E+11     -0.8726438332840875E+13
  0.13300000E+03     -0.3899155454385267E+03      0.1524623715734303E+06     -0.5978075296714202E+08      0.2350455319013446E+11     -0.9266594113522016E+13
  0.13400000E+03     -0.3946290886048920E+03      0.1561629917537942E+06     -0.6196586825130558E+08      0.2465460797309302E+11     -0.9835599566366473E+13
  0.13500000E+03     -0.3993682362616005E+03      0.1599281822563944E+06     -0.6421556952310835E+08      0.2585268788692617E+11     -0.1043536230032671E+14
  0.13600000E+03     -0.4041350697815774E+03      0.1637607478638951E+06     -0.6653285706765898E+08      0.2710143151962510E+11     -0.1106789043131472E+14
  0.13700000E+03     -0.4089183757098452E+03      0.1676526852021615E+06     -0.6891415451530287E+08      0.2839993842752497E+11     -0.1173342132808272E+14
  0.13800000E+03     -0.4137228769019940E+03      0.1716079018927029E+06     -0.7136256621998569E+08      0.2975065421738131E+11     -0.1243377895580948E+14
  0.13900000E+03     -0.4185569445746389E+03      0.1756345495329451E+06     -0.7388458495700940E+08      0.3115832223457188E+11     -0.1317221131907679E+14
  0.14000000E+03     -0.4234204887414616E+03      0.1797326572415068E+06     -0.7648097505255821E+08      0.3262416263351894E+11     -0.1394997109988949E+14
  0.14100000E+03     -0.4283110807390505E+03      0.1839015230597632E+06     -0.7915282542136286E+08      0.3415003589589730E+11     -0.1476890542017282E+14
  0.14200000E+03     -0.4332135206992479E+03      0.1881285292444346E+06     -0.8189295717654493E+08      0.3573275109065446E+11     -0.1562799694435305E+14
  0.14300000E+03     -0.4381493644982866E+03      0.1924330368134543E+06     -0.8471519103502636E+08      0.3738146287989590E+11     -0.1653308587935900E+14
  0.14400000E+03     -0.4431123541208622E+03      0.1968105750314980E+06     -0.8761792138140170E+08      0.3909640231602711E+11     -0.1748515650374270E+14
  0.14500000E+03     -0.4481123105354070E+03      0.2012708184764352E+06     -0.9060898208358479E+08      0.4088347316065823E+11     -0.1848843500195208E+14
  0.14600000E+03     -0.4531322161918193E+03      0.2057990582992304E+06     -0.9367959986728993E+08      0.4273854333775718E+11     -0.1954147934746631E+14
  0.14700000E+03     -0.4581826248228881E+03      0.2104058329168452E+06     -0.9683836637782548E+08      0.4466813021243938E+11     -0.2064899856486541E+14
  0.14800000E+03     -0.4632578488541054E+03      0.2150870088080746E+06     -0.1000839422045379E+09      0.4667279588320009E+11     -0.2181237321167001E+14
  0.14900000E+03     -0.4683457665035814E+03      0.2198316410768387E+06     -0.1034096823735891E+09      0.4874949635030727E+11     -0.2303072704554735E+14
  0.15000000E+03     -0.4734630596907044E+03      0.2246559111621923E+06     -0.1068281891904094E+09      0.5090739707960246E+11     -0.2431049436332093E+14
  0.15100000E+03     -0.4786097626350139E+03      0.2295608302569739E+06     -0.1103416727516759E+09      0.5314933840928340E+11     -0.2565451336566679E+14
  0.15200000E+03     -0.4837662072953876E+03      0.2345282430703975E+06     -0.1139383610196680E+09      0.5546910962734322E+11     -0.2706014713653784E+14
  0.15300000E+03     -0.4889408173083411E+03      0.2395667820952077E+06     -0.1176257055726238E+09      0.5787282024167712E+11     -0.2853220536688837E+14
  0.15400000E+03     -0.4941472078557615E+03      0.2446904569442399E+06     -0.1214153509864483E+09      0.6036951442943430E+11     -0.3007744956741100E+14
  0.15500000E+03     -0.4993612460402769E+03      0.2498759626408466E+06     -0.1252912141695290E+09      0.6294989562332282E+11     -0.3169126096664222E+14
  0.15600000E+03     -0.5045923510338178E+03      0.2551330046025802E+06     -0.1292616707538401E+09      0.6562086206491654E+11     -0.3337913887005781E+14
  0.15700000E+03     -0.5098393677980609E+03      0.2604610637807170E+06     -0.1333276686102289E+09      0.6838452346744824E+11     -0.3514370456897290E+14
  0.15800000E+03     -0.5151152767654825E+03      0.2658736458060888E+06     -0.1375006215045588E+09      0.7124997064214140E+11     -0.3699198162357091E+14
  0.15900000E+03     -0.5203856191028033E+03      0.2713363097921661E+06     -0.1417555452164956E+09      0.7420171672518604E+11     -0.3891543687819012E+14
  0.16000000E+03     -0.5256675428077064E+03      0.2768669517070097E+06     -0.1461073939941953E+09      0.7725147405346158E+11     -0.4092298541844697E+14
  0.16100000E+03     -0.5309742910327479E+03      0.2824796207098902E+06     -0.1505682330023103E+09      0.8040901094042563E+11     -0.4302231836226891E+14
  0.16200000E+03     -0.5362757349330832E+03      0.2881434081937691E+06     -0.1551151388056489E+09      0.8365988280794560E+11     -0.4520542492214383E+14
  0.16300000E+03     -0.5415890794462528E+03      0.2938761635622366E+06     -0.1597629499290945E+09      0.8701572822061574E+11     -0.4748125729555390E+14
  0.16400000E+03     -0.5469203048800664E+03      0.2996850309239593E+06     -0.1645188903899158E+09      0.9048342195864154E+11     -0.4985602382581161E+14
  0.16500000E+03     -0.5522454118374138E+03      0.3055433805725332E+06     -0.1693616770767178E+09      0.9404848734737352E+11     -0.5232097548707287E+14
  0.16600000E+03     -0.5575618296017072E+03      0.3114489394359167E+06     -0.1742907765703274E+09      0.9771216965668166E+11     -0.5487854984195342E+14
  0.16700000E+03     -0.5628976564882909E+03      0.3174328265886529E+06     -0.1793330038148986E+09      0.1014957061527604E+12     -0.5754495841494666E+14
  0.16800000E+03     -0.5682218452441367E+03      0.3234598763308038E+06     -0.1844593243513849E+09      0.1053784228839055E+12     -0.6030688141447858E+14
  0.16900000E+03     -0.5735454873570793E+03      0.3295434067165318E+06     -0.1896826264690062E+09      0.1093719491446075E+12     -0.6317440364827498E+14
  0.17000000E+03     -0.5788690777564944E+03      0.3356833694305995E+06     -0.1950032291305332E+09      0.1134774810976068E+12     -0.6614955255054947E+14
  0.17100000E+03     -0.5841990220082782E+03      0.3418876977946568E+06     -0.2004294007784137E+09      0.1177031796128046E+12     -0.6924003949274941E+14
  0.17200000E+03     -0.5895204559439132E+03      0.3481389511948189E+06     -0.2059466729309705E+09      0.1220390891994377E+12     -0.7244005279840466E+14
  0.17300000E+03     -0.5948354018344340E+03      0.3544389541578755E+06     -0.2115570861763125E+09      0.1264878691046543E+12     -0.7575286143718148E+14
  0.17400000E+03     -0.6001477797015294E+03      0.3607921339920398E+06     -0.2172652835807022E+09      0.1310544631905043E+12     -0.7918361069380244E+14
  0.17500000E+03     -0.6054510656360634E+03      0.3671907232055645E+06     -0.2230651962066392E+09      0.1357354416579994E+12     -0.8273131440159105E+14
  0.17600000E+03     -0.6107518656456467E+03      0.3736426286404069E+06     -0.2289648469020930E+09      0.1405387051603654E+12     -0.8640359633812220E+14
  0.17700000E+03     -0.6160447276838725E+03      0.3801407706894196E+06     -0.2349582377833731E+09      0.1454604705745399E+12     -0.9019894649417367E+14
  0.17800000E+03     -0.6213259502923188E+03      0.3866803738380899E+06     -0.2410416548175331E+09      0.1504989949641548E+12     -0.9411759776450545E+14
  0.17900000E+03     -0.6265831160792006E+03      0.3932452221191413E+06     -0.2472000615628062E+09      0.1556425464239943E+12     -0.9815151363659944E+14
  0.18000000E+03     -0.6318313012918619E+03      0.3998548051373828E+06     -0.2534532992707762E+09      0.1609097747950566E+12     -0.1023175557363348E+15
  0.18100000E+03     -0.6370738005725170E+03      0.4065119018178368E+06     -0.2598035542011216E+09      0.1663028670251708E+12     -0.1066182947476064E+15
  0.18200000E+03     -0.6422921357588781E+03      0.4131932160875062E+06     -0.2662296420583213E+09      0.1718054535165828E+12     -0.1110425560502268E+15
  0.18300000E+03     -0.6475249804595226E+03      0.4199472875019584E+06     -0.2727781240999390E+09      0.1774579942358891E+12     -0.1156239039716229E+15
  0.18400000E+03     -0.6527261979704562E+03      0.4267151993212093E+06     -0.2793933575642769E+09      0.1832144799825749E+12     -0.1203272833261515E+15
  0.18500000E+03     -0.6579163578194807E+03      0.4335217255239247E+06     -0.2860984896245928E+09      0.1890948850316253E+12     -0.1251694961105203E+15
  0.18600000E+03     -0.6630852999520134E+03      0.4403545114638683E+06     -0.2928830859640861E+09      0.1950922633851116E+12     -0.1301471978189389E+15
  0.18700000E+03     -0.6682535149433409E+03      0.4472403691642002E+06     -0.2997743920414048E+09      0.2012320368934211E+12     -0.1352832489194046E+15
  0.18800000E+03     -0.6734124769161814E+03      0.4541665445275144E+06     -0.3067590404171560E+09      0.2075024620172787E+12     -0.1405685511347775E+15
  0.18900000E+03     -0.6785377977303776E+03      0.4611003387416446E+06     -0.3138049393893090E+09      0.2138762713400160E+12     -0.1459820505483976E+15
  0.19000000E+03     -0.6837534832599790E+03      0.4682075378552739E+06     -0.3210792462339852E+09      0.2205041216282906E+12     -0.1516517643311924E+15
  0.19100000E+03     -0.6888575035640976E+03      0.4752175229269932E+06     -0.3283106582862163E+09      0.2271447974017876E+12     -0.1573771400212971E+15
  0.19200000E+03     -0.6939537599542375E+03      0.4822691725454048E+06     -0.3356393550901334E+09      0.2339249801080237E+12     -0.1632663120646391E+15
  0.19300000E+03     -0.6990690222245235E+03      0.4893975285858613E+06     -0.3431004036752502E+09      0.2408765281098172E+12     -0.1693470190348067E+15
  0.19400000E+03     -0.7041311544016908E+03      0.4965048637825483E+06     -0.3505953037920406E+09      0.2479119948954541E+12     -0.1755472495214671E+15
  0.19500000E+03     -0.7091726929750598E+03      0.5036337189047599E+06     -0.3581663768948448E+09      0.2550694481696412E+12     -0.1818997258334895E+15
  0.19600000E+03     -0.7141898604254840E+03      0.5107781148649687E+06     -0.3658073206773611E+09      0.2623436560978146E+12     -0.1884010501011642E+15
  0.19700000E+03     -0.7192031276813982E+03      0.5179671607841052E+06     -0.3735500008104573E+09      0.2697663887377693E+12     -0.1950815518133169E+15
  0.19800000E+03     -0.7241950340644529E+03      0.5251755838040311E+06     -0.3813676965638206E+09      0.2773132245764953E+12     -0.2019209704718498E+15
  0.19900000E+03     -0.7291726037917848E+03      0.5324128000120673E+06     -0.3892705654400511E+09      0.2849946215176361E+12     -0.2089300106518435E+15
  0.20000000E+03     -0.7341338082247098E+03      0.5396747567205281E+06     -0.3972536788367363E+09      0.2928059772900762E+12     -0.2161052587199328E+15
  0.20100000E+03     -0.7390877191506711E+03      0.5469746937124173E+06     -0.4053322907530514E+09      0.3007636243950538E+12     -0.2234636692642708E+15
  0.20200000E+03     -0.7440196919224928E+03      0.5542912673753008E+06     -0.4134837557825798E+09      0.3088469150833602E+12     -0.2309883249183670E+15
  0.20300000E+03     -0.7489481511886431E+03      0.5616500335059718E+06     -0.4217352408578606E+09      0.3170821595183791E+12     -0.2387037460220589E+15
  0.20400000E+03     -0.7538689405489599E+03      0.5690457859131460E+06     -0.4300827552804691E+09      0.3254679357822117E+12     -0.2466116653943287E+15
  0.20500000E+03     -0.7587733430697974E+03      0.5764644570457379E+06     -0.4385100168126288E+09      0.3339881693128455E+12     -0.2546978391603040E+15
  0.20600000E+03     -0.7636811892121780E+03      0.5839359034379318E+06     -0.4470514616950461E+09      0.3426788816244345E+12     -0.2629982345052660E+15
  0.20700000E+03     -0.7685701816037387E+03      0.5914263235682658E+06     -0.4556692850285843E+09      0.3515031398628781E+12     -0.2714796864976871E+15
  0.20800000E+03     -0.7734700305082412E+03      0.5989807234431008E+06     -0.4644153919939671E+09      0.3605149487299363E+12     -0.2801956202594167E+15
  0.20900000E+03     -0.7783561751507352E+03      0.6065612156517523E+06     -0.4732465688361059E+09      0.3696711380204295E+12     -0.2891062503495811E+15
  0.21000000E+03     -0.7832340047004695E+03      0.6141765047414057E+06     -0.4821740270480863E+09      0.3789851343959568E+12     -0.2982270688950679E+15
  0.21100000E+03     -0.7881180619295616E+03      0.6218482072894025E+06     -0.4912224993522440E+09      0.3884827907847780E+12     -0.3075841002941491E+15
  0.21200000E+03     -0.7930218808925470E+03      0.6295990442340944E+06     -0.5004212024907547E+09      0.3981980353768232E+12     -0.3172146898834963E+15
  0.21300000E+03     -0.7979368485797802E+03      0.6374152304894527E+06     -0.5097542624658498E+09      0.4081153384661916E+12     -0.3271053779903572E+15
  0.21400000E+03     -0.8028404356996714E+03      0.6452610967015713E+06     -0.5191799557362462E+09      0.4181919981654180E+12     -0.3372159056577099E+15
  0.21500000E+03     -0.8077735448024249E+03      0.6532026807895171E+06     -0.5287790689340340E+09      0.4285167153355995E+12     -0.3476383932379157E+15
  0.21600000E+03     -0.8127072234638850E+03      0.6611934279250951E+06     -0.5384960635229982E+09      0.4390312534275892E+12     -0.3583162798022058E+15
  0.21700000E+03     -0.8176668921752216E+03      0.6692751612856932E+06     -0.5483833069283364E+09      0.4497946769153445E+12     -0.3693127510670028E+15
  0.21800000E+03     -0.8226472547142113E+03      0.6774398751279156E+06     -0.5584324908585836E+09      0.4608003373765089E+12     -0.3806242503234318E+15
  0.21900000E+03     -0.8276370848295070E+03      0.6856695693482045E+06     -0.5686226944400165E+09      0.4720274724161121E+12     -0.3922324601455899E+15
  0.22000000E+03     -0.8326460730303671E+03      0.6939805111809003E+06     -0.5789751316232109E+09      0.4835014181052496E+12     -0.4041664067477037E+15
  0.22100000E+03     -0.8376764725904918E+03      0.7023780882723246E+06     -0.5894993310600111E+09      0.4952366960808212E+12     -0.4164461763365326E+15
  0.22200000E+03     -0.8427380706819936E+03      0.7108785908361567E+06     -0.6002164218077433E+09      0.5072585166796279E+12     -0.4291007602560708E+15
  0.22300000E+03     -0.8478242400224559E+03      0.7194724002205041E+06     -0.6111169506420064E+09      0.5195601283031249E+12     -0.4421279964087497E+15
  0.22400000E+03     -0.8529392299627464E+03      0.7281675354568569E+06     -0.6222129520278821E+09      0.5321581067173455E+12     -0.4555495442380523E+15
  0.22500000E+03     -0.8580776202043398E+03      0.7369549432362526E+06     -0.6334939234729960E+09      0.5450426741896581E+12     -0.4693582828773503E+15
  0.22600000E+03     -0.8632445931581470E+03      0.7458451155417759E+06     -0.6449762127063615E+09      0.5582366805518094E+12     -0.4835841249951104E+15
  0.22700000E+03     -0.8684341767387058E+03      0.7548275933606200E+06     -0.6566469180056430E+09      0.5717269592627299E+12     -0.4982156897425485E+15
  0.22800000E+03     -0.8737011949848965E+03      0.7640001187773473E+06     -0.6686376205898582E+09      0.5856719262613870E+12     -0.5134327459590523E+15
  0.22900000E+03     -0.8789533666158314E+03      0.7732017997358899E+06     -0.6807385827163191E+09      0.5998292962397076E+12     -0.5289737219031241E+15
  0.23000000E+03     -0.8842295458603738E+03      0.7825013235854415E+06     -0.6930418418048433E+09      0.6143097909640769E+12     -0.5449646431998176E+15
  0.23100000E+03     -0.8895634772356010E+03      0.7919599363978116E+06     -0.7056316896868459E+09      0.6292175375082712E+12     -0.5615271118013518E+15
  0.23200000E+03     -0.8948792486063977E+03      0.8014430665357001E+06     -0.7183299471968768E+09      0.6443437087982665E+12     -0.5784326663187666E+15
  0.23300000E+03     -0.9002194816082214E+03      0.8110267358238228E+06     -0.7312393153850658E+09      0.6598128123372850E+12     -0.5958240975489160E+15
  0.23400000E+03     -0.9055924766770336E+03      0.8207271074604287E+06     -0.7443841991198860E+09      0.6756583508168381E+12     -0.6137450942039560E+15
  0.23500000E+03     -0.9109889106208126E+03      0.8305282555559122E+06     -0.7577451799214580E+09      0.6918606428768440E+12     -0.6321788707647925E+15
  0.23600000E+03     -0.9164012730742842E+03      0.8404169746563652E+06     -0.7713058205785511E+09      0.7084028243206521E+12     -0.6511110564668588E+15
  0.23700000E+03     -0.9218378098642407E+03      0.8504090947926429E+06     -0.7850898180608984E+09      0.7253173705218517E+12     -0.6705842034025015E+15
  0.23800000E+03     -0.9272991248752598E+03      0.8605066828250351E+06     -0.7991023275252019E+09      0.7426146346650845E+12     -0.6906162403818030E+15
  0.23900000E+03     -0.9327776313442369E+03      0.8706960204219348E+06     -0.8133257203032047E+09      0.7602757982651382E+12     -0.7111901701529354E+15
  0.24000000E+03     -0.9382824250450490E+03      0.8809952331370899E+06     -0.8277879867596704E+09      0.7783401930204208E+12     -0.7323585763912484E+15
  0.24100000E+03     -0.9438048705633374E+03      0.8913888843014498E+06     -0.8424694991453035E+09      0.7967871519114854E+12     -0.7541032573967975E+15
  0.24200000E+03     -0.9493398227308152E+03      0.9018674861794534E+06     -0.8573581629181210E+09      0.8156044126988333E+12     -0.7764147362710706E+15
  0.24300000E+03     -0.9548969847768144E+03      0.9124495674059250E+06     -0.8724815219438803E+09      0.8348295733467139E+12     -0.7993423695363614E+15
  0.24400000E+03     -0.9604665656801465E+03      0.9231177466222639E+06     -0.8878175839715482E+09      0.8544396173389751E+12     -0.8228661661687375E+15
  0.24500000E+03     -0.9660606060805595E+03      0.9338951706005958E+06     -0.9034007995528176E+09      0.8744814447709501E+12     -0.8470474114218401E+15
  0.24600000E+03     -0.9716659420375981E+03      0.9447574700742580E+06     -0.9191984209622350E+09      0.8949174889725214E+12     -0.8718478951583429E+15
  0.24700000E+03     -0.9772937907166764E+03      0.9557265940073023E+06     -0.9352437401604931E+09      0.9157939594956528E+12     -0.8973291662677769E+15
  0.24800000E+03     -0.9829237792215929E+03      0.9667634984531082E+06     -0.9514816819020536E+09      0.9370432293626835E+12     -0.9234152799898468E+15
  0.24900000E+03     -0.9885758420241417E+03      0.9779073524328504E+06     -0.9679711021004533E+09      0.9587453574318688E+12     -0.9502100007033251E+15
  0.25000000E+03     -0.9942298697036528E+03      0.9891190809016783E+06     -0.9846560832935216E+09      0.9808306329094995E+12     -0.9776337540921485E+15
  0.25100000E+03     -0.9998953582809639E+03      0.1000418231304237E+07     -0.1001567883855317E+10      0.1003344753301806E+13     -0.1005750445927237E+16
  0.25200000E+03     -0.1005562773450858E+04      0.1011785226538851E+07     -0.1018677478687431E+10      0.1026250931780979E+13     -0.1034518300686358E+16
  0.25300000E+03     -0.1011256716180510E+04      0.1023270235597751E+07     -0.1036062720330144E+10      0.1049657984326153E+13     -0.1064081565286414E+16
  0.25400000E+03     -0.1016957176817920E+04      0.1034833622284283E+07     -0.1053665811712174E+10      0.1073492543604551E+13     -0.1094355067870940E+16
  0.25500000E+03     -0.1022662732914468E+04      0.1046472381699254E+07     -0.1071483133402479E+10      0.1097752536841151E+13     -0.1125341711907250E+16
  0.25600000E+03     -0.1028378806714219E+04      0.1058197964609826E+07     -0.1089533872416087E+10      0.1122467785047826E+13     -0.1157086140037466E+16
  0.25700000E+03     -0.1034097067814612E+04      0.1069993474927680E+07     -0.1107793490554312E+10      0.1147608311949854E+13     -0.1189556559383765E+16
  0.25800000E+03     -0.1039818348325612E+04      0.1081860608914186E+07     -0.1126265697002537E+10      0.1173182247424585E+13     -0.1222769348175941E+16
  0.25900000E+03     -0.1045557297761266E+04      0.1093830502917701E+07     -0.1145001240807791E+10      0.1199264551796462E+13     -0.1256829957873854E+16
  0.26000000E+03     -0.1051302182590919E+04      0.1105878312629232E+07     -0.1163961792469438E+10      0.1225804221958635E+13     -0.1291676920030141E+16
  0.26100000E+03     -0.1057047411593676E+04      0.1117992893515182E+07     -0.1183131839904120E+10      0.1252783935711275E+13     -0.1327295289876916E+16
  0.26200000E+03     -0.1062809966393720E+04      0.1130210355043394E+07     -0.1202570159052708E+10      0.1280290343618927E+13     -0.1363806792019251E+16
  0.26300000E+03     -0.1068581447970974E+04      0.1142512694007801E+07     -0.1222248945830081E+10      0.1308286915116000E+13     -0.1401168825379902E+16
  0.26400000E+03     -0.1074349228519247E+04      0.1154873500040221E+07     -0.1242127865372708E+10      0.1336720547170721E+13     -0.1439318313937940E+16
  0.26500000E+03     -0.1080115247724903E+04      0.1167297912677372E+07     -0.1262217947222441E+10      0.1365612659274164E+13     -0.1478293831552167E+16
  0.26600000E+03     -0.1085899042766125E+04      0.1179827256210997E+07     -0.1282585904290687E+10      0.1395060677469567E+13     -0.1518231013785920E+16
  0.26700000E+03     -0.1091684459905811E+04      0.1192426665090358E+07     -0.1303176422442189E+10      0.1424988267044623E+13     -0.1559033524353976E+16
  0.26800000E+03     -0.1097470681650033E+04      0.1205094706367915E+07     -0.1323988894271302E+10      0.1455398756789194E+13     -0.1600713942314270E+16
  0.26900000E+03     -0.1103254115014299E+04      0.1217823523110871E+07     -0.1345011574421432E+10      0.1486278357851554E+13     -0.1643260282405576E+16
  0.27000000E+03     -0.1109050473492781E+04      0.1230647117611712E+07     -0.1366300792714985E+10      0.1517711722391166E+13     -0.1686794088133806E+16
  0.27100000E+03     -0.1114851960323522E+04      0.1243549337407337E+07     -0.1387832734422172E+10      0.1549669857677896E+13     -0.1731286153172841E+16
  0.27200000E+03     -0.1120678942125896E+04      0.1256575452315833E+07     -0.1409684025439371E+10      0.1582269747120315E+13     -0.1776906169761662E+16
  0.27300000E+03     -0.1126500722379596E+04      0.1269657944507824E+07     -0.1431744458278587E+10      0.1615353314992260E+13     -0.1823444295454732E+16
  0.27400000E+03     -0.1132329840595344E+04      0.1282824799718871E+07     -0.1454062054418839E+10      0.1648995551698179E+13     -0.1871012626766988E+16
  0.27500000E+03     -0.1138216039287968E+04      0.1296187896464146E+07     -0.1476826822562496E+10      0.1683485235916339E+13     -0.1920025322786383E+16
  0.27600000E+03     -0.1144052295975262E+04      0.1309506696672332E+07     -0.1499634270621592E+10      0.1718219264379703E+13     -0.1969641587433636E+16
  0.27700000E+03     -0.1149910696998328E+04      0.1322945161768451E+07     -0.1522765504771664E+10      0.1753628171425027E+13     -0.2020482625323823E+16
  0.27800000E+03     -0.1155773050282556E+04      0.1336460174840088E+07     -0.1546145115263048E+10      0.1789596515359508E+13     -0.2072385284600880E+16
  0.27900000E+03     -0.1161645965286904E+04      0.1350069166414857E+07     -0.1569808256366118E+10      0.1826187924186184E+13     -0.2125457816049218E+16
  0.28000000E+03     -0.1167552676424890E+04      0.1363824418191315E+07     -0.1593844281438883E+10      0.1863539949591626E+13     -0.2179901405856645E+16
  0.28100000E+03     -0.1173458728823493E+04      0.1377648306813499E+07     -0.1618123348510427E+10      0.1901461734857289E+13     -0.2235456554263359E+16
  0.28200000E+03     -0.1179388802895158E+04      0.1391598071625272E+07     -0.1642746268388039E+10      0.1940113054545922E+13     -0.2292363462834018E+16
  0.28300000E+03     -0.1185331378340709E+04      0.1405647461989989E+07     -0.1667669431166448E+10      0.1979431648383954E+13     -0.2350542398868782E+16
  0.28400000E+03     -0.1191279434584619E+04      0.1419779630677558E+07     -0.1692863749861681E+10      0.2019374839432202E+13     -0.2409937834895606E+16
  0.28500000E+03     -0.1197245890958748E+04      0.1434027324481462E+07     -0.1718392508842499E+10      0.2060052708421199E+13     -0.2470730887253570E+16
  0.28600000E+03     -0.1203208875775181E+04      0.1448335899334976E+07     -0.1744154716206923E+10      0.2101301399545749E+13     -0.2532675229687571E+16
  0.28700000E+03     -0.1209230086481335E+04      0.1462856664846219E+07     -0.1770429896288742E+10      0.2143581773560762E+13     -0.2596485835855792E+16
  0.28800000E+03     -0.1215273292811564E+04      0.1477502671230669E+07     -0.1797062770575420E+10      0.2186649341202143E+13     -0.2661804932389349E+16
  0.28900000E+03     -0.1221295572298098E+04      0.1492170257866143E+07     -0.1823866775766632E+10      0.2230207598838644E+13     -0.2728193783052152E+16
  0.29000000E+03     -0.1227415607356826E+04      0.1507148937837529E+07     -0.1851373133028039E+10      0.2275125463182647E+13     -0.2796988604804474E+16
  0.29100000E+03     -0.1233558762580868E+04      0.1522259196385209E+07     -0.1879259226287133E+10      0.2320889617524498E+13     -0.2867426988069946E+16
  0.29200000E+03     -0.1239730391653505E+04      0.1537514944731177E+07     -0.1907553520111531E+10      0.2367553675069553E+13     -0.2939605622605019E+16
  0.29300000E+03     -0.1245922802752592E+04      0.1552897593165178E+07     -0.1936223635266434E+10      0.2415069846880190E+13     -0.3013462578385106E+16
  0.29400000E+03     -0.1252175197745849E+04      0.1568505769336408E+07     -0.1965457122838293E+10      0.2463757470529117E+13     -0.3089511022693158E+16
  0.29500000E+03     -0.1258481098352717E+04      0.1584326415488895E+07     -0.1995236720252509E+10      0.2513602023900988E+13     -0.3167753974369680E+16
  0.29600000E+03     -0.1264853650272498E+04      0.1600395322019631E+07     -0.2025636607619342E+10      0.2564741600803672E+13     -0.3248434026193542E+16
  0.29700000E+03     -0.1271272370750792E+04      0.1616661935738760E+07     -0.2056564756573886E+10      0.2617030032487027E+13     -0.3331338243653826E+16
  0.29800000E+03     -0.1277727524363243E+04      0.1633103088826524E+07     -0.2087981452742414E+10      0.2670409979784463E+13     -0.3416395149908557E+16
  0.29900000E+03     -0.1284256552767885E+04      0.1649816508048885E+07     -0.2120079566277055E+10      0.2725222278452419E+13     -0.3504173064652615E+16
  0.30000000E+03     -0.1290890462591532E+04      0.1666886927397958E+07     -0.2153033766390569E+10      0.2781788368638377E+13     -0.3595228269937283E+16
  0.30100000E+03     -0.1297539311748900E+04      0.1684082818715605E+07     -0.2186398681661722E+10      0.2839349502171173E+13     -0.3688353436707800E+16
  0.30200000E+03     -0.1304264074570038E+04      0.1701565314505671E+07     -0.2220495325537923E+10      0.2898476853047303E+13     -0.3784505415674338E+16
  0.30300000E+03     -0.1311119732892144E+04      0.1719481964151438E+07     -0.2255622356928047E+10      0.2959710473140591E+13     -0.3884603709613594E+16
  0.30400000E+03     -0.1317986220516643E+04      0.1737519258172332E+07     -0.2291167434108957E+10      0.3021990053125127E+13     -0.3986931692799366E+16
  0.30500000E+03     -0.1324943334576441E+04      0.1755891561971196E+07     -0.2327564349869647E+10      0.3086099023203232E+13     -0.4092820641217282E+16
  0.30600000E+03     -0.1331978179056798E+04      0.1774568225574416E+07     -0.2364761175615581E+10      0.3151964980366544E+13     -0.4202188326760607E+16
  0.30700000E+03     -0.1339087352849812E+04      0.1793543167575103E+07     -0.2402753757486908E+10      0.3219598332173692E+13     -0.4315087583140136E+16
  0.30800000E+03     -0.1346267899563451E+04      0.1812811495788101E+07     -0.2441540479213283E+10      0.3289014609973734E+13     -0.4431581450274039E+16
  0.30900000E+03     -0.1353547051184778E+04      0.1832450720548326E+07     -0.2481288576984397E+10      0.3360537237023260E+13     -0.4552259954820771E+16
  0.31000000E+03     -0.1360908715058297E+04      0.1852420776250812E+07     -0.2521926057640871E+10      0.3434057171012967E+13     -0.4676980640253797E+16
  0.31100000E+03     -0.1368362648204233E+04      0.1872752645480704E+07     -0.2563527610983876E+10      0.3509735024932756E+13     -0.4806066679844225E+16
  0.31200000E+03     -0.1375899551784260E+04      0.1893423398318451E+07     -0.2606053794397732E+10      0.3587517160832646E+13     -0.4939465140118345E+16
  0.31300000E+03     -0.1383504179625749E+04      0.1914396287755338E+07     -0.2649442002309547E+10      0.3667317516923986E+13     -0.5077085197406012E+16
  0.31400000E+03     -0.1391198555481675E+04      0.1935735099848430E+07     -0.2693833227211291E+10      0.3749417026970678E+13     -0.5219457213866383E+16
  0.31500000E+03     -0.1398982501631722E+04      0.1957443500951261E+07     -0.2739246531880518E+10      0.3833877227286601E+13     -0.5366742345274837E+16
  0.31600000E+03     -0.1406830826463193E+04      0.1979454937707022E+07     -0.2785553250018283E+10      0.3920483679975242E+13     -0.5518619051571002E+16
  0.31700000E+03     -0.1414747647889457E+04      0.2001784036277611E+07     -0.2832793589489770E+10      0.4009334762811370E+13     -0.5675310156420022E+16
  0.31800000E+03     -0.1422749888357674E+04      0.2024482029548055E+07     -0.2881086390387748E+10      0.4100679343260490E+13     -0.5837309261592037E+16
  0.31900000E+03     -0.1430804756923707E+04      0.2047458949966729E+07     -0.2930249798102612E+10      0.4194197363468374E+13     -0.6004101469554517E+16
  0.32000000E+03     -0.1438937333179706E+04      0.2070790474128171E+07     -0.2980457809915420E+10      0.4290248883389717E+13     -0.6176391721563742E+16
  0.32100000E+03     -0.1447148992770080E+04      0.2094483574926820E+07     -0.3031735185871759E+10      0.4388906120673160E+13     -0.6354365204415532E+16
  0.32200000E+03     -0.1455391800020998E+04      0.2118401947323875E+07     -0.3083794576903821E+10      0.4489637283606623E+13     -0.6537112023018776E+16
  0.32300000E+03     -0.1463715631382632E+04      0.2142694446096175E+07     -0.3136972389223535E+10      0.4593123953857563E+13     -0.6725936340392439E+16
  0.32400000E+03     -0.1472099258770610E+04      0.2167302154626867E+07     -0.3191149790449771E+10      0.4699161397198259E+13     -0.6920525342982869E+16
  0.32500000E+03     -0.1480531246687300E+04      0.2192193653376193E+07     -0.3246265874496241E+10      0.4807653513216590E+13     -0.7120757762044656E+16
  0.32600000E+03     -0.1489033625651456E+04      0.2217437438637639E+07     -0.3302483611866717E+10      0.4918950494576965E+13     -0.7327347337714314E+16
  0.32700000E+03     -0.1497612634726779E+04      0.2243056018009617E+07     -0.3359865743185857E+10      0.5033208933427586E+13     -0.7540658569776290E+16
  0.32800000E+03     -0.1506245730556039E+04      0.2268985243166503E+07     -0.3418279490000746E+10      0.5150193721048863E+13     -0.7760321291097592E+16
  0.32900000E+03     -0.1514914826229839E+04      0.2295172599854233E+07     -0.3477614503377287E+10      0.5269707557005664E+13     -0.7986024076987857E+16
  0.33000000E+03     -0.1523640637523989E+04      0.2321683411909456E+07     -0.3538028939701244E+10      0.5392097335310272E+13     -0.8218490438267711E+16
  0.33100000E+03     -0.1532437510150430E+04      0.2348564833981769E+07     -0.3599642426718101E+10      0.5517638219973471E+13     -0.8458320848001866E+16
  0.33200000E+03     -0.1541269623741367E+04      0.2375710073340629E+07     -0.3662220396431945E+10      0.5645881393388600E+13     -0.8704729443653626E+16
  0.33300000E+03     -0.1550141293007203E+04      0.2403133983370886E+07     -0.3725804924936647E+10      0.5776937664866496E+13     -0.8957992734350892E+16
  0.33400000E+03     -0.1559062824564876E+04      0.2430870944847028E+07     -0.3790485757105939E+10      0.5911021302825199E+13     -0.9218598037010452E+16
  0.33500000E+03     -0.1568026209197125E+04      0.2458898815132397E+07     -0.3856221979408494E+10      0.6048078606553571E+13     -0.9486518710978992E+16
  0.33600000E+03     -0.1577029883172186E+04      0.2487214232816023E+07     -0.3923013618994224E+10      0.6188135139839750E+13     -0.9761872194994626E+16
  0.33700000E+03     -0.1586104672656324E+04      0.2515917533607922E+07     -0.3991109748174506E+10      0.6331748393822600E+13     -0.1004584184723874E+17
  0.33800000E+03     -0.1595191539332409E+04      0.2544824783718411E+07     -0.4060085140135085E+10      0.6478054535520905E+13     -0.1033680347421041E+17
  0.33900000E+03     -0.1604349087850601E+04      0.2574123760642855E+07     -0.4130395605100193E+10      0.6628046495258846E+13     -0.1063680279939559E+17
  0.34000000E+03     -0.1613548766189787E+04      0.2603726552818443E+07     -0.4201843003110555E+10      0.6781338700197143E+13     -0.1094516236722961E+17
  0.34100000E+03     -0.1622781598321288E+04      0.2633606208385671E+07     -0.4274371636153182E+10      0.6937841769592040E+13     -0.1126178319292072E+17
  0.34200000E+03     -0.1632033734508670E+04      0.2663719739091847E+07     -0.4347886326183716E+10      0.7097380295938055E+13     -0.1158639162901297E+17
  0.34300000E+03     -0.1641334212946176E+04      0.2694163213359209E+07     -0.4422630192114124E+10      0.7260510929152557E+13     -0.1192020051637036E+17
  0.34400000E+03     -0.1650681641610555E+04      0.2724934819445711E+07     -0.4498610352313156E+10      0.7427284981483242E+13     -0.1226340960442470E+17
  0.34500000E+03     -0.1660063970844650E+04      0.2755997058583455E+07     -0.4575744453316111E+10      0.7597554872426823E+13     -0.1261580550677731E+17
  0.34600000E+03     -0.1669488937943872E+04      0.2787377625297590E+07     -0.4654111411600478E+10      0.7771528197862458E+13     -0.1297790972863470E+17
  0.34700000E+03     -0.1678926576491918E+04      0.2818979173266499E+07     -0.4733479212778895E+10      0.7948725666706756E+13     -0.1334882236952721E+17
  0.34800000E+03     -0.1688407042730882E+04      0.2850902682131807E+07     -0.4814106522644952E+10      0.8129747325496504E+13     -0.1372987021798715E+17
  0.34900000E+03     -0.1697939126976496E+04      0.2883182033266686E+07     -0.4896094860470038E+10      0.8314868427063941E+13     -0.1412175654347455E+17
  0.35000000E+03     -0.1707483502112699E+04      0.2915685185228254E+07     -0.4979116917539625E+10      0.8503379876153887E+13     -0.1452306839506221E+17
  0.35100000E+03     -0.1717078762977804E+04      0.2948545279443940E+07     -0.5063522401222240E+10      0.8696109537330751E+13     -0.1493566558869128E+17
  0.35200000E+03     -0.1726707080608687E+04      0.2981703385570514E+07     -0.5149170674325980E+10      0.8892772820596834E+13     -0.1535904284192085E+17
  0.35300000E+03     -0.1736358321060984E+04      0.3015126704247050E+07     -0.5235987782090732E+10      0.9093236899290553E+13     -0.1579302022433332E+17
  0.35400000E+03     -0.1746035655462298E+04      0.3048827780087117E+07     -0.5324015781890332E+10      0.9297633255035412E+13     -0.1623798382658424E+17
  0.35500000E+03     -0.1755758508971036E+04      0.3082875747349485E+07     -0.5413444618813093E+10      0.9506437401122684E+13     -0.1669507156735112E+17
  0.35600000E+03     -0.1765515196935891E+04      0.3117231937858659E+07     -0.5504184099349462E+10      0.9719478046423432E+13     -0.1716402241108220E+17
  0.35700000E+03     -0.1775286132678965E+04      0.3151829787692853E+07     -0.5596070348771707E+10      0.9936411534152324E+13     -0.1764419914068418E+17
  0.35800000E+03     -0.1785121474587414E+04      0.3186848442733352E+07     -0.5689588892444553E+10      0.1015842048004923E+14     -0.1813832941144461E+17
  0.35900000E+03     -0.1794962383706133E+04      0.3222080723859716E+07     -0.5784198319936299E+10      0.1038426126280681E+14     -0.1864376801525545E+17
  0.36000000E+03     -0.1804806843232766E+04      0.3257519290017504E+07     -0.5879884309755216E+10      0.1061392620510211E+14     -0.1916058761844270E+17
  0.36100000E+03     -0.1814714788457781E+04      0.3293382650812885E+07     -0.5977250039740822E+10      0.1084890853568163E+14     -0.1969228192649340E+17
  0.36200000E+03     -0.1824591661341061E+04      0.3329327884047691E+07     -0.6075368510061227E+10      0.1108699463825007E+14     -0.2023392714512484E+17
  0.36300000E+03     -0.1834544485111446E+04      0.3365748587150767E+07     -0.6175331180523914E+10      0.1133088861738179E+14     -0.2079183412175465E+17
  0.36400000E+03     -0.1844543187712696E+04      0.3402534976593017E+07     -0.6276843342874933E+10      0.1157990194272000E+14     -0.2136453054211643E+17
  0.36500000E+03     -0.1854589985181346E+04      0.3439700737411546E+07     -0.6379963983232788E+10      0.1183424598051989E+14     -0.2195268946060451E+17
  0.36600000E+03     -0.1864635212715796E+04      0.3477063053079760E+07     -0.6484194509844951E+10      0.1209272744846536E+14     -0.2255367081991980E+17
  0.36700000E+03     -0.1874652551202649E+04      0.3514521383210968E+07     -0.6589253072573369E+10      0.1235465891161006E+14     -0.2316593779201722E+17
  0.36800000E+03     -0.1884787652238425E+04      0.3552624816831500E+07     -0.6696698268126244E+10      0.1262398780012566E+14     -0.2379889697645832E+17
  0.36900000E+03     -0.1894876624622681E+04      0.3590759479362071E+07     -0.6804811700434690E+10      0.1289645383426556E+14     -0.2444268342657481E+17
  0.37000000E+03     -0.1904971357763887E+04      0.3629118903987905E+07     -0.6914140843652712E+10      0.1317344927284897E+14     -0.2510065310594384E+17
  0.37100000E+03     -0.1915144053233131E+04      0.3667981228623811E+07     -0.7025495394395219E+10      0.1345708427317455E+14     -0.2577799526437500E+17
  0.37200000E+03     -0.1925416118194358E+04      0.3707432871259910E+07     -0.7139142636364431E+10      0.1374810597840403E+14     -0.2647669135050507E+17
  0.37300000E+03     -0.1935603343767315E+04      0.3746767304368937E+07     -0.7253056402956742E+10      0.1404136546293589E+14     -0.2718451364603750E+17
  0.37400000E+03     -0.1945817561880531E+04      0.3786414359201359E+07     -0.7368482221006626E+10      0.1434008760280209E+14     -0.2790933013146524E+17
  0.37500000E+03     -0.1956081869818647E+04      0.3826466048927044E+07     -0.7485701237655422E+10      0.1464505088864228E+14     -0.2865319333300116E+17
  0.37600000E+03     -0.1966368968729932E+04      0.3866817660800270E+07     -0.7604418762380142E+10      0.1495553612021606E+14     -0.2941450592312932E+17
  0.37700000E+03     -0.1976668709011572E+04      0.3907432676909687E+07     -0.7724543625391299E+10      0.1527136460351261E+14     -0.3019301839898034E+17
  0.37800000E+03     -0.1986987068529030E+04      0.3948332118113502E+07     -0.7846137029502881E+10      0.1559271199457079E+14     -0.3098924271714028E+17
  0.37900000E+03     -0.1997326451874647E+04      0.3989529186596883E+07     -0.7969255650336642E+10      0.1591979133792267E+14     -0.3180390614101378E+17
  0.38000000E+03     -0.2007655748054342E+04      0.4030899384983527E+07     -0.8093532485459976E+10      0.1625165879577771E+14     -0.3263477949944883E+17
  0.38100000E+03     -0.2018059127683649E+04      0.4072782517069750E+07     -0.8220003063208788E+10      0.1659113684210467E+14     -0.3348911706996554E+17
  0.38200000E+03     -0.2028474769387308E+04      0.4114930765812196E+07     -0.8347929010414012E+10      0.1693628816762560E+14     -0.3436220106105268E+17
  0.38300000E+03     -0.2038855177817276E+04      0.4157153482403901E+07     -0.8476743095899030E+10      0.1728563127878903E+14     -0.3525045356184149E+17
  0.38400000E+03     -0.2049282744702079E+04      0.4199783849792647E+07     -0.8607462688780945E+10      0.1764194620224311E+14     -0.3616104346665946E+17
  0.38500000E+03     -0.2059752211678380E+04      0.4242805053427353E+07     -0.8740057299927206E+10      0.1800522555737413E+14     -0.3709419219435723E+17
  0.38600000E+03     -0.2070230038411443E+04      0.4286079616181873E+07     -0.8874111182181219E+10      0.1837437101632381E+14     -0.3804723163152592E+17
  0.38700000E+03     -0.2080756688437011E+04      0.4329779151607291E+07     -0.9010176879978949E+10      0.1875098104359571E+14     -0.3902453698252702E+17
  0.38800000E+03     -0.2091290607545202E+04      0.4373728245531337E+07     -0.9147706141523935E+10      0.1913355176379014E+14     -0.4002229116455884E+17
  0.38900000E+03     -0.2101773981193016E+04      0.4417687505168734E+07     -0.9285962422411304E+10      0.1952008848758487E+14     -0.4103548332751998E+17
  0.39000000E+03     -0.2112407505392556E+04      0.4462500170202130E+07     -0.9427610091553444E+10      0.1991809428457658E+14     -0.4208397369859472E+17
  0.39100000E+03     -0.2122936147633987E+04      0.4507095138364892E+07     -0.9569282195421553E+10      0.2031818089791193E+14     -0.4314327296180770E+17
  0.39200000E+03     -0.2133499334677700E+04      0.4552058817078161E+07     -0.9712835694226030E+10      0.2072559588795164E+14     -0.4422733786088763E+17
  0.39300000E+03     -0.2144070672446338E+04      0.4597279991256993E+07     -0.9857926063168522E+10      0.2113941104848828E+14     -0.4533388279348520E+17
  0.39400000E+03     -0.2154652953649520E+04      0.4642770635449082E+07     -0.1000459891115554E+11      0.2155979720622659E+14     -0.4646352761201146E+17
  0.39500000E+03     -0.2165272705978616E+04      0.4688649668233186E+07     -0.1015326050809075E+11      0.2198800464301479E+14     -0.4761991746053703E+17
  0.39600000E+03     -0.2175994079318282E+04      0.4735196779554680E+07     -0.1030483277373815E+11      0.2242675515827528E+14     -0.4881063898965451E+17
  0.39700000E+03     -0.2186643223827471E+04      0.4781657270986508E+07     -0.1045686568223127E+11      0.2286899954689508E+14     -0.5001673466972422E+17
  0.39800000E+03     -0.2197319113624077E+04      0.4828461177753148E+07     -0.1061076787497239E+11      0.2331886058847216E+14     -0.5124957438773114E+17
  0.39900000E+03     -0.2208004088930418E+04      0.4875535088528386E+07     -0.1076631843772616E+11      0.2377577371968177E+14     -0.5250789183663281E+17
  0.40000000E+03     -0.2218658101433035E+04      0.4922697745546041E+07     -0.1092290984118565E+11      0.2423795074692344E+14     -0.5378681177848780E+17
  0.40100000E+03     -0.2229377586817722E+04      0.4970381963087875E+07     -0.1108200608776677E+11      0.2470981377734632E+14     -0.5509891045612644E+17
  0.40200000E+03     -0.2240087317485228E+04      0.5018250735665839E+07     -0.1124248225198157E+11      0.2518804670588310E+14     -0.5643508408429372E+17
  0.40300000E+03     -0.2250898053315896E+04      0.5066803069017458E+07     -0.1140603185669924E+11      0.2567777999845135E+14     -0.5780996244616318E+17
  0.40400000E+03     -0.2261603815481722E+04      0.5115115858397210E+07     -0.1156955945989964E+11      0.2616980895671657E+14     -0.5919794712057014E+17
  0.40500000E+03     -0.2272388388183723E+04      0.5164013789235153E+07     -0.1173584805009782E+11      0.2667250451309740E+14     -0.6062270821299963E+17
  0.40600000E+03     -0.2283065061875978E+04      0.5212654617539718E+07     -0.1190205545011163E+11      0.2717736379843264E+14     -0.6206046266199978E+17
  0.40700000E+03     -0.2293846891328726E+04      0.5262004723907912E+07     -0.1207147679094374E+11      0.2769439734070029E+14     -0.6353978796822215E+17
  0.40800000E+03     -0.2304626873984005E+04      0.5311577755461925E+07     -0.1224246152104709E+11      0.2821864899025987E+14     -0.6504679991469082E+17
  0.40900000E+03     -0.2315485099116873E+04      0.5361746131677121E+07     -0.1241631586714938E+11      0.2875421321768093E+14     -0.6659359168801570E+17
  0.41000000E+03     -0.2326093116666494E+04      0.5410984483564974E+07     -0.1258773405503626E+11      0.2928470737025745E+14     -0.6813280351784634E+17
  0.41100000E+03     -0.2337062495827701E+04      0.5462141208212703E+07     -0.1276667421043325E+11      0.2984110271064897E+14     -0.6975481354664037E+17
  0.41200000E+03     -0.2347888358423192E+04      0.5512861741439185E+07     -0.1294490767673694E+11      0.3039785887722469E+14     -0.7138536662271528E+17
  0.41300000E+03     -0.2358740986849895E+04      0.5563943590893765E+07     -0.1312524373444553E+11      0.3096379707435342E+14     -0.7305050258892075E+17
  0.41400000E+03     -0.2369614994005929E+04      0.5615360519961361E+07     -0.1330759415980702E+11      0.3153867780214196E+14     -0.7474969602633024E+17
  0.41500000E+03     -0.2380374624807537E+04      0.5666472241591225E+07     -0.1348970167556563E+11      0.3211545176695546E+14     -0.7646238155622274E+17
  0.41600000E+03     -0.2391272435517278E+04      0.5718475325150820E+07     -0.1367582597411184E+11      0.3270762311662695E+14     -0.7822876844186934E+17
  0.41700000E+03     -0.2402099936424810E+04      0.5770376398895550E+07     -0.1386242461351088E+11      0.3330398628971070E+14     -0.8001569686956512E+17
  0.41800000E+03     -0.2412983501138911E+04      0.5822784401595190E+07     -0.1405170604993112E+11      0.3391168540605362E+14     -0.8184490505815526E+17
  0.41900000E+03     -0.2423615834306122E+04      0.5874212344633313E+07     -0.1423828115838375E+11      0.3451338320131044E+14     -0.8366417476811314E+17
  0.42000000E+03     -0.2434553107004084E+04      0.5927349642187286E+07     -0.1443191174688145E+11      0.3514060153520277E+14     -0.8556901073754472E+17
  0.42100000E+03     -0.2445461537628956E+04      0.5980585136717677E+07     -0.1462677246757619E+11      0.3577464277663526E+14     -0.8750322546477086E+17
  0.42200000E+03     -0.2456364798646647E+04      0.6034033887891399E+07     -0.1482329064360864E+11      0.3641694303083267E+14     -0.8947141742405909E+17
  0.42300000E+03     -0.2467114942282249E+04      0.6086964654562216E+07     -0.1501876332862254E+11      0.3705864614510879E+14     -0.9144645868482472E+17
  0.42400000E+03     -0.2478048894678757E+04      0.6141036880753423E+07     -0.1521932839786550E+11      0.3771995832307391E+14     -0.9349079197461094E+17
  0.42500000E+03     -0.2489016626025661E+04      0.6195517569630922E+07     -0.1542230794896994E+11      0.3839221031142310E+14     -0.9557819254388982E+17
  0.42600000E+03     -0.2499836056051682E+04      0.6249497292650041E+07     -0.1562430305483391E+11      0.3906413588099070E+14     -0.9767372986237693E+17
  0.42700000E+03     -0.2510659468283902E+04      0.6303729778388945E+07     -0.1582811926347848E+11      0.3974504323046212E+14     -0.9980643690582715E+17
  0.42800000E+03     -0.2521558719750766E+04      0.6358580924573580E+07     -0.1603516135624657E+11      0.4043975026406441E+14     -0.1019918756158778E+18
  0.42900000E+03     -0.2532319851707839E+04      0.6412968345987729E+07     -0.1624133017113622E+11      0.4113448285541920E+14     -0.1041867332108869E+18
  0.43000000E+03     -0.2543305516460180E+04      0.6468729546632705E+07     -0.1645361630835363E+11      0.4185290728893505E+14     -0.1064662052932350E+18
  0.43100000E+03     -0.2554243564158273E+04      0.6524491143178904E+07     -0.1666682974351642E+11      0.4257761705581873E+14     -0.1087756502973205E+18
  0.43200000E+03     -0.2564939097127770E+04      0.6579244166581484E+07     -0.1687706121381223E+11      0.4329517585753799E+14     -0.1110718581276792E+18
  0.43300000E+03     -0.2575795574437350E+04      0.6635056819648273E+07     -0.1709227006458492E+11      0.4403283802942395E+14     -0.1134424053254395E+18
  0.43400000E+03     -0.2586685123720974E+04      0.6691277135099577E+07     -0.1730997108769643E+11      0.4478221040653270E+14     -0.1158608084396099E+18
  0.43500000E+03     -0.2597609866227096E+04      0.6747916404058831E+07     -0.1753021693772182E+11      0.4554353120179527E+14     -0.1183281046905206E+18
  0.43600000E+03     -0.2608503710151855E+04      0.6804634802672833E+07     -0.1775170511866206E+11      0.4631239096907409E+14     -0.1208303937842318E+18
  0.43700000E+03     -0.2619339455859230E+04      0.6861285226494643E+07     -0.1797384743383146E+11      0.4708672686874584E+14     -0.1233609806443103E+18
  0.43800000E+03     -0.2630205414985280E+04      0.6918330727092273E+07     -0.1819847265455343E+11      0.4787298587028604E+14     -0.1259412587716900E+18
  0.43900000E+03     -0.2640994032673502E+04      0.6975201675569548E+07     -0.1842332582375878E+11      0.4866325975081290E+14     -0.1285453134602802E+18
  0.44000000E+03     -0.2651692643416572E+04      0.7031825837531009E+07     -0.1864810696998610E+11      0.4945646917981731E+14     -0.1311695895994194E+18
  0.44100000E+03     -0.2662736941486922E+04      0.7090526747993393E+07     -0.1888211745877145E+11      0.5028573884271152E+14     -0.1339247696424651E+18
  0.44200000E+03     -0.2673400271739964E+04      0.7147428180672680E+07     -0.1910985632380581E+11      0.5109599233816803E+14     -0.1366274723165735E+18
  0.44300000E+03     -0.2684095182020681E+04      0.7204730776458145E+07     -0.1934013575740347E+11      0.5191862493493145E+14     -0.1393826547726469E+18
  0.44400000E+03     -0.2694993985477237E+04      0.7263356997793660E+07     -0.1957666709304850E+11      0.5276693645082866E+14     -0.1422350895481178E+18
  0.44500000E+03     -0.2705810042539095E+04      0.7321775793215116E+07     -0.1981332447652909E+11      0.5361916789199606E+14     -0.1451124141840733E+18
  0.44600000E+03     -0.2716449150021796E+04      0.7379466685621687E+07     -0.2004795950218599E+11      0.5446746533206941E+14     -0.1479878056847417E+18
  0.44700000E+03     -0.2727196011739097E+04      0.7437971472296784E+07     -0.2028684225724566E+11      0.5533452314791171E+14     -0.1509383691400754E+18
  0.44800000E+03     -0.2737916779784943E+04      0.7496564803455632E+07     -0.2052703176138417E+11      0.5620976808821827E+14     -0.1539285587222730E+18
  0.44900000E+03     -0.2748603374091518E+04      0.7555200266249569E+07     -0.2076833605074268E+11      0.5709252185024843E+14     -0.1569562232186043E+18
  0.45000000E+03     -0.2759437894177810E+04      0.7614879703410246E+07     -0.2101489640322527E+11      0.5799802809536246E+14     -0.1600740582068212E+18
  0.45100000E+03     -0.2770212416286967E+04      0.7674463141549081E+07     -0.2126203281646297E+11      0.5890923657788827E+14     -0.1632239264400099E+18
  0.45200000E+03     -0.2780837911792378E+04      0.7733446963848248E+07     -0.2150761701432724E+11      0.5981818221551486E+14     -0.1663779807658068E+18
  0.45300000E+03     -0.2791564321550520E+04      0.7793224465832520E+07     -0.2175748158046961E+11      0.6074659543216742E+14     -0.1696122150430343E+18
  0.45400000E+03     -0.2802144229050254E+04      0.7852405065914280E+07     -0.2200577228321948E+11      0.6167259620687895E+14     -0.1728500583388112E+18
  0.45500000E+03     -0.2812740783761414E+04      0.7911907030074839E+07     -0.2225637251997660E+11      0.6261080912823047E+14     -0.1761432339153300E+18
  0.45600000E+03     -0.2823523790530484E+04      0.7972687398005096E+07     -0.2251333535230299E+11      0.6357651981343750E+14     -0.1795458839929348E+18
  0.45700000E+03     -0.2834191437845408E+04      0.8033043788402369E+07     -0.2276946591623923E+11      0.6454272483086621E+14     -0.1829630863013466E+18
  0.45800000E+03     -0.2844606555082716E+04      0.8092194724977169E+07     -0.2302143229427971E+11      0.6549682344635507E+14     -0.1863502596800681E+18
  0.45900000E+03     -0.2855268086161355E+04      0.8152967109419489E+07     -0.2328125480474389E+11      0.6648427835536913E+14     -0.1898687110914823E+18
  0.46000000E+03     -0.2865823626712782E+04      0.8213357322482385E+07     -0.2354039581218167E+11      0.6747277550537967E+14     -0.1934038638329976E+18
  0.46100000E+03     -0.2876205115425760E+04      0.8272969788440453E+07     -0.2379713845409008E+11      0.6845571908266601E+14     -0.1969320591601081E+18
  0.46200000E+03     -0.2886768138874787E+04      0.8333848295259383E+07     -0.2406030056123788E+11      0.6946695511180338E+14     -0.2005751945879825E+18
  0.46300000E+03     -0.2897178715045684E+04      0.8394065297589382E+07     -0.2432154495760942E+11      0.7047445387746003E+14     -0.2042179963289796E+18
  0.46400000E+03     -0.2907785436622750E+04      0.8455642612310151E+07     -0.2458967403040726E+11      0.7151230927729236E+14     -0.2079843696003062E+18
  0.46500000E+03     -0.2918200212719268E+04      0.8516323207223300E+07     -0.2485484937718650E+11      0.7254242516491861E+14     -0.2117361070270156E+18
  0.46600000E+03     -0.2928664843789828E+04      0.8577510084026620E+07     -0.2512318388337516E+11      0.7358850501475206E+14     -0.2155594830199769E+18
  0.46700000E+03     -0.2939238713715254E+04      0.8639561138700055E+07     -0.2539630046970623E+11      0.7465710924416572E+14     -0.2194794227778679E+18
  0.46800000E+03     -0.2949399651175311E+04      0.8699397523713177E+07     -0.2566059020467399E+11      0.7569479252801366E+14     -0.2232992411071047E+18
  0.46900000E+03     -0.2959763374072513E+04      0.8760639035620365E+07     -0.2593202136062328E+11      0.7676420037936473E+14     -0.2272494558308662E+18
  0.47000000E+03     -0.2970104852329322E+04      0.8821965491440212E+07     -0.2620479142185435E+11      0.7784268840492347E+14     -0.2312473153650606E+18
  0.47100000E+03     -0.2980597641603491E+04      0.8884418054162318E+07     -0.2648359173875080E+11      0.7894907307560423E+14     -0.2353636693193966E+18
  0.47200000E+03     -0.2990792587703027E+04      0.8945291485210191E+07     -0.2675620961610381E+11      0.8003437553723220E+14     -0.2394144705613863E+18
  0.47300000E+03     -0.3000860801501683E+04      0.9005620151387431E+07     -0.2702734024460418E+11      0.8111756194211716E+14     -0.2434716233835053E+18
  0.47400000E+03     -0.3011208940899143E+04      0.9067835084615944E+07     -0.2730789039884075E+11      0.8224215678682842E+14     -0.2476980677263878E+18
  0.47500000E+03     -0.3021196288137280E+04      0.9128087863690069E+07     -0.2758052916463153E+11      0.8333880648112691E+14     -0.2518336990104874E+18
  0.47600000E+03     -0.3031429172530241E+04      0.9190023162093973E+07     -0.2786169457860437E+11      0.8447343907806353E+14     -0.2561265132506835E+18
  0.47700000E+03     -0.3041428186326816E+04      0.9250752304803591E+07     -0.2813833807672239E+11      0.8559368486642886E+14     -0.2603795534991005E+18
  0.47800000E+03     -0.3051840860815177E+04      0.9314202898598833E+07     -0.2842833468461440E+11      0.8677188799947859E+14     -0.2648674335504355E+18
  0.47900000E+03     -0.3061809791682743E+04      0.9375149025723418E+07     -0.2870779947122064E+11      0.8791102963573183E+14     -0.2692207656286385E+18
  0.48000000E+03     -0.3071619225747013E+04      0.9435322323908368E+07     -0.2898465106817699E+11      0.8904332519221719E+14     -0.2735625266180558E+18
  0.48100000E+03     -0.3081217554637567E+04      0.9494378944223063E+07     -0.2925718789325744E+11      0.9016135049854108E+14     -0.2778625587176217E+18
  0.48200000E+03     -0.3091549463773765E+04      0.9558159249439178E+07     -0.2955249646597214E+11      0.9137679508610625E+14     -0.2825527192520259E+18
  0.48300000E+03     -0.3101903127546246E+04      0.9622288258777587E+07     -0.2985041572673190E+11      0.9260709901235961E+14     -0.2873161494014141E+18
  0.48400000E+03     -0.3111469276669691E+04      0.9681729482526192E+07     -0.3012744254346984E+11      0.9375479155185614E+14     -0.2917739718805551E+18
  0.48500000E+03     -0.3121181511018734E+04      0.9742269644880356E+07     -0.3041048500213519E+11      0.9493112209618103E+14     -0.2963575086959874E+18
  0.48600000E+03     -0.3131030839208724E+04      0.9803854415240107E+07     -0.3069930272261618E+11      0.9613517158615244E+14     -0.3010635812424516E+18
  0.48700000E+03     -0.3140899799803042E+04      0.9865748563693164E+07     -0.3099044911924252E+11      0.9735259905575055E+14     -0.3058363281993958E+18
  0.48800000E+03     -0.3150604109763553E+04      0.9926807094908193E+07     -0.3127859429802607E+11      0.9856137517573153E+14     -0.3105904869469288E+18
  0.48900000E+03     -0.3160184886741426E+04      0.9987277697314696E+07     -0.3156486146704602E+11      0.9976604678482900E+14     -0.3153433956958927E+18
  0.49000000E+03     -0.3169828160037630E+04      0.1004831958031914E+08     -0.3185467271799608E+11      0.1009891768359492E+15     -0.3201831564698261E+18
  0.49100000E+03     -0.3179715747479922E+04      0.1011110624760717E+08     -0.3215371185404665E+11      0.1022552486249503E+15     -0.3252086894122924E+18
  0.49200000E+03     -0.3189201226324309E+04      0.1017151709517836E+08     -0.3244228375464563E+11      0.1034806060723952E+15     -0.3300869498285339E+18
  0.49300000E+03     -0.3198525526009439E+04      0.1023108030394633E+08     -0.3272766379624909E+11      0.1046960612722732E+15     -0.3349403706281842E+18
  0.49400000E+03     -0.3208159668684038E+04      0.1029281172706159E+08     -0.3302434016217191E+11      0.1059635066703373E+15     -0.3400169244997345E+18
  0.49500000E+03     -0.3217729019476094E+04      0.1035430453709738E+08     -0.3332072081371135E+11      0.1072333355568008E+15     -0.3451176762354286E+18
  0.49600000E+03     -0.3226831519938981E+04      0.1041297349687603E+08     -0.3360434272085845E+11      0.1084521597494423E+15     -0.3500282931269814E+18
  0.49700000E+03     -0.3236292880177118E+04      0.1047412080313051E+08     -0.3390074720677908E+11      0.1097293691588708E+15     -0.3551880962314116E+18
  0.49800000E+03     -0.3245821427795948E+04      0.1053589215112902E+08     -0.3420109950158988E+11      0.1110275779291265E+15     -0.3604488941453567E+18
  0.49900000E+03     -0.3254811117755665E+04      0.1059434164091735E+08     -0.3448613596267877E+11      0.1122632123352264E+15     -0.3654708539885303E+18
  0.50000000E+03     -0.3264332890759773E+04      0.1065642030525301E+08     -0.3478970042834204E+11      0.1135827741289783E+15     -0.3708486280255592E+18
  0.50100000E+03     -0.3272703187023468E+04      0.1071113653520358E+08     -0.3505797241971448E+11      0.1147520164621698E+15     -0.3756264233856314E+18
  0.50200000E+03     -0.3282183317816439E+04      0.1077328296213649E+08     -0.3536353630067002E+11      0.1160875601241100E+15     -0.3810992056615874E+18
  0.50300000E+03     -0.3291369805599075E+04      0.1083367286787291E+08     -0.3566129402489432E+11      0.1173926239718296E+15     -0.3864620390901942E+18
  0.50400000E+03     -0.3372443946797055E+04      0.1138803223139125E+08     -0.3850608084103725E+11      0.1303776672952226E+15     -0.4420647312383766E+18
  0.50500000E+03     -0.3356601705147446E+04      0.1127733738825819E+08     -0.3792607308996931E+11      0.1276766071672192E+15     -0.4302733716754613E+18
  0.50600000E+03     -0.3391569041405444E+04      0.1151677124949038E+08     -0.3915658254047901E+11      0.1333019337504979E+15     -0.4544000910531829E+18
  0.50700000E+03     -0.3557629244429284E+04      0.1266309286985099E+08     -0.4509468828263053E+11      0.1606593847975945E+15     -0.5726260330717697E+18
  0.50800000E+03     -0.3570710450227508E+04      0.1275496288079711E+08     -0.4557894436650249E+11      0.1629299349666422E+15     -0.5826135757409084E+18
  0.50900000E+03     -0.3581776970192328E+04      0.1283317859676001E+08     -0.4599382456285219E+11      0.1648873157475547E+15     -0.5912765629851759E+18
  0.51000000E+03     -0.3593476320455441E+04      0.1291617204303253E+08     -0.4643564010146369E+11      0.1669791735470421E+15     -0.6005669501413576E+18
