  0.00000000E+00     -0.2517834579857388E-08      0.8642208406576670E-17     -0.3385452394483197E-25      0.1444260054652633E-33     -0.6502174374357328E-42
  0.10000000E+01     -0.6057425198538852E-03      0.3669240003614965E-06     -0.2222614685754219E-09      0.1346332220436883E-12     -0.8155306717866717E-16
  0.20000000E+01     -0.3350272071009942E-01      0.1955659356010557E-01     -0.1174020612076463E-01      0.2248188047134350E-01      0.3752238209522590E-01
  0.30000000E+01     -0.9883648008817462E-01      0.6537677868451279E-01     -0.4866641492785715E-01      0.9216312304134053E-01      0.7782909731418218E-01
  0.40000000E+01     -0.1962034639621510E+00      0.1501274770993448E+00     -0.1389969620735889E+00      0.2591435260535299E+00     -0.7146198483454291E-01
  0.50000000E+01     -0.3261012791377595E+00      0.2934053554630522E+00     -0.3333151984068862E+00      0.6440453447532248E+00     -0.7114999108832158E+00
  0.60000000E+01     -0.4883618824915630E+00      0.5205341344900872E+00     -0.7114551833694617E+00      0.1476442771410074E+01     -0.2528454201515177E+01
  0.70000000E+01     -0.6826905434820818E+00      0.8629349442271685E+00     -0.1398217479001344E+01      0.3170582071067456E+01     -0.7119590342715484E+01
  0.80000000E+01     -0.9095350751186148E+00      0.1358458339217779E+01     -0.2576041361860868E+01      0.6440241892479635E+01     -0.1739183700975708E+02
  0.90000000E+01     -0.1168298327157274E+01      0.2051160569148744E+01     -0.4502755995074659E+01      0.1251108601860949E+02     -0.3898221146202518E+02
  0.10000000E+02     -0.1459591986997816E+01      0.2992005559544002E+01     -0.7537855263850151E+01      0.2330696328546174E+02     -0.8191721581955400E+02
  0.11000000E+02     -0.1782547095024990E+01      0.4235914635235041E+01     -0.1216116015073096E+02      0.4183783253667566E+02     -0.1641799651844231E+03
  0.12000000E+02     -0.2138718445719440E+01      0.5851110398652047E+01     -0.1902888981593435E+02      0.7275637964307295E+02     -0.3165066157635341E+03
  0.13000000E+02     -0.2526437982507792E+01      0.7899167118812440E+01     -0.2891468025333977E+02      0.1224513810267405E+03     -0.5862598914213272E+03
  0.14000000E+02     -0.2946408474388233E+01      0.1045882302606741E+02     -0.4286447055779429E+02      0.2005318788510035E+03     -0.1053103283918464E+04
  0.15000000E+02     -0.3397932233271009E+01      0.1360497564571047E+02     -0.6210876053283280E+02      0.3198979180432710E+03     -0.1835671725972313E+04
  0.16000000E+02     -0.3882559831333555E+01      0.1743961279186150E+02     -0.8832735103104605E+02      0.4997119410044400E+03     -0.3127986605135333E+04
  0.17000000E+02     -0.4399071944510226E+01      0.2204415269526571E+02     -0.1233123904233718E+03      0.7637124013631698E+03     -0.5197899620966833E+04
  0.18000000E+02     -0.4947425726400748E+01      0.2752031971719684E+02     -0.1693659162273790E+03      0.1144952645773119E+04     -0.8451368541448484E+04
  0.19000000E+02     -0.5527653062747503E+01      0.3397195099219483E+02     -0.2291486401879826E+03      0.1686002505947243E+04     -0.1346566203322989E+05
  0.20000000E+02     -0.6140555226261713E+01      0.4152175267172872E+02     -0.3059520810570085E+03      0.2443643431106586E+04     -0.2106928256277821E+05
  0.21000000E+02     -0.6785606989590323E+01      0.5028177643308577E+02     -0.4034207426412631E+03      0.3488805194131922E+04     -0.3241259497122013E+05
  0.22000000E+02     -0.7461876496775747E+01      0.6036316035916145E+02     -0.5257154343881919E+03      0.4910442460546999E+04     -0.4905326808080247E+05
  0.23000000E+02     -0.8170344087489092E+01      0.7190505690760779E+02     -0.6777568538535131E+03      0.6819705481050910E+04     -0.7308212462505225E+05
  0.24000000E+02     -0.8911231313159940E+01      0.8505562575147546E+02     -0.8654588642696098E+03      0.9361839580458658E+04     -0.1074446551349886E+06
  0.25000000E+02     -0.9682520327094089E+01      0.9991516048233882E+02     -0.1094561758850534E+04      0.1269989820641353E+05     -0.1558117763330336E+06
  0.26000000E+02     -0.1048592071759351E+02      0.1166641390531109E+03     -0.1372731051193881E+04      0.1704855629232508E+05     -0.2231730377997197E+06
  0.27000000E+02     -0.1132237517133277E+02      0.1354736186197221E+03     -0.1708345097771365E+04      0.2266572335169889E+05     -0.3160336512133164E+06
  0.28000000E+02     -0.1218872745211899E+02      0.1564347141723256E+03     -0.2109299025784921E+04      0.2983669265653877E+05     -0.4423266176530097E+06
  0.29000000E+02     -0.1308822333011450E+02      0.1797895011596120E+03     -0.2587162960361301E+04      0.3895212647177347E+05     -0.6130947492390054E+06
  0.30000000E+02     -0.1402080523767398E+02      0.2057206722869854E+03     -0.3153759948661610E+04      0.5046464168494813E+05     -0.8422923046795616E+06
  0.31000000E+02     -0.1498311958294768E+02      0.2343084003125303E+03     -0.3819308318733493E+04      0.6483816875914688E+05     -0.1145764324519449E+07
  0.32000000E+02     -0.1597783889005405E+02      0.2658042562948061E+03     -0.4598833360236574E+04      0.8269267973717630E+05     -0.1544631727319931E+07
  0.33000000E+02     -0.1700325980849133E+02      0.3003456969971095E+03     -0.5506319074783102E+04      0.1047114813841545E+06     -0.2064716200690161E+07
  0.34000000E+02     -0.1806171192188046E+02      0.3382158750954824E+03     -0.6560910687567651E+04      0.1317814196430387E+06     -0.2739900421888116E+07
  0.35000000E+02     -0.1915015581621777E+02      0.3795005412971129E+03     -0.7777515651257279E+04      0.1647729606615730E+06     -0.3607875475499980E+07
  0.36000000E+02     -0.2027061147939757E+02      0.4244831606529817E+03     -0.9178005619841073E+04      0.2048288406520840E+06     -0.4717551864178729E+07
  0.37000000E+02     -0.2142165100564965E+02      0.4733067768440416E+03     -0.1078145001922427E+05      0.2531308133895876E+06     -0.6124836281867824E+07
  0.38000000E+02     -0.2260318315943967E+02      0.5261807979161601E+03     -0.1261069409468291E+05      0.3110952229158842E+06     -0.7898792710351029E+07
  0.39000000E+02     -0.2381678226661130E+02      0.5834123053884692E+03     -0.1469427024063590E+05      0.3804782869669775E+06     -0.1012732609635688E+08
  0.40000000E+02     -0.2506375377163064E+02      0.6452845652561543E+03     -0.1706125390900285E+05      0.4632028468527281E+06     -0.1291268740180372E+08
  0.41000000E+02     -0.2633898403592717E+02      0.7117860669952022E+03     -0.1973184094916442E+05      0.5610667162782091E+06     -0.1636387355473747E+08
  0.42000000E+02     -0.2764781848994715E+02      0.7834273396855015E+03     -0.2274833356335962E+05      0.6768447096143058E+06     -0.2063592298522183E+08
  0.43000000E+02     -0.2898676956128822E+02      0.8602545568522548E+03     -0.2613556736009281E+05      0.8128297471806474E+06     -0.2587869481418284E+08
  0.44000000E+02     -0.3035712869559253E+02      0.9426083484568011E+03     -0.2993471798905599E+05      0.9722716053804092E+06     -0.3229906066845931E+08
  0.45000000E+02     -0.3175698070625020E+02      0.1030608913435337E+04     -0.3417749415870031E+05      0.1158198473165961E+07     -0.4010983736800200E+08
  0.46000000E+02     -0.3318912869082403E+02      0.1124716618161144E+04     -0.3891592413929038E+05      0.1374864137270039E+07     -0.4959903074437600E+08
  0.47000000E+02     -0.3465128027989313E+02      0.1225032088051157E+04     -0.4418543176684273E+05      0.1626041275390382E+07     -0.6105787372146530E+08
  0.48000000E+02     -0.3614482687450375E+02      0.1331920325017188E+04     -0.5003797845824281E+05      0.1916614308520835E+07     -0.7485570185236384E+08
  0.49000000E+02     -0.3766718134908986E+02      0.1445451607897236E+04     -0.5651060009438206E+05      0.2250967051531320E+07     -0.9136166462879765E+08
  0.50000000E+02     -0.3921989917545982E+02      0.1566050290473017E+04     -0.6366668029904250E+05      0.2635464486735506E+07     -0.1110929032471402E+09
  0.51000000E+02     -0.4080529754781704E+02      0.1694152423259231E+04     -0.7156922548307320E+05      0.3076604689697332E+07     -0.1345970507431264E+09
  0.52000000E+02     -0.4241858434190764E+02      0.1829676073107671E+04     -0.8025585342859049E+05      0.3580139696683522E+07     -0.1624397281805413E+09
  0.53000000E+02     -0.4406231454439590E+02      0.1973114919333189E+04     -0.8980115389585795E+05      0.4154274121120519E+07     -0.1953630753839860E+09
  0.54000000E+02     -0.4573758177225213E+02      0.2124866187076746E+04     -0.1002776292298333E+06      0.4807628199775424E+07     -0.2341868096575368E+09
  0.55000000E+02     -0.4744440212056777E+02      0.2285282355913016E+04     -0.1117625560607050E+06      0.5550045941628730E+07     -0.2798932270605469E+09
  0.56000000E+02     -0.4918342778778415E+02      0.2454708022308845E+04     -0.1243302717367910E+06      0.6391360440029856E+07     -0.3335041591072068E+09
  0.57000000E+02     -0.5094805519732050E+02      0.2632827673503808E+04     -0.1380132150673556E+06      0.7339520781217148E+07     -0.3960202188387418E+09
  0.58000000E+02     -0.5274255534458448E+02      0.2820323919070547E+04     -0.1529149385175037E+06      0.8407334987291902E+07     -0.4687873785722153E+09
  0.59000000E+02     -0.5456926582186797E+02      0.3017799241569752E+04     -0.1691470968338661E+06      0.9609840343129950E+07     -0.5534745563492042E+09
  0.60000000E+02     -0.5642268754342494E+02      0.3225000756251003E+04     -0.1867524596192955E+06      0.1095742430939315E+08     -0.6514902784132913E+09
  0.61000000E+02     -0.5830726792279992E+02      0.3442720820337330E+04     -0.2058617695142750E+06      0.1246778572894078E+08     -0.7648808526000494E+09
  0.62000000E+02     -0.6022184612692742E+02      0.3671221558003449E+04     -0.2265732336388119E+06      0.1415771451358328E+08     -0.8958080261277708E+09
  0.63000000E+02     -0.6216264581646612E+02      0.3910328205400042E+04     -0.2489378123087032E+06      0.1604012581602112E+08     -0.1046199283727773E+10
  0.64000000E+02     -0.6413358750870351E+02      0.4160843148630815E+04     -0.2731033107533899E+06      0.1813706227180469E+08     -0.1218850574036993E+10
  0.65000000E+02     -0.6613715707697725E+02      0.4423492672869313E+04     -0.2992257279675585E+06      0.2047343114841760E+08     -0.1417062558455051E+10
  0.66000000E+02     -0.6816577104929678E+02      0.4697574629365354E+04     -0.3273113512608742E+06      0.2306066565221797E+08     -0.1643059667956876E+10
  0.67000000E+02     -0.7022707524640248E+02      0.4984470823257628E+04     -0.3575868997830345E+06      0.2593190315253586E+08     -0.1901180507377471E+10
  0.68000000E+02     -0.7231345141931025E+02      0.5283521378742043E+04     -0.3900775459580011E+06      0.2910335860295324E+08     -0.2194547699874302E+10
  0.69000000E+02     -0.7442781722767907E+02      0.5595480071457237E+04     -0.4249556511451211E+06      0.3260579956164606E+08     -0.2527755295919150E+10
  0.70000000E+02     -0.7657013300693269E+02      0.5920714414232848E+04     -0.4623610830906892E+06      0.3646877878717671E+08     -0.2905609647178282E+10
  0.71000000E+02     -0.7874185035437959E+02      0.6259776290063772E+04     -0.5024543624807291E+06      0.4072481785047621E+08     -0.3333415018646022E+10
  0.72000000E+02     -0.8094553916847387E+02      0.6613457537399593E+04     -0.5454354509195255E+06      0.4541263069390838E+08     -0.3817425804419975E+10
  0.73000000E+02     -0.8317658524244482E+02      0.6981469045513271E+04     -0.5913893840445785E+06      0.5056154811069137E+08     -0.4363441543806623E+10
  0.74000000E+02     -0.8543238098524087E+02      0.7363653278894701E+04     -0.6403956755837256E+06      0.5619869583096468E+08     -0.4977002967240768E+10
  0.75000000E+02     -0.8772010645649434E+02      0.7761672149457411E+04     -0.6927933628412966E+06      0.6238528762112913E+08     -0.5668012315983995E+10
  0.76000000E+02     -0.9003463189032814E+02      0.8174952914329588E+04     -0.7486210272508692E+06      0.6914762542912872E+08     -0.6442740665347983E+10
  0.77000000E+02     -0.9237840479532774E+02      0.8604395797031735E+04     -0.8081354202922366E+06      0.7654174116020592E+08     -0.7311418625314261E+10
  0.78000000E+02     -0.9474664440441884E+02      0.9049493144641126E+04     -0.8713952165458327E+06      0.8460043205789846E+08     -0.8281984949256930E+10
  0.79000000E+02     -0.9714744306900343E+02      0.9512138229172560E+04     -0.9388011267774025E+06      0.9340131227412035E+08     -0.9368141377414000E+10
  0.80000000E+02     -0.9956470942791603E+02      0.9989617296595439E+04     -0.1010096595023096E+07      0.1029395345751013E+09     -0.1057409527065889E+11
  0.81000000E+02     -0.1020183736725185E+03      0.1048621008449871E+05     -0.1086057061650116E+07      0.1133481966194830E+09     -0.1192175294736075E+11
  0.82000000E+02     -0.1044970776021866E+03      0.1100009783753045E+05     -0.1166564764088829E+07      0.1246448540521391E+09     -0.1341923888119560E+11
  0.83000000E+02     -0.1070021400333473E+03      0.1153192150736958E+05     -0.1251868265232278E+07      0.1368976266032203E+09     -0.1508160943870351E+11
  0.84000000E+02     -0.1095336147534935E+03      0.1208215765199795E+05     -0.1342213070614753E+07      0.1501792965177199E+09     -0.1692557796098059E+11
  0.85000000E+02     -0.1120943822322594E+03      0.1265172590316088E+05     -0.1437896314503605E+07      0.1645691818453035E+09     -0.1896903777463340E+11
  0.86000000E+02     -0.1146819301120160E+03      0.1324060120571205E+05     -0.1539101809004972E+07      0.1801376729920557E+09     -0.2123006322035285E+11
  0.87000000E+02     -0.1172886472448628E+03      0.1384730426349698E+05     -0.1645722100175482E+07      0.1969063946671679E+09     -0.2371955281469041E+11
  0.88000000E+02     -0.1199282388119869E+03      0.1447552347168362E+05     -0.1758597367877787E+07      0.2150537466041180E+09     -0.2647319248161817E+11
  0.89000000E+02     -0.1225901599100579E+03      0.1512319192510148E+05     -0.1877547386085508E+07      0.2345991395521106E+09     -0.2950390712171674E+11
  0.90000000E+02     -0.1252782227116331E+03      0.1579151827511380E+05     -0.2002954814655784E+07      0.2556493122478828E+09     -0.3283768369789236E+11
  0.91000000E+02     -0.1279941319977179E+03      0.1648150631782008E+05     -0.2135238616981536E+07      0.2783335243826860E+09     -0.3650750173723058E+11
  0.92000000E+02     -0.1307368076512079E+03      0.1719324605069404E+05     -0.2274601408771745E+07      0.3027376074147816E+09     -0.4053854714142474E+11
  0.93000000E+02     -0.1335014913236479E+03      0.1792590792367817E+05     -0.2421083860614958E+07      0.3289256407992439E+09     -0.4495430577338737E+11
  0.94000000E+02     -0.1362912525823789E+03      0.1868070893340661E+05     -0.2575136973596188E+07      0.3570376466464920E+09     -0.4979208234230469E+11
  0.95000000E+02     -0.1391135467192373E+03      0.1946019854159387E+05     -0.2737519814616181E+07      0.3872790093003219E+09     -0.5510266232985197E+11
  0.96000000E+02     -0.1419595878487534E+03      0.2026232003999722E+05     -0.2908014482326447E+07      0.4196728808771241E+09     -0.6090555284760175E+11
  0.97000000E+02     -0.1448286724149963E+03      0.2108726315603884E+05     -0.3086879478013622E+07      0.4543350951272550E+09     -0.6723788960800424E+11
  0.98000000E+02     -0.1477233734760809E+03      0.2193637814628439E+05     -0.3274682254814453E+07      0.4914560073125347E+09     -0.7415401832923718E+11
  0.99000000E+02     -0.1506443147643489E+03      0.2281008712462052E+05     -0.3471714876399039E+07      0.5311609294540235E+09     -0.8169505596478868E+11
  0.10000000E+03     -0.1535880240040427E+03      0.2370778220237049E+05     -0.3678081641631970E+07      0.5735480814190440E+09     -0.8989964740586169E+11
  0.10100000E+03     -0.1565578106191114E+03      0.2463097595418707E+05     -0.3894400048839372E+07      0.6188308928278266E+09     -0.9883181741354909E+11
  0.10200000E+03     -0.1595495376259746E+03      0.2557889671104965E+05     -0.4120768453260090E+07      0.6671211309552214E+09     -0.1085379624140684E+12
  0.10300000E+03     -0.1625662756647710E+03      0.2655280498152968E+05     -0.4357714915366665E+07      0.7186131212475406E+09     -0.1190801334512330E+12
  0.10400000E+03     -0.1656071803329712E+03      0.2755293356299571E+05     -0.4605583826718251E+07      0.7734795205412399E+09     -0.1305208185229310E+12
  0.10500000E+03     -0.1686786813245644E+03      0.2858190529784096E+05     -0.4865316620264338E+07      0.8320293021458684E+09     -0.1429528350775096E+12
  0.10600000E+03     -0.1717642759376022E+03      0.2963453264950924E+05     -0.5135864086110203E+07      0.8941233026056832E+09     -0.1563754004314105E+12
  0.10700000E+03     -0.1748755835787772E+03      0.3071523635333283E+05     -0.5418655030365652E+07      0.9601962157932925E+09     -0.1709139970383185E+12
  0.10800000E+03     -0.1780127289886219E+03      0.3182450423155619E+05     -0.5714112811865874E+07      0.1030457242253769E+10     -0.1866478242764415E+12
  0.10900000E+03     -0.1811768628050978E+03      0.3296324782732283E+05     -0.6022802297635650E+07      0.1105161573459397E+10     -0.2036709396918879E+12
  0.11000000E+03     -0.1843605094775042E+03      0.3412907324202036E+05     -0.6344334541767248E+07      0.1184320649286132E+10     -0.2220195358975662E+12
  0.11100000E+03     -0.1875663796972988E+03      0.3532354180383134E+05     -0.6679493696685160E+07      0.1268262159072423E+10     -0.2418116149815854E+12
  0.11200000E+03     -0.1907992797324273E+03      0.3654898899447794E+05     -0.7029286610851618E+07      0.1357375560777832E+10     -0.2631828694571245E+12
  0.11300000E+03     -0.1940581712961236E+03      0.3780523289304836E+05     -0.7393922168362713E+07      0.1451830833080619E+10     -0.2862139621657750E+12
  0.11400000E+03     -0.1973341746108247E+03      0.3908956985078836E+05     -0.7773028450108108E+07      0.1551690796362488E+10     -0.3109715984580464E+12
  0.11500000E+03     -0.2006304684719389E+03      0.4040340998419934E+05     -0.8167280175683904E+07      0.1657255669738286E+10     -0.3375738320073992E+12
  0.11600000E+03     -0.2039543163775003E+03      0.4175027998171706E+05     -0.8578138138349656E+07      0.1769080691356822E+10     -0.3662159503782284E+12
  0.11700000E+03     -0.2073021403233656E+03      0.4312919299683142E+05     -0.9005670951697111E+07      0.1887346779826696E+10     -0.3970015010348251E+12
  0.11800000E+03     -0.2106682074417721E+03      0.4453818683738467E+05     -0.9449603038900109E+07      0.2012126621976979E+10     -0.4300027170236368E+12
  0.11900000E+03     -0.2140525925889282E+03      0.4597768446796135E+05     -0.9910428911129504E+07      0.2143726727125309E+10     -0.4653621778901156E+12
  0.12000000E+03     -0.2174632897436709E+03      0.4745158606091612E+05     -0.1038978792856999E+08      0.2282792109767432E+10     -0.5033180802290797E+12
  0.12100000E+03     -0.2208976384319686E+03      0.4895912787816003E+05     -0.1088779343248705E+08      0.2429528303347057E+10     -0.5439919061421464E+12
  0.12200000E+03     -0.2243566377182202E+03      0.5050122940826222E+05     -0.1140514393331386E+08      0.2584325775732973E+10     -0.5875616859289269E+12
  0.12300000E+03     -0.2278458802448660E+03      0.5208102364512494E+05     -0.1194335474207171E+08      0.2747850847592451E+10     -0.6342955390618424E+12
  0.12400000E+03     -0.2313477905081149E+03      0.5369103543734631E+05     -0.1250029572349071E+08      0.2919658490783684E+10     -0.6841453844054181E+12
  0.12500000E+03     -0.2348817228775707E+03      0.5534085597503962E+05     -0.1307978815781331E+08      0.3101163436059528E+10     -0.7376133360468688E+12
  0.12600000E+03     -0.2384244174722884E+03      0.5701968926928210E+05     -0.1367832273593661E+08      0.3291435695235441E+10     -0.7944987254955165E+12
  0.12700000E+03     -0.2419927914277056E+03      0.5873610832333784E+05     -0.1429942094290126E+08      0.3491826508957136E+10     -0.8552996641834941E+12
  0.12800000E+03     -0.2455875196500050E+03      0.6049084854618807E+05     -0.1494377197497413E+08      0.3702782393251766E+10     -0.9202459621579077E+12
  0.12900000E+03     -0.2492030746524949E+03      0.6228188331855669E+05     -0.1561114844204840E+08      0.3924485529480841E+10     -0.9894993223488646E+12
  0.13000000E+03     -0.2528405451995764E+03      0.6410986822853051E+05     -0.1630212197924234E+08      0.4157327805933155E+10     -0.1063274036073846E+13
  0.13100000E+03     -0.2565025358393701E+03      0.6597707458211592E+05     -0.1701819331219756E+08      0.4402123972520053E+10     -0.1141955143487211E+13
  0.13200000E+03     -0.2601811044590506E+03      0.6787951568575205E+05     -0.1775815944462388E+08      0.4658676310936759E+10     -0.1225580233438302E+13
  0.13300000E+03     -0.2638799869821363E+03      0.6981986655433571E+05     -0.1852364314044434E+08      0.4927849966439434E+10     -0.1314562360151757E+13
  0.13400000E+03     -0.2675944762753339E+03      0.7179583442125580E+05     -0.1931411696874315E+08      0.5209699184796501E+10     -0.1409033784736622E+13
  0.13500000E+03     -0.2713400011264789E+03      0.7381616754352201E+05     -0.2013359312939001E+08      0.5505941643354678E+10     -0.1509701042935785E+13
  0.13600000E+03     -0.2751033111910787E+03      0.7587441981371905E+05     -0.2098006330825238E+08      0.5816185698734899E+10     -0.1616583396320828E+13
  0.13700000E+03     -0.2788878239084125E+03      0.7797272510390166E+05     -0.2185482881174064E+08      0.6141178084165545E+10     -0.1730070180223637E+13
  0.13800000E+03     -0.2826919947035487E+03      0.8011079003385325E+05     -0.2275832487701562E+08      0.6481406176258737E+10     -0.1850486220828680E+13
  0.13900000E+03     -0.2865162623359245E+03      0.8228926865718876E+05     -0.2369132975012810E+08      0.6837475087633260E+10     -0.1978199304967575E+13
  0.14000000E+03     -0.2903714400336927E+03      0.8451509605576609E+05     -0.2465747342639948E+08      0.7211145525371089E+10     -0.2114019354402886E+13
  0.14100000E+03     -0.2942358970753434E+03      0.8677585321141806E+05     -0.2565174300176466E+08      0.7600757719798382E+10     -0.2257492331773768E+13
  0.14200000E+03     -0.2981264367177766E+03      0.8908204176783188E+05     -0.2667940093102543E+08      0.8008761795797654E+10     -0.2409713007112115E+13
  0.14300000E+03     -0.3020368773484172E+03      0.9143053604618975E+05     -0.2773963122502000E+08      0.8435194777476354E+10     -0.2570878435921841E+13
  0.14400000E+03     -0.3059576039020588E+03      0.9381576998902651E+05     -0.2883038450603402E+08      0.8879566129699770E+10     -0.2740984612236480E+13
  0.14500000E+03     -0.3099076782724283E+03      0.9625029205764129E+05     -0.2995819761886079E+08      0.9345011111556814E+10     -0.2921468250981208E+13
  0.14600000E+03     -0.3138871929371692E+03      0.9873422509360051E+05     -0.3112352212720556E+08      0.9832027727464237E+10     -0.3112700408280108E+13
  0.14700000E+03     -0.3178758607965024E+03      0.1012557541046272E+06     -0.3232158904872958E+08      0.1033910211834907E+11     -0.3314335412401497E+13
  0.14800000E+03     -0.3218926502224030E+03      0.1038271445150295E+06     -0.3355873430129281E+08      0.1086928933318277E+11     -0.3527798859914906E+13
  0.14900000E+03     -0.3259278616351033E+03      0.1064427169508047E+06     -0.3483287102363437E+08      0.1142213809987642E+11     -0.3753154047215050E+13
  0.15000000E+03     -0.3299861065987484E+03      0.1091061158654839E+06     -0.3614648387502997E+08      0.1199920179448901E+11     -0.3991295482123196E+13
  0.15100000E+03     -0.3340642335611929E+03      0.1118155940055814E+06     -0.3749926944217355E+08      0.1260076674614757E+11     -0.4242585855153720E+13
  0.15200000E+03     -0.3381553879470475E+03      0.1145668880880164E+06     -0.3888963288606435E+08      0.1322653194775319E+11     -0.4507140520481351E+13
  0.15300000E+03     -0.3422761114572356E+03      0.1173721016679393E+06     -0.4032460977424756E+08      0.1388026728895446E+11     -0.4786888089147359E+13
  0.15400000E+03     -0.3464141592934326E+03      0.1202232698917698E+06     -0.4180073063396318E+08      0.1456085523317217E+11     -0.5081628053361989E+13
  0.15500000E+03     -0.3505701948576335E+03      0.1231212738284499E+06     -0.4331909075206545E+08      0.1526928697668552E+11     -0.5392082299805739E+13
  0.15600000E+03     -0.3547410207406695E+03      0.1260643672434373E+06     -0.4487946914182524E+08      0.1600598718576968E+11     -0.5718756905425039E+13
  0.15700000E+03     -0.3589401951875979E+03      0.1290623097241418E+06     -0.4648756308134377E+08      0.1677408992930968E+11     -0.6063325502801560E+13
  0.15800000E+03     -0.3631549912096078E+03      0.1321070120867467E+06     -0.4814001698776685E+08      0.1757267483176640E+11     -0.6425776025110144E+13
  0.15900000E+03     -0.3673953962164036E+03      0.1352058494925807E+06     -0.4984135748986692E+08      0.1840439156173357E+11     -0.6807614570723671E+13
  0.16000000E+03     -0.3716530011647972E+03      0.1383535914308029E+06     -0.5158967381340858E+08      0.1926899855980081E+11     -0.7209149825231818E+13
  0.16100000E+03     -0.3759284250659827E+03      0.1415508626756339E+06     -0.5338587560537911E+08      0.2016745423595137E+11     -0.7631169079161542E+13
  0.16200000E+03     -0.3802242101569010E+03      0.1448002709770245E+06     -0.5523228399682919E+08      0.2110157583499053E+11     -0.8074940476701657E+13
  0.16300000E+03     -0.3845473094458115E+03      0.1481075537587643E+06     -0.5713291161473534E+08      0.2207401528312815E+11     -0.8542132912611047E+13
  0.16400000E+03     -0.3888985698323827E+03      0.1514738578371485E+06     -0.5908918357514293E+08      0.2308613764288216E+11     -0.9033824349045967E+13
  0.16500000E+03     -0.3932521412077860E+03      0.1548798189497490E+06     -0.6109069526912580E+08      0.2413324460428030E+11     -0.9548183061397312E+13
  0.16600000E+03     -0.3976435845644908E+03      0.1583541266918544E+06     -0.6315532594952046E+08      0.2522548811370774E+11     -0.1009071724396127E+14
  0.16700000E+03     -0.4020456788977152E+03      0.1618752827912597E+06     -0.6527082300592639E+08      0.2635692604952227E+11     -0.1065887351235306E+14
  0.16800000E+03     -0.4064655746629075E+03      0.1654496183631927E+06     -0.6744186452133253E+08      0.2753079680989449E+11     -0.1125478158838887E+14
  0.16900000E+03     -0.4109094324446149E+03      0.1690828199255776E+06     -0.6967285180938038E+08      0.2875027101024672E+11     -0.1188059280076664E+14
  0.17000000E+03     -0.4153712079727174E+03      0.1727702116692340E+06     -0.7196159711258228E+08      0.3001480893246165E+11     -0.1253651096950024E+14
  0.17100000E+03     -0.4198617341965755E+03      0.1765216600321452E+06     -0.7431533324813235E+08      0.3132931695234438E+11     -0.1322570673065318E+14
  0.17200000E+03     -0.4243639000416466E+03      0.1803230635132101E+06     -0.7672585939144602E+08      0.3268986752918548E+11     -0.1394661450490700E+14
  0.17300000E+03     -0.4288923981959964E+03      0.1841877327335143E+06     -0.7920273761074045E+08      0.3410279706587934E+11     -0.1470325021653543E+14
  0.17400000E+03     -0.4334445894956065E+03      0.1881137919033767E+06     -0.8174556869981864E+08      0.3556865478797180E+11     -0.1549649401296477E+14
  0.17500000E+03     -0.4380096607575666E+03      0.1920928969773939E+06     -0.8435014587929392E+08      0.3708602742256925E+11     -0.1632630139991529E+14
  0.17600000E+03     -0.4425943809246209E+03      0.1961306844290854E+06     -0.8702055361382708E+08      0.3865785289955053E+11     -0.1719476264548766E+14
  0.17700000E+03     -0.4472050786033844E+03      0.2002338468209729E+06     -0.8976254002106464E+08      0.4028863342040983E+11     -0.1810517067329081E+14
  0.17800000E+03     -0.4518371885494248E+03      0.2043990692143976E+06     -0.9257497262171175E+08      0.4197868369849732E+11     -0.1905844369711254E+14
  0.17900000E+03     -0.4564929392442196E+03      0.2086284367534442E+06     -0.9545990629824647E+08      0.4372998088296262E+11     -0.2005631381189056E+14
  0.18000000E+03     -0.4611644399488182E+03      0.2129160371792822E+06     -0.9841477272577934E+08      0.4554222176047962E+11     -0.2109953162511087E+14
  0.18100000E+03     -0.4658551128035448E+03      0.2172648775640485E+06     -0.1014421664141343E+09      0.4741769215117522E+11     -0.2219002690883277E+14
  0.18200000E+03     -0.4705652741214195E+03      0.2216759813763248E+06     -0.1045439136963289E+09      0.4935858628058056E+11     -0.2332990886299454E+14
  0.18300000E+03     -0.4753101311550281E+03      0.2261644298707248E+06     -0.1077318303668350E+09      0.5137344124763804E+11     -0.2452508760719146E+14
  0.18400000E+03     -0.4800769986657215E+03      0.2307188898777251E+06     -0.1109989940656141E+09      0.5345900576405585E+11     -0.2577454443375986E+14
  0.18500000E+03     -0.4848441820434176E+03      0.2353188648632026E+06     -0.1143314833687131E+09      0.5560728189403379E+11     -0.2707425144215889E+14
  0.18600000E+03     -0.4896455304266936E+03      0.2399980935754921E+06     -0.1177552027045245E+09      0.5783634937641448E+11     -0.2843624614703878E+14
  0.18700000E+03     -0.4944692903099519E+03      0.2447456607607303E+06     -0.1212632199389774E+09      0.6014280880116603E+11     -0.2985939189069315E+14
  0.18800000E+03     -0.4993143597273707E+03      0.2495606840647468E+06     -0.1248556847301991E+09      0.6252771122540195E+11     -0.3134518562638080E+14
  0.18900000E+03     -0.5041804414613476E+03      0.2544440253064165E+06     -0.1285347975837415E+09      0.6499400974119145E+11     -0.3289668073961484E+14
  0.19000000E+03     -0.5090739080462248E+03      0.2594024767815511E+06     -0.1323066640696035E+09      0.6754691963304079E+11     -0.3451815228651268E+14
  0.19100000E+03     -0.5139841540270987E+03      0.2644260280914119E+06     -0.1361649242483056E+09      0.7018345330963324E+11     -0.3620883441773080E+14
  0.19200000E+03     -0.5189093060062061E+03      0.2695132032130935E+06     -0.1401094914505071E+09      0.7290474855061221E+11     -0.3797053143602801E+14
  0.19300000E+03     -0.5238604429613071E+03      0.2746760467873441E+06     -0.1441508806592143E+09      0.7571935742626523E+11     -0.3980993356725567E+14
  0.19400000E+03     -0.5288409811055892E+03      0.2799189967195689E+06     -0.1482939731324693E+09      0.7863215901482649E+11     -0.4173152046481648E+14
  0.19500000E+03     -0.5338373739143643E+03      0.2852285616385425E+06     -0.1525294640907161E+09      0.8163808939003909E+11     -0.4373327070282216E+14
  0.19600000E+03     -0.5388538653789186E+03      0.2906097285511463E+06     -0.1568624608974627E+09      0.8474210291944638E+11     -0.4581971883139290E+14
  0.19700000E+03     -0.5438900426060616E+03      0.2960627335998636E+06     -0.1612944612469310E+09      0.8794675161050163E+11     -0.4799393736595921E+14
  0.19800000E+03     -0.5489521672925435E+03      0.3015946041183865E+06     -0.1658321289009213E+09      0.9125808256337048E+11     -0.5026122721646610E+14
  0.19900000E+03     -0.5540335533565466E+03      0.3071992759114925E+06     -0.1704722912605185E+09      0.9467566370191504E+11     -0.5262296910809470E+14
  0.20000000E+03     -0.5591466895188556E+03      0.3128908513070527E+06     -0.1752276796080806E+09      0.9821022470664755E+11     -0.5508790831222299E+14
  0.20100000E+03     -0.5642746075494457E+03      0.3186514813013852E+06     -0.1800850487084360E+09      0.1018537519680248E+12     -0.5765214386156419E+14
  0.20200000E+03     -0.5694340876538625E+03      0.3245007276784098E+06     -0.1850622972720170E+09      0.1056213254517838E+12     -0.6032787375697994E+14
  0.20300000E+03     -0.5746238917121851E+03      0.3304378937891935E+06     -0.1901602618260468E+09      0.1095152835068372E+12     -0.6311840989600167E+14
  0.20400000E+03     -0.5798263698295274E+03      0.3364437668632338E+06     -0.1953641162927511E+09      0.1135262100305051E+12     -0.6601882336053949E+14
  0.20500000E+03     -0.5850452202444852E+03      0.3425228983098721E+06     -0.2006789009148983E+09      0.1176594885639316E+12     -0.6903456104247709E+14
  0.20600000E+03     -0.5903002332121429E+03      0.3486990498844169E+06     -0.2061268558541890E+09      0.1219342100732276E+12     -0.7218133726035809E+14
  0.20700000E+03     -0.5955682118863539E+03      0.3549457281352411E+06     -0.2116861488350850E+09      0.1263351211057295E+12     -0.7544979688709478E+14
  0.20800000E+03     -0.6008597239290538E+03      0.3612763334727460E+06     -0.2173703578742245E+09      0.1308749706700601E+12     -0.7885140573767517E+14
  0.20900000E+03     -0.6061726061124800E+03      0.3676886893024102E+06     -0.2231787875748185E+09      0.1355549162012201E+12     -0.8238884214456322E+14
  0.21000000E+03     -0.6115267636802209E+03      0.3742080928013375E+06     -0.2291364082281844E+09      0.1403974571389731E+12     -0.8608145707746098E+14
  0.21100000E+03     -0.6168951875061870E+03      0.3808025514433493E+06     -0.2352157175246432E+09      0.1453823886908709E+12     -0.8991604552129983E+14
  0.21200000E+03     -0.6222660217170763E+03      0.3874573178178575E+06     -0.2414038861807688E+09      0.1505005843135791E+12     -0.9388724572027275E+14
  0.21300000E+03     -0.6276793012797825E+03      0.3942231755453133E+06     -0.2477501380356090E+09      0.1557951563455740E+12     -0.9803094482999325E+14
  0.21400000E+03     -0.6331213997153943E+03      0.4010842207715880E+06     -0.2542415988232493E+09      0.1612578891989403E+12     -0.1023433301315799E+15
  0.21500000E+03     -0.6385746522930864E+03      0.4080187185142267E+06     -0.2608591446677321E+09      0.1668746834872456E+12     -0.1068154594392621E+15
  0.21600000E+03     -0.6440448703237973E+03      0.4150341741596044E+06     -0.2676110172578959E+09      0.1726542694053069E+12     -0.1114563140321365E+15
  0.21700000E+03     -0.6495579150942140E+03      0.4221652159228040E+06     -0.2745329403489684E+09      0.1786301216443916E+12     -0.1162957726664687E+15
  0.21800000E+03     -0.6550960471212794E+03      0.4293899352342451E+06     -0.2816056579944774E+09      0.1847882151689128E+12     -0.1213252795343210E+15
  0.21900000E+03     -0.6606443605913316E+03      0.4366895380993147E+06     -0.2888124145950474E+09      0.1911162632115621E+12     -0.1265373884439732E+15
  0.22000000E+03     -0.6662248532387007E+03      0.4440936603230022E+06     -0.2961842060341175E+09      0.1976439273162618E+12     -0.1319592987583974E+15
  0.22100000E+03     -0.6718378422451566E+03      0.4516039511439046E+06     -0.3037249433846444E+09      0.2043776036505523E+12     -0.1375995245023281E+15
  0.22200000E+03     -0.6774823872637241E+03      0.4592197787359277E+06     -0.3114356713469834E+09      0.2113206588040091E+12     -0.1434637038448962E+15
  0.22300000E+03     -0.6831500902103894E+03      0.4669311900666014E+06     -0.3193087810719804E+09      0.2184694268116338E+12     -0.1495522413043734E+15
  0.22400000E+03     -0.6888352946716194E+03      0.4747305562323569E+06     -0.3273376421865445E+09      0.2258199248886753E+12     -0.1558643162674023E+15
  0.22500000E+03     -0.6945686104048694E+03      0.4826614629210865E+06     -0.3355698690772947E+09      0.2334192688553603E+12     -0.1624442802423572E+15
  0.22600000E+03     -0.7003157962701576E+03      0.4906776714650121E+06     -0.3439597548150076E+09      0.2412284069369225E+12     -0.1692619272534434E+15
  0.22700000E+03     -0.7060764819184450E+03      0.4987789910050830E+06     -0.3525085926562157E+09      0.2492510012359159E+12     -0.1763235305028820E+15
  0.22800000E+03     -0.7118983262902002E+03      0.5070332777514269E+06     -0.3612899985654421E+09      0.2575590830267956E+12     -0.1836960163698195E+15
  0.22900000E+03     -0.7177143080018456E+03      0.5153471220203319E+06     -0.3702074851564146E+09      0.2660652013034451E+12     -0.1913061622431633E+15
  0.23000000E+03     -0.7235523853739941E+03      0.5237604335264637E+06     -0.3793049795963781E+09      0.2748134469233084E+12     -0.1991963747872809E+15
  0.23100000E+03     -0.7294333756391339E+03      0.5323047879682918E+06     -0.3886195358061554E+09      0.2838434068388538E+12     -0.2074069661475713E+15
  0.23200000E+03     -0.7353196236258683E+03      0.5409259108943922E+06     -0.3980936634868812E+09      0.2931021349134681E+12     -0.2158933819192640E+15
  0.23300000E+03     -0.7412386210338326E+03      0.5496650224548114E+06     -0.4077749521745633E+09      0.3026395874460768E+12     -0.2247056786154339E+15
  0.23400000E+03     -0.7471844628326760E+03      0.5585142360082404E+06     -0.4176568255563698E+09      0.3124526310884893E+12     -0.2338451727317375E+15
  0.23500000E+03     -0.7531476236885273E+03      0.5674602241005868E+06     -0.4277266044971047E+09      0.3225321062475918E+12     -0.2433076834758415E+15
  0.23600000E+03     -0.7591421380297179E+03      0.5765250594578594E+06     -0.4380115575800882E+09      0.3329090080052270E+12     -0.2531269760685934E+15
  0.23700000E+03     -0.7651618095506624E+03      0.5857000804384255E+06     -0.4485039564175054E+09      0.3435789600253676E+12     -0.2633033764117285E+15
  0.23800000E+03     -0.7712169089193657E+03      0.5950024287595219E+06     -0.4592264094132769E+09      0.3545693326978627E+12     -0.2738684244525751E+15
  0.23900000E+03     -0.7772885867158800E+03      0.6044039055598315E+06     -0.4701486183136458E+09      0.3658526910603589E+12     -0.2848005306945611E+15
  0.24000000E+03     -0.7834088284399112E+03      0.6139552968154575E+06     -0.4813324058130264E+09      0.3774972175692258E+12     -0.2961712896652445E+15
  0.24100000E+03     -0.7895411014266125E+03      0.6236005790406658E+06     -0.4927147040524841E+09      0.3894413051203668E+12     -0.3079258940670662E+15
  0.24200000E+03     -0.7957074167979740E+03      0.6333750478800428E+06     -0.5043393316735719E+09      0.4017346425930759E+12     -0.3201183007452261E+15
  0.24300000E+03     -0.8018966353088423E+03      0.6432623476207496E+06     -0.5161897919970391E+09      0.4143643932575392E+12     -0.3327418174616222E+15
  0.24400000E+03     -0.8081158086615436E+03      0.6532745625087122E+06     -0.5282829706128944E+09      0.4273526232287902E+12     -0.3458240736554186E+15
  0.24500000E+03     -0.8143601056391720E+03      0.6634051583359089E+06     -0.5406139275170084E+09      0.4406987517831232E+12     -0.3593708054154873E+15
  0.24600000E+03     -0.8206350395562644E+03      0.6736641186287364E+06     -0.5531975305328453E+09      0.4544233773938321E+12     -0.3734090821946526E+15
  0.24700000E+03     -0.8269320000820297E+03      0.6840381024660919E+06     -0.5660198059983364E+09      0.4685154843075112E+12     -0.3879336088329982E+15
  0.24800000E+03     -0.8332657097771764E+03      0.6945529359751127E+06     -0.5791161216705092E+09      0.4830193809644113E+12     -0.4029973559163265E+15
  0.24900000E+03     -0.8396179267942596E+03      0.7051788117134870E+06     -0.5924514595004221E+09      0.4979002921241351E+12     -0.4185701002909032E+15
  0.25000000E+03     -0.8460095474737494E+03      0.7159520513638398E+06     -0.6060746621041287E+09      0.5132180782033739E+12     -0.4347218875609251E+15
  0.25100000E+03     -0.8524283086709086E+03      0.7268532359162392E+06     -0.6199643066072946E+09      0.5289539149288495E+12     -0.4514402493281036E+15
  0.25200000E+03     -0.8588727035361668E+03      0.7378810944597058E+06     -0.6341220165987800E+09      0.5451151266111211E+12     -0.4687407150992626E+15
  0.25300000E+03     -0.8653394394358330E+03      0.7490305411246727E+06     -0.6485435681596264E+09      0.5617013467969471E+12     -0.4866296096576655E+15
  0.25400000E+03     -0.8718491966261211E+03      0.7603386803397497E+06     -0.6632804600622457E+09      0.5787777076995876E+12     -0.5051855640355539E+15
  0.25500000E+03     -0.8783863682796537E+03      0.7717799459987509E+06     -0.6783030348360548E+09      0.5963159904412499E+12     -0.5243866592224129E+15
  0.25600000E+03     -0.8849375787747855E+03      0.7833314138990911E+06     -0.6935835165672804E+09      0.6142884460969360E+12     -0.5442097853113962E+15
  0.25700000E+03     -0.8915178921100292E+03      0.7950205725495672E+06     -0.7091611708991818E+09      0.6327466422028757E+12     -0.5647199276061518E+15
  0.25800000E+03     -0.8981414811754929E+03      0.8068739620044210E+06     -0.7250748880173755E+09      0.6517428478863756E+12     -0.5859842756854608E+15
  0.25900000E+03     -0.9047767968817881E+03      0.8188365397652509E+06     -0.7412544278968328E+09      0.6711996741499452E+12     -0.6079257645844781E+15
  0.26000000E+03     -0.9114577159317832E+03      0.8309702440883804E+06     -0.7577864838955015E+09      0.6912269932463846E+12     -0.6306770046162961E+15
  0.26100000E+03     -0.9181567882030895E+03      0.8432264959168098E+06     -0.7746083887503802E+09      0.7117553116208295E+12     -0.6541687936510141E+15
  0.26200000E+03     -0.9248796999134438E+03      0.8556168111218938E+06     -0.7917392738786508E+09      0.7328142256101202E+12     -0.6784446558816505E+15
  0.26300000E+03     -0.9316383582135985E+03      0.8681637896518195E+06     -0.8092131201420412E+09      0.7544511118724755E+12     -0.7035682461492819E+15
  0.26400000E+03     -0.9384230701437974E+03      0.8808515190977503E+06     -0.8270125251576989E+09      0.7766526131946610E+12     -0.7295362324195728E+15
  0.26500000E+03     -0.9452427378156544E+03      0.8936974002023482E+06     -0.8451648379415618E+09      0.7994588492374890E+12     -0.7564053020761078E+15
  0.26600000E+03     -0.9520930757751545E+03      0.9066944732666324E+06     -0.8636636973999667E+09      0.8228685772410720E+12     -0.7841847482536979E+15
  0.26700000E+03     -0.9589663954391982E+03      0.9198298680159390E+06     -0.8824951533735647E+09      0.8468721031725378E+12     -0.8128753942906746E+15
  0.26800000E+03     -0.9658682543784467E+03      0.9331144108952106E+06     -0.9016769767111518E+09      0.8714974339759420E+12     -0.8425200860726561E+15
  0.26900000E+03     -0.9728041520843636E+03      0.9465606210750161E+06     -0.9212320023895296E+09      0.8967825145609655E+12     -0.8731779232793200E+15
  0.27000000E+03     -0.9797737445789645E+03      0.9601691999976222E+06     -0.9411652448607203E+09      0.9227415815055793E+12     -0.9048787013364239E+15
  0.27100000E+03     -0.9867556027453963E+03      0.9738993082564013E+06     -0.9614203828400337E+09      0.9493084840776554E+12     -0.9375536464541722E+15
  0.27200000E+03     -0.9938095929197585E+03      0.9878700060109951E+06     -0.9821770817664157E+09      0.9767268509729504E+12     -0.9715155280005801E+15
  0.27300000E+03     -0.1000861774357410E+04      0.1001936616190286E+07     -0.1003225090410725E+10      0.1004727901439516E+13     -0.1006445893861234E+16
  0.27400000E+03     -0.1007943590433673E+04      0.1016162495659815E+07     -0.1024662275771987E+10      0.1033448713637704E+13     -0.1042527821525047E+16
  0.27500000E+03     -0.1015069244079287E+04      0.1030577755072652E+07     -0.1046538540331891E+10      0.1062965085704467E+13     -0.1079871373975344E+16
  0.27600000E+03     -0.1022216342267613E+04      0.1045138658243645E+07     -0.1068792051685362E+10      0.1093202635865311E+13     -0.1118397577548672E+16
  0.27700000E+03     -0.1029381244756102E+04      0.1059838189085155E+07     -0.1091414894389925E+10      0.1124157402996206E+13     -0.1158113834013809E+16
  0.27800000E+03     -0.1036585077159637E+04      0.1074721104209586E+07     -0.1114480336051623E+10      0.1155938659049740E+13     -0.1199175785451982E+16
  0.27900000E+03     -0.1043819266249744E+04      0.1089771164237168E+07     -0.1137967728464144E+10      0.1188527260110647E+13     -0.1241574696898742E+16
  0.28000000E+03     -0.1051078463580377E+04      0.1104978785179971E+07     -0.1161866794215415E+10      0.1221918587501100E+13     -0.1285321194633852E+16
  0.28100000E+03     -0.1058370934451912E+04      0.1120362155928718E+07     -0.1186209803432494E+10      0.1256166106594766E+13     -0.1330500525562040E+16
  0.28200000E+03     -0.1065691580888034E+04      0.1135912007627437E+07     -0.1210986764577655E+10      0.1291265607211257E+13     -0.1377124433310215E+16
  0.28300000E+03     -0.1073044132679755E+04      0.1151637295883660E+07     -0.1236215934623060E+10      0.1327251914010776E+13     -0.1425255477451921E+16
  0.28400000E+03     -0.1080413495005689E+04      0.1167507372823243E+07     -0.1261853158752771E+10      0.1364072606570855E+13     -0.1474842224091662E+16
  0.28500000E+03     -0.1087826033877235E+04      0.1183579956587603E+07     -0.1287995615865876E+10      0.1401876387582640E+13     -0.1526101907846818E+16
  0.28600000E+03     -0.1095258190343659E+04      0.1199805277271099E+07     -0.1314566906471643E+10      0.1440562853297875E+13     -0.1578916779071324E+16
  0.28700000E+03     -0.1102729810860417E+04      0.1216228365454263E+07     -0.1341646044696831E+10      0.1480258326025456E+13     -0.1633479617789068E+16
  0.28800000E+03     -0.1110227196243597E+04      0.1232820196891239E+07     -0.1369189473608299E+10      0.1520908929620006E+13     -0.1689735121977003E+16
  0.28900000E+03     -0.1117753173235891E+04      0.1249588264033795E+07     -0.1397214208506627E+10      0.1562550254639686E+13     -0.1747752192889583E+16
  0.29000000E+03     -0.1125314021651457E+04      0.1266547959090332E+07     -0.1425750856423666E+10      0.1605238805406674E+13     -0.1807630169171337E+16
  0.29100000E+03     -0.1132894349701801E+04      0.1283666549215129E+07     -0.1454749959395667E+10      0.1648912892746476E+13     -0.1869305221619381E+16
  0.29200000E+03     -0.1140510972606686E+04      0.1300982659862955E+07     -0.1484280676847399E+10      0.1693686235211758E+13     -0.1932957011150024E+16
  0.29300000E+03     -0.1148148015526315E+04      0.1318461888775405E+07     -0.1514289861764253E+10      0.1739490629530082E+13     -0.1998511859204012E+16
  0.29400000E+03     -0.1155806041643842E+04      0.1336106008451660E+07     -0.1544784065672673E+10      0.1786345515350372E+13     -0.2066016939321293E+16
  0.29500000E+03     -0.1163497448084709E+04      0.1353945105703312E+07     -0.1575820608765262E+10      0.1834351269346131E+13     -0.2135640533754155E+16
  0.29600000E+03     -0.1171219113471614E+04      0.1371973580812812E+07     -0.1607395330106480E+10      0.1883514305561753E+13     -0.2207416692490933E+16
  0.29700000E+03     -0.1178974217799538E+04      0.1390200336425628E+07     -0.1639529195965533E+10      0.1933879972017070E+13     -0.2281436491995686E+16
  0.29800000E+03     -0.1186774325133194E+04      0.1408654167376020E+07     -0.1672278619220990E+10      0.1985549924007152E+13     -0.2357875220320124E+16
  0.29900000E+03     -0.1194578315498150E+04      0.1427239034108680E+07     -0.1705478205231743E+10      0.2038275641542146E+13     -0.2436390223219914E+16
  0.30000000E+03     -0.1202411241340887E+04      0.1446015253576697E+07     -0.1739239735308243E+10      0.2092245594651381E+13     -0.2517285212336996E+16
  0.30100000E+03     -0.1210274512727561E+04      0.1464987680097871E+07     -0.1773577475795928E+10      0.2147496053781461E+13     -0.2600641644854596E+16
  0.30200000E+03     -0.1218179897354576E+04      0.1484186371378186E+07     -0.1808551756435313E+10      0.2204138320415213E+13     -0.2686655979350352E+16
  0.30300000E+03     -0.1226122401106908E+04      0.1503601147401349E+07     -0.1844150552687345E+10      0.2262168288942286E+13     -0.2775352617357430E+16
  0.30400000E+03     -0.1234072695663530E+04      0.1523161367316025E+07     -0.1880249252318217E+10      0.2321395709003696E+13     -0.2866467897123799E+16
  0.30500000E+03     -0.1242046804424947E+04      0.1542907434159420E+07     -0.1916927271864007E+10      0.2381963829941689E+13     -0.2960249786357372E+16
  0.30600000E+03     -0.1250069755223453E+04      0.1562902808478749E+07     -0.1954308304798445E+10      0.2444091565763091E+13     -0.3057067746780956E+16
  0.30700000E+03     -0.1258107680621018E+04      0.1583064160954204E+07     -0.1992241656369196E+10      0.2507542022426269E+13     -0.3156581699179700E+16
  0.30800000E+03     -0.1266162811868714E+04      0.1603398294543638E+07     -0.2030745486552811E+10      0.2572359708284342E+13     -0.3258891712374163E+16
  0.30900000E+03     -0.1274269997623350E+04      0.1623995122140679E+07     -0.2069996889705202E+10      0.2638859579070398E+13     -0.3364529885872084E+16
  0.31000000E+03     -0.1282399822936730E+04      0.1644781289382182E+07     -0.2109861898989870E+10      0.2706829957897848E+13     -0.3473192859216022E+16
  0.31100000E+03     -0.1290550558195274E+04      0.1665753877997626E+07     -0.2150341011754370E+10      0.2776287554079289E+13     -0.3584941445278562E+16
  0.31200000E+03     -0.1298726145900082E+04      0.1686924059309570E+07     -0.2191461040879480E+10      0.2847292992153517E+13     -0.3699905712808993E+16
  0.31300000E+03     -0.1306918297224061E+04      0.1708271046946159E+07     -0.2233186193845428E+10      0.2919798016583055E+13     -0.3818038595311652E+16
  0.31400000E+03     -0.1315145650556569E+04      0.1729845058865660E+07     -0.2275621170060565E+10      0.2994001691970108E+13     -0.3939701724517254E+16
  0.31500000E+03     -0.1323400396877792E+04      0.1751626828561643E+07     -0.2318733796984310E+10      0.3069863611219518E+13     -0.4064864414548094E+16
  0.31600000E+03     -0.1331691875496045E+04      0.1773642558209897E+07     -0.2362582384068407E+10      0.3147503636540219E+13     -0.4193762653698690E+16
  0.31700000E+03     -0.1339977618138885E+04      0.1795780872947600E+07     -0.2406951275029672E+10      0.3226556864905675E+13     -0.4325828760849808E+16
  0.31800000E+03     -0.1348308723011628E+04      0.1818178915433381E+07     -0.2452120038990188E+10      0.3307536003003886E+13     -0.4461953983232348E+16
  0.31900000E+03     -0.1356682376971404E+04      0.1840830823402042E+07     -0.2498083732861816E+10      0.3390450703482831E+13     -0.4602196059665999E+16
  0.32000000E+03     -0.1365071558625800E+04      0.1863665346614589E+07     -0.2544705009222618E+10      0.3475072522126462E+13     -0.4746211893174877E+16
  0.32100000E+03     -0.1373479931961622E+04      0.1886693379772711E+07     -0.2592011550964087E+10      0.3561468032716800E+13     -0.4894153550743092E+16
  0.32200000E+03     -0.1381925563461801E+04      0.1909966513059398E+07     -0.2640117272087842E+10      0.3649866323715176E+13     -0.5046460592727944E+16
  0.32300000E+03     -0.1390379642718553E+04      0.1933405188669459E+07     -0.2688860991568747E+10      0.3739983844201134E+13     -0.5202677661619729E+16
  0.32400000E+03     -0.1398880608241672E+04      0.1957118304700470E+07     -0.2738477644130688E+10      0.3832277295307010E+13     -0.5363646797981650E+16
  0.32500000E+03     -0.1407442836259758E+04      0.1981148111723068E+07     -0.2789063821461736E+10      0.3926948445148258E+13     -0.5529770409145045E+16
  0.32600000E+03     -0.1415966081845326E+04      0.2005214093348729E+07     -0.2840034431606658E+10      0.4022919414501195E+13     -0.5699199288142663E+16
  0.32700000E+03     -0.1424522806085063E+04      0.2029520943305002E+07     -0.2891826979467075E+10      0.4121028550056267E+13     -0.5873451744921318E+16
  0.32800000E+03     -0.1433128406871135E+04      0.2054114412411129E+07     -0.2944546982222626E+10      0.4221498044123684E+13     -0.6052974655274190E+16
  0.32900000E+03     -0.1441733999878111E+04      0.2078856006337114E+07     -0.2997903956569980E+10      0.4323793769751177E+13     -0.6236861331546922E+16
  0.33000000E+03     -0.1450350104855839E+04      0.2103776390120176E+07     -0.3051968803282663E+10      0.4428068207491977E+13     -0.6425428934161097E+16
  0.33100000E+03     -0.1459034558373073E+04      0.2129044747063311E+07     -0.3107116554882246E+10      0.4535067533807120E+13     -0.6620081624882448E+16
  0.33200000E+03     -0.1467737201100805E+04      0.2154516906082673E+07     -0.3163040306752365E+10      0.4644218833172181E+13     -0.6819831859919218E+16
  0.33300000E+03     -0.1476453060516539E+04      0.2180180103343037E+07     -0.3219719931817820E+10      0.4755505968382324E+13     -0.7024706619050559E+16
  0.33400000E+03     -0.1485192797183634E+04      0.2206065947311389E+07     -0.3277229724934510E+10      0.4869091471054613E+13     -0.7235050237018310E+16
  0.33500000E+03     -0.1493944809937684E+04      0.2232141277114842E+07     -0.3335502646553765E+10      0.4984863866303899E+13     -0.7450709542020355E+16
  0.33600000E+03     -0.1502738100802639E+04      0.2258493573379006E+07     -0.3394740647544469E+10      0.5103245235702284E+13     -0.7672524624689619E+16
  0.33700000E+03     -0.1511514468376159E+04      0.2284949844394575E+07     -0.3454562114824203E+10      0.5223495551816811E+13     -0.7899166337996222E+16
  0.33800000E+03     -0.1520347414240495E+04      0.2311732293088187E+07     -0.3515475036787947E+10      0.5346655402160536E+13     -0.8132648203843449E+16
  0.33900000E+03     -0.1529214864910438E+04      0.2338776088020145E+07     -0.3577340846098391E+10      0.5472470890766384E+13     -0.8372554465137021E+16
  0.34000000E+03     -0.1538093979362818E+04      0.2366013107319030E+07     -0.3640011377785017E+10      0.5600664740352811E+13     -0.8618418343005314E+16
  0.34100000E+03     -0.1546975580171430E+04      0.2393414753206794E+07     -0.3703423987669259E+10      0.5731123821930786E+13     -0.8870068052696579E+16
  0.34200000E+03     -0.1555929081900718E+04      0.2421199277071648E+07     -0.3768097484527595E+10      0.5864952506920334E+13     -0.9129722209042898E+16
  0.34300000E+03     -0.1564853616033500E+04      0.2449052969806578E+07     -0.3833304337569860E+10      0.6000659762624376E+13     -0.9394533182324826E+16
  0.34400000E+03     -0.1573807725255323E+04      0.2477159223409010E+07     -0.3899479742590911E+10      0.6139172420574655E+13     -0.9666368101278316E+16
  0.34500000E+03     -0.1582813515768644E+04      0.2505589400966715E+07     -0.3966800687475824E+10      0.6280888740489773E+13     -0.9946080861824288E+16
  0.34600000E+03     -0.1591809384324048E+04      0.2534149925610344E+07     -0.4034815271140546E+10      0.6424880230527390E+13     -0.1023190193620813E+17
  0.34700000E+03     -0.1600812694629146E+04      0.2562896450264752E+07     -0.4103661623713193E+10      0.6571460366933707E+13     -0.1052451359303847E+17
  0.34800000E+03     -0.1609853330139676E+04      0.2591925859887575E+07     -0.4173579757807091E+10      0.6721166632739397E+13     -0.1082506057500163E+17
  0.34900000E+03     -0.1618928680902636E+04      0.2621229773686056E+07     -0.4244553878221045E+10      0.6873984005606650E+13     -0.1113356932144209E+17
  0.35000000E+03     -0.1628035361706485E+04      0.2650801352102032E+07     -0.4316581769704082E+10      0.7029948176482057E+13     -0.1145021287325117E+17
  0.35100000E+03     -0.1637178096275486E+04      0.2680656250074517E+07     -0.4389706954359352E+10      0.7189175062882497E+13     -0.1177529088532867E+17
  0.35200000E+03     -0.1646295442299577E+04      0.2710594733823678E+07     -0.4463446873701322E+10      0.7350638111278244E+13     -0.1210677673514305E+17
  0.35300000E+03     -0.1655445130139110E+04      0.2740807016527148E+07     -0.4538276236492816E+10      0.7515400446931788E+13     -0.1244692240306546E+17
  0.35400000E+03     -0.1664598172436468E+04      0.2771198115230978E+07     -0.4613966212413085E+10      0.7682982500563767E+13     -0.1279480888223140E+17
  0.35500000E+03     -0.1673760056665871E+04      0.2801785668590160E+07     -0.4690563894084021E+10      0.7853505748209617E+13     -0.1315074525817721E+17
  0.35600000E+03     -0.1682942385084229E+04      0.2832611517220715E+07     -0.4768186454472819E+10      0.8027268917163725E+13     -0.1351545558352874E+17
  0.35700000E+03     -0.1692200460822503E+04      0.2863861636562034E+07     -0.4847307771535009E+10      0.8205355972703034E+13     -0.1389128601474033E+17
  0.35800000E+03     -0.1701469823213985E+04      0.2895321760359012E+07     -0.4927398400789985E+10      0.8386615080847070E+13     -0.1427591193876278E+17
  0.35900000E+03     -0.1710708564214104E+04      0.2926848252035158E+07     -0.5008093850169343E+10      0.8570234722784005E+13     -0.1466766251876416E+17
  0.36000000E+03     -0.1719978066383130E+04      0.2958651039416389E+07     -0.5089937365707159E+10      0.8757475236018655E+13     -0.1506930121929218E+17
  0.36100000E+03     -0.1729295537980661E+04      0.2990792683216232E+07     -0.5173103825193974E+10      0.8948779481795428E+13     -0.1548189340442224E+17
  0.36200000E+03     -0.1738565403376662E+04      0.3022941159150566E+07     -0.5256732937792892E+10      0.9142176988588377E+13     -0.1590123145009935E+17
  0.36300000E+03     -0.1747894205557940E+04      0.3055469112998679E+07     -0.5341807037590994E+10      0.9339980446378439E+13     -0.1633244264173387E+17
  0.36400000E+03     -0.1757264308560344E+04      0.3088315122993868E+07     -0.5428170638470334E+10      0.9541851883075947E+13     -0.1677486671312346E+17
  0.36500000E+03     -0.1766647945700699E+04      0.3121384575168614E+07     -0.5515586923148572E+10      0.9747276925047793E+13     -0.1722748683010996E+17
  0.36600000E+03     -0.1776028885033186E+04      0.3154620545096334E+07     -0.5603911131294511E+10      0.9955940506982557E+13     -0.1768968987767557E+17
  0.36700000E+03     -0.1785410573721973E+04      0.3188036177357998E+07     -0.5693185672280186E+10      0.1016797230356923E+14     -0.1816185457873845E+17
  0.36800000E+03     -0.1794813761942612E+04      0.3221704430067372E+07     -0.5783607907873529E+10      0.1038385869222167E+14     -0.1864512962692384E+17
  0.36900000E+03     -0.1804255822643749E+04      0.3255689754287896E+07     -0.5875361926350651E+10      0.1060407727458137E+14     -0.1914069591417379E+17
  0.37000000E+03     -0.1813700931311041E+04      0.3289864796876221E+07     -0.5968113241620149E+10      0.1082785978522162E+14     -0.1964692954116797E+17
  0.37100000E+03     -0.1823122961066756E+04      0.3324134252454772E+07     -0.6061606180123725E+10      0.1105460881441723E+14     -0.2016255080531118E+17
  0.37200000E+03     -0.1832629291837902E+04      0.3358888851266811E+07     -0.6156912248375758E+10      0.1128694876397588E+14     -0.2069361377952156E+17
  0.37300000E+03     -0.1842124430109768E+04      0.3393784194662591E+07     -0.6253104924695481E+10      0.1152267669084983E+14     -0.2123523827311305E+17
  0.37400000E+03     -0.1851628091153320E+04      0.3428892464858166E+07     -0.6350387819158264E+10      0.1176231610138989E+14     -0.2178871382640809E+17
  0.37500000E+03     -0.1861107527627887E+04      0.3464089686763986E+07     -0.6448414112542576E+10      0.1200501692812326E+14     -0.2235211551562048E+17
  0.37600000E+03     -0.1870624859303923E+04      0.3499608658377374E+07     -0.6547843351671454E+10      0.1225245273719934E+14     -0.2292945255570354E+17
  0.37700000E+03     -0.1880202151381191E+04      0.3535536348918654E+07     -0.6648937021168571E+10      0.1250533179545234E+14     -0.2352254139936830E+17
  0.37800000E+03     -0.1889733793350332E+04      0.3571471530388635E+07     -0.6750557249203184E+10      0.1276079881237254E+14     -0.2412469541899585E+17
  0.37900000E+03     -0.1899294118158962E+04      0.3607698635359957E+07     -0.6853525340688549E+10      0.1302097401245421E+14     -0.2474107332809621E+17
  0.38000000E+03     -0.1908866059956485E+04      0.3644154078325872E+07     -0.6957668949912291E+10      0.1328545650842558E+14     -0.2537083908959394E+17
  0.38100000E+03     -0.1918431915675734E+04      0.3680769827045948E+07     -0.7062797342141916E+10      0.1355378469153985E+14     -0.2601298017661847E+17
  0.38200000E+03     -0.1928034681038476E+04      0.3717709591102929E+07     -0.7169383259767226E+10      0.1382718538038321E+14     -0.2667051261516168E+17
  0.38300000E+03     -0.1937651903924012E+04      0.3754890375130164E+07     -0.7277202260242438E+10      0.1410513501245755E+14     -0.2734233532911814E+17
  0.38400000E+03     -0.1947351454708769E+04      0.3792575052824127E+07     -0.7387023350930572E+10      0.1438964702995886E+14     -0.2803342297601361E+17
  0.38500000E+03     -0.1956955093739895E+04      0.3830073788397549E+07     -0.7496849293599326E+10      0.1467559494053285E+14     -0.2873147264379029E+17
  0.38600000E+03     -0.1966599903255715E+04      0.3867918937712681E+07     -0.7608236253769124E+10      0.1496703697738962E+14     -0.2944644209303366E+17
  0.38700000E+03     -0.1976255635772590E+04      0.3905992778535875E+07     -0.7720845849503611E+10      0.1526312272727978E+14     -0.3017636458459337E+17
  0.38800000E+03     -0.1985867015930771E+04      0.3944078579930437E+07     -0.7834046208552668E+10      0.1556222934765207E+14     -0.3091737020121956E+17
  0.38900000E+03     -0.1995553382991820E+04      0.3982648148282995E+07     -0.7949241821570300E+10      0.1586808785310536E+14     -0.3167878687589659E+17
  0.39000000E+03     -0.2005250297846943E+04      0.4021447206028880E+07     -0.8065685544125668E+10      0.1617876151852685E+14     -0.3245594608538435E+17
  0.39100000E+03     -0.2014938604845717E+04      0.4060399611390838E+07     -0.8183155791719628E+10      0.1649369211607338E+14     -0.3324757006492517E+17
  0.39200000E+03     -0.2024642107968271E+04      0.4099600812819011E+07     -0.8301945078257937E+10      0.1681369094889866E+14     -0.3405580287754560E+17
  0.39300000E+03     -0.2034365696937500E+04      0.4139072266079429E+07     -0.8422129105625012E+10      0.1713900562512267E+14     -0.3488141786027219E+17
  0.39400000E+03     -0.2044039970574206E+04      0.4178532056307477E+07     -0.8542854399850138E+10      0.1746735411521082E+14     -0.3571873265591751E+17
  0.39500000E+03     -0.2053677295975426E+04      0.4218025754240757E+07     -0.8664250856208920E+10      0.1779907842976063E+14     -0.3656862795349513E+17
  0.39600000E+03     -0.2063450678345777E+04      0.4258267008001014E+07     -0.8788531908323320E+10      0.1814029593271356E+14     -0.3744699165887746E+17
  0.39700000E+03     -0.2073180738998662E+04      0.4298521394394560E+07     -0.8913447803107740E+10      0.1848489585823689E+14     -0.3833830289032790E+17
  0.39800000E+03     -0.2082928046250971E+04      0.4339035635627547E+07     -0.9039757720217522E+10      0.1883497000294044E+14     -0.3924800502185539E+17
  0.39900000E+03     -0.2092572218262934E+04      0.4379308205482899E+07     -0.9165899893776443E+10      0.1918621003306915E+14     -0.4016499412230791E+17
  0.40000000E+03     -0.2102342048746430E+04      0.4420295187993362E+07     -0.9294876691899307E+10      0.1954701301639523E+14     -0.4111132993163175E+17
  0.40100000E+03     -0.2112142068674829E+04      0.4461600245556549E+07     -0.9425459484793612E+10      0.1991400897516549E+14     -0.4207838891309225E+17
  0.40200000E+03     -0.2121822059758631E+04      0.4502589366039819E+07     -0.9555646779776510E+10      0.2028159681026036E+14     -0.4305151682059407E+17
  0.40300000E+03     -0.2131607871319614E+04      0.4544218187314401E+07     -0.9688477316471512E+10      0.2065838254239627E+14     -0.4405360842419588E+17
  0.40400000E+03     -0.2141375333517890E+04      0.4585957226849208E+07     -0.9822262974649586E+10      0.2103959687361328E+14     -0.4507207122036799E+17
  0.40500000E+03     -0.2151144005396535E+04      0.4627890440159642E+07     -0.9957279413764326E+10      0.2142605923462820E+14     -0.4610922593974967E+17
  0.40600000E+03     -0.2160926647110616E+04      0.4670080362595072E+07     -0.1009375901639923E+11      0.2181854089828973E+14     -0.4716747364554879E+17
  0.40700000E+03     -0.2170663534935670E+04      0.4712261759749385E+07     -0.1023082446531504E+11      0.2221447911638318E+14     -0.4823983955757229E+17
  0.40800000E+03     -0.2180412115294687E+04      0.4754683310539660E+07     -0.1036928883194951E+11      0.2261625325705562E+14     -0.4933289490917310E+17
  0.40900000E+03     -0.2190118089829358E+04      0.4797104758126294E+07     -0.1050836035936289E+11      0.2302155971746245E+14     -0.5044039847283830E+17
  0.41000000E+03     -0.2199927939811701E+04      0.4840174588209698E+07     -0.1065019746542191E+11      0.2343679919385604E+14     -0.5158018421897637E+17
  0.41100000E+03     -0.2209720018605398E+04      0.4883360288020388E+07     -0.1079305766213383E+11      0.2385692069434196E+14     -0.5273857395463952E+17
  0.41200000E+03     -0.2219462477624400E+04      0.4926514554354255E+07     -0.1093643649989385E+11      0.2428040634802608E+14     -0.5391133200647676E+17
  0.41300000E+03     -0.2229247249176603E+04      0.4970046840170794E+07     -0.1108170730874965E+11      0.2471136687951382E+14     -0.5511003791655420E+17
  0.41400000E+03     -0.2238945123128682E+04      0.5013383610706157E+07     -0.1122696601424492E+11      0.2514419909074541E+14     -0.5631927791460842E+17
  0.41500000E+03     -0.2248673734215899E+04      0.5057045387174170E+07     -0.1137394590394747E+11      0.2558405106731349E+14     -0.5755343669927285E+17
  0.41600000E+03     -0.2258503759777442E+04      0.5101357253815202E+07     -0.1152377344074920E+11      0.2603440669258827E+14     -0.5882265301737151E+17
  0.41700000E+03     -0.2268238935168320E+04      0.5145429110406304E+07     -0.1167342624906150E+11      0.2648615914148838E+14     -0.6010124514201623E+17
  0.41800000E+03     -0.2277929472088435E+04      0.5189488917074750E+07     -0.1182368614986003E+11      0.2694170860089254E+14     -0.6139616725932957E+17
  0.41900000E+03     -0.2287671783446282E+04      0.5233972358156244E+07     -0.1197603556030319E+11      0.2740555626782922E+14     -0.6272028291188151E+17
  0.42000000E+03     -0.2297460993666616E+04      0.5278858167779155E+07     -0.1213041023820692E+11      0.2787754846613047E+14     -0.6407331805196039E+17
  0.42100000E+03     -0.2307201854805513E+04      0.5323718681696674E+07     -0.1228537640328445E+11      0.2835343283378751E+14     -0.6544351075866007E+17
  0.42200000E+03     -0.2316940543391686E+04      0.5368755471458851E+07     -0.1244159768750513E+11      0.2883516425644199E+14     -0.6683630028481990E+17
  0.42300000E+03     -0.2326695338144079E+04      0.5414059294416035E+07     -0.1259941592476567E+11      0.2932389686161236E+14     -0.6825536100432422E+17
  0.42400000E+03     -0.2336364028247774E+04      0.5459148918658338E+07     -0.1275713766971928E+11      0.2981435130476066E+14     -0.6968531367191142E+17
  0.42500000E+03     -0.2346110662047712E+04      0.5504793292302859E+07     -0.1291747163567910E+11      0.3031502602630517E+14     -0.7115120370294407E+17
  0.42600000E+03     -0.2355976225057444E+04      0.5551186699921845E+07     -0.1308111431070561E+11      0.3082815782359029E+14     -0.7265981407821917E+17
  0.42700000E+03     -0.2365470179310488E+04      0.5596015043911916E+07     -0.1323988277571551E+11      0.3132804034551857E+14     -0.7413547836264603E+17
  0.42800000E+03     -0.2375179739645218E+04      0.5642047538746146E+07     -0.1340357756031907E+11      0.3184552409399836E+14     -0.7566929652854117E+17
  0.42900000E+03     -0.2384887844977996E+04      0.5688265355253637E+07     -0.1356861794504814E+11      0.3236944177399838E+14     -0.7722867543109291E+17
  0.43000000E+03     -0.2394617432872839E+04      0.5734769413000488E+07     -0.1373533986830893E+11      0.3290079851767500E+14     -0.7881647271133376E+17
  0.43100000E+03     -0.2404270356075301E+04      0.5781099548295191E+07     -0.1390213139085645E+11      0.3343459564169060E+14     -0.8041822032978448E+17
  0.43200000E+03     -0.2414064133317122E+04      0.5828294187037600E+07     -0.1407271621511870E+11      0.3398272058537000E+14     -0.8206955058161574E+17
  0.43300000E+03     -0.2423661450281325E+04      0.5874727389057981E+07     -0.1424122137234738E+11      0.3452633340585871E+14     -0.8371385361867795E+17
  0.43400000E+03     -0.2433288968628432E+04      0.5921491795298041E+07     -0.1441160284393134E+11      0.3507818377880835E+14     -0.8538970730922691E+17
  0.43500000E+03     -0.2442838439731157E+04      0.5968059714737785E+07     -0.1458193620877971E+11      0.3563204907800472E+14     -0.8707829600425869E+17
  0.43600000E+03     -0.2452470794561201E+04      0.6015218719709435E+07     -0.1475511803902884E+11      0.3619741771700001E+14     -0.8880881572332262E+17
  0.43700000E+03     -0.2462030972578212E+04      0.6062206618419612E+07     -0.1492834349621175E+11      0.3676513120767948E+14     -0.9055328073067499E+17
  0.43800000E+03     -0.2471640224099323E+04      0.6109618761824947E+07     -0.1510381031666527E+11      0.3734241847739000E+14     -0.9233403610619763E+17
  0.43900000E+03     -0.2481158882582645E+04      0.6156766581843817E+07     -0.1527897744012642E+11      0.3792096042958208E+14     -0.9412559935614691E+17
  0.44000000E+03     -0.2490803961696705E+04      0.6204728804738407E+07     -0.1545787255240605E+11      0.3851414449391327E+14     -0.9596974855261568E+17
  0.44100000E+03     -0.2500476876980618E+04      0.6253014633793681E+07     -0.1563866791973161E+11      0.3911593643711283E+14     -0.9784785697033310E+17
  0.44200000E+03     -0.2509899489556998E+04      0.6300230071994505E+07     -0.1581612863437864E+11      0.3970887828672460E+14     -0.9970539368720514E+17
  0.44300000E+03     -0.2519496601036720E+04      0.6348502749530755E+07     -0.1599825295621395E+11      0.4031971675836402E+14     -0.1016262745978397E+18
  0.44400000E+03     -0.2529077475854598E+04      0.6396877466288709E+07     -0.1618145770674163E+11      0.4093651938866980E+14     -0.1035732956311162E+18
  0.44500000E+03     -0.2538463194846240E+04      0.6444448121714262E+07     -0.1636230693126389E+11      0.4154772349452890E+14     -0.1055100374271721E+18
  0.44600000E+03     -0.2547778207514991E+04      0.6491832538383911E+07     -0.1654310490452692E+11      0.4216098212737449E+14     -0.1074603742694072E+18
  0.44700000E+03     -0.2557272222392382E+04      0.6540301495228949E+07     -0.1672870686683072E+11      0.4279280122242228E+14     -0.1094769659711229E+18
  0.44800000E+03     -0.2566779535059496E+04      0.6589020214644409E+07     -0.1691596452562819E+11      0.4343264671676032E+14     -0.1115268353760036E+18
  0.44900000E+03     -0.2576256865894092E+04      0.6637768458575243E+07     -0.1710404243221200E+11      0.4407771935863964E+14     -0.1136012484777233E+18
  0.45000000E+03     -0.2585470538556993E+04      0.6685333190460669E+07     -0.1728822255004248E+11      0.4471172340977592E+14     -0.1156474889527977E+18
  0.45100000E+03     -0.2594896360591566E+04      0.6734171209100092E+07     -0.1747802528100371E+11      0.4536747396166810E+14     -0.1177716645318778E+18
  0.45200000E+03     -0.2604199853351322E+04      0.6782541346764818E+07     -0.1766665681573135E+11      0.4602142180465488E+14     -0.1198972937523120E+18
  0.45300000E+03     -0.2613527112404611E+04      0.6831212602879508E+07     -0.1785715756659968E+11      0.4668426777369565E+14     -0.1220597338810402E+18
  0.45400000E+03     -0.2622870026499762E+04      0.6880141856037020E+07     -0.1804936051134046E+11      0.4735545374827279E+14     -0.1242572944001933E+18
  0.45500000E+03     -0.2632220793142917E+04      0.6929290228195469E+07     -0.1824312620357794E+11      0.4803455828278441E+14     -0.1264888727251775E+18
  0.45600000E+03     -0.2641462353236468E+04      0.6978029965763635E+07     -0.1843593512815923E+11      0.4871261073421532E+14     -0.1287245824034817E+18
  0.45700000E+03     -0.2650570675847478E+04      0.7026234358405191E+07     -0.1862729029803267E+11      0.4938789298234025E+14     -0.1309589044595721E+18
  0.45800000E+03     -0.2659871633347281E+04      0.7075630634433893E+07     -0.1882406362955229E+11      0.5008472793075616E+14     -0.1332726149915413E+18
  0.45900000E+03     -0.2669050432247321E+04      0.7124552928346538E+07     -0.1901964755683317E+11      0.5077983398487615E+14     -0.1355888588962275E+18
  0.46000000E+03     -0.2678119159458987E+04      0.7173050959503003E+07     -0.1921418707102460E+11      0.5147355310640230E+14     -0.1379082574333164E+18
  0.46100000E+03     -0.2687334322776590E+04      0.7222500012334903E+07     -0.1941321703949205E+11      0.5218570181745195E+14     -0.1402973797381965E+18
  0.46200000E+03     -0.2696370387636521E+04      0.7271150990750197E+07     -0.1960969320992334E+11      0.5289107739923559E+14     -0.1426717417678378E+18
  0.46300000E+03     -0.2705433338302786E+04      0.7320113143920253E+07     -0.1980810028189415E+11      0.5360581348457767E+14     -0.1450858122743968E+18
  0.46400000E+03     -0.2714671956456235E+04      0.7370193579596754E+07     -0.2001172688599777E+11      0.5434183828338047E+14     -0.1475802096355737E+18
  0.46500000E+03     -0.2723677351245330E+04      0.7419172921149035E+07     -0.2021154236373068E+11      0.5506650359958845E+14     -0.1500443290269727E+18
  0.46600000E+03     -0.2732773350304234E+04      0.7468808381541566E+07     -0.2041470280568954E+11      0.5580573066402630E+14     -0.1525662526968434E+18
  0.46700000E+03     -0.2741471960072706E+04      0.7516430867707578E+07     -0.2061026299917786E+11      0.5651963692993543E+14     -0.1550097846316441E+18
  0.46800000E+03     -0.2750407626803487E+04      0.7565514586178797E+07     -0.2081249677585204E+11      0.5726037018222634E+14     -0.1575536004176549E+18
  0.46900000E+03     -0.2759520332768770E+04      0.7615735071264475E+07     -0.2102009346894779E+11      0.5802324295180408E+14     -0.1601820503362009E+18
  0.47000000E+03     -0.2768414138780563E+04      0.7664903200746388E+07     -0.2122397877034241E+11      0.5877483211942625E+14     -0.1627797636609938E+18
  0.47100000E+03     -0.2777085382579153E+04      0.7712990675158763E+07     -0.2142400577661469E+11      0.5951450137609148E+14     -0.1653442625970895E+18
  0.47200000E+03     -0.2785890368096200E+04      0.7761977701837704E+07     -0.2162843336639339E+11      0.6027288701081104E+14     -0.1679821521161115E+18
  0.47300000E+03     -0.2794794151435678E+04      0.7811672685255778E+07     -0.2183647798848857E+11      0.6104715728731080E+14     -0.1706838985563974E+18
  0.47400000E+03     -0.2803377424241253E+04      0.7859729430459877E+07     -0.2203829668553774E+11      0.6180061732165597E+14     -0.1733212899137151E+18
  0.47500000E+03     -0.2811896517925675E+04      0.7907570143344092E+07     -0.2223981201647827E+11      0.6255520708627329E+14     -0.1759705820372092E+18
  0.47600000E+03     -0.2820696483301898E+04      0.7957147385024401E+07     -0.2244931497583595E+11      0.6334223571343588E+14     -0.1787426712887644E+18
  0.47700000E+03     -0.2829384730015976E+04      0.8006238402932953E+07     -0.2265736987929356E+11      0.6412610938750843E+14     -0.1815117172965238E+18
  0.47800000E+03     -0.2837799486456991E+04      0.8053932089300323E+07     -0.2286013181755638E+11      0.6489241913372733E+14     -0.1842271459220981E+18
  0.47900000E+03     -0.2846786718709046E+04      0.8105029102555180E+07     -0.2307803864411456E+11      0.6571852955240258E+14     -0.1871635854585267E+18
  0.48000000E+03     -0.2855412833355544E+04      0.8154225975950505E+07     -0.2328849694504394E+11      0.6651889266492478E+14     -0.1900173902907201E+18
  0.48100000E+03     -0.2863667252899253E+04      0.8201436240969007E+07     -0.2349102860656767E+11      0.6729129249240117E+14     -0.1927792900894748E+18
  0.48200000E+03     -0.2872051858274842E+04      0.8249533171086268E+07     -0.2369797526461308E+11      0.6808286731456590E+14     -0.1956181356812814E+18
  0.48300000E+03     -0.2880633201635619E+04      0.8298904835700576E+07     -0.2391103767515821E+11      0.6890025605114999E+14     -0.1985582685973855E+18
  0.48400000E+03     -0.2888990264775834E+04      0.8347127779967875E+07     -0.2411975579514145E+11      0.6970333666966281E+14     -0.2014554417127654E+18
  0.48500000E+03     -0.2897168763696281E+04      0.8394449558048958E+07     -0.2432513405506724E+11      0.7049572854501683E+14     -0.2043218723584986E+18
  0.48600000E+03     -0.2905481767443209E+04      0.8442701640576843E+07     -0.2453521216186900E+11      0.7130881805227948E+14     -0.2072724871346128E+18
  0.48700000E+03     -0.2913623859695323E+04      0.8490091038764359E+07     -0.2474209925373711E+11      0.7211175009213602E+14     -0.2101942241545940E+18
  0.48800000E+03     -0.2921937011080245E+04      0.8538601867521252E+07     -0.2495443270125683E+11      0.7293796116203281E+14     -0.2132084809121674E+18
  0.48900000E+03     -0.2929724641898797E+04      0.8584174224373590E+07     -0.2515446668039534E+11      0.7371850694696466E+14     -0.2160641578468976E+18
  0.49000000E+03     -0.2938031706323229E+04      0.8632928010839215E+07     -0.2536908922895609E+11      0.7455842078076356E+14     -0.2191459990780924E+18
  0.49100000E+03     -0.2946058888928711E+04      0.8680168482355699E+07     -0.2557762114434498E+11      0.7537674280457428E+14     -0.2221568766875752E+18
  0.49200000E+03     -0.2953944957351059E+04      0.8726698308922330E+07     -0.2578354618565759E+11      0.7618691977372081E+14     -0.2251454738630807E+18
  0.49300000E+03     -0.2961903755739041E+04      0.8773787730864003E+07     -0.2599252655146095E+11      0.7701139963525612E+14     -0.2281952700474745E+18
  0.49400000E+03     -0.2969851289953937E+04      0.8820944633969219E+07     -0.2620240384136659E+11      0.7784178386265930E+14     -0.2312756902553187E+18
  0.49500000E+03     -0.2977794140457023E+04      0.8868185647669906E+07     -0.2641315462878894E+11      0.7867760344234872E+14     -0.2343836326140510E+18
  0.49600000E+03     -0.2985661906537783E+04      0.8915115406064300E+07     -0.2662312208559731E+11      0.7951272294819323E+14     -0.2374979437713595E+18
  0.49700000E+03     -0.2993394390794980E+04      0.8961358859321246E+07     -0.2683056050771410E+11      0.8033994488414295E+14     -0.2405908912055266E+18
  0.49800000E+03     -0.3001109141987862E+04      0.9007602119689943E+07     -0.2703847368902440E+11      0.8117095983777688E+14     -0.2437051353643266E+18
  0.49900000E+03     -0.3008774753743522E+04      0.9053673447276492E+07     -0.2724616643942400E+11      0.8200330760271206E+14     -0.2468326900968158E+18
  0.50000000E+03     -0.3016111510060754E+04      0.9097882976096019E+07     -0.2744598456588271E+11      0.8280618134449153E+14     -0.2498573514480655E+18
  0.50100000E+03     -0.3023971254274058E+04      0.9145370534518922E+07     -0.2766119250762257E+11      0.8367320299903106E+14     -0.2531324060886917E+18
  0.50200000E+03     -0.3031368939203498E+04      0.9190173429398406E+07     -0.2786472054036739E+11      0.8449513612224811E+14     -0.2562445995104656E+18
  0.50300000E+03     -0.3038687874691896E+04      0.9234599051591208E+07     -0.2806698772681141E+11      0.8531380792259839E+14     -0.2593513792556814E+18
  0.50400000E+03     -0.3046006441060849E+04      0.9279142504521385E+07     -0.2827034034562225E+11      0.8613910413906120E+14     -0.2624918003545335E+18
  0.50500000E+03     -0.3053285736564655E+04      0.9323544825124901E+07     -0.2847349651620077E+11      0.8696542471410739E+14     -0.2656430663771657E+18
  0.50600000E+03     -0.3060449442623417E+04      0.9367348163660944E+07     -0.2867439813830899E+11      0.8778455433016894E+14     -0.2687744662494580E+18
  0.50700000E+03     -0.3067884954005650E+04      0.9412927659363814E+07     -0.2888397168396928E+11      0.8864119332181486E+14     -0.2720575154558385E+18
  0.50800000E+03     -0.3075273578364406E+04      0.9458320292818120E+07     -0.2909314925456220E+11      0.8949811074072639E+14     -0.2753489157934604E+18
  0.50900000E+03     -0.3081829928769737E+04      0.9498696493993349E+07     -0.2927965707335772E+11      0.9026399489738508E+14     -0.2782977294898425E+18
  0.51000000E+03     -0.3089030153569129E+04      0.9543139805051493E+07     -0.2948542364455208E+11      0.9111090530667833E+14     -0.2815660008964884E+18
