  0.00000000E+00     -0.4193530875956056E+02
  0.10000000E+01     -0.3869645529501328E+02
  0.20000000E+01     -0.3613581493850358E+02
  0.30000000E+01     -0.3396603019716724E+02
  0.40000000E+01     -0.3206902308117093E+02
  0.50000000E+01     -0.3038026385218667E+02
  0.60000000E+01     -0.2885897292916738E+02
  0.70000000E+01     -0.2747695505212526E+02
  0.80000000E+01     -0.2621364950975303E+02
  0.90000000E+01     -0.2505359079862705E+02
  0.10000000E+02     -0.2398419165414902E+02
  0.11000000E+02     -0.2299541065121933E+02
  0.12000000E+02     -0.2207928700150368E+02
  0.13000000E+02     -0.2122856346605198E+02
  0.14000000E+02     -0.2043722105324843E+02
  0.15000000E+02     -0.1970035895155198E+02
  0.16000000E+02     -0.1901357213700610E+02
  0.17000000E+02     -0.1837308716732778E+02
  0.18000000E+02     -0.1777535816300136E+02
  0.19000000E+02     -0.1721724799656480E+02
  0.20000000E+02     -0.1669611586522678E+02
  0.21000000E+02     -0.1620979550563712E+02
  0.22000000E+02     -0.1575565749972129E+02
  0.23000000E+02     -0.1533153479864107E+02
  0.24000000E+02     -0.1493582367598929E+02
  0.25000000E+02     -0.1456707632855180E+02
  0.26000000E+02     -0.1422302981205909E+02
  0.27000000E+02     -0.1390266892833212E+02
  0.28000000E+02     -0.1360481058006247E+02
  0.29000000E+02     -0.1332851581533813E+02
  0.30000000E+02     -0.1307210618653084E+02
  0.31000000E+02     -0.1283425162527805E+02
  0.32000000E+02     -0.1261448090958352E+02
  0.33000000E+02     -0.1241161725922167E+02
  0.34000000E+02     -0.1222447314871660E+02
  0.35000000E+02     -0.1205252249762463E+02
  0.36000000E+02     -0.1189503850984361E+02
  0.37000000E+02     -0.1175163053250467E+02
  0.38000000E+02     -0.1162154709810133E+02
  0.39000000E+02     -0.1150358405688525E+02
  0.40000000E+02     -0.1139709627773555E+02
  0.41000000E+02     -0.1130193222765153E+02
  0.42000000E+02     -0.1121742353617929E+02
  0.43000000E+02     -0.1114304486025020E+02
  0.44000000E+02     -0.1107791231155676E+02
  0.45000000E+02     -0.1102218285110717E+02
  0.46000000E+02     -0.1097536155575613E+02
  0.47000000E+02     -0.1093662692062506E+02
  0.48000000E+02     -0.1090591991827416E+02
  0.49000000E+02     -0.1088256872728196E+02
  0.50000000E+02     -0.1086607067014382E+02
  0.51000000E+02     -0.1085630246845549E+02
  0.52000000E+02     -0.1085272043598890E+02
  0.53000000E+02     -0.1085549452404729E+02
  0.54000000E+02     -0.1086406069534369E+02
  0.55000000E+02     -0.1087806095942447E+02
  0.56000000E+02     -0.1089686605263486E+02
  0.57000000E+02     -0.1092054592392296E+02
  0.58000000E+02     -0.1094936411012526E+02
  0.59000000E+02     -0.1098218403549893E+02
  0.60000000E+02     -0.1101950262736987E+02
  0.61000000E+02     -0.1106064437256283E+02
  0.62000000E+02     -0.1110554501975545E+02
  0.63000000E+02     -0.1115359836419156E+02
  0.64000000E+02     -0.1120477517915617E+02
  0.65000000E+02     -0.1125922067300606E+02
  0.66000000E+02     -0.1131685756748741E+02
  0.67000000E+02     -0.1137700628957574E+02
  0.68000000E+02     -0.1143936959595660E+02
  0.69000000E+02     -0.1150427730998017E+02
  0.70000000E+02     -0.1157093550779562E+02
  0.71000000E+02     -0.1164012414045686E+02
  0.72000000E+02     -0.1171098544670969E+02
  0.73000000E+02     -0.1178358796458368E+02
  0.74000000E+02     -0.1185788590042441E+02
  0.75000000E+02     -0.1193349430618130E+02
  0.76000000E+02     -0.1201060257216843E+02
  0.77000000E+02     -0.1208882796511682E+02
  0.78000000E+02     -0.1216792525790991E+02
  0.79000000E+02     -0.1224859052316813E+02
  0.80000000E+02     -0.1232957977056239E+02
  0.81000000E+02     -0.1241125480357868E+02
  0.82000000E+02     -0.1249348605109880E+02
  0.83000000E+02     -0.1257620915012663E+02
  0.84000000E+02     -0.1265930121454799E+02
  0.85000000E+02     -0.1274284104935172E+02
  0.86000000E+02     -0.1282612935104089E+02
  0.87000000E+02     -0.1290978476028945E+02
  0.88000000E+02     -0.1299376839507366E+02
  0.89000000E+02     -0.1307778532422271E+02
  0.90000000E+02     -0.1316152274881383E+02
  0.91000000E+02     -0.1324523758150582E+02
  0.92000000E+02     -0.1332865455710959E+02
  0.93000000E+02     -0.1341192305313967E+02
  0.94000000E+02     -0.1349458767989785E+02
  0.95000000E+02     -0.1357700029565720E+02
  0.96000000E+02     -0.1365884716369668E+02
  0.97000000E+02     -0.1374030889619707E+02
  0.98000000E+02     -0.1382088603420612E+02
  0.99000000E+02     -0.1390093298874487E+02
  0.10000000E+03     -0.1398019682684942E+02
  0.10100000E+03     -0.1405860260685376E+02
  0.10200000E+03     -0.1413664915449318E+02
  0.10300000E+03     -0.1421337200648151E+02
  0.10400000E+03     -0.1428910580608334E+02
  0.10500000E+03     -0.1436377710982444E+02
  0.10600000E+03     -0.1443762566085610E+02
  0.10700000E+03     -0.1451075396437225E+02
  0.10800000E+03     -0.1458262077350058E+02
  0.10900000E+03     -0.1465320178945220E+02
  0.11000000E+03     -0.1472263174588796E+02
  0.11100000E+03     -0.1479100033433794E+02
  0.11200000E+03     -0.1485769411213459E+02
  0.11300000E+03     -0.1492283990406932E+02
  0.11400000E+03     -0.1498681416572291E+02
  0.11500000E+03     -0.1504942840339976E+02
  0.11600000E+03     -0.1511040345245660E+02
  0.11700000E+03     -0.1517009493638223E+02
  0.11800000E+03     -0.1522840261548969E+02
  0.11900000E+03     -0.1528534174743110E+02
  0.12000000E+03     -0.1534098715285936E+02
  0.12100000E+03     -0.1539520090596362E+02
  0.12200000E+03     -0.1544743720704433E+02
  0.12300000E+03     -0.1549801541660192E+02
  0.12400000E+03     -0.1554699359271956E+02
  0.12500000E+03     -0.1559451506519005E+02
  0.12600000E+03     -0.1564012664446291E+02
  0.12700000E+03     -0.1568448833944676E+02
  0.12800000E+03     -0.1572735683056509E+02
  0.12900000E+03     -0.1576859503939331E+02
  0.13000000E+03     -0.1580774022658654E+02
  0.13100000E+03     -0.1584507171890249E+02
  0.13200000E+03     -0.1588041090246252E+02
  0.13300000E+03     -0.1591409310383940E+02
  0.13400000E+03     -0.1594629095309600E+02
  0.13500000E+03     -0.1597647752164193E+02
  0.13600000E+03     -0.1600510228413534E+02
  0.13700000E+03     -0.1603158082896718E+02
  0.13800000E+03     -0.1605691588945410E+02
  0.13900000E+03     -0.1607989481521054E+02
  0.14000000E+03     -0.1610096464958375E+02
  0.14100000E+03     -0.1611997848765982E+02
  0.14200000E+03     -0.1613725619841156E+02
  0.14300000E+03     -0.1615261604420395E+02
  0.14400000E+03     -0.1616569154980154E+02
  0.14500000E+03     -0.1617744440824403E+02
  0.14600000E+03     -0.1618746080922280E+02
  0.14700000E+03     -0.1619539288994148E+02
  0.14800000E+03     -0.1620156299646203E+02
  0.14900000E+03     -0.1620574490809827E+02
  0.15000000E+03     -0.1620760623542838E+02
  0.15100000E+03     -0.1620771644814013E+02
  0.15200000E+03     -0.1620545322981529E+02
  0.15300000E+03     -0.1620148128847211E+02
  0.15400000E+03     -0.1619564284243150E+02
  0.15500000E+03     -0.1618766685818620E+02
  0.15600000E+03     -0.1617733686921394E+02
  0.15700000E+03     -0.1616554378221256E+02
  0.15800000E+03     -0.1615172627451463E+02
  0.15900000E+03     -0.1613579698950456E+02
  0.16000000E+03     -0.1611754628785976E+02
  0.16100000E+03     -0.1609766442697192E+02
  0.16200000E+03     -0.1607627574788896E+02
  0.16300000E+03     -0.1605231687348617E+02
  0.16400000E+03     -0.1602626588159768E+02
  0.16500000E+03     -0.1599837790746431E+02
  0.16600000E+03     -0.1596826234261516E+02
  0.16700000E+03     -0.1593645257534454E+02
  0.16800000E+03     -0.1590239642812897E+02
  0.16900000E+03     -0.1586659394120477E+02
  0.17000000E+03     -0.1582904695791274E+02
  0.17100000E+03     -0.1578949847358697E+02
  0.17200000E+03     -0.1574771656944869E+02
  0.17300000E+03     -0.1570454514441244E+02
  0.17400000E+03     -0.1565836860770705E+02
  0.17500000E+03     -0.1561126520108772E+02
  0.17600000E+03     -0.1556232694176330E+02
  0.17700000E+03     -0.1551080341189407E+02
  0.17800000E+03     -0.1545793386434406E+02
  0.17900000E+03     -0.1540302214038359E+02
  0.18000000E+03     -0.1534593797869361E+02
  0.18100000E+03     -0.1528747548778257E+02
  0.18200000E+03     -0.1522676226187851E+02
  0.18300000E+03     -0.1516434728116517E+02
  0.18400000E+03     -0.1509981806484524E+02
  0.18500000E+03     -0.1503303496902565E+02
  0.18600000E+03     -0.1496505978874685E+02
  0.18700000E+03     -0.1489516869874695E+02
  0.18800000E+03     -0.1482321545985661E+02
  0.18900000E+03     -0.1474925421432164E+02
  0.19000000E+03     -0.1467362029543652E+02
  0.19100000E+03     -0.1459624371325245E+02
  0.19200000E+03     -0.1451721882587040E+02
  0.19300000E+03     -0.1443638105596858E+02
  0.19400000E+03     -0.1435364285802422E+02
  0.19500000E+03     -0.1426872141437545E+02
  0.19600000E+03     -0.1418239617571002E+02
  0.19700000E+03     -0.1409485200024103E+02
  0.19800000E+03     -0.1400514872912445E+02
  0.19900000E+03     -0.1391416453892883E+02
  0.20000000E+03     -0.1382138463802533E+02
  0.20100000E+03     -0.1372740241746742E+02
  0.20200000E+03     -0.1363124279974922E+02
  0.20300000E+03     -0.1353386019074732E+02
  0.20400000E+03     -0.1343398666196703E+02
  0.20500000E+03     -0.1333356543409239E+02
  0.20600000E+03     -0.1323170195510714E+02
  0.20700000E+03     -0.1312795537155135E+02
  0.20800000E+03     -0.1302266298080176E+02
  0.20900000E+03     -0.1291604901488027E+02
  0.21000000E+03     -0.1280753006928866E+02
  0.21100000E+03     -0.1269839513904301E+02
  0.21200000E+03     -0.1258728717584774E+02
  0.21300000E+03     -0.1247485839465826E+02
  0.21400000E+03     -0.1236080374982710E+02
  0.21500000E+03     -0.1224520404413524E+02
  0.21600000E+03     -0.1212888875275686E+02
  0.21700000E+03     -0.1201162482967583E+02
  0.21800000E+03     -0.1189315964181635E+02
  0.21900000E+03     -0.1177318811016553E+02
  0.22000000E+03     -0.1165163919625550E+02
  0.22100000E+03     -0.1152952886042760E+02
  0.22200000E+03     -0.1140708985908205E+02
  0.22300000E+03     -0.1128259239767903E+02
  0.22400000E+03     -0.1115692897572098E+02
  0.22500000E+03     -0.1103170481041100E+02
  0.22600000E+03     -0.1090544571599274E+02
  0.22700000E+03     -0.1077752219480495E+02
  0.22800000E+03     -0.1064917478711331E+02
  0.22900000E+03     -0.1051995766985666E+02
  0.23000000E+03     -0.1038958838813459E+02
  0.23100000E+03     -0.1025854693167183E+02
  0.23200000E+03     -0.1012675362513927E+02
  0.23300000E+03     -0.9994449943239236E+01
  0.23400000E+03     -0.9861469869527919E+01
  0.23500000E+03     -0.9727739775000092E+01
  0.23600000E+03     -0.9593947426502336E+01
  0.23700000E+03     -0.9459319261672398E+01
  0.23800000E+03     -0.9324427215963272E+01
  0.23900000E+03     -0.9189299003021759E+01
  0.24000000E+03     -0.9053640567520549E+01
  0.24100000E+03     -0.8918271328644892E+01
  0.24200000E+03     -0.8782914684798037E+01
  0.24300000E+03     -0.8647827857346865E+01
  0.24400000E+03     -0.8512648868280021E+01
  0.24500000E+03     -0.8377647580688073E+01
  0.24600000E+03     -0.8242024514871119E+01
  0.24700000E+03     -0.8106885966501221E+01
  0.24800000E+03     -0.7972364755663519E+01
  0.24900000E+03     -0.7837772525356789E+01
  0.25000000E+03     -0.7703236735805375E+01
  0.25100000E+03     -0.7569325202988245E+01
  0.25200000E+03     -0.7436132372138589E+01
  0.25300000E+03     -0.7303084478199496E+01
  0.25400000E+03     -0.7171316186177323E+01
  0.25500000E+03     -0.7040008402554946E+01
  0.25600000E+03     -0.6910253836774780E+01
  0.25700000E+03     -0.6780699608868170E+01
  0.25800000E+03     -0.6652777537570786E+01
  0.25900000E+03     -0.6525449152411342E+01
  0.26000000E+03     -0.6399635895230619E+01
  0.26100000E+03     -0.6275186832153965E+01
  0.26200000E+03     -0.6151905826081061E+01
  0.26300000E+03     -0.6029402529108312E+01
  0.26400000E+03     -0.5909393833108032E+01
  0.26500000E+03     -0.5790990830367262E+01
  0.26600000E+03     -0.5674299103162229E+01
  0.26700000E+03     -0.5559276040009733E+01
  0.26800000E+03     -0.5446299416760587E+01
  0.26900000E+03     -0.5335541410483854E+01
  0.27000000E+03     -0.5227300747762280E+01
  0.27100000E+03     -0.5120795390983483E+01
  0.27200000E+03     -0.5016193592205385E+01
  0.27300000E+03     -0.4914324095894786E+01
  0.27400000E+03     -0.4814904833531040E+01
  0.27500000E+03     -0.4718246886032327E+01
  0.27600000E+03     -0.4624162087792433E+01
  0.27700000E+03     -0.4533584588933246E+01
  0.27800000E+03     -0.4446588440277017E+01
  0.27900000E+03     -0.4361709930137524E+01
  0.28000000E+03     -0.4280434343077366E+01
  0.28100000E+03     -0.4202047400584333E+01
  0.28200000E+03     -0.4127219494269513E+01
  0.28300000E+03     -0.4055891058221042E+01
  0.28400000E+03     -0.3987775188951661E+01
  0.28500000E+03     -0.3924200853702369E+01
  0.28600000E+03     -0.3864784194521870E+01
  0.28700000E+03     -0.3808986088416811E+01
  0.28800000E+03     -0.3757948885088121E+01
  0.28900000E+03     -0.3711434420933080E+01
  0.29000000E+03     -0.3669033509099356E+01
  0.29100000E+03     -0.3631478427072589E+01
  0.29200000E+03     -0.3598893527235613E+01
  0.29300000E+03     -0.3571351670637017E+01
  0.29400000E+03     -0.3549099105194673E+01
  0.29500000E+03     -0.3531908540589220E+01
  0.29600000E+03     -0.3520202871823314E+01
  0.29700000E+03     -0.3514039254323413E+01
  0.29800000E+03     -0.3513333365466038E+01
  0.29900000E+03     -0.3519535149595639E+01
  0.30000000E+03     -0.3530816221060148E+01
  0.30100000E+03     -0.3548544291705288E+01
  0.30200000E+03     -0.3572374990469588E+01
  0.30300000E+03     -0.3602517950045261E+01
  0.30400000E+03     -0.3639625990224137E+01
  0.30500000E+03     -0.3683734126949258E+01
  0.30600000E+03     -0.3734638837449627E+01
  0.30700000E+03     -0.3793003104556548E+01
  0.30800000E+03     -0.3858574358997423E+01
  0.30900000E+03     -0.3931501937852801E+01
  0.31000000E+03     -0.4012355806794642E+01
  0.31100000E+03     -0.4101031357247436E+01
  0.31200000E+03     -0.4198394115564952E+01
  0.31300000E+03     -0.4304086316270855E+01
  0.31400000E+03     -0.4418316197823903E+01
  0.31500000E+03     -0.4540935596603148E+01
  0.31600000E+03     -0.4672455981732494E+01
  0.31700000E+03     -0.4813061172795412E+01
  0.31800000E+03     -0.4963202136999106E+01
  0.31900000E+03     -0.5122049712925010E+01
  0.32000000E+03     -0.5291438403956272E+01
  0.32100000E+03     -0.5471301879925649E+01
  0.32200000E+03     -0.5661135710239359E+01
  0.32300000E+03     -0.5860096620612715E+01
  0.32400000E+03     -0.6070523073964348E+01
  0.32500000E+03     -0.6291216926737703E+01
  0.32600000E+03     -0.6521888950968568E+01
  0.32700000E+03     -0.6764010885029991E+01
  0.32800000E+03     -0.7016575768511593E+01
  0.32900000E+03     -0.7278962676635369E+01
  0.33000000E+03     -0.7556077248558256E+01
  0.33100000E+03     -0.7847000808499909E+01
  0.33200000E+03     -0.8146365288100757E+01
  0.33300000E+03     -0.8459943456915543E+01
  0.33400000E+03     -0.8786182925476581E+01
  0.33500000E+03     -0.9126743989729391E+01
  0.33600000E+03     -0.9478904136083511E+01
  0.33700000E+03     -0.9844152900571650E+01
  0.33800000E+03     -0.1022441386683764E+02
  0.33900000E+03     -0.1061735017602652E+02
  0.34000000E+03     -0.1102499472818520E+02
  0.34100000E+03     -0.1144727731871772E+02
  0.34200000E+03     -0.1188296382606720E+02
  0.34300000E+03     -0.1233270079175368E+02
  0.34400000E+03     -0.1279790970582397E+02
  0.34500000E+03     -0.1327930294366202E+02
  0.34600000E+03     -0.1377581478459735E+02
  0.34700000E+03     -0.1428873199082130E+02
  0.34800000E+03     -0.1481582109472548E+02
  0.34900000E+03     -0.1535988032015444E+02
  0.35000000E+03     -0.1592377991886893E+02
  0.35100000E+03     -0.1650176317450903E+02
  0.35200000E+03     -0.1709777725780482E+02
  0.35300000E+03     -0.1771046603531881E+02
  0.35400000E+03     -0.1834050301542111E+02
  0.35500000E+03     -0.1898773650370678E+02
  0.35600000E+03     -0.1965564404996625E+02
  0.35700000E+03     -0.2034231001750218E+02
  0.35800000E+03     -0.2104837157754488E+02
  0.35900000E+03     -0.2177365170522553E+02
  0.36000000E+03     -0.2251852319243079E+02
  0.36100000E+03     -0.2328262570278353E+02
  0.36200000E+03     -0.2406510126174560E+02
  0.36300000E+03     -0.2486762609848509E+02
  0.36400000E+03     -0.2569146962293405E+02
  0.36500000E+03     -0.2653489421607025E+02
  0.36600000E+03     -0.2740124610809558E+02
  0.36700000E+03     -0.2828852040734176E+02
  0.36800000E+03     -0.2919847267987225E+02
  0.36900000E+03     -0.3013118753570478E+02
  0.37000000E+03     -0.3108423874477123E+02
  0.37100000E+03     -0.3206248245579776E+02
  0.37200000E+03     -0.3306300205299920E+02
  0.37300000E+03     -0.3408541056010969E+02
  0.37400000E+03     -0.3513361139341701E+02
  0.37500000E+03     -0.3620471983342598E+02
  0.37600000E+03     -0.3729837277759576E+02
  0.37700000E+03     -0.3841859699985245E+02
  0.37800000E+03     -0.3956090681480801E+02
  0.37900000E+03     -0.4073035852228379E+02
  0.38000000E+03     -0.4192577001076469E+02
  0.38100000E+03     -0.4314771585527296E+02
  0.38200000E+03     -0.4439723494062547E+02
  0.38300000E+03     -0.4567413033374859E+02
  0.38400000E+03     -0.4697752024273218E+02
  0.38500000E+03     -0.4830629973161321E+02
  0.38600000E+03     -0.4966492871528735E+02
  0.38700000E+03     -0.5105243504269047E+02
  0.38800000E+03     -0.5246676265501267E+02
  0.38900000E+03     -0.5391579241749918E+02
  0.39000000E+03     -0.5538430177318937E+02
  0.39100000E+03     -0.5688257572548283E+02
  0.39200000E+03     -0.5841696002742670E+02
  0.39300000E+03     -0.5998177742663706E+02
  0.39400000E+03     -0.6157700905586088E+02
  0.39500000E+03     -0.6320334645587810E+02
  0.39600000E+03     -0.6486055436621226E+02
  0.39700000E+03     -0.6654885450256039E+02
  0.39800000E+03     -0.6827101889643680E+02
  0.39900000E+03     -0.7002470364316891E+02
  0.40000000E+03     -0.7180904227880109E+02
  0.40100000E+03     -0.7363626492690219E+02
  0.40200000E+03     -0.7549206971130016E+02
  0.40300000E+03     -0.7737710643167266E+02
  0.40400000E+03     -0.7930307550720892E+02
  0.40500000E+03     -0.8125740571023920E+02
  0.40600000E+03     -0.8325090797509270E+02
  0.40700000E+03     -0.8528333267801008E+02
  0.40800000E+03     -0.8734752741111977E+02
  0.40900000E+03     -0.8945292399834246E+02
  0.41000000E+03     -0.9158941921782554E+02
  0.41100000E+03     -0.9376736395949958E+02
  0.41200000E+03     -0.9598314092349993E+02
  0.41300000E+03     -0.9823941616495792E+02
  0.41400000E+03     -0.1005414618157136E+03
  0.41500000E+03     -0.1028748252551550E+03
  0.41600000E+03     -0.1052486059139997E+03
  0.41700000E+03     -0.1076615658710180E+03
  0.41800000E+03     -0.1101161473280481E+03
  0.41900000E+03     -0.1126162244676447E+03
  0.42000000E+03     -0.1151467559091122E+03
  0.42100000E+03     -0.1177249361448509E+03
  0.42200000E+03     -0.1203424564360945E+03
  0.42300000E+03     -0.1229998037787209E+03
  0.42400000E+03     -0.1257105886004837E+03
  0.42500000E+03     -0.1284525639585153E+03
  0.42600000E+03     -0.1312435498077741E+03
  0.42700000E+03     -0.1340886593862577E+03
  0.42800000E+03     -0.1369735475902297E+03
  0.42900000E+03     -0.1399018961563953E+03
  0.43000000E+03     -0.1428784975571286E+03
  0.43100000E+03     -0.1459099036099865E+03
  0.43200000E+03     -0.1489837673048212E+03
  0.43300000E+03     -0.1521055327668502E+03
  0.43400000E+03     -0.1552767873474747E+03
  0.43500000E+03     -0.1584902945796756E+03
  0.43600000E+03     -0.1617585609703848E+03
  0.43700000E+03     -0.1650695653011859E+03
  0.43800000E+03     -0.1684371257191092E+03
  0.43900000E+03     -0.1718544813750418E+03
  0.44000000E+03     -0.1753261279630666E+03
  0.44100000E+03     -0.1788506024728912E+03
  0.44200000E+03     -0.1824134334854961E+03
  0.44300000E+03     -0.1860401464239969E+03
  0.44400000E+03     -0.1897183862950139E+03
  0.44500000E+03     -0.1934426286353078E+03
  0.44600000E+03     -0.1972245091110113E+03
  0.44700000E+03     -0.2010596321937962E+03
  0.44800000E+03     -0.2049573638547554E+03
  0.44900000E+03     -0.2089004171570965E+03
  0.45000000E+03     -0.2129076788803628E+03
  0.45100000E+03     -0.2169665165590363E+03
  0.45200000E+03     -0.2210871531242517E+03
  0.45300000E+03     -0.2252770985163726E+03
  0.45400000E+03     -0.2295074041978498E+03
  0.45500000E+03     -0.2337980012578617E+03
  0.45600000E+03     -0.2381660154266813E+03
  0.45700000E+03     -0.2425857090760322E+03
  0.45800000E+03     -0.2470670108992066E+03
  0.45900000E+03     -0.2516000111078726E+03
  0.46000000E+03     -0.2561946142137738E+03
  0.46100000E+03     -0.2608624326900023E+03
  0.46200000E+03     -0.2655810604971006E+03
  0.46300000E+03     -0.2703735481440085E+03
  0.46400000E+03     -0.2752288269616887E+03
  0.46500000E+03     -0.2801450145208155E+03
  0.46600000E+03     -0.2851233594540099E+03
  0.46700000E+03     -0.2901604664667237E+03
  0.46800000E+03     -0.2952701835451921E+03
  0.46900000E+03     -0.3004498578713108E+03
  0.47000000E+03     -0.3057011867002968E+03
  0.47100000E+03     -0.3110081999910977E+03
  0.47200000E+03     -0.3164024541798891E+03
  0.47300000E+03     -0.3218554729975626E+03
  0.47400000E+03     -0.3273788016476771E+03
  0.47500000E+03     -0.3329643315651449E+03
  0.47600000E+03     -0.3386363466813269E+03
  0.47700000E+03     -0.3443770711014230E+03
  0.47800000E+03     -0.3501878285851774E+03
  0.47900000E+03     -0.3560865266051189E+03
  0.48000000E+03     -0.3620377848399169E+03
  0.48100000E+03     -0.3680693875123178E+03
  0.48200000E+03     -0.3741849081587241E+03
  0.48300000E+03     -0.3803731989429783E+03
  0.48400000E+03     -0.3866369604400832E+03
  0.48500000E+03     -0.3929726536017522E+03
  0.48600000E+03     -0.3993884803177096E+03
  0.48700000E+03     -0.4058909858886240E+03
  0.48800000E+03     -0.4124660524543712E+03
  0.48900000E+03     -0.4191088217968214E+03
  0.49000000E+03     -0.4258402810210120E+03
  0.49100000E+03     -0.4326501836524783E+03
  0.49200000E+03     -0.4395477888527413E+03
  0.49300000E+03     -0.4465445219370530E+03
  0.49400000E+03     -0.4535923238296217E+03
  0.49500000E+03     -0.4607588984200157E+03
  0.49600000E+03     -0.4679854936361136E+03
  0.49700000E+03     -0.4753009229955517E+03
  0.49800000E+03     -0.4826854350950254E+03
  0.49900000E+03     -0.4901655856070685E+03
  0.50000000E+03     -0.4977502553593701E+03
  0.50100000E+03     -0.5054070275666194E+03
  0.50200000E+03     -0.5131658031625379E+03
  0.50300000E+03     -0.5210218728105906E+03
  0.50400000E+03     -0.5289304025624534E+03
  0.50500000E+03     -0.5369336818157725E+03
  0.50600000E+03     -0.5450107318483016E+03
  0.50700000E+03     -0.5532236844308464E+03
  0.50800000E+03     -0.5615235277108376E+03
  0.50900000E+03     -0.5699236344313913E+03
  0.51000000E+03     -0.5784139241104878E+03
