  0.00000000E+00     -0.1427515584904809E-08      0.4129742573394699E-17     -0.1102956528539244E-25      0.3307529439250501E-34     -0.1007291121996585E-42
  0.10000000E+01     -0.6057414288357411E-03      0.3669226786113579E-06     -0.2222602676125687E-09      0.1346322520783672E-12     -0.8155233274166827E-16
  0.20000000E+01     -0.4349870796986431E-01      0.2674082778340815E-01     -0.2058819054984770E-01      0.1991595725676604E-01     -0.1112185504810500E-01
  0.30000000E+01     -0.1290573803488581E+00      0.9306599444593520E-01     -0.8961024483875540E-01      0.1155800529646430E+00     -0.1509507492016986E+00
  0.40000000E+01     -0.2576777041842659E+00      0.2231666579033598E+00     -0.2677714295183274E+00      0.4333922274597006E+00     -0.8124396640592431E+00
  0.50000000E+01     -0.4299007288871813E+00      0.4533120076983141E+00     -0.6671676936995242E+00      0.1308685623267823E+01     -0.3099412697969555E+01
  0.60000000E+01     -0.6463186872846753E+00      0.8317493679685797E+00     -0.1477352846503573E+01      0.3433117945877216E+01     -0.9753129309811978E+01
  0.70000000E+01     -0.9072216095500892E+00      0.1419419952342529E+01     -0.3002070773183907E+01      0.8149359893241423E+01     -0.2701973190804917E+02
  0.80000000E+01     -0.1213898299195511E+01      0.2293430062428801E+01     -0.5717898226252609E+01      0.1796672207330171E+02     -0.6852236334021488E+02
  0.90000000E+01     -0.1566170961898705E+01      0.3539788809597336E+01     -0.1030388040903616E+02      0.3716230418234220E+02     -0.1613394475746120E+03
  0.10000000E+02     -0.1965051953049850E+01      0.5263881916812928E+01     -0.1774781812996099E+02      0.7298114491754211E+02     -0.3578770757961021E+03
  0.11000000E+02     -0.2411457885457719E+01      0.7587924452323436E+01     -0.2944126265053142E+02      0.1373764394790343E+03     -0.7573642999893300E+03
  0.12000000E+02     -0.2906307028431741E+01      0.1064900809566021E+02     -0.4723377058215620E+02      0.2486550062518677E+03     -0.1531843646537062E+04
  0.13000000E+02     -0.3450584821335143E+01      0.1460449774050487E+02     -0.7362125052245395E+02      0.4352835605060419E+03     -0.2985039722801133E+04
  0.14000000E+02     -0.4045157353803955E+01      0.1963259978421555E+02     -0.1119112149318789E+03      0.7405314423261938E+03     -0.5639703021005481E+04
  0.15000000E+02     -0.4691669017414218E+01      0.2593555216785939E+02     -0.1663517703668512E+03      0.1227285006370535E+04     -0.1034807888717455E+05
  0.16000000E+02     -0.5390555030435030E+01      0.3373064606890205E+02     -0.2423168212013851E+03      0.1985775429123249E+04     -0.1847235615496008E+05
  0.17000000E+02     -0.6143120130604651E+01      0.4326186965808903E+02     -0.3465549618819715E+03      0.3143587278508267E+04     -0.3217340798910975E+05
  0.18000000E+02     -0.6951229898200245E+01      0.5481632213825792E+02     -0.4878127568454333E+03      0.4884260154820360E+04     -0.5488949332609527E+05
  0.19000000E+02     -0.7817621338331310E+01      0.6872282213647719E+02     -0.6770331401016324E+03      0.7461589312125801E+04     -0.9185011406097859E+05
  0.20000000E+02     -0.8743654411164043E+01      0.8531815715170391E+02     -0.9272752565635324E+03      0.1121587340920513E+05     -0.1508406475185856E+06
  0.21000000E+02     -0.9731438017331930E+01      0.1050095192432763E+03     -0.1255429076792397E+04      0.1662693131769530E+05     -0.2438422092080132E+06
  0.22000000E+02     -0.1078205145979361E+02      0.1281981306273597E+03     -0.1680918033979480E+04      0.2431510702224879E+05     -0.3880109911425611E+06
  0.23000000E+02     -0.1190049996374500E+02      0.1554434222429174E+03     -0.2230158883451154E+04      0.3517498813005140E+05     -0.6100369160312219E+06
  0.24000000E+02     -0.1308877181456753E+02      0.1872727233993403E+03     -0.2932596559648231E+04      0.5031756228686281E+05     -0.9462246974092518E+06
  0.25000000E+02     -0.1434937378142696E+02      0.2243004658937612E+03     -0.3825364109243131E+04      0.7127109905788301E+05     -0.1450984274058691E+07
  0.26000000E+02     -0.1568594085679329E+02      0.2672271534609763E+03     -0.4953426333150441E+04      0.1000410030139618E+06     -0.2201892018531828E+07
  0.27000000E+02     -0.1710259492951201E+02      0.3168465716561910E+03     -0.6371224306388185E+04      0.1392421555404900E+06     -0.3307791770373085E+07
  0.28000000E+02     -0.1860541759412253E+02      0.3741286447192085E+03     -0.8147787930115089E+04      0.1924213139458644E+06     -0.4927605748664385E+07
  0.29000000E+02     -0.2019928546117368E+02      0.4401125372911427E+03     -0.1036495865379526E+05      0.2641391675817855E+06     -0.7281636943452457E+07
  0.30000000E+02     -0.2188842824622614E+02      0.5158948939678586E+03     -0.1311835672779295E+05      0.3602094429653430E+06     -0.1067411161896478E+08
  0.31000000E+02     -0.2367868267846713E+02      0.6027895986153680E+03     -0.1652646886094462E+05      0.4882544637897315E+06     -0.1552905631792944E+08
  0.32000000E+02     -0.2557395002719162E+02      0.7021488326784894E+03     -0.2072719142694260E+05      0.6579917237285153E+06     -0.2243260651744582E+08
  0.33000000E+02     -0.2757763862606066E+02      0.8153029750464115E+03     -0.2586919512352065E+05      0.8807540702356145E+06     -0.3211965937361767E+08
  0.34000000E+02     -0.2969823852770751E+02      0.9442114430237889E+03     -0.3216207602839409E+05      0.1172926405735600E+07     -0.4569998638155951E+08
  0.35000000E+02     -0.3194082207261204E+02      0.1090672261834972E+04     -0.3982723873624103E+05      0.1553527134396927E+07     -0.6456678188149819E+08
  0.36000000E+02     -0.3430702146076749E+02      0.1256398533303121E+04     -0.4910931457392836E+05      0.2045564898536560E+07     -0.9053789432528473E+08
  0.37000000E+02     -0.3680216192139789E+02      0.1443500627024220E+04     -0.6030466379985995E+05      0.2677998071509006E+07     -0.1260154659034631E+09
  0.38000000E+02     -0.3942650455129840E+02      0.1653870205424707E+04     -0.7373082735584973E+05      0.3484959471475681E+07     -0.1740510973258166E+09
  0.39000000E+02     -0.4217974592105693E+02      0.1889364606068734E+04     -0.8973092710024015E+05      0.4506105977949946E+07     -0.2384239754650799E+09
  0.40000000E+02     -0.4506501768239438E+02      0.2152254727767736E+04     -0.1087140114375035E+06      0.5790496389221656E+07     -0.3240411144015573E+09
  0.41000000E+02     -0.4807036237661511E+02      0.2443506580689930E+04     -0.1310313621349399E+06      0.7388878041925101E+07     -0.4365438178230394E+09
  0.42000000E+02     -0.5119013759103674E+02      0.2764464991396876E+04     -0.1570779036287227E+06      0.9359659487667482E+07     -0.5827241179303625E+09
  0.43000000E+02     -0.5442388253405726E+02      0.3117134393902952E+04     -0.1873449416903066E+06      0.1177561136841226E+08     -0.7713102601333138E+09
  0.44000000E+02     -0.5775444607034708E+02      0.3501314972159708E+04     -0.2221362223738606E+06      0.1469904457523867E+08     -0.1010985958396960E+10
  0.45000000E+02     -0.6118045274481280E+02      0.3918816876443813E+04     -0.2619861045058917E+06      0.1822002916108302E+08     -0.1313835482961977E+10
  0.46000000E+02     -0.6468813346104140E+02      0.4369671731759480E+04     -0.3072722597816296E+06      0.2242144124422397E+08     -0.1692480860043316E+10
  0.47000000E+02     -0.6826285775790240E+02      0.4853439463374618E+04     -0.3583210134616871E+06      0.2738630578566778E+08     -0.2160610441720751E+10
  0.48000000E+02     -0.7189944400084231E+02      0.5370774193831279E+04     -0.4155816445184008E+06      0.3321551415281706E+08     -0.2734802036147335E+10
  0.49000000E+02     -0.7558667915437191E+02      0.5921289754441681E+04     -0.4793968843822492E+06      0.4000551790574915E+08     -0.3432534009648932E+10
  0.50000000E+02     -0.7931285706009429E+02      0.6504269803247011E+04     -0.5500706216060544E+06      0.4785502556528018E+08     -0.4273080747250483E+10
  0.51000000E+02     -0.8307178869898759E+02      0.7119708170043774E+04     -0.6279965030857922E+06      0.5687861464709030E+08     -0.5278845469377507E+10
  0.52000000E+02     -0.8685388414955203E+02      0.7766576440449456E+04     -0.7134019319447897E+06      0.6717353966647270E+08     -0.6471490843975217E+10
  0.53000000E+02     -0.9066007526918500E+02      0.8446043912760693E+04     -0.8068728448942028E+06      0.7889437238556407E+08     -0.7881952671423439E+10
  0.54000000E+02     -0.9448140844642128E+02      0.9156615093559200E+04     -0.9085253690160846E+06      0.9213031312379482E+08     -0.9533634233612646E+10
  0.55000000E+02     -0.9832181575095638E+02      0.9899812043653250E+04     -0.1019005630918762E+07      0.1070577612908304E+09     -0.1146414582546486E+11
  0.56000000E+02     -0.1021698239853448E+03      0.1067361444949810E+05     -0.1138363970331708E+07      0.1237698465833438E+09     -0.1370125331018071E+11
  0.57000000E+02     -0.1060246531101890E+03      0.1147792472006263E+05     -0.1266917546116299E+07      0.1423978385937533E+09     -0.1627900992635479E+11
  0.58000000E+02     -0.1098903198290555E+03      0.1231418467186875E+05     -0.1405320596471875E+07      0.1631407703960241E+09     -0.1924477156863632E+11
  0.59000000E+02     -0.1137667853077136E+03      0.1318270545577958E+05     -0.1554020269574984E+07      0.1861713127145858E+09     -0.2264436103534391E+11
  0.60000000E+02     -0.1176543406732045E+03      0.1408378187008792E+05     -0.1713450852451582E+07      0.2116648039653371E+09     -0.2652620366590349E+11
  0.61000000E+02     -0.1215461977087857E+03      0.1501598745045844E+05     -0.1883728220479435E+07      0.2397485990723293E+09     -0.3093325894670983E+11
  0.62000000E+02     -0.1254472231647751E+03      0.1598065059273445E+05     -0.2065474070844526E+07      0.2706405217889973E+09     -0.3592543209224923E+11
  0.63000000E+02     -0.1293657889290978E+03      0.1698022447104640E+05     -0.2259576488715583E+07      0.3046194820843436E+09     -0.4157683623640536E+11
  0.64000000E+02     -0.1332932094622211E+03      0.1801289112313525E+05     -0.2466110835343857E+07      0.3418302474749860E+09     -0.4794215099048873E+11
  0.65000000E+02     -0.1372299062424853E+03      0.1907898771682469E+05     -0.2685554751111348E+07      0.3824938594996769E+09     -0.5509204658597327E+11
  0.66000000E+02     -0.1411793681337235E+03      0.2017956454340109E+05     -0.2918511285783437E+07      0.4268567222838295E+09     -0.6310389289458546E+11
  0.67000000E+02     -0.1451432139206801E+03      0.2131569276829113E+05     -0.3165703724054466E+07      0.4752161906678125E+09     -0.7207127091955447E+11
  0.68000000E+02     -0.1491238453064677E+03      0.2248834561059503E+05     -0.3427783958644526E+07      0.5278551736262025E+09     -0.8208753690799141E+11
  0.69000000E+02     -0.1531205620202182E+03      0.2369769793177347E+05     -0.3705257169399787E+07      0.5850408432275860E+09     -0.9324805066178745E+11
  0.70000000E+02     -0.1571399698022324E+03      0.2494624478332957E+05     -0.3999192934496203E+07      0.6471707697822558E+09     -0.1056788192126202E+12
  0.71000000E+02     -0.1611792032851581E+03      0.2623370922004873E+05     -0.4310060957728964E+07      0.7145354578410590E+09     -0.1194910980632010E+12
  0.72000000E+02     -0.1652431736735575E+03      0.2756196682065548E+05     -0.4638788643885131E+07      0.7875211004501401E+09     -0.1348181864068577E+12
  0.73000000E+02     -0.1693269773308044E+03      0.2893004862008180E+05     -0.4985691485324169E+07      0.8664051217587864E+09     -0.1517787474501354E+12
  0.74000000E+02     -0.1734355305952450E+03      0.3034017797607970E+05     -0.5351888302558419E+07      0.9516570159414704E+09     -0.1705382938394312E+12
  0.75000000E+02     -0.1775678888584057E+03      0.3179262837697924E+05     -0.5738023209855363E+07      0.1043653000968120E+10     -0.1912489714740854E+12
  0.76000000E+02     -0.1817170326509081E+03      0.3328537516397346E+05     -0.6144102451633818E+07      0.1142622110070902E+10     -0.2140348047253880E+12
  0.77000000E+02     -0.1858900447019743E+03      0.3482149682860238E+05     -0.6571534084248361E+07      0.1249146329070030E+10     -0.2391068934670171E+12
  0.78000000E+02     -0.1900840761752205E+03      0.3640043573673572E+05     -0.7020740472444875E+07      0.1363580836405385E+10     -0.2666317858475677E+12
  0.79000000E+02     -0.1942976131822849E+03      0.3802231085605777E+05     -0.7492387811624640E+07      0.1486363413998909E+10     -0.2968040954832049E+12
  0.80000000E+02     -0.1985355479533496E+03      0.3968930247470247E+05     -0.7987644936890666E+07      0.1618050388648537E+10     -0.3298493261794100E+12
  0.81000000E+02     -0.2027830964965239E+03      0.4139633277709254E+05     -0.8505682353527002E+07      0.1758719998192333E+10     -0.3658908299675142E+12
  0.82000000E+02     -0.2070541718395878E+03      0.4314925225764193E+05     -0.9048816178779837E+07      0.1909269669414052E+10     -0.4052576538846194E+12
  0.83000000E+02     -0.2113427345288662E+03      0.4494583669533728E+05     -0.9616899245498072E+07      0.2069932950188584E+10     -0.4481140375115826E+12
  0.84000000E+02     -0.2156470400944991E+03      0.4678619112354864E+05     -0.1021069665225423E+08      0.2241261823064634E+10     -0.4947301686514445E+12
  0.85000000E+02     -0.2199775190569171E+03      0.4867523460344196E+05     -0.1083243603677295E+08      0.2424221842554354E+10     -0.5454931488660444E+12
  0.86000000E+02     -0.2243156385907444E+03      0.5060510358262221E+05     -0.1148007851967911E+08      0.2618511045355146E+10     -0.6004387437599252E+12
  0.87000000E+02     -0.2286730697567567E+03      0.5258142028470210E+05     -0.1215614102229293E+08      0.2825215390632152E+10     -0.6600067585726736E+12
  0.88000000E+02     -0.2330425649797988E+03      0.5460120653569947E+05     -0.1286020127981908E+08      0.3044534417989494E+10     -0.7243905417033104E+12
  0.89000000E+02     -0.2374207096263686E+03      0.5666316567594009E+05     -0.1359240860829130E+08      0.3276854271306801E+10     -0.7938466921990734E+12
  0.90000000E+02     -0.2418122412864641E+03      0.5877016312643328E+05     -0.1435450435114514E+08      0.3523111973194991E+10     -0.8688156863464670E+12
  0.91000000E+02     -0.2462086990153818E+03      0.6091801748197544E+05     -0.1514544411919950E+08      0.3783282785375175E+10     -0.9494332349906803E+12
  0.92000000E+02     -0.2506167315384070E+03      0.6311017691266462E+05     -0.1596706812950709E+08      0.4058318977981688E+10     -0.1036150124849727E+13
  0.93000000E+02     -0.2550395281901990E+03      0.6534863149482359E+05     -0.1682078359487114E+08      0.4349079688794018E+10     -0.1129410961025964E+13
  0.94000000E+02     -0.2594640833272792E+03      0.6762710253019433E+05     -0.1770484039109331E+08      0.4655365049832850E+10     -0.1229334406427199E+13
  0.95000000E+02     -0.2638862162903969E+03      0.6994323414890328E+05     -0.1861874823388102E+08      0.4977322038872905E+10     -0.1336125986302651E+13
  0.96000000E+02     -0.2683155214704179E+03      0.7230245166073561E+05     -0.1956531904700235E+08      0.5316354521494716E+10     -0.1450445854310286E+13
  0.97000000E+02     -0.2727484786518303E+03      0.7470281750406772E+05     -0.2054427881812365E+08      0.5672730154379126E+10     -0.1572568970773876E+13
  0.98000000E+02     -0.2771900640994481E+03      0.7714714173488902E+05     -0.2155733787617797E+08      0.6047461263356837E+10     -0.1703037653996130E+13
  0.99000000E+02     -0.2816243460397121E+03      0.7962688485759142E+05     -0.2260157345484893E+08      0.6439884334048084E+10     -0.1841831188187696E+13
  0.10000000E+03     -0.2860695961942774E+03      0.8215211890873511E+05     -0.2368169582587060E+08      0.6852140401869904E+10     -0.1989905345234892E+13
  0.10100000E+03     -0.2905147722770249E+03      0.8471674548325586E+05     -0.2479567914346948E+08      0.7283869520872735E+10     -0.2147346860423546E+13
  0.10200000E+03     -0.2949690071998464E+03      0.8732626860992097E+05     -0.2594655048086919E+08      0.7736693821616017E+10     -0.2314983189206323E+13
  0.10300000E+03     -0.2994228010600373E+03      0.8997508364449539E+05     -0.2713235516789312E+08      0.8210254526226405E+10     -0.2492908783279731E+13
  0.10400000E+03     -0.3038720834962732E+03      0.9266060727998259E+05     -0.2835238370429469E+08      0.8704650535705130E+10     -0.2681379612752309E+13
  0.10500000E+03     -0.3083211424940806E+03      0.9538584084272520E+05     -0.2960870605655609E+08      0.9221213916983465E+10     -0.2881169225734325E+13
  0.10600000E+03     -0.3127819044455617E+03      0.9815764010360849E+05     -0.3090481745972762E+08      0.9761737836633261E+10     -0.3093191709538490E+13
  0.10700000E+03     -0.3172408514817802E+03      0.1009680792615989E+06     -0.3223774966041016E+08      0.1032550469516120E+11     -0.3317451994674663E+13
  0.10800000E+03     -0.3217131819490971E+03      0.1038268966056092E+06     -0.3361272803674760E+08      0.1091520147101637E+11     -0.3555294608615960E+13
  0.10900000E+03     -0.3261785511307585E+03      0.1067211207000591E+06     -0.3502406190813659E+08      0.1152884669053717E+11     -0.3806194321011876E+13
  0.11000000E+03     -0.3306448460140891E+03      0.1096557142187697E+06     -0.3647462815781556E+08      0.1216811702123081E+11     -0.4071102424830579E+13
  0.11100000E+03     -0.3351242031207708E+03      0.1126391785401738E+06     -0.3796944435122810E+08      0.1283582318489801E+11     -0.4351529874916477E+13
  0.11200000E+03     -0.3396157775339230E+03      0.1156710148295451E+06     -0.3950882464902715E+08      0.1353259215243235E+11     -0.4648041718788532E+13
  0.11300000E+03     -0.3441178673693972E+03      0.1187499932942466E+06     -0.4109262235831912E+08      0.1425880499645840E+11     -0.4961087502692513E+13
  0.11400000E+03     -0.3486313658617463E+03      0.1218777730327466E+06     -0.4272277895512138E+08      0.1501609802023642E+11     -0.5291798904235496E+13
  0.11500000E+03     -0.3531441263947328E+03      0.1250455210443261E+06     -0.4439503132825833E+08      0.1580290386057709E+11     -0.5639781494859309E+13
  0.11600000E+03     -0.3576651371364678E+03      0.1282599981321767E+06     -0.4611373495365942E+08      0.1662189634763214E+11     -0.6006605214251115E+13
  0.11700000E+03     -0.3622039393775093E+03      0.1315281100085752E+06     -0.4788320195277512E+08      0.1747568621636391E+11     -0.6393803538601642E+13
  0.11800000E+03     -0.3667511896811358E+03      0.1348433373507966E+06     -0.4970057304910742E+08      0.1836348206031602E+11     -0.6801402441762522E+13
  0.11900000E+03     -0.3713040562215171E+03      0.1382042194443750E+06     -0.5156592348978766E+08      0.1928601179336873E+11     -0.7230172972833262E+13
  0.12000000E+03     -0.3758743750996942E+03      0.1416196120887475E+06     -0.5348481839346054E+08      0.2024663358292488E+11     -0.7682087710642386E+13
  0.12100000E+03     -0.3804557732744177E+03      0.1450853650324330E+06     -0.5545582529572774E+08      0.2124535538045318E+11     -0.8157619374624442E+13
  0.12200000E+03     -0.3850535880637926E+03      0.1486054615971826E+06     -0.5748175573070154E+08      0.2228416634482542E+11     -0.8658118806677499E+13
  0.12300000E+03     -0.3896660993707489E+03      0.1521793796603177E+06     -0.5956335935185520E+08      0.2336428987907874E+11     -0.9184722906036523E+13
  0.12400000E+03     -0.3943075498144901E+03      0.1558187045608642E+06     -0.6170828545546030E+08      0.2449046078130406E+11     -0.9740256827499133E+13
  0.12500000E+03     -0.3989622763812516E+03      0.1595116583614354E+06     -0.6391047586236361E+08      0.2566026594123097E+11     -0.1032405676432237E+14
  0.12600000E+03     -0.4036412263984839E+03      0.1632675736751989E+06     -0.6617650838684867E+08      0.2687806624284397E+11     -0.1093889379412996E+14
  0.12700000E+03     -0.4083437443994515E+03      0.1670864805146715E+06     -0.6850733685981037E+08      0.2814519648448385E+11     -0.1158601658012728E+14
  0.12800000E+03     -0.4130811263040313E+03      0.1709785178131362E+06     -0.7091037342797777E+08      0.2946669236398714E+11     -0.1226868264294571E+14
  0.12900000E+03     -0.4178366153862661E+03      0.1749308059130401E+06     -0.7337885117369282E+08      0.3083983162069312E+11     -0.1298617947497557E+14
  0.13000000E+03     -0.4226217888250755E+03      0.1789532104654309E+06     -0.7591971137067474E+08      0.3226925403200227E+11     -0.1374151651722761E+14
  0.13100000E+03     -0.4274343341706531E+03      0.1830448013062605E+06     -0.7853368231891075E+08      0.3375648573676099E+11     -0.1453628695224282E+14
  0.13200000E+03     -0.4322843165282416E+03      0.1872149813244041E+06     -0.8122797100412184E+08      0.3530668102550668E+11     -0.1537400462722701E+14
  0.13300000E+03     -0.4371599313016838E+03      0.1914548916760588E+06     -0.8399837275777617E+08      0.3691868550870854E+11     -0.1625493888915164E+14
  0.13400000E+03     -0.4420778026532765E+03      0.1957796796756014E+06     -0.8685592740033074E+08      0.3859998524761275E+11     -0.1718397623855343E+14
  0.13500000E+03     -0.4470372857806672E+03      0.2001902634091932E+06     -0.8980293063103998E+08      0.4035333706643945E+11     -0.1816364257370722E+14
  0.13600000E+03     -0.4520294370113286E+03      0.2046793119644676E+06     -0.9283565200990821E+08      0.4217765937636179E+11     -0.1919421469657930E+14
  0.13700000E+03     -0.4570652354017352E+03      0.2092586869536958E+06     -0.9596419191682473E+08      0.4408072680851263E+11     -0.2028129272684129E+14
  0.13800000E+03     -0.4621284303818814E+03      0.2139139263668208E+06     -0.9917964187359816E+08      0.4605816743880241E+11     -0.2142323570942732E+14
  0.13900000E+03     -0.4672348382512429E+03      0.2186609259306754E+06     -0.1024947220647288E+09      0.4811936546877169E+11     -0.2262664568692501E+14
  0.14000000E+03     -0.4724001677796646E+03      0.2235157928670454E+06     -0.1059225066846146E+09      0.5027406399883047E+11     -0.2389843125921155E+14
  0.14100000E+03     -0.4776038364115400E+03      0.2284607046008252E+06     -0.1094523237403262E+09      0.5251727740196211E+11     -0.2523697145364557E+14
  0.14200000E+03     -0.4828517843791963E+03      0.2335027429601407E+06     -0.1130911040645445E+09      0.5485513890224188E+11     -0.2664727577045812E+14
  0.14300000E+03     -0.4881464003973760E+03      0.2386457987755597E+06     -0.1168436953545470E+09      0.5729264031689767E+11     -0.2813382765883423E+14
  0.14400000E+03     -0.4934888886438408E+03      0.2438920200982116E+06     -0.1207132538595368E+09      0.5983342835915926E+11     -0.2970016672262546E+14
  0.14500000E+03     -0.4988733871407389E+03      0.2492374401614799E+06     -0.1246990906135687E+09      0.6247911777396704E+11     -0.3134892947220838E+14
  0.14600000E+03     -0.5042978889921322E+03      0.2546817727994194E+06     -0.1288032145398747E+09      0.6523314400898609E+11     -0.3308395517243649E+14
  0.14700000E+03     -0.5097692334412891E+03      0.2602323702734893E+06     -0.1330325031862955E+09      0.6810166227973906E+11     -0.3491049468062789E+14
  0.14800000E+03     -0.5152811078599933E+03      0.2658851261923004E+06     -0.1373865572807929E+09      0.7108691435631006E+11     -0.3683199474989652E+14
  0.14900000E+03     -0.5208389558611068E+03      0.2716464343433047E+06     -0.1418719409706015E+09      0.7419521632728781E+11     -0.3885413202371202E+14
  0.15000000E+03     -0.5264228652618884E+03      0.2774969571288954E+06     -0.1464756501341591E+09      0.7741969238586502E+11     -0.4097428575275557E+14
  0.15100000E+03     -0.5320238469997258E+03      0.2834279574629554E+06     -0.1511923616294066E+09      0.8075840852075555E+11     -0.4319282647435273E+14
  0.15200000E+03     -0.5376521896266350E+03      0.2894507336246637E+06     -0.1560324421487791E+09      0.8422042776557710E+11     -0.4551741672238279E+14
  0.15300000E+03     -0.5433002448692994E+03      0.2955584456574263E+06     -0.1609925354832196E+09      0.8780563490945587E+11     -0.4795001754810684E+14
  0.15400000E+03     -0.5489927844458581E+03      0.3017789855499382E+06     -0.1660972588860810E+09      0.9153401376899001E+11     -0.5050619365197047E+14
  0.15500000E+03     -0.5546817469527768E+03      0.3080600111025703E+06     -0.1713049214622042E+09      0.9537684773029083E+11     -0.5316799889305066E+14
  0.15600000E+03     -0.5603883278054882E+03      0.3144257612574080E+06     -0.1766374097375913E+09      0.9935241152039578E+11     -0.5595011646451194E+14
  0.15700000E+03     -0.5661089758504368E+03      0.3208722600592483E+06     -0.1820924960411219E+09      0.1034606934672933E+12     -0.5885426789370099E+14
  0.15800000E+03     -0.5718250100165086E+03      0.3273789052488327E+06     -0.1876542493054925E+09      0.1076916697388692E+12     -0.6187535590973178E+14
  0.15900000E+03     -0.5775619664791636E+03      0.3339753637053872E+06     -0.1933496421047494E+09      0.1120679198769775E+12     -0.6503156582185705E+14
  0.16000000E+03     -0.5833012637821112E+03      0.3406398337210493E+06     -0.1991606142857996E+09      0.1165770246499344E+12     -0.6831561709767918E+14
  0.16100000E+03     -0.5890363600066743E+03      0.3473649791360684E+06     -0.2050821222360916E+09      0.1212169911183643E+12     -0.7172808928414830E+14
  0.16200000E+03     -0.5947666572572745E+03      0.3541505942401823E+06     -0.2111155489996643E+09      0.1259910079448553E+12     -0.7527351908148261E+14
  0.16300000E+03     -0.6005086669531346E+03      0.3610159299305145E+06     -0.2172788571677856E+09      0.1309148334063979E+12     -0.7896540378586855E+14
  0.16400000E+03     -0.6062439644312497E+03      0.3679390622918461E+06     -0.2235536170935269E+09      0.1359756651637508E+12     -0.8279627142941688E+14
  0.16500000E+03     -0.6119807165326320E+03      0.3749298529250689E+06     -0.2299499122064294E+09      0.1411834763756306E+12     -0.8677575496300203E+14
  0.16600000E+03     -0.6177171572001882E+03      0.3819861058576378E+06     -0.2364668117348593E+09      0.1465392950417955E+12     -0.9090669599479212E+14
  0.16700000E+03     -0.6234466213012261E+03      0.3890995131719783E+06     -0.2430976691803716E+09      0.1520394225477193E+12     -0.9518830720665905E+14
  0.16800000E+03     -0.6291771453787704E+03      0.3962797475375889E+06     -0.2498523650696279E+09      0.1576937204108233E+12     -0.9963029849684027E+14
  0.16900000E+03     -0.6348937952833772E+03      0.4035082650636138E+06     -0.2567147279623494E+09      0.1634906475036774E+12     -0.1042258989460890E+15
  0.17000000E+03     -0.6406141115502051E+03      0.4108065735472176E+06     -0.2637056489130915E+09      0.1694491834550750E+12     -0.1089919464272855E+15
  0.17100000E+03     -0.6463278819488593E+03      0.4181621497565780E+06     -0.2708147522047747E+09      0.1755628284493693E+12     -0.1139258830672585E+15
  0.17200000E+03     -0.6520588872226047E+03      0.4256055734013522E+06     -0.2780727126145523E+09      0.1818599124543941E+12     -0.1190529401396116E+15
  0.17300000E+03     -0.6577870413634041E+03      0.4331105213598146E+06     -0.2854547405892957E+09      0.1883206462476497E+12     -0.1243591808044566E+15
  0.17400000E+03     -0.6634909900706191E+03      0.4406492672584667E+06     -0.2929349022486797E+09      0.1949244554592275E+12     -0.1298302298273462E+15
  0.17500000E+03     -0.6691903648891487E+03      0.4482470487410534E+06     -0.3005386993785161E+09      0.2016952823901508E+12     -0.1354879482535794E+15
  0.17600000E+03     -0.6749035176699746E+03      0.4559286637595057E+06     -0.3082923856657754E+09      0.2086587607788414E+12     -0.1413564537809502E+15
  0.17700000E+03     -0.6806097699788608E+03      0.4636656776113076E+06     -0.3161677203399593E+09      0.2157909247520564E+12     -0.1474175519499045E+15
  0.17800000E+03     -0.6863085173361503E+03      0.4714578282641057E+06     -0.3241661479061437E+09      0.2230956637139159E+12     -0.1536776147729008E+15
  0.17900000E+03     -0.6920000359922299E+03      0.4793049604888664E+06     -0.3322880736557779E+09      0.2305748749896368E+12     -0.1601404407545608E+15
  0.18000000E+03     -0.6977128268605774E+03      0.4872467850751836E+06     -0.3405761287561727E+09      0.2382702346422563E+12     -0.1668450021097474E+15
  0.18100000E+03     -0.7034114796100330E+03      0.4952339255070048E+06     -0.3489797534940306E+09      0.2461367388087241E+12     -0.1737546818031833E+15
  0.18200000E+03     -0.7090867098260446E+03      0.5032527601929214E+06     -0.3574850908812837E+09      0.2541629024344140E+12     -0.1808616102140607E+15
  0.18300000E+03     -0.7147627839044818E+03      0.5113367283803057E+06     -0.3661277906165884E+09      0.2623835553456447E+12     -0.1881985785389229E+15
  0.18400000E+03     -0.7204458155723191E+03      0.5194961613361250E+06     -0.3749217386783390E+09      0.2708156517831017E+12     -0.1957849890434861E+15
  0.18500000E+03     -0.7261171918670701E+03      0.5277030100799906E+06     -0.3838363977751938E+09      0.2794306899410919E+12     -0.2035968634889470E+15
  0.18600000E+03     -0.7317674520505373E+03      0.5359435195063030E+06     -0.3928578544547926E+09      0.2882172756683568E+12     -0.2116266871466251E+15
  0.18700000E+03     -0.7374433917182459E+03      0.5442855203782830E+06     -0.4020610034941336E+09      0.2972500328960692E+12     -0.2199451559422664E+15
  0.18800000E+03     -0.7430934170844077E+03      0.5526535384537686E+06     -0.4113640523021337E+09      0.3064511884745612E+12     -0.2284839268380139E+15
  0.18900000E+03     -0.7487412262965918E+03      0.5610820378540957E+06     -0.4208056949050707E+09      0.3158604573540580E+12     -0.2372821873484468E+15
  0.19000000E+03     -0.7544864664650610E+03      0.5697210807357579E+06     -0.4305566216513226E+09      0.3256515903488235E+12     -0.2465068051961946E+15
  0.19100000E+03     -0.7601213032049103E+03      0.5782588661707469E+06     -0.4402668497515931E+09      0.3354762592275490E+12     -0.2558335978390931E+15
  0.19200000E+03     -0.7657566726105719E+03      0.5868612342785000E+06     -0.4501235476280051E+09      0.3455234975426656E+12     -0.2654427586701960E+15
  0.19300000E+03     -0.7714195882421922E+03      0.5955697733219841E+06     -0.4601758183692149E+09      0.3558458999716763E+12     -0.2753880341805937E+15
  0.19400000E+03     -0.7770483626783017E+03      0.6042894914986714E+06     -0.4703149992289797E+09      0.3663340566236815E+12     -0.2855672191716802E+15
  0.19500000E+03     -0.7826687530722628E+03      0.6130592273549121E+06     -0.4805860808176723E+09      0.3770354315942325E+12     -0.2960283452313867E+15
  0.19600000E+03     -0.7882718025018081E+03      0.6218650183635746E+06     -0.4909737891210513E+09      0.3879363395538466E+12     -0.3067612894875101E+15
  0.19700000E+03     -0.7938651080277637E+03      0.6307185033011006E+06     -0.5014925492932157E+09      0.3990537483232365E+12     -0.3177856411923457E+15
  0.19800000E+03     -0.7994490483613044E+03      0.6396195968826059E+06     -0.5121425060613822E+09      0.4103891870075486E+12     -0.3291053843583012E+15
  0.19900000E+03     -0.8050280302646489E+03      0.6485752278805271E+06     -0.5229329246435447E+09      0.4219547132392178E+12     -0.3407359078356334E+15
  0.20000000E+03     -0.8105853842582933E+03      0.6575577984133144E+06     -0.5338305435229061E+09      0.4337157374000870E+12     -0.3526445699480518E+15
  0.20100000E+03     -0.8161411051053539E+03      0.6665997080839970E+06     -0.5448758230998739E+09      0.4457183070326030E+12     -0.3648815572847452E+15
  0.20200000E+03     -0.8216795993817052E+03      0.6756746720966655E+06     -0.5560365810768416E+09      0.4579284914087899E+12     -0.3774144779854555E+15
  0.20300000E+03     -0.8272045621424412E+03      0.6847895122642958E+06     -0.5673231514395230E+09      0.4703608165182681E+12     -0.3902626682873883E+15
  0.20400000E+03     -0.8327139699669767E+03      0.6939400318903866E+06     -0.5787303202259165E+09      0.4830106687847376E+12     -0.4034237118491538E+15
  0.20500000E+03     -0.8382244617400069E+03      0.7031527725412661E+06     -0.5902908514104158E+09      0.4959151753001907E+12     -0.4169382591688958E+15
  0.20600000E+03     -0.8437041527660659E+03      0.7123747286902434E+06     -0.6019396094787176E+09      0.5090042803680247E+12     -0.4307368842590524E+15
  0.20700000E+03     -0.8491769700280362E+03      0.7216451220889847E+06     -0.6137258212839282E+09      0.5223340724533465E+12     -0.4448807255779412E+15
  0.20800000E+03     -0.8546151533794150E+03      0.7309163140946815E+06     -0.6255890996810522E+09      0.5358375458763257E+12     -0.4593012053748055E+15
  0.20900000E+03     -0.8600448717734421E+03      0.7402322620026328E+06     -0.6375858535188373E+09      0.5495802311161685E+12     -0.4740709308445436E+15
  0.21000000E+03     -0.8654481893855884E+03      0.7495619313875330E+06     -0.6496767464781952E+09      0.5635188920531976E+12     -0.4891465822592450E+15
  0.21100000E+03     -0.8708388549529518E+03      0.7589280616638198E+06     -0.6618909005736368E+09      0.5776877936976003E+12     -0.5045671502612975E+15
  0.21200000E+03     -0.8762099965376863E+03      0.7683186420470488E+06     -0.6742135604486840E+09      0.5920720313147891E+12     -0.5203200813982619E+15
  0.21300000E+03     -0.8815258044591745E+03      0.7776694471938749E+06     -0.6865592150680889E+09      0.6065713904152589E+12     -0.5362963312742899E+15
  0.21400000E+03     -0.8868337340156774E+03      0.7870632784596113E+06     -0.6990372444337884E+09      0.6213155178673737E+12     -0.5526412875378108E+15
  0.21500000E+03     -0.8921073647035084E+03      0.7964525089702515E+06     -0.7115841384985894E+09      0.6362301501247299E+12     -0.5692746753217578E+15
  0.21600000E+03     -0.8973353318034078E+03      0.8058156773282280E+06     -0.7241704642024632E+09      0.6512804586486653E+12     -0.5861590082188389E+15
  0.21700000E+03     -0.9025345363939495E+03      0.8151815219109216E+06     -0.7368336937469611E+09      0.6665109408337588E+12     -0.6033450641538500E+15
  0.21800000E+03     -0.9076972616913837E+03      0.8245356482868678E+06     -0.7495545161336280E+09      0.6818995384194816E+12     -0.6208103844964104E+15
  0.21900000E+03     -0.9128207939228379E+03      0.8338712189637229E+06     -0.7623218859399397E+09      0.6974318213630056E+12     -0.6385385648136224E+15
  0.22000000E+03     -0.9179076030731570E+03      0.8431919991381626E+06     -0.7751407618418330E+09      0.7131145865294241E+12     -0.6565393776095855E+15
  0.22100000E+03     -0.9229591158606033E+03      0.8524990621255415E+06     -0.7880112679261775E+09      0.7289472707130590E+12     -0.6748124344122178E+15
  0.22200000E+03     -0.9279567676099963E+03      0.8617565594981438E+06     -0.8008823267127806E+09      0.7448661391847499E+12     -0.6932842306577388E+15
  0.22300000E+03     -0.9329225965048539E+03      0.8710050408239871E+06     -0.8138106678177873E+09      0.7609427000240333E+12     -0.7120403641931060E+15
  0.22400000E+03     -0.9378360827424355E+03      0.8802041391007589E+06     -0.8267375971058413E+09      0.7771020695404219E+12     -0.7309923309255979E+15
  0.22500000E+03     -0.9427079096485805E+03      0.8893726764139576E+06     -0.8396886245167253E+09      0.7933758599144098E+12     -0.7501779357515755E+15
  0.22600000E+03     -0.9475420213733487E+03      0.8985164518689981E+06     -0.8526702860275432E+09      0.8097710089382655E+12     -0.7696048084340380E+15
  0.22700000E+03     -0.9523347003630988E+03      0.9076273168504238E+06     -0.8656701132818837E+09      0.8262715002741268E+12     -0.7892546789580138E+15
  0.22800000E+03     -0.9571280581241775E+03      0.9167829905990952E+06     -0.8787962799583027E+09      0.8430119610679260E+12     -0.8092856086245214E+15
  0.22900000E+03     -0.9618459665382298E+03      0.9258396078524234E+06     -0.8918452845862982E+09      0.8597370540638794E+12     -0.8293979195198936E+15
  0.23000000E+03     -0.9665496137245617E+03      0.9349117486133639E+06     -0.9049787087156655E+09      0.8766501984814840E+12     -0.8498327745747216E+15
  0.23100000E+03     -0.9712583791153398E+03      0.9440366625312394E+06     -0.9182508842674829E+09      0.8938226511460117E+12     -0.8706787501354325E+15
  0.23200000E+03     -0.9759298428459308E+03      0.9531315895041814E+06     -0.9315411266658835E+09      0.9110985013351321E+12     -0.8917476449867462E+15
  0.23300000E+03     -0.9806064141545490E+03      0.9622791464396977E+06     -0.9449707986149834E+09      0.9286370629782189E+12     -0.9132365338634699E+15
  0.23400000E+03     -0.9852786088936651E+03      0.9714601111941250E+06     -0.9585112564857377E+09      0.9464011021495131E+12     -0.9351008904055075E+15
  0.23500000E+03     -0.9899788163126143E+03      0.9807393757147039E+06     -0.9722606193760870E+09      0.9645232603666235E+12     -0.9575097106298220E+15
  0.23600000E+03     -0.9947095659011685E+03      0.9901221083728580E+06     -0.9862273343769344E+09      0.9830164007836978E+12     -0.9804818808464275E+15
  0.23700000E+03     -0.9994764708215318E+03      0.9996212567399471E+06     -0.1000433975945771E+10      0.1001915572099567E+13     -0.1004068314465865E+16
  0.23800000E+03     -0.1004286029811443E+04      0.1009250487054859E+07     -0.1014902676375699E+10      0.1021253287887328E+13     -0.1028314429746654E+16
  0.23900000E+03     -0.1009141327632178E+04      0.1019018215584177E+07     -0.1029650082927714E+10      0.1041057984461419E+13     -0.1053264678932104E+16
  0.24000000E+03     -0.1014058473900045E+04      0.1028957545226092E+07     -0.1044727891495755E+10      0.1061402278531698E+13     -0.1079015672160564E+16
  0.24100000E+03     -0.1019034922910884E+04      0.1039066134387840E+07     -0.1060137499019682E+10      0.1082295661270878E+13     -0.1105590214149471E+16
  0.24200000E+03     -0.1024066111611244E+04      0.1049336129720746E+07     -0.1075869800725723E+10      0.1103730625735964E+13     -0.1132986105890193E+16
  0.24300000E+03     -0.1029173696579355E+04      0.1059814442641431E+07     -0.1092001609042202E+10      0.1125819659884495E+13     -0.1161358503334625E+16
  0.24400000E+03     -0.1034338025850942E+04      0.1070462705561695E+07     -0.1108477667130484E+10      0.1148493423111905E+13     -0.1190627866352480E+16
  0.24500000E+03     -0.1039569172263889E+04      0.1081303535293914E+07     -0.1125336661195078E+10      0.1171811369042448E+13     -0.1220880419078305E+16
  0.24600000E+03     -0.1044868697687751E+04      0.1092342349272952E+07     -0.1142591302476699E+10      0.1195798235578874E+13     -0.1252159121997628E+16
  0.24700000E+03     -0.1050228137103377E+04      0.1103563918174285E+07     -0.1160222443353807E+10      0.1220435122366432E+13     -0.1284451004569554E+16
  0.24800000E+03     -0.1055642657388868E+04      0.1114959986437190E+07     -0.1178221002317364E+10      0.1245716107201067E+13     -0.1317758909399718E+16
  0.24900000E+03     -0.1061120499068902E+04      0.1126550157396297E+07     -0.1196622516322254E+10      0.1271698941023827E+13     -0.1352171090931312E+16
  0.25000000E+03     -0.1066651564737062E+04      0.1138313904234673E+07     -0.1215396727979619E+10      0.1298345602335178E+13     -0.1387645274058463E+16
  0.25100000E+03     -0.1072233436479442E+04      0.1150248568994643E+07     -0.1234544393436816E+10      0.1325665718002919E+13     -0.1424207597201980E+16
  0.25200000E+03     -0.1077853538588842E+04      0.1162328563167674E+07     -0.1254027602027630E+10      0.1353611181235798E+13     -0.1461803684816401E+16
  0.25300000E+03     -0.1083530413857020E+04      0.1174595437750144E+07     -0.1273917237316612E+10      0.1382290831855282E+13     -0.1500591779339580E+16
  0.25400000E+03     -0.1089259568387013E+04      0.1187041133341927E+07     -0.1294204029900008E+10      0.1411698391069415E+13     -0.1540575144006446E+16
  0.25500000E+03     -0.1095016658820192E+04      0.1199613990403503E+07     -0.1314806865432875E+10      0.1441722345817600E+13     -0.1581612565319323E+16
  0.25600000E+03     -0.1100826072017797E+04      0.1212368870220542E+07     -0.1335819497821870E+10      0.1472506719196616E+13     -0.1623913435397550E+16
  0.25700000E+03     -0.1106667327931391E+04      0.1225262338010366E+07     -0.1357174053413533E+10      0.1503959162831357E+13     -0.1667362922889624E+16
  0.25800000E+03     -0.1112544507347467E+04      0.1238304161121032E+07     -0.1378889188128783E+10      0.1536112597236400E+13     -0.1712016490786572E+16
  0.25900000E+03     -0.1118454521970093E+04      0.1251489006504609E+07     -0.1400959797126559E+10      0.1568966891219393E+13     -0.1757886819508306E+16
  0.26000000E+03     -0.1124384652266824E+04      0.1264789225511113E+07     -0.1423342062524639E+10      0.1602462334969713E+13     -0.1804900821117798E+16
  0.26100000E+03     -0.1130349948705099E+04      0.1278239767454376E+07     -0.1446098091530466E+10      0.1636698717478880E+13     -0.1853210850117015E+16
  0.26200000E+03     -0.1136329575747403E+04      0.1291794345358892E+07     -0.1469152021669848E+10      0.1671567498376661E+13     -0.1902674333794421E+16
  0.26300000E+03     -0.1142342420608988E+04      0.1305496422593150E+07     -0.1492580196555483E+10      0.1707189791754230E+13     -0.1953473898895834E+16
  0.26400000E+03     -0.1148353571904929E+04      0.1319267410748975E+07     -0.1516251188814135E+10      0.1743372200187236E+13     -0.2005345715115600E+16
  0.26500000E+03     -0.1154402106233028E+04      0.1333197457923983E+07     -0.1540322376099444E+10      0.1780361034863263E+13     -0.2058654073916573E+16
  0.26600000E+03     -0.1160453774336107E+04      0.1347208364481613E+07     -0.1564661138517469E+10      0.1817958416601459E+13     -0.2113125267538966E+16
  0.26700000E+03     -0.1166526892909481E+04      0.1361342708421221E+07     -0.1589343106905803E+10      0.1856285864540889E+13     -0.2168945199873263E+16
  0.26800000E+03     -0.1172600109964158E+04      0.1375550945234325E+07     -0.1614283350457982E+10      0.1895216010743236E+13     -0.2225937939013312E+16
  0.26900000E+03     -0.1178677278337421E+04      0.1389842524084985E+07     -0.1639500579579560E+10      0.1934783497257761E+13     -0.2284165261809906E+16
  0.27000000E+03     -0.1184773440744622E+04      0.1404253381650093E+07     -0.1665060552813371E+10      0.1975097319265381E+13     -0.2343799254699674E+16
  0.27100000E+03     -0.1190879343479227E+04      0.1418762008533610E+07     -0.1690927142501662E+10      0.2016105849641463E+13     -0.2404774665087938E+16
  0.27200000E+03     -0.1197009143938398E+04      0.1433402288547252E+07     -0.1717162556417864E+10      0.2057912723368230E+13     -0.2467256248925764E+16
  0.27300000E+03     -0.1203108613842047E+04      0.1448045054903541E+07     -0.1743537351998873E+10      0.2100157765027397E+13     -0.2530717171602964E+16
  0.27400000E+03     -0.1209206611966650E+04      0.1462758960545038E+07     -0.1770175416975817E+10      0.2143041949823602E+13     -0.2595466423926357E+16
  0.27500000E+03     -0.1215400847808107E+04      0.1477781003758863E+07     -0.1797509453496401E+10      0.2187269998690076E+13     -0.2662583708549535E+16
  0.27600000E+03     -0.1221509148933625E+04      0.1492670352360506E+07     -0.1824740457766021E+10      0.2231556367913383E+13     -0.2730132610955252E+16
  0.27700000E+03     -0.1227601258291939E+04      0.1507593956231287E+07     -0.1852169534782895E+10      0.2276386072701161E+13     -0.2798849121521470E+16
  0.27800000E+03     -0.1233690949481410E+04      0.1522586488770119E+07     -0.1879863600063053E+10      0.2321876097098095E+13     -0.2868927932614500E+16
  0.27900000E+03     -0.1239760348598412E+04      0.1537602335683824E+07     -0.1907736674160480E+10      0.2367884440166793E+13     -0.2940152262560946E+16
  0.28000000E+03     -0.1245811829698994E+04      0.1552647967959136E+07     -0.1935803288398297E+10      0.2414441569316914E+13     -0.3012582897803109E+16
  0.28100000E+03     -0.1251901714736274E+04      0.1567862587619741E+07     -0.1964322868456365E+10      0.2461979574715922E+13     -0.3086898150028614E+16
  0.28200000E+03     -0.1257959162959936E+04      0.1583069401561948E+07     -0.1992965752871168E+10      0.2509954140368997E+13     -0.3162258777560519E+16
  0.28300000E+03     -0.1264034700798971E+04      0.1598394938468455E+07     -0.2021970951582185E+10      0.2558768880725442E+13     -0.3239307334941171E+16
  0.28400000E+03     -0.1270106992060693E+04      0.1613786490822134E+07     -0.2051242150320300E+10      0.2608269732991209E+13     -0.3317816858216070E+16
  0.28500000E+03     -0.1276151514743098E+04      0.1629181026455384E+07     -0.2080659192382139E+10      0.2658255354267437E+13     -0.3397474659386340E+16
  0.28600000E+03     -0.1282175550621716E+04      0.1644596027370364E+07     -0.2110254710684574E+10      0.2708782014722226E+13     -0.3478375108278448E+16
  0.28700000E+03     -0.1288202841677024E+04      0.1660091081507710E+07     -0.2140142260941890E+10      0.2760044503144142E+13     -0.3560835355567312E+16
  0.28800000E+03     -0.1294234117197960E+04      0.1675668978275105E+07     -0.2170330248152122E+10      0.2812064586112017E+13     -0.3644905718016590E+16
  0.28900000E+03     -0.1300209176439946E+04      0.1691172784641497E+07     -0.2200512976805480E+10      0.2864314864144862E+13     -0.3729736239787452E+16
  0.29000000E+03     -0.1306229465683920E+04      0.1706866563222633E+07     -0.2231207530706008E+10      0.2917698074383549E+13     -0.3816808757604974E+16
  0.29100000E+03     -0.1312225394601083E+04      0.1722568040875148E+07     -0.2262056944650768E+10      0.2971594696764502E+13     -0.3905118354203012E+16
  0.29200000E+03     -0.1318262529906832E+04      0.1738449609115630E+07     -0.2293402589288219E+10      0.3026608072575479E+13     -0.3995668710461540E+16
  0.29300000E+03     -0.1324271190297575E+04      0.1754327899588705E+07     -0.2324883710397093E+10      0.3082109344058660E+13     -0.4087435489124386E+16
  0.29400000E+03     -0.1330305581825472E+04      0.1770348848766044E+07     -0.2356796306331846E+10      0.3138634414389175E+13     -0.4181331840470910E+16
  0.29500000E+03     -0.1336304618403173E+04      0.1786346666645850E+07     -0.2388804246994806E+10      0.3195579784306385E+13     -0.4276345565240346E+16
  0.29600000E+03     -0.1342332903755473E+04      0.1802495865419035E+07     -0.2421262428822518E+10      0.3253589318832648E+13     -0.4373575522391668E+16
  0.29700000E+03     -0.1348359759809961E+04      0.1818713110632785E+07     -0.2454002435779078E+10      0.3312362856930962E+13     -0.4472524164551730E+16
  0.29800000E+03     -0.1354405362341845E+04      0.1835053457772824E+07     -0.2487138189235745E+10      0.3372112080023293E+13     -0.4573563634367667E+16
  0.29900000E+03     -0.1360435656126009E+04      0.1851426225958326E+07     -0.2520489933585194E+10      0.3432522764523618E+13     -0.4676183460575745E+16
  0.30000000E+03     -0.1366499969611330E+04      0.1867964463083062E+07     -0.2554328189250739E+10      0.3494086344371257E+13     -0.4781224850433469E+16
  0.30100000E+03     -0.1372549747458362E+04      0.1884535992595519E+07     -0.2588384399850205E+10      0.3556320181863478E+13     -0.4887878796127773E+16
  0.30200000E+03     -0.1378601477630674E+04      0.1901186185974316E+07     -0.2622753517110109E+10      0.3619403248408670E+13     -0.4996465356927981E+16
  0.30300000E+03     -0.1384669347109694E+04      0.1917954887856399E+07     -0.2657520839081063E+10      0.3683500227021238E+13     -0.5107286321994538E+16
  0.30400000E+03     -0.1390734493751948E+04      0.1934788136822034E+07     -0.2692571963601350E+10      0.3748397923646873E+13     -0.5219973230538624E+16
  0.30500000E+03     -0.1396799411057913E+04      0.1951696476535683E+07     -0.2727937781066682E+10      0.3814172647992471E+13     -0.5334696232385034E+16
  0.30600000E+03     -0.1402857624330272E+04      0.1968659326382273E+07     -0.2763571274326540E+10      0.3880732023301229E+13     -0.5451289869298869E+16
  0.30700000E+03     -0.1408915266487193E+04      0.1985693992668275E+07     -0.2799510463895541E+10      0.3948152760978593E+13     -0.5569903012232896E+16
  0.30800000E+03     -0.1415000442881865E+04      0.2002879991140432E+07     -0.2835925499646091E+10      0.4016761119658952E+13     -0.5691126608341113E+16
  0.30900000E+03     -0.1421071351055259E+04      0.2020100761468653E+07     -0.2872573947349525E+10      0.4086111462785942E+13     -0.5814197449720305E+16
  0.31000000E+03     -0.1427139412534621E+04      0.2037386480544626E+07     -0.2909516678419471E+10      0.4156315251290288E+13     -0.5939311366207153E+16
  0.31100000E+03     -0.1433180597082136E+04      0.2054668080705127E+07     -0.2946606048041604E+10      0.4227094270083566E+13     -0.6065981062139308E+16
  0.31200000E+03     -0.1439209693279146E+04      0.2071986485554460E+07     -0.2983928260561228E+10      0.4298612485780367E+13     -0.6194503605374654E+16
  0.31300000E+03     -0.1445248928861023E+04      0.2089406784626889E+07     -0.3021627467157088E+10      0.4371155866523414E+13     -0.6325414544062716E+16
  0.31400000E+03     -0.1451281963981559E+04      0.2106881496810031E+07     -0.3059601482964824E+10      0.4444531419199845E+13     -0.6458376755368228E+16
  0.31500000E+03     -0.1457250187595628E+04      0.2124237205351204E+07     -0.3097466760924993E+10      0.4517987475207747E+13     -0.6592013353716227E+16
  0.31600000E+03     -0.1463264563866687E+04      0.2141798580216800E+07     -0.3135937179831467E+10      0.4592922002965357E+13     -0.6728895699308519E+16
  0.31700000E+03     -0.1469289903882607E+04      0.2159462763662324E+07     -0.3174788392010264E+10      0.4668902276098865E+13     -0.6868245463623236E+16
  0.31800000E+03     -0.1475389667054223E+04      0.2177416865136350E+07     -0.3214435471490359E+10      0.4746749280201370E+13     -0.7011589525361164E+16
  0.31900000E+03     -0.1481512186006328E+04      0.2195510522562576E+07     -0.3254551390322545E+10      0.4825833116135197E+13     -0.7157794897218940E+16
  0.32000000E+03     -0.1487671871316198E+04      0.2213785368314484E+07     -0.3295227448228113E+10      0.4906333967690429E+13     -0.7307199055097976E+16
  0.32100000E+03     -0.1493910558149556E+04      0.2232370602999949E+07     -0.3336763798596630E+10      0.4988873244805746E+13     -0.7461010703116612E+16
  0.32200000E+03     -0.1500261150631341E+04      0.2251368770592297E+07     -0.3379401198827160E+10      0.5073955296110543E+13     -0.7620223400533908E+16
  0.32300000E+03     -0.1506678497798174E+04      0.2270642856130951E+07     -0.3422828907689133E+10      0.5160955787393479E+13     -0.7783664955988342E+16
  0.32400000E+03     -0.1513215070962898E+04      0.2290359817766262E+07     -0.3467445765002690E+10      0.5250722203040439E+13     -0.7953024274617051E+16
  0.32500000E+03     -0.1519890270300282E+04      0.2310583056682763E+07     -0.3513407877296750E+10      0.5343597210879457E+13     -0.8129007701893856E+16
  0.32600000E+03     -0.1526681103162714E+04      0.2331245955968224E+07     -0.3560572396323209E+10      0.5439312719398250E+13     -0.8311152328578654E+16
  0.32700000E+03     -0.1533638953079017E+04      0.2352512261463638E+07     -0.3609331739199217E+10      0.5538706502355183E+13     -0.8501137865514011E+16
  0.32800000E+03     -0.1540729610374183E+04      0.2374284192987783E+07     -0.3659479330467862E+10      0.5641397553758065E+13     -0.8698320592506337E+16
  0.32900000E+03     -0.1548015417307370E+04      0.2396762898444259E+07     -0.3711503087043830E+10      0.5748439893974833E+13     -0.8904838275882165E+16
  0.33000000E+03     -0.1555432105898761E+04      0.2419755252550056E+07     -0.3764970355364147E+10      0.5858977579862992E+13     -0.9119114901441104E+16
  0.33100000E+03     -0.1563025486665127E+04      0.2443410854584383E+07     -0.3820249169191694E+10      0.5973818300421108E+13     -0.9342816854091468E+16
  0.33200000E+03     -0.1570773500572863E+04      0.2467670056219127E+07     -0.3877224140675558E+10      0.6092777979118692E+13     -0.9575705140480114E+16
  0.33300000E+03     -0.1578681638472226E+04      0.2492556321154502E+07     -0.3935968020927696E+10      0.6216051407078917E+13     -0.9818256854520904E+16
  0.33400000E+03     -0.1586718765627747E+04      0.2517978742757317E+07     -0.3996285990120988E+10      0.6343277646459414E+13     -0.1006986859963655E+17
  0.33500000E+03     -0.1594887235102193E+04      0.2543950937901902E+07     -0.4058228237520529E+10      0.6474607065331266E+13     -0.1033093913851246E+17
  0.33600000E+03     -0.1603186609357418E+04      0.2570478155417576E+07     -0.4121826541298329E+10      0.6610155107926423E+13     -0.1060180784717829E+17
  0.33700000E+03     -0.1611591835897510E+04      0.2597485712491989E+07     -0.4186918307934629E+10      0.6749617806651931E+13     -0.1088196730043839E+17
  0.33800000E+03     -0.1620172228086722E+04      0.2625203742867575E+07     -0.4254079775855247E+10      0.6894283955756176E+13     -0.1117413117728651E+17
  0.33900000E+03     -0.1628832006275866E+04      0.2653329314497660E+07     -0.4322596470512208E+10      0.7042664932873749E+13     -0.1147541147604806E+17
  0.34000000E+03     -0.1637589271990732E+04      0.2681925097961630E+07     -0.4392634552999045E+10      0.7195158517407997E+13     -0.1178671057670856E+17
  0.34100000E+03     -0.1646451545842473E+04      0.2711021734606958E+07     -0.4464288100841713E+10      0.7352019950743428E+13     -0.1210867071542320E+17
  0.34200000E+03     -0.1655425757099811E+04      0.2740646068911588E+07     -0.4537637520590238E+10      0.7513465772942399E+13     -0.1244183838076869E+17
  0.34300000E+03     -0.1664438481317280E+04      0.2770561104491630E+07     -0.4612113709824104E+10      0.7678291922842812E+13     -0.1278384882982100E+17
  0.34400000E+03     -0.1673540230367377E+04      0.2800937265070001E+07     -0.4688152348026474E+10      0.7847497807288479E+13     -0.1313686948388327E+17
  0.34500000E+03     -0.1682686505471888E+04      0.2831629276344785E+07     -0.4765402394074273E+10      0.8020340370249026E+13     -0.1349945047325389E+17
  0.34600000E+03     -0.1691938303000532E+04      0.2862846825996485E+07     -0.4844408908974216E+10      0.8198088335640629E+13     -0.1387437843754046E+17
  0.34700000E+03     -0.1701259332998709E+04      0.2894471465978957E+07     -0.4924887049837675E+10      0.8380145247647496E+13     -0.1426051161394535E+17
  0.34800000E+03     -0.1710613887673946E+04      0.2926384996108362E+07     -0.5006548385865652E+10      0.8565897568042295E+13     -0.1465665458829568E+17
  0.34900000E+03     -0.1720028326450750E+04      0.2958679617278810E+07     -0.5089639589271881E+10      0.8755942030677773E+13     -0.1506417983022330E+17
  0.35000000E+03     -0.1729536474523951E+04      0.2991476495649447E+07     -0.5174490734994092E+10      0.8951087179801332E+13     -0.1548496115907466E+17
  0.35100000E+03     -0.1739076948029387E+04      0.3024567074280168E+07     -0.5260575618906857E+10      0.9150165403325182E+13     -0.1591659823173211E+17
  0.35200000E+03     -0.1748660399705026E+04      0.3057990010859752E+07     -0.5348004479739333E+10      0.9353466076066131E+13     -0.1635981929549206E+17
  0.35300000E+03     -0.1758297103891993E+04      0.3091784450937128E+07     -0.5436893702022189E+10      0.9561304716991631E+13     -0.1681543702403869E+17
  0.35400000E+03     -0.1767951030322013E+04      0.3125825352606975E+07     -0.5526923198718361E+10      0.9772966035037557E+13     -0.1728198345519046E+17
  0.35500000E+03     -0.1777643832861917E+04      0.3160191265709167E+07     -0.5618311940537587E+10      0.9989003964385744E+13     -0.1776079388747134E+17
  0.35600000E+03     -0.1787411590901670E+04      0.3195013352879549E+07     -0.5711422862546838E+10      0.1021032290697619E+14     -0.1825400456322750E+17
  0.35700000E+03     -0.1797216764697474E+04      0.3230160864682104E+07     -0.5805920191544862E+10      0.1043617095674418E+14     -0.1876007248616926E+17
  0.35800000E+03     -0.1807069413511685E+04      0.3265672264742334E+07     -0.5901919471505075E+10      0.1066686678970506E+14     -0.1927983733759078E+17
  0.35900000E+03     -0.1816970961921146E+04      0.3301555803533612E+07     -0.5999457162681423E+10      0.1090254581576243E+14     -0.1981374290082534E+17
  0.36000000E+03     -0.1826896497646082E+04      0.3337722932485596E+07     -0.6098303123818487E+10      0.1114269153094207E+14     -0.2036074067967418E+17
  0.36100000E+03     -0.1836859675868599E+04      0.3374225772326212E+07     -0.6198612143211029E+10      0.1138772426003316E+14     -0.2092192144465750E+17
  0.36200000E+03     -0.1846875462892740E+04      0.3411121250697847E+07     -0.6300552359041905E+10      0.1163809783658390E+14     -0.2149845656270114E+17
  0.36300000E+03     -0.1856914901546175E+04      0.3448305486357921E+07     -0.6403850482298153E+10      0.1189318954931049E+14     -0.2208905786619227E+17
  0.36400000E+03     -0.1866962459764885E+04      0.3485721747151837E+07     -0.6508357182754496E+10      0.1215266602446914E+14     -0.2269307009419562E+17
  0.36500000E+03     -0.1877078993000552E+04      0.3523598856699213E+07     -0.6614723885436279E+10      0.1241819047176102E+14     -0.2331450703649196E+17
  0.36600000E+03     -0.1887216473911061E+04      0.3561759629191879E+07     -0.6722466578614669E+10      0.1268860390310246E+14     -0.2395080749927793E+17
  0.36700000E+03     -0.1897389098812334E+04      0.3600259404129210E+07     -0.6831753125314742E+10      0.1296437247436183E+14     -0.2460321083725918E+17
  0.36800000E+03     -0.1907609955026128E+04      0.3639150525687280E+07     -0.6942746454604375E+10      0.1324595954631887E+14     -0.2527297476513343E+17
  0.36900000E+03     -0.1917856875178536E+04      0.3678350639142623E+07     -0.7055223625282162E+10      0.1353284645495001E+14     -0.2595901589246086E+17
  0.37000000E+03     -0.1928115764336088E+04      0.3717806780524131E+07     -0.7169041851868623E+10      0.1382470885442960E+14     -0.2666069314711058E+17
  0.37100000E+03     -0.1938388456555977E+04      0.3757526942524431E+07     -0.7284233382640893E+10      0.1412166963243042E+14     -0.2737843855792969E+17
  0.37200000E+03     -0.1948703111844372E+04      0.3797622054682960E+07     -0.7401132384179732E+10      0.1442463921358622E+14     -0.2811461156988464E+17
  0.37300000E+03     -0.1959079007705918E+04      0.3838169704224397E+07     -0.7519979430841279E+10      0.1473429552334550E+14     -0.2887103346052795E+17
  0.37400000E+03     -0.1969466024646216E+04      0.3878976710630870E+07     -0.7640222789464240E+10      0.1504925604911788E+14     -0.2964450369636838E+17
  0.37500000E+03     -0.1979865807779923E+04      0.3920049839288218E+07     -0.7761890025061939E+10      0.1536963062768153E+14     -0.3043542776576069E+17
  0.37600000E+03     -0.1990278992074054E+04      0.3961392483772534E+07     -0.7885000569565467E+10      0.1569551291234518E+14     -0.3124418566938034E+17
  0.37700000E+03     -0.2000771745040469E+04      0.4003270904865346E+07     -0.8010364709601221E+10      0.1602911190269204E+14     -0.3207646342886920E+17
  0.37800000E+03     -0.2011200654481097E+04      0.4045112005080737E+07     -0.8136271551768485E+10      0.1636590548237633E+14     -0.3292110080886806E+17
  0.37900000E+03     -0.2021723120658685E+04      0.4087549569643964E+07     -0.8264642082506317E+10      0.1671108768200034E+14     -0.3379130947220544E+17
  0.38000000E+03     -0.2032270505483354E+04      0.4130309419779598E+07     -0.8394661855429080E+10      0.1706252726795899E+14     -0.3468191171785785E+17
  0.38100000E+03     -0.2042847378095495E+04      0.4173413292152558E+07     -0.8526413813242096E+10      0.1742051310287179E+14     -0.3559385193424083E+17
  0.38200000E+03     -0.2053430322791058E+04      0.4216765165062170E+07     -0.8659609744616285E+10      0.1778429577571025E+14     -0.3652535610026978E+17
  0.38300000E+03     -0.2064026785823287E+04      0.4260396936489573E+07     -0.8794359005101599E+10      0.1815422425112648E+14     -0.3747749596142034E+17
  0.38400000E+03     -0.2074656080204256E+04      0.4304389658356486E+07     -0.8930923812453281E+10      0.1853107078585802E+14     -0.3845244475792539E+17
  0.38500000E+03     -0.2085295921546056E+04      0.4348652276154986E+07     -0.9069032370963648E+10      0.1891413522988422E+14     -0.3944857157387443E+17
  0.38600000E+03     -0.2095975964203113E+04      0.4393309844698955E+07     -0.9209087365336246E+10      0.1930458913327177E+14     -0.4046911705553617E+17
  0.38700000E+03     -0.2106662302703958E+04      0.4438222110259997E+07     -0.9350661005998688E+10      0.1970129391796364E+14     -0.4151129976295742E+17
  0.38800000E+03     -0.2117363273835691E+04      0.4483424838091580E+07     -0.9493875655720531E+10      0.2010463995744790E+14     -0.4257632398330969E+17
  0.38900000E+03     -0.2128094431297545E+04      0.4528984796090551E+07     -0.9638953586942415E+10      0.2051530419584571E+14     -0.4366616636774814E+17
  0.39000000E+03     -0.2138868442641520E+04      0.4574958407030960E+07     -0.9786090278506426E+10      0.2093390565705505E+14     -0.4478269962076668E+17
  0.39100000E+03     -0.2149642600376568E+04      0.4621165367578095E+07     -0.9934722398331396E+10      0.2135890214333367E+14     -0.4592202872064791E+17
  0.39200000E+03     -0.2160433909489913E+04      0.4667678403110445E+07     -0.1008509072406737E+11      0.2179102314718659E+14     -0.4708627673439044E+17
  0.39300000E+03     -0.2171222817314425E+04      0.4714413479299786E+07     -0.1023693187550649E+11      0.2222955716067573E+14     -0.4827370703284362E+17
  0.39400000E+03     -0.2182070062133483E+04      0.4761636485329340E+07     -0.1039112636454754E+11      0.2267711720946341E+14     -0.4949164395381071E+17
  0.39500000E+03     -0.2192966079831387E+04      0.4809307867582307E+07     -0.1054755947633669E+11      0.2313343439016172E+14     -0.5073959037276592E+17
  0.39600000E+03     -0.2203808561029206E+04      0.4856982263017293E+07     -0.1070478482194374E+11      0.2359435589390048E+14     -0.5200643168287138E+17
  0.39700000E+03     -0.2214671086565144E+04      0.4904979794103767E+07     -0.1086385466821927E+11      0.2406297921758446E+14     -0.5330077891674439E+17
  0.39800000E+03     -0.2225572476808919E+04      0.4953386111704395E+07     -0.1102506877635773E+11      0.2454025685325553E+14     -0.5462551678222874E+17
  0.39900000E+03     -0.2236467528813562E+04      0.5002001319926731E+07     -0.1118777184768747E+11      0.2502430249093120E+14     -0.5597562199211197E+17
  0.40000000E+03     -0.2247355481810088E+04      0.5050822781758005E+07     -0.1135196538329239E+11      0.2551517449692730E+14     -0.5735147233703490E+17
  0.40100000E+03     -0.2258331737574825E+04      0.5100280404270556E+07     -0.1151911022312267E+11      0.2601730850193041E+14     -0.5876575755063282E+17
  0.40200000E+03     -0.2269344863998837E+04      0.5150145850392073E+07     -0.1168845408728429E+11      0.2652852645386431E+14     -0.6021264046038045E+17
  0.40300000E+03     -0.2280288342929902E+04      0.5199936674497247E+07     -0.1185836600182074E+11      0.2704395107999991E+14     -0.6167851598672074E+17
  0.40400000E+03     -0.2291281186401544E+04      0.5250193723373186E+07     -0.1203069744091350E+11      0.2756924072607622E+14     -0.6317966479740675E+17
  0.40500000E+03     -0.2302315183600671E+04      0.5300880809771038E+07     -0.1220533691394245E+11      0.2810411821954036E+14     -0.6471554325636557E+17
  0.40600000E+03     -0.2313323575604878E+04      0.5351692577713386E+07     -0.1238124477843562E+11      0.2864546173477463E+14     -0.6627743575548047E+17
  0.40700000E+03     -0.2324312018481415E+04      0.5402655095392901E+07     -0.1255851918573903E+11      0.2919362238599851E+14     -0.6786656824608725E+17
  0.40800000E+03     -0.2335370300363586E+04      0.5454185597295182E+07     -0.1273862245087200E+11      0.2975318088894808E+14     -0.6949646426465306E+17
  0.40900000E+03     -0.2346365595664945E+04      0.5505664404004835E+07     -0.1291939416689534E+11      0.3031746669741792E+14     -0.7114788677592450E+17
  0.41000000E+03     -0.2357426596835657E+04      0.5557695102228926E+07     -0.1310296567654579E+11      0.3089319491699451E+14     -0.7284074330884582E+17
  0.41100000E+03     -0.2368515797610983E+04      0.5610102977604396E+07     -0.1328873465858117E+11      0.3147854595296157E+14     -0.7456996195640339E+17
  0.41200000E+03     -0.2379625580661234E+04      0.5662856249826829E+07     -0.1347661163609571E+11      0.3207333678238112E+14     -0.7633537075781422E+17
  0.41300000E+03     -0.2390683503310314E+04      0.5715608634215227E+07     -0.1366536337489361E+11      0.3267368931905027E+14     -0.7812561402034930E+17
  0.41400000E+03     -0.2401785499710387E+04      0.5768817203840742E+07     -0.1385663142781622E+11      0.3328487031560129E+14     -0.7995661082884146E+17
  0.41500000E+03     -0.2412901453304577E+04      0.5822338223415826E+07     -0.1404990941082450E+11      0.3390532054137578E+14     -0.8182394416821475E+17
  0.41600000E+03     -0.2423987340767283E+04      0.5875962297366154E+07     -0.1424445862325837E+11      0.3453275112350852E+14     -0.8372105284705059E+17
  0.41700000E+03     -0.2435091894119800E+04      0.5929921844538489E+07     -0.1444111850644724E+11      0.3516988359447329E+14     -0.8565628900868886E+17
  0.41800000E+03     -0.2446202638784722E+04      0.5984158339588132E+07     -0.1463969156629838E+11      0.3581615584095965E+14     -0.8762826188963864E+17
  0.41900000E+03     -0.2457299775443669E+04      0.6038575465504778E+07     -0.1483983458367641E+11      0.3647050818811439E+14     -0.8963399457858398E+17
  0.42000000E+03     -0.2468486725682289E+04      0.6093682385928030E+07     -0.1504343599540846E+11      0.3713919358469936E+14     -0.9169297914093912E+17
  0.42100000E+03     -0.2479659508577159E+04      0.6148967733799702E+07     -0.1524861782303516E+11      0.3781610853176577E+14     -0.9378670329718064E+17
  0.42200000E+03     -0.2490780435463467E+04      0.6204247188285368E+07     -0.1545471243481816E+11      0.3849913235995195E+14     -0.9590894667877493E+17
  0.42300000E+03     -0.2501884973234856E+04      0.6259690662817388E+07     -0.1566233787359355E+11      0.3919028991769384E+14     -0.9806601410307283E+17
  0.42400000E+03     -0.2513050011579408E+04      0.6315684560948574E+07     -0.1587295872291570E+11      0.3989454240886264E+14     -0.1002737422086459E+18
  0.42500000E+03     -0.2524233808767839E+04      0.6372023195854992E+07     -0.1608582334326262E+11      0.4060947810189084E+14     -0.1025249759669701E+18
  0.42600000E+03     -0.2535343714051367E+04      0.6428236057281883E+07     -0.1629914805110235E+11      0.4132911423110345E+14     -0.1048009897009948E+18
  0.42700000E+03     -0.2546542529411472E+04      0.6485149459167524E+07     -0.1651608676870356E+11      0.4206417942074511E+14     -0.1071360854685622E+18
  0.42800000E+03     -0.2557676974968319E+04      0.6541984806959073E+07     -0.1673368158475461E+11      0.4280471318864206E+14     -0.1094989089399060E+18
  0.42900000E+03     -0.2568861134263833E+04      0.6599322142356780E+07     -0.1695415271681297E+11      0.4355829815185766E+14     -0.1119138290606384E+18
  0.43000000E+03     -0.2580078829989115E+04      0.6657084061311818E+07     -0.1717723216739897E+11      0.4432414815550162E+14     -0.1143788343644648E+18
  0.43100000E+03     -0.2591226439637817E+04      0.6714733569234534E+07     -0.1740084125614290E+11      0.4509513949006945E+14     -0.1168711298313159E+18
  0.43200000E+03     -0.2602378444635382E+04      0.6772656128177693E+07     -0.1762648462364685E+11      0.4587652194533927E+14     -0.1194079797630624E+18
  0.43300000E+03     -0.2613531399020926E+04      0.6830830109983128E+07     -0.1785407172943755E+11      0.4666798877104038E+14     -0.1219885029664816E+18
  0.43400000E+03     -0.2624661955526558E+04      0.6889136298066461E+07     -0.1808315445731409E+11      0.4746807385139530E+14     -0.1246083136866892E+18
  0.43500000E+03     -0.2635845896970811E+04      0.6947971934782485E+07     -0.1831530298822030E+11      0.4828232341286366E+14     -0.1272858725447777E+18
  0.43600000E+03     -0.2647018290208515E+04      0.7006997583251885E+07     -0.1854919494826562E+11      0.4910618830306070E+14     -0.1300066101602548E+18
  0.43700000E+03     -0.2658198114161366E+04      0.7066311054878621E+07     -0.1878521652750900E+11      0.4994105333584030E+14     -0.1327752777124115E+18
  0.43800000E+03     -0.2669314535049269E+04      0.7125536049507366E+07     -0.1902187661608606E+11      0.5078169548823024E+14     -0.1355748213342790E+18
  0.43900000E+03     -0.2680406260289302E+04      0.7184875545349346E+07     -0.1925998158626514E+11      0.5163099159391656E+14     -0.1384149607289659E+18
  0.44000000E+03     -0.2691630487090049E+04      0.7245175419588832E+07     -0.1950295361165264E+11      0.5250127807920039E+14     -0.1413374847577734E+18
  0.44100000E+03     -0.2702690926134037E+04      0.7304842327716474E+07     -0.1974437437256374E+11      0.5336960209263783E+14     -0.1442655376204262E+18
  0.44200000E+03     -0.2713816364415963E+04      0.7365104884087565E+07     -0.1998920059519460E+11      0.5425376944792873E+14     -0.1472591872577581E+18
  0.44300000E+03     -0.2724965589531068E+04      0.7425745420063295E+07     -0.2023657869860221E+11      0.5515083785323543E+14     -0.1503090460782986E+18
  0.44400000E+03     -0.2736112729726952E+04      0.7486623271513493E+07     -0.2048594345521025E+11      0.5605881922279127E+14     -0.1534086678096003E+18
  0.44500000E+03     -0.2747143266183078E+04      0.7547109319362891E+07     -0.2073471091770417E+11      0.5696830924873309E+14     -0.1565260646457993E+18
  0.44600000E+03     -0.2758177569585934E+04      0.7607859560402440E+07     -0.2098557066661901E+11      0.5788914051737023E+14     -0.1596950411441041E+18
  0.44700000E+03     -0.2769256292783148E+04      0.7669097109575020E+07     -0.2123944902928192E+11      0.5882476069317559E+14     -0.1629277251832815E+18
  0.44800000E+03     -0.2780343432383912E+04      0.7730630312316002E+07     -0.2149559017902766E+11      0.5977255745892720E+14     -0.1662157941005528E+18
  0.44900000E+03     -0.2791468005832965E+04      0.7792616563442469E+07     -0.2175464232495531E+11      0.6073493402651535E+14     -0.1695677067883764E+18
  0.45000000E+03     -0.2802589189440962E+04      0.7854832040199798E+07     -0.2201569354670038E+11      0.6170862042669009E+14     -0.1729725909676433E+18
  0.45100000E+03     -0.2813652188958767E+04      0.7916966980472161E+07     -0.2227743871527681E+11      0.6268875896073803E+14     -0.1764136018262893E+18
  0.45200000E+03     -0.2824671053248215E+04      0.7979097286486020E+07     -0.2254019309711111E+11      0.6367654403948993E+14     -0.1798950887114184E+18
  0.45300000E+03     -0.2835711896498830E+04      0.8041595802774962E+07     -0.2280554181332642E+11      0.6467799641021314E+14     -0.1834385967393295E+18
  0.45400000E+03     -0.2846675344908110E+04      0.8103895729361773E+07     -0.2307106821550106E+11      0.6568398697725572E+14     -0.1870119003265716E+18
  0.45500000E+03     -0.2857608865903808E+04      0.8166265744371329E+07     -0.2333792080106847E+11      0.6669890963163542E+14     -0.1906308640659794E+18
  0.45600000E+03     -0.2868608393617069E+04      0.8229254291786448E+07     -0.2360845916613114E+11      0.6773181859541949E+14     -0.1943281661673240E+18
  0.45700000E+03     -0.2879499792576217E+04      0.8291860743503195E+07     -0.2387837866429816E+11      0.6876628257645552E+14     -0.1980451119553754E+18
  0.45800000E+03     -0.2890489800191760E+04      0.8355275475820788E+07     -0.2415282787881319E+11      0.6982212639909233E+14     -0.2018533757699046E+18
  0.45900000E+03     -0.2901354538658107E+04      0.8418205515839742E+07     -0.2442621395599643E+11      0.7087787529716286E+14     -0.2056757616402647E+18
  0.46000000E+03     -0.2912272146873112E+04      0.8481679635262495E+07     -0.2470300088275165E+11      0.7195077809308080E+14     -0.2095748662254665E+18
  0.46100000E+03     -0.2923069129771567E+04      0.8544685093268570E+07     -0.2497876239739813E+11      0.7302366777031973E+14     -0.2134883739480242E+18
  0.46200000E+03     -0.2934030347112075E+04      0.8608889627302447E+07     -0.2526082936163884E+11      0.7412521867503189E+14     -0.2175215439528240E+18
  0.46300000E+03     -0.2944828993317925E+04      0.8672376679551790E+07     -0.2554077948583909E+11      0.7522256072555942E+14     -0.2215542171057228E+18
  0.46400000E+03     -0.2955676625151928E+04      0.8736385695185864E+07     -0.2582406678203095E+11      0.7633705795640367E+14     -0.2256649628931349E+18
  0.46500000E+03     -0.2966477683839513E+04      0.8800352730153371E+07     -0.2610820248922963E+11      0.7745897646342353E+14     -0.2298181978549453E+18
  0.46600000E+03     -0.2977250044590123E+04      0.8864384034505995E+07     -0.2639366787076904E+11      0.7859028325192497E+14     -0.2340215615687669E+18
  0.46700000E+03     -0.2988095044854717E+04      0.8929080467463136E+07     -0.2668314267183176E+11      0.7974163242820019E+14     -0.2383148789728818E+18
  0.46800000E+03     -0.2998816391685281E+04      0.8993269969718542E+07     -0.2697138537670428E+11      0.8089221687498408E+14     -0.2426208224085526E+18
  0.46900000E+03     -0.3009463544000017E+04      0.9057245824590389E+07     -0.2725970772476266E+11      0.8204728153462280E+14     -0.2469591651312560E+18
  0.47000000E+03     -0.3020132841732158E+04      0.9121578852568656E+07     -0.2755065338701919E+11      0.8321693098224309E+14     -0.2513676492679736E+18
  0.47100000E+03     -0.3030842612960322E+04      0.9186388769589011E+07     -0.2784481254656469E+11      0.8440376266049838E+14     -0.2558570204572687E+18
  0.47200000E+03     -0.3041472626051115E+04      0.9250939024870155E+07     -0.2813880886748977E+11      0.8559404995738322E+14     -0.2603750749275956E+18
  0.47300000E+03     -0.3051969696950356E+04      0.9314903346760007E+07     -0.2843114809437100E+11      0.8678173754365159E+14     -0.2648989120407922E+18
  0.47400000E+03     -0.3062627629333262E+04      0.9380075857650677E+07     -0.2873005479325233E+11      0.8800037002721752E+14     -0.2695569127394598E+18
  0.47500000E+03     -0.3073135576562984E+04      0.9444554046200175E+07     -0.2902680249472100E+11      0.8921439520913995E+14     -0.2742133913438269E+18
  0.47600000E+03     -0.3083610555333369E+04      0.9509047965657048E+07     -0.2932462950075268E+11      0.9043696953186244E+14     -0.2789185702738978E+18
  0.47700000E+03     -0.3094304800793506E+04      0.9575117991782082E+07     -0.2963078243390845E+11      0.9169803661625419E+14     -0.2837885546012693E+18
  0.47800000E+03     -0.3104610990142074E+04      0.9639008433881853E+07     -0.2992784870815598E+11      0.9292586223353073E+14     -0.2885463932000531E+18
  0.47900000E+03     -0.3114998192829615E+04      0.9703616149862913E+07     -0.3022925325144062E+11      0.9417577881663055E+14     -0.2934060084273148E+18
  0.48000000E+03     -0.3125369177415921E+04      0.9768338084510567E+07     -0.3053219751032117E+11      0.9543627025851708E+14     -0.2983230831079932E+18
  0.48100000E+03     -0.3135891158611016E+04      0.9834220294278111E+07     -0.3084159613070447E+11      0.9672788910180831E+14     -0.3033783017679121E+18
  0.48200000E+03     -0.3146209037211220E+04      0.9899042248745514E+07     -0.3114704154186467E+11      0.9800730301286364E+14     -0.3084026334445537E+18
  0.48300000E+03     -0.3156396553867944E+04      0.9963253505116429E+07     -0.3145059390768847E+11      0.9928292471731098E+14     -0.3134283708276986E+18
  0.48400000E+03     -0.3166826638607195E+04      0.1002920818560534E+08     -0.3176340568134494E+11      0.1006017475326944E+15     -0.3186412720230673E+18
  0.48500000E+03     -0.3176894026153085E+04      0.1009307459015712E+08     -0.3206728969260865E+11      0.1018870612439600E+15     -0.3237381017754747E+18
  0.48600000E+03     -0.3187150638491392E+04      0.1015835027298774E+08     -0.3237887614629590E+11      0.1032091833909462E+15     -0.3289977203278632E+18
  0.48700000E+03     -0.3197419402418636E+04      0.1022391725769795E+08     -0.3269287787143064E+11      0.1045459169228354E+15     -0.3343328800678567E+18
  0.48800000E+03     -0.3207543205774573E+04      0.1028876247057212E+08     -0.3300440203444744E+11      0.1058762836031468E+15     -0.3396593634314685E+18
  0.48900000E+03     -0.3217487973326335E+04      0.1035266079335323E+08     -0.3331234058645018E+11      0.1071954654154948E+15     -0.3449576448726895E+18
  0.49000000E+03     -0.3227633365297815E+04      0.1041805146329669E+08     -0.3362845359484523E+11      0.1085538876410732E+15     -0.3504305359916707E+18
  0.49100000E+03     -0.3237463975771162E+04      0.1048161111195173E+08     -0.3393667458694874E+11      0.1098825323781864E+15     -0.3558001769838871E+18
  0.49200000E+03     -0.3247322178405412E+04      0.1054554572442273E+08     -0.3424767017051320E+11      0.1112272729219057E+15     -0.3612516348319587E+18
  0.49300000E+03     -0.3257488386288721E+04      0.1061167696843754E+08     -0.3457032245593146E+11      0.1126266326754769E+15     -0.3669416629465064E+18
  0.49400000E+03     -0.3268703068638455E+04      0.1068510861507596E+08     -0.3493099655125076E+11      0.1142015957567346E+15     -0.3733904131667831E+18
  0.49500000E+03     -0.3333292974660088E+04      0.1111932497557848E+08     -0.3712122294803507E+11      0.1240258473934839E+15     -0.4147200360845088E+18
  0.49600000E+03     -0.3432892970701817E+04      0.1179361224294152E+08     -0.4054628496073676E+11      0.1394967527579151E+15     -0.4802606207377466E+18
  0.49700000E+03     -0.3442427267156118E+04      0.1185933147818475E+08     -0.4088627943793933E+11      0.1410613499841503E+15     -0.4870151946696235E+18
  0.49800000E+03     -0.3503195615807057E+04      0.1227856033657112E+08     -0.4305673841365997E+11      0.1510558878349768E+15     -0.5301875818255048E+18
  0.49900000E+03     -0.3540683048145961E+04      0.1254586723327676E+08     -0.4448629697931419E+11      0.1578518056211690E+15     -0.5604757710043068E+18
  0.50000000E+03     -0.3558144257449710E+04      0.1266495254143910E+08     -0.4509557966882175E+11      0.1606234792536370E+15     -0.5722994166570857E+18
  0.50100000E+03     -0.3532879290914841E+04      0.1248353863267897E+08     -0.4411908306565041E+11      0.1559534171606629E+15     -0.5513695730968341E+18
  0.50200000E+03     -0.3543276654656657E+04      0.1255701209522037E+08     -0.4450825864111366E+11      0.1577847199696465E+15     -0.5594438335913524E+18
  0.50300000E+03     -0.3562787112633094E+04      0.1269479363837044E+08     -0.4523824117956173E+11      0.1612235762804932E+15     -0.5746358589886236E+18
  0.50400000E+03     -0.3578118415382582E+04      0.1280379687822085E+08     -0.4581962157203815E+11      0.1639805022570462E+15     -0.5868948405010071E+18
  0.50500000E+03     -0.3596588373647077E+04      0.1293613600891056E+08     -0.4653085130029324E+11      0.1673784453050569E+15     -0.6021153712446573E+18
  0.50600000E+03     -0.3610849455024774E+04      0.1303900034354917E+08     -0.4708733429947086E+11      0.1700545302771013E+15     -0.6141805179672040E+18
  0.50700000E+03     -0.3607832498709100E+04      0.1301688535688513E+08     -0.4696584416781138E+11      0.1694616835993600E+15     -0.6114700976928472E+18
  0.50800000E+03     -0.3617195362837037E+04      0.1308452453063543E+08     -0.4733233542837495E+11      0.1712268713865961E+15     -0.6194409352447671E+18
  0.50900000E+03     -0.3626777044478776E+04      0.1315392740170241E+08     -0.4770937650221740E+11      0.1730476687862748E+15     -0.6276845959915315E+18
  0.51000000E+03     -0.3637943474141224E+04      0.1323503530828019E+08     -0.4815123892470506E+11      0.1751874638103933E+15     -0.6373995846242687E+18
