  0.00000000E+00     -0.1338358120590861E-08      0.2425663926870727E-17     -0.4841923463257848E-26      0.1025596997319124E-34     -0.2259014656399846E-43
  0.10000000E+01     -0.6057413400748766E-03      0.3669225710668223E-06     -0.2222601699012712E-09      0.1346321731583322E-12     -0.8155227298690219E-16
  0.20000000E+01     -0.4684026130199005E-01      0.2939180327135216E-01     -0.2312910298348177E-01      0.2150570323168432E-01     -0.1529267468178553E-01
  0.30000000E+01     -0.1394456916820102E+00      0.1039158671595168E+00     -0.1043062976659034E+00      0.1361041571756217E+00     -0.1982645323692093E+00
  0.40000000E+01     -0.2792189028897373E+00      0.2530219976992253E+00     -0.3205292631095976E+00      0.5401433070635835E+00     -0.1095630618914376E+01
  0.50000000E+01     -0.4672659289624660E+00      0.5215303141080463E+00     -0.8188528648172519E+00      0.1700576817601484E+01     -0.4349201697509050E+01
  0.60000000E+01     -0.7040827695101343E+00      0.9687543487182595E+00     -0.1852037000869451E+01      0.4623967784186399E+01     -0.1426232884069197E+02
  0.70000000E+01     -0.9910884483760047E+00      0.1672878399992270E+01     -0.3842042761599935E+01      0.1135255617088157E+02     -0.4133193640199241E+02
  0.80000000E+01     -0.1329430006189603E+01      0.2729098154175040E+01     -0.7438841857611657E+01      0.2566889713026992E+02     -0.1083211303399573E+03
  0.90000000E+01     -0.1720235725490436E+01      0.4253429616339256E+01     -0.1363358483250521E+02      0.5448131666540585E+02     -0.2640115844114952E+03
  0.10000000E+02     -0.2165690750207744E+01      0.6388089195718316E+01     -0.2389038584630253E+02      0.1098115258577523E+03     -0.6065732278639174E+03
  0.11000000E+02     -0.2667077165579468E+01      0.9297242549525876E+01     -0.4028714680589817E+02      0.2117769809124593E+03     -0.1325976823390104E+04
  0.12000000E+02     -0.3227070600876470E+01      0.1318230362952033E+02     -0.6580165630921110E+02      0.3939334375205059E+03     -0.2786889603130626E+04
  0.13000000E+02     -0.3847639237202845E+01      0.1827044624223647E+02     -0.1044464409016218E+03      0.7087536495676677E+03     -0.5641732260109480E+04
  0.14000000E+02     -0.4531155089666496E+01      0.2483023950749672E+02     -0.1617446902065507E+03      0.1239441546861196E+04     -0.1106711992757481E+05
  0.15000000E+02     -0.5281540387075749E+01      0.3318708891541593E+02     -0.2452007040022035E+03      0.2114195786539648E+04     -0.2111234939520148E+05
  0.16000000E+02     -0.6102577790313843E+01      0.4372646693893962E+02     -0.3650475573996466E+03      0.3531971831753153E+04     -0.3935863857886201E+05
  0.17000000E+02     -0.6998011985540563E+01      0.5688154905471973E+02     -0.5344976046291918E+03      0.5784793929993934E+04     -0.7172415569742178E+05
  0.18000000E+02     -0.7972978268673452E+01      0.7318547651544199E+02     -0.7714232731189059E+03      0.9313049290766741E+04     -0.1281492693413424E+06
  0.19000000E+02     -0.9035408337557064E+01      0.9331545370524401E+02     -0.1100487873374307E+04      0.1479282145376459E+05     -0.2256241447812298E+06
  0.20000000E+02     -0.1019048865438023E+02      0.1180061133900001E+03     -0.1553006231388133E+04      0.2319411270837224E+05     -0.3913138263269649E+06
  0.21000000E+02     -0.1144802412399022E+02      0.1482206785188565E+03     -0.2172033557224613E+04      0.3597448839725251E+05     -0.6701403072146566E+06
  0.22000000E+02     -0.1281526690132833E+02      0.1850221849864866E+03     -0.3012559936069971E+04      0.5522377762642209E+05     -0.1133513160935777E+07
  0.23000000E+02     -0.1430824460687773E+02      0.2299155668888807E+03     -0.4152913490241441E+04      0.8412907767187519E+05     -0.1899622613329544E+07
  0.24000000E+02     -0.1593628391847930E+02      0.2844528699999585E+03     -0.5689753975272542E+04      0.1271413236159992E+06     -0.3151768971563779E+07
  0.25000000E+02     -0.1771593970665206E+02      0.3506926542386154E+03     -0.7755167752061255E+04      0.1908007083528875E+06     -0.5182131341106975E+07
  0.26000000E+02     -0.1966175365327284E+02      0.4309485997422046E+03     -0.1051580513511425E+05      0.2841749983441141E+06     -0.8431783024771027E+07
  0.27000000E+02     -0.2179163085207060E+02      0.5280895625037806E+03     -0.1419543370157722E+05      0.4205633548110891E+06     -0.1360622376749772E+08
  0.28000000E+02     -0.2411914273102419E+02      0.6451546287147672E+03     -0.1906317656472494E+05      0.6175834380633645E+06     -0.2172355889864893E+08
  0.29000000E+02     -0.2665419498655776E+02      0.7853360665984003E+03     -0.2544115263043763E+05      0.8985403662919083E+06     -0.3425365451246545E+08
  0.30000000E+02     -0.2940606507733953E+02      0.9521703992693214E+03     -0.3372303502984052E+05      0.1294536515057898E+07     -0.5332648579747421E+08
  0.31000000E+02     -0.3238424243763655E+02      0.1149533024955239E+04     -0.4437765569834237E+05      0.1845602891070823E+07     -0.8188897226855120E+08
  0.32000000E+02     -0.3557433356681276E+02      0.1379890393685459E+04     -0.5785981044599626E+05      0.2597689575397928E+07     -0.1237279901852959E+09
  0.33000000E+02     -0.3896800220548111E+02      0.1646132532862416E+04     -0.7470201864658581E+05      0.3608056726210713E+07     -0.1838942948766721E+09
  0.34000000E+02     -0.4253798088852434E+02      0.1949477938237533E+04     -0.9538184076038891E+05      0.4938606731863412E+07     -0.2685052172685081E+09
  0.35000000E+02     -0.4625971148409560E+02      0.2290983187648755E+04     -0.1203987496551314E+06      0.6660184218837985E+07     -0.3851129967203910E+09
  0.36000000E+02     -0.5010312312417236E+02      0.2670622030958144E+04     -0.1501922374480874E+06      0.8847043476488275E+07     -0.5424927201021091E+09
  0.37000000E+02     -0.5402982786708940E+02      0.3086766223574405E+04     -0.1850686522287187E+06      0.1156945728523007E+08     -0.7500940063983086E+09
  0.38000000E+02     -0.5801870185201469E+02      0.3539317562619546E+04     -0.2254877367266784E+06      0.1491829787759693E+08     -0.1020209514501317E+10
  0.39000000E+02     -0.6203803874819631E+02      0.4025789852424821E+04     -0.2716482840772136E+06      0.1896698716883390E+08     -0.1364855764615277E+10
  0.40000000E+02     -0.6608280637608833E+02      0.4546693194256942E+04     -0.3240355544785172E+06      0.2382048596617159E+08     -0.1800013823746023E+10
  0.41000000E+02     -0.7012329427857260E+02      0.5098623874710127E+04     -0.3827009277069240E+06      0.2954727793584427E+08     -0.2339624333515759E+10
  0.42000000E+02     -0.7415972772939816E+02      0.5681811224985589E+04     -0.4480501522135260E+06      0.3625376586476821E+08     -0.3002397394228405E+10
  0.43000000E+02     -0.7818806502421424E+02      0.6295897371083287E+04     -0.5204324544944956E+06      0.4404737458806641E+08     -0.3808724501372480E+10
  0.44000000E+02     -0.8220017469532118E+02      0.6939446016132778E+04     -0.6000350606708778E+06      0.5302159365632572E+08     -0.4779022646818273E+10
  0.45000000E+02     -0.8619247610687077E+02      0.7611683924884249E+04     -0.6871123685763087E+06      0.6328073296886543E+08     -0.5936157747189091E+10
  0.46000000E+02     -0.9017506696305178E+02      0.8313911645048349E+04     -0.7821615422958854E+06      0.7496115282487305E+08     -0.7308194835129845E+10
  0.47000000E+02     -0.9414553803114471E+02      0.9045588872107252E+04     -0.8854666500302668E+06      0.8818182767173387E+08     -0.8923197080026276E+10
  0.48000000E+02     -0.9810223842511516E+02      0.9806178885927102E+04     -0.9973004104349028E+06      0.1030654310281900E+09     -0.1081161406073698E+11
  0.49000000E+02     -0.1020483387528772E+03      0.1059595089603713E+05     -0.1118021800508728E+07      0.1197459983784801E+09     -0.1300641597312448E+11
  0.50000000E+02     -0.1059901366997328E+03      0.1141605283290463E+05     -0.1248162600371907E+07      0.1383927300842320E+09     -0.1554804350841568E+11
  0.51000000E+02     -0.1099288517063951E+03      0.1226662537061738E+05     -0.1388097120602750E+07      0.1591576936072822E+09     -0.1847664283111736E+11
  0.52000000E+02     -0.1138586578653391E+03      0.1314631845580958E+05     -0.1537959856136124E+07      0.1821640118200422E+09     -0.2183065746395668E+11
  0.53000000E+02     -0.1177893192087830E+03      0.1405709660794098E+05     -0.1698412241149645E+07      0.2076149374684663E+09     -0.2566154356545558E+11
  0.54000000E+02     -0.1217209808779051E+03      0.1499917417373603E+05     -0.1869892101195293E+07      0.2356971957485610E+09     -0.3002259045610346E+11
  0.55000000E+02     -0.1256560437705474E+03      0.1597302959470706E+05     -0.2052838085347143E+07      0.2665964250146165E+09     -0.3496848997494598E+11
  0.56000000E+02     -0.1296058340767583E+03      0.1698179208745137E+05     -0.2248261668938573E+07      0.3006120612294989E+09     -0.4057633401144637E+11
  0.57000000E+02     -0.1335447706961398E+03      0.1801886836269407E+05     -0.2455248340127941E+07      0.3377092058110962E+09     -0.4687037307588251E+11
  0.58000000E+02     -0.1374985980852428E+03      0.1909109117241441E+05     -0.2675541406063028E+07      0.3783304903190310E+09     -0.5395777772061824E+11
  0.59000000E+02     -0.1414579750774600E+03      0.2019624795787774E+05     -0.2909119805458611E+07      0.4226158789469433E+09     -0.6189863089310909E+11
  0.60000000E+02     -0.1454326404070277E+03      0.2133719368060054E+05     -0.3156993791148571E+07      0.4709020948651338E+09     -0.7079098672748753E+11
  0.61000000E+02     -0.1494138906710998E+03      0.2251181563457742E+05     -0.3419160975655230E+07      0.5233465670682307E+09     -0.8070502924519714E+11
  0.62000000E+02     -0.1534135202693805E+03      0.2372377859813489E+05     -0.3696864792322044E+07      0.5803564304741189E+09     -0.9176092387209167E+11
  0.63000000E+02     -0.1574296735079911E+03      0.2497285462075317E+05     -0.3990510405186329E+07      0.6421833404838778E+09     -0.1040540003175219E+12
  0.64000000E+02     -0.1614573030229954E+03      0.2625793663971417E+05     -0.4300332294892387E+07      0.7090589067451786E+09     -0.1176815066720705E+12
  0.65000000E+02     -0.1655172548606031E+03      0.2758631769726232E+05     -0.4628638151368529E+07      0.7816815328138576E+09     -0.1328425849373669E+12
  0.66000000E+02     -0.1695967310826266E+03      0.2895431468446362E+05     -0.4975041576617275E+07      0.8601665503972638E+09     -0.1496203314391075E+12
  0.67000000E+02     -0.1737046704635418E+03      0.3036552446082162E+05     -0.5341016878362137E+07      0.9450656877782649E+09     -0.1681978444784078E+12
  0.68000000E+02     -0.1778393481418004E+03      0.3182010232033205E+05     -0.5727214883743281E+07      0.1036764966158781E+10     -0.1887308283624399E+12
  0.69000000E+02     -0.1820024940457154E+03      0.3331932041062861E+05     -0.6134568929519367E+07      0.1135723710460360E+10     -0.2113962570640762E+12
  0.70000000E+02     -0.1861935378332952E+03      0.3486352916137490E+05     -0.6563765314677237E+07      0.1242355984671645E+10     -0.2363687251907296E+12
  0.71000000E+02     -0.1904214486772498E+03      0.3645717550869441E+05     -0.7016792167714898E+07      0.1357447474621857E+10     -0.2639244662943385E+12
  0.72000000E+02     -0.1946856446766422E+03      0.3810086976436621E+05     -0.7494526703954121E+07      0.1481515355445402E+10     -0.2942847119981108E+12
  0.73000000E+02     -0.1989862532849726E+03      0.3979550861518616E+05     -0.7997938187229496E+07      0.1615112433163738E+10     -0.3276863862021227E+12
  0.74000000E+02     -0.2033244018642387E+03      0.4154261327455504E+05     -0.8528281047372963E+07      0.1758909628340779E+10     -0.3644123082793304E+12
  0.75000000E+02     -0.2076978846616263E+03      0.4334210300219100E+05     -0.9086269887308901E+07      0.1913432255338471E+10     -0.4047141738005959E+12
  0.76000000E+02     -0.2121033147451503E+03      0.4519352322422879E+05     -0.9672545533445159E+07      0.2079206921844056E+10     -0.4488542293022514E+12
  0.77000000E+02     -0.2165440803713471E+03      0.4709891289239288E+05     -0.1028847659948754E+08      0.2256971311284156E+10     -0.4971604710960596E+12
  0.78000000E+02     -0.2210150875611735E+03      0.4905748900504300E+05     -0.1093477915510703E+08      0.2447357919754266E+10     -0.5499595176435281E+12
  0.79000000E+02     -0.2255241467488904E+03      0.5107314167722689E+05     -0.1161343201391046E+08      0.2651310352284082E+10     -0.6076554869793795E+12
  0.80000000E+02     -0.2300604204421731E+03      0.5314191944890389E+05     -0.1232395232908653E+08      0.2869099573257166E+10     -0.6704876010111583E+12
  0.81000000E+02     -0.2346133675330156E+03      0.5525959805500405E+05     -0.1306564051279194E+08      0.3100907276600222E+10     -0.7386696077087400E+12
  0.82000000E+02     -0.2391859968057621E+03      0.5742811280641759E+05     -0.1383993225162720E+08      0.3347593952581896E+10     -0.8126262761691388E+12
  0.83000000E+02     -0.2437786299428785E+03      0.5964838770093505E+05     -0.1464800722014916E+08      0.3609986281570338E+10     -0.8927938193502897E+12
  0.84000000E+02     -0.2483861408163060E+03      0.6191816944514983E+05     -0.1548970399250574E+08      0.3888429710255870E+10     -0.9794546011855729E+12
  0.85000000E+02     -0.2530091905899903E+03      0.6423818977296489E+05     -0.1636603072247348E+08      0.4183692783804239E+10     -0.1073041989046177E+13
  0.86000000E+02     -0.2576379440324477E+03      0.6660384681340888E+05     -0.1727595714796775E+08      0.4495859635896665E+10     -0.1173779452533302E+13
  0.87000000E+02     -0.2622767308647737E+03      0.6901749352118690E+05     -0.1822104193420069E+08      0.4825891652343200E+10     -0.1282179251543082E+13
  0.88000000E+02     -0.2669229476060532E+03      0.7147819565527065E+05     -0.1920167773186477E+08      0.5174395085520346E+10     -0.1398660724255885E+13
  0.89000000E+02     -0.2715717224451071E+03      0.7398351004866813E+05     -0.2021754466298902E+08      0.5541698512702465E+10     -0.1523550735317777E+13
  0.90000000E+02     -0.2762322535348343E+03      0.7653832761816158E+05     -0.2127119881150043E+08      0.5929147066740174E+10     -0.1657521516972351E+13
  0.91000000E+02     -0.2808892936790455E+03      0.7913444208052420E+05     -0.2235991937923536E+08      0.6336201746827422E+10     -0.1800620313600536E+13
  0.92000000E+02     -0.2855478884667115E+03      0.8177499302002648E+05     -0.2348577267692073E+08      0.6764141368957812E+10     -0.1953553095895729E+13
  0.93000000E+02     -0.2902153863737150E+03      0.8446417312597620E+05     -0.2465115345094203E+08      0.7214330193134167E+10     -0.2117048403414419E+13
  0.94000000E+02     -0.2948768911687547E+03      0.8719333531680449E+05     -0.2585290665166810E+08      0.7686014670500970E+10     -0.2291086347962278E+13
  0.95000000E+02     -0.2995449836448647E+03      0.8996975433141731E+05     -0.2709480701367465E+08      0.8181137706426451E+10     -0.2476640484192230E+13
  0.96000000E+02     -0.3042146666660017E+03      0.9279081901547006E+05     -0.2837644113120892E+08      0.8700068543322874E+10     -0.2674135601448145E+13
  0.97000000E+02     -0.3088825829901145E+03      0.9565436190379858E+05     -0.2969738490153780E+08      0.9243112324462309E+10     -0.2883963431185756E+13
  0.98000000E+02     -0.3135494204060196E+03      0.9856072724715409E+05     -0.3105836338805570E+08      0.9811044633763371E+10     -0.3106701702145655E+13
  0.99000000E+02     -0.3182149512395123E+03      0.1015099547519994E+06     -0.3246008868408518E+08      0.1040470262097846E+11     -0.3342987591708361E+13
  0.10000000E+03     -0.3228770393710921E+03      0.1045006462475608E+06     -0.3390248952124616E+08      0.1102456523561099E+11     -0.3593315854475320E+13
  0.10100000E+03     -0.3275348901793267E+03      0.1075318381858027E+06     -0.3538549134789208E+08      0.1167102702924256E+11     -0.3858121609581219E+13
  0.10200000E+03     -0.3321969163126202E+03      0.1106092817460888E+06     -0.3691264811406869E+08      0.1234622092041912E+11     -0.4138623537480354E+13
  0.10300000E+03     -0.3368573259707923E+03      0.1137289704846361E+06     -0.3848249147826532E+08      0.1304999451465327E+11     -0.4435074435511988E+13
  0.10400000E+03     -0.3415115262022908E+03      0.1168881451326301E+06     -0.4009439156676929E+08      0.1378267188605606E+11     -0.4747977429072682E+13
  0.10500000E+03     -0.3461701547872764E+03      0.1200935584049161E+06     -0.4175217433328467E+08      0.1454644361595363E+11     -0.5078578655157814E+13
  0.10600000E+03     -0.3508300098274805E+03      0.1233432843239587E+06     -0.4345558564527982E+08      0.1534180778907883E+11     -0.5427477290067461E+13
  0.10700000E+03     -0.3554851690000418E+03      0.1266329337533815E+06     -0.4520278747008491E+08      0.1616839861163517E+11     -0.5794848907983957E+13
  0.10800000E+03     -0.3601380736559822E+03      0.1299643459016463E+06     -0.4699543507950639E+08      0.1702760974923409E+11     -0.6181711849370097E+13
  0.10900000E+03     -0.3647894671790432E+03      0.1333380345104133E+06     -0.4883439171079679E+08      0.1792041983858132E+11     -0.6588887776658858E+13
  0.11000000E+03     -0.3694469732964322E+03      0.1367594635166331E+06     -0.5072321343364047E+08      0.1884913070357551E+11     -0.7017822049422129E+13
  0.11100000E+03     -0.3740855809963722E+03      0.1402097651280271E+06     -0.5265180032359166E+08      0.1980921959656131E+11     -0.7466762638954664E+13
  0.11200000E+03     -0.3787366199406661E+03      0.1437125528718976E+06     -0.5463412182481795E+08      0.2080831846014050E+11     -0.7939731292220835E+13
  0.11300000E+03     -0.3833732000824676E+03      0.1472475687768926E+06     -0.5665930526217251E+08      0.2184154330331561E+11     -0.8434837755632030E+13
  0.11400000E+03     -0.3880128735403854E+03      0.1508279952881205E+06     -0.5873539673015363E+08      0.2291355867545265E+11     -0.8954731403475695E+13
  0.11500000E+03     -0.3926508603493393E+03      0.1544498825111026E+06     -0.6086054638007525E+08      0.2402393975359092E+11     -0.9499609056881518E+13
  0.11600000E+03     -0.3972880955662516E+03      0.1581141673196231E+06     -0.6303601552699484E+08      0.2517402294832910E+11     -0.1007060750555741E+14
  0.11700000E+03     -0.4019219011405210E+03      0.1618186561180047E+06     -0.6526105436604355E+08      0.2636401791606824E+11     -0.1066828644696002E+14
  0.11800000E+03     -0.4065614827612561E+03      0.1655709443803010E+06     -0.6754097299306987E+08      0.2759748611081818E+11     -0.1129495714753243E+14
  0.11900000E+03     -0.4111940451766010E+03      0.1693598285580641E+06     -0.6986902258635662E+08      0.2887111804961654E+11     -0.1194926800149418E+14
  0.12000000E+03     -0.4158329863969076E+03      0.1731968513225942E+06     -0.7225324715700251E+08      0.3019015651329854E+11     -0.1263450877844919E+14
  0.12100000E+03     -0.4204613330452201E+03      0.1770679472825819E+06     -0.7468546812691267E+08      0.3155070382680233E+11     -0.1334914325922479E+14
  0.12200000E+03     -0.4251156580165506E+03      0.1810038535211107E+06     -0.7718569931324530E+08      0.3296468547399836E+11     -0.1409999472071343E+14
  0.12300000E+03     -0.4297777665652582E+03      0.1849897892474343E+06     -0.7974552340577021E+08      0.3442821974504829E+11     -0.1488564143982258E+14
  0.12400000E+03     -0.4344508746241761E+03      0.1890284289079430E+06     -0.8236722658539262E+08      0.3594328833277232E+11     -0.1570769538277914E+14
  0.12500000E+03     -0.4391379047223637E+03      0.1931227419057393E+06     -0.8505361330093744E+08      0.3751235560575750E+11     -0.1656813253058609E+14
  0.12600000E+03     -0.4438399844100160E+03      0.1972745847442561E+06     -0.8780709951657227E+08      0.3913789546499337E+11     -0.1746909012272540E+14
  0.12700000E+03     -0.4485574600794047E+03      0.2014843640868810E+06     -0.9062864666257337E+08      0.4082124933759856E+11     -0.1841194129506482E+14
  0.12800000E+03     -0.4533016655974182E+03      0.2057625710684180E+06     -0.9352614631446914E+08      0.4256799737879175E+11     -0.1940049901246013E+14
  0.12900000E+03     -0.4580777397978664E+03      0.2101154338167513E+06     -0.9650554640990908E+08      0.4438315660223137E+11     -0.2043863064331626E+14
  0.13000000E+03     -0.4628845180544000E+03      0.2145419963621830E+06     -0.9956692727635331E+08      0.4626762391178124E+11     -0.2152756131584606E+14
  0.13100000E+03     -0.4677143233714073E+03      0.2190360865457538E+06     -0.1027072766147797E+09      0.4822070633942487E+11     -0.2266778397184328E+14
  0.13200000E+03     -0.4725763869849409E+03      0.2236075454063788E+06     -0.1059350468147273E+09      0.5024907284517892E+11     -0.2386426646233829E+14
  0.13300000E+03     -0.4774786739304565E+03      0.2282647894193237E+06     -0.1092575097461831E+09      0.5235854977096767E+11     -0.2512143393432165E+14
  0.13400000E+03     -0.4824228476831760E+03      0.2330101873064402E+06     -0.1126776244366789E+09      0.5455226655464290E+11     -0.2644215972319907E+14
  0.13500000E+03     -0.4873976199989240E+03      0.2378343956044001E+06     -0.1161904507558012E+09      0.5682866295134262E+11     -0.2782674632106439E+14
  0.13600000E+03     -0.4924242495132415E+03      0.2427595377943896E+06     -0.1198139477070794E+09      0.5920105874468931E+11     -0.2928461037910861E+14
  0.13700000E+03     -0.4975029629205029E+03      0.2477868209273964E+06     -0.1235504790955858E+09      0.6167245601740368E+11     -0.3081878837465946E+14
  0.13800000E+03     -0.5026269733622768E+03      0.2529114014445352E+06     -0.1273986282690260E+09      0.6424388096743251E+11     -0.3243145621731917E+14
  0.13900000E+03     -0.5077943570720236E+03      0.2581324123219415E+06     -0.1313593456407855E+09      0.6691757456373591E+11     -0.3412535999381318E+14
  0.14000000E+03     -0.5130299777684542E+03      0.2634769072493182E+06     -0.1354554600854471E+09      0.6971106806664603E+11     -0.3591330558454375E+14
  0.14100000E+03     -0.5183285713453595E+03      0.2689414754324561E+06     -0.1396866994534647E+09      0.7262634056773442E+11     -0.3779830608182783E+14
  0.14200000E+03     -0.5236872252439161E+03      0.2745251751606184E+06     -0.1440548284482673E+09      0.7566694042067381E+11     -0.3978455873522182E+14
  0.14300000E+03     -0.5291009417288710E+03      0.2802246390404545E+06     -0.1485595789280939E+09      0.7883496949993735E+11     -0.4187534835526471E+14
  0.14400000E+03     -0.5345823065888376E+03      0.2860552406934827E+06     -0.1532157212530846E+09      0.8214331519231450E+11     -0.4408126168375470E+14
  0.14500000E+03     -0.5401274668194325E+03      0.2920150019889498E+06     -0.1580243861266698E+09      0.8559542496879546E+11     -0.4640683644581630E+14
  0.14600000E+03     -0.5457336264294840E+03      0.2981035317176962E+06     -0.1629883952419204E+09      0.8919631224572401E+11     -0.4885795640335701E+14
  0.14700000E+03     -0.5514032594864082E+03      0.3043247308776824E+06     -0.1681129938082467E+09      0.9295205533644444E+11     -0.5144083199661959E+14
  0.14800000E+03     -0.5571168499290488E+03      0.3106594643747263E+06     -0.1733853788559830E+09      0.9685622931259937E+11     -0.5415361986148073E+14
  0.14900000E+03     -0.5628888770105855E+03      0.3171252067467337E+06     -0.1788224096877597E+09      0.1009238678236739E+12     -0.5700911527493989E+14
  0.15000000E+03     -0.5686938052259970E+03      0.3236953911048485E+06     -0.1844046098722790E+09      0.1051434000566959E+12     -0.6000190204992071E+14
  0.15100000E+03     -0.5745385478612612E+03      0.3303789330328225E+06     -0.1901416654697095E+09      0.1095246347926780E+12     -0.6314133104254670E+14
  0.15200000E+03     -0.5804299215035049E+03      0.3371840331708941E+06     -0.1960421661879820E+09      0.1140762300831789E+12     -0.6643576249502888E+14
  0.15300000E+03     -0.5863376435123819E+03      0.3440788047834076E+06     -0.2020823371019721E+09      0.1187837500147235E+12     -0.6987823438726321E+14
  0.15400000E+03     -0.5922545093594937E+03      0.3510540389705958E+06     -0.2082546837484142E+09      0.1236427892731373E+12     -0.7346729538822025E+14
  0.15500000E+03     -0.5981930021035857E+03      0.3581249110199495E+06     -0.2145742837379524E+09      0.1286674907211846E+12     -0.7721578924349311E+14
  0.15600000E+03     -0.6041395927136489E+03      0.3652763782268116E+06     -0.2210298681334454E+09      0.1338515927807454E+12     -0.8112177777733264E+14
  0.15700000E+03     -0.6100957139135622E+03      0.3725104888861111E+06     -0.2276248828455814E+09      0.1392001877957622E+12     -0.8519163259172247E+14
  0.15800000E+03     -0.6160539688216812E+03      0.3798179655197760E+06     -0.2343518537584000E+09      0.1447090232674183E+12     -0.8942426131089586E+14
  0.15900000E+03     -0.6220172682723751E+03      0.3872023227615504E+06     -0.2412152423153927E+09      0.1503837984211219E+12     -0.9382641192201972E+14
  0.16000000E+03     -0.6279770772074551E+03      0.3946537012432890E+06     -0.2482077860628039E+09      0.1562211045541876E+12     -0.9839824628191808E+14
  0.16100000E+03     -0.6339376183296986E+03      0.4021770903015796E+06     -0.2553351946081081E+09      0.1622276470314059E+12     -0.1031473788009919E+15
  0.16200000E+03     -0.6398992984693053E+03      0.4097730400082705E+06     -0.2625992993157389E+09      0.1684071454583172E+12     -0.1080793165169239E+15
  0.16300000E+03     -0.6458779644207970E+03      0.4174618328890376E+06     -0.2700208409975190E+09      0.1747794535141121E+12     -0.1132125170003900E+15
  0.16400000E+03     -0.6518535322626068E+03      0.4252182361193761E+06     -0.2775773248847243E+09      0.1813279549800638E+12     -0.1185366523421482E+15
  0.16500000E+03     -0.6578216714754714E+03      0.4330361994082783E+06     -0.2852637162853902E+09      0.1880501356681624E+12     -0.1240520765015794E+15
  0.16600000E+03     -0.6637911905843349E+03      0.4409271750655716E+06     -0.2930924550937392E+09      0.1949590107674551E+12     -0.1297721236671200E+15
  0.16700000E+03     -0.6697629848012044E+03      0.4488924524641825E+06     -0.3010662138149167E+09      0.2020593011262307E+12     -0.1357035928991124E+15
  0.16800000E+03     -0.6757472011714370E+03      0.4569460428651369E+06     -0.3092007719078177E+09      0.2093677519654708E+12     -0.1418636678037784E+15
  0.16900000E+03     -0.6817255790583763E+03      0.4650636329045172E+06     -0.3174731324407013E+09      0.2168662653565268E+12     -0.1482402308098834E+15
  0.17000000E+03     -0.6876909561956548E+03      0.4732344952899645E+06     -0.3258726185917395E+09      0.2245465478116847E+12     -0.1548283847101820E+15
  0.17100000E+03     -0.6936598000518441E+03      0.4814812064836367E+06     -0.3344237375182965E+09      0.2324333610596577E+12     -0.1616523855411424E+15
  0.17200000E+03     -0.6996473603596728E+03      0.4898255470613830E+06     -0.3431510919141036E+09      0.2405524363962484E+12     -0.1687381448546439E+15
  0.17300000E+03     -0.7056166616857219E+03      0.4982157871755210E+06     -0.3520016380038295E+09      0.2488565916398625E+12     -0.1760473993454588E+15
  0.17400000E+03     -0.7115801726575319E+03      0.5066689253802981E+06     -0.3609940483343290E+09      0.2573652558772119E+12     -0.1835999961770075E+15
  0.17500000E+03     -0.7175434146219480E+03      0.5151932218810273E+06     -0.3701388283625498E+09      0.2660911822627622E+12     -0.1914108040348321E+15
  0.17600000E+03     -0.7235063761764181E+03      0.5237878075329006E+06     -0.3794354152331458E+09      0.2750354085752982E+12     -0.1994832526383594E+15
  0.17700000E+03     -0.7294740000246404E+03      0.5324603124036095E+06     -0.3888938751493433E+09      0.2842105778120873E+12     -0.2078325154723462E+15
  0.17800000E+03     -0.7354494395529011E+03      0.5412158740898634E+06     -0.3985216926194000E+09      0.2936270101901484E+12     -0.2164718893087598E+15
  0.17900000E+03     -0.7414280530091148E+03      0.5500474463898020E+06     -0.4083121389991096E+09      0.3032803798996733E+12     -0.2254006263236116E+15
  0.18000000E+03     -0.7473950624564716E+03      0.5589330966416163E+06     -0.4182420535902205E+09      0.3131502336823555E+12     -0.2346031623219227E+15
  0.18100000E+03     -0.7533656368995815E+03      0.5678952129073826E+06     -0.4283375114934020E+09      0.3232648071842742E+12     -0.2441091651193691E+15
  0.18200000E+03     -0.7593506711154240E+03      0.5769509158552315E+06     -0.4386199526984310E+09      0.3336490295053864E+12     -0.2539465152567391E+15
  0.18300000E+03     -0.7653202255097069E+03      0.5860545903445610E+06     -0.4490385063961809E+09      0.3442537493974387E+12     -0.2640719752908433E+15
  0.18400000E+03     -0.7712980753082687E+03      0.5952421577430960E+06     -0.4596351818613871E+09      0.3551239474199762E+12     -0.2745318568394894E+15
  0.18500000E+03     -0.7772747757100145E+03      0.6044993493833069E+06     -0.4703950795015545E+09      0.3662472389553563E+12     -0.2853182827875233E+15
  0.18600000E+03     -0.7832371320714487E+03      0.6138055756145016E+06     -0.4812953759187721E+09      0.3776025027333459E+12     -0.2964144539453608E+15
  0.18700000E+03     -0.7892103882761025E+03      0.6231998849520799E+06     -0.4923826533082600E+09      0.3892404544974323E+12     -0.3078733454901964E+15
  0.18800000E+03     -0.7951898774912901E+03      0.6326759437429395E+06     -0.5036519065749788E+09      0.4011597753803458E+12     -0.3196988506596844E+15
  0.18900000E+03     -0.8011571438985322E+03      0.6422036709066726E+06     -0.5150676691816413E+09      0.4133246476558668E+12     -0.3318584720804988E+15
  0.19000000E+03     -0.8071307660507557E+03      0.6518133568484073E+06     -0.5266682580944130E+09      0.4257794135121622E+12     -0.3444013925548039E+15
  0.19100000E+03     -0.8131066682041821E+03      0.6614978633334935E+06     -0.5384456458778173E+09      0.4385174715394952E+12     -0.3573243862775015E+15
  0.19200000E+03     -0.8190874968265275E+03      0.6712611441342161E+06     -0.5504054803500603E+09      0.4515471838332246E+12     -0.3706395848045824E+15
  0.19300000E+03     -0.8250530296951518E+03      0.6810714812428781E+06     -0.5625117741596580E+09      0.4648338619101804E+12     -0.3843175805830442E+15
  0.19400000E+03     -0.8310251412080903E+03      0.6909640336729956E+06     -0.5748082245446651E+09      0.4784272419390640E+12     -0.3984128827172193E+15
  0.19500000E+03     -0.8369649443266453E+03      0.7008728542292991E+06     -0.5872121676436057E+09      0.4922365148832130E+12     -0.4128333076614623E+15
  0.19600000E+03     -0.8429289231160685E+03      0.7108939196002880E+06     -0.5998472533020353E+09      0.5064047035067411E+12     -0.4277353316786471E+15
  0.19700000E+03     -0.8488878603077867E+03      0.7209773634523361E+06     -0.6126509087851858E+09      0.5208634106036707E+12     -0.4430503768464227E+15
  0.19800000E+03     -0.8548494714492663E+03      0.7311364705666666E+06     -0.6256415340863554E+09      0.5356365427144086E+12     -0.4588085581484858E+15
  0.19900000E+03     -0.8608116723361924E+03      0.7413677092342712E+06     -0.6388159456699823E+09      0.5507234783170953E+12     -0.4750139908726439E+15
  0.20000000E+03     -0.8667661230729317E+03      0.7516565713125673E+06     -0.6521564437419536E+09      0.5661064841588540E+12     -0.4916518644686871E+15
  0.20100000E+03     -0.8727145645136222E+03      0.7620058342657667E+06     -0.6656676183288832E+09      0.5817934757350490E+12     -0.5087351777546286E+15
  0.20200000E+03     -0.8786677699031693E+03      0.7724347078051863E+06     -0.6793764195349861E+09      0.5978193798581641E+12     -0.5263075185976981E+15
  0.20300000E+03     -0.8846153195378802E+03      0.7829239870195102E+06     -0.6932576351845869E+09      0.6141562588778986E+12     -0.5443415767214118E+15
  0.20400000E+03     -0.8905702395422365E+03      0.7934978026099101E+06     -0.7073459861300716E+09      0.6308497305181522E+12     -0.5628945822057232E+15
  0.20500000E+03     -0.8965187710480211E+03      0.8041308318496029E+06     -0.7216078094935788E+09      0.6478614955048186E+12     -0.5819273976035299E+15
  0.20600000E+03     -0.9024616296524325E+03      0.8148243585209857E+06     -0.7360461111541725E+09      0.6651981909469279E+12     -0.6014525590620456E+15
  0.20700000E+03     -0.9083995268704741E+03      0.8255798026685982E+06     -0.7506642600064189E+09      0.6828671202691263E+12     -0.6214836668154785E+15
  0.20800000E+03     -0.9143329250584418E+03      0.8363973320659348E+06     -0.7654628381846712E+09      0.7008709414542510E+12     -0.6420276783062721E+15
  0.20900000E+03     -0.9202623577734596E+03      0.8472777336846504E+06     -0.7804438877830958E+09      0.7192147954989390E+12     -0.6630951803305428E+15
  0.21000000E+03     -0.9261820413382356E+03      0.8582105495370991E+06     -0.7955944831874882E+09      0.7378861997135677E+12     -0.6846774419096292E+15
  0.21100000E+03     -0.9321074341300604E+03      0.8692245953199520E+06     -0.8109561886864176E+09      0.7569399433079567E+12     -0.7068437115310936E+15
  0.21200000E+03     -0.9380378572204285E+03      0.8803181464722101E+06     -0.8265272134647154E+09      0.7763761274308030E+12     -0.7295986212506896E+15
  0.21300000E+03     -0.9439577431453962E+03      0.8914622890462716E+06     -0.8422685063727863E+09      0.7961494685944412E+12     -0.7528950166225998E+15
  0.21400000E+03     -0.9498687768346550E+03      0.9026598749670265E+06     -0.8581849037852367E+09      0.8162686389680259E+12     -0.7767480379544026E+15
  0.21500000E+03     -0.9557808118075894E+03      0.9139293415811351E+06     -0.8743035488257419E+09      0.8367707233370183E+12     -0.8012068250631409E+15
  0.21600000E+03     -0.9616821716637547E+03      0.9252484777509524E+06     -0.8905939572181866E+09      0.8576201289629462E+12     -0.8262345580398645E+15
  0.21700000E+03     -0.9675778694847688E+03      0.9366255861233205E+06     -0.9070674253587425E+09      0.8788320582125630E+12     -0.8518522731399241E+15
  0.21800000E+03     -0.9734547004033154E+03      0.9480355301886625E+06     -0.9236892813945349E+09      0.9003656621973267E+12     -0.8780171228268876E+15
  0.21900000E+03     -0.9793231378863157E+03      0.9594985598539212E+06     -0.9404901069036933E+09      0.9222635194100347E+12     -0.9047863309351185E+15
  0.22000000E+03     -0.9851899097552505E+03      0.9710268843061688E+06     -0.9574876844618531E+09      0.9445502948198813E+12     -0.9321938616649972E+15
  0.22100000E+03     -0.9910439927229173E+03      0.9825998637282717E+06     -0.9746542870047510E+09      0.9671947513934364E+12     -0.9602095269624315E+15
  0.22200000E+03     -0.9968825168067488E+03      0.9942103251062529E+06     -0.9919782789942735E+09      0.9901818460731847E+12     -0.9888170936915668E+15
  0.22300000E+03     -0.1002707386135254E+04      0.1005861385194943E+07     -0.1009464549675314E+10      0.1013520024509724E+13     -0.1018031550467848E+16
  0.22400000E+03     -0.1008519449847605E+04      0.1017554863135080E+07     -0.1027117132382235E+10      0.1037217909567833E+13     -0.1047869628908643E+16
  0.22500000E+03     -0.1014326102678696E+04      0.1029306187512944E+07     -0.1044961336717634E+10      0.1061313774552167E+13     -0.1078386917505233E+16
  0.22600000E+03     -0.1020073259891155E+04      0.1041002946445398E+07     -0.1062823275741387E+10      0.1085570254156953E+13     -0.1109281770947227E+16
  0.22700000E+03     -0.1025843229479498E+04      0.1052813111833503E+07     -0.1080961245651329E+10      0.1110342027989801E+13     -0.1141012814010786E+16
  0.22800000E+03     -0.1031615943166754E+04      0.1064695055250341E+07     -0.1099311650256455E+10      0.1135544317868254E+13     -0.1173476186578332E+16
  0.22900000E+03     -0.1037345147872205E+04      0.1076553550245809E+07     -0.1117728458232356E+10      0.1160979460386584E+13     -0.1206422899560581E+16
  0.23000000E+03     -0.1043037913102933E+04      0.1088403558486467E+07     -0.1136236655964850E+10      0.1186686091990736E+13     -0.1239910562446810E+16
  0.23100000E+03     -0.1048677558470726E+04      0.1100206028756086E+07     -0.1154769602335808E+10      0.1212565354844780E+13     -0.1273804205424789E+16
  0.23200000E+03     -0.1054334028120501E+04      0.1112109199654504E+07     -0.1173564110592499E+10      0.1238955134343285E+13     -0.1308557825579716E+16
  0.23300000E+03     -0.1059917125018763E+04      0.1123920065887227E+07     -0.1192311466504067E+10      0.1265417911028410E+13     -0.1343591922919604E+16
  0.23400000E+03     -0.1065462539031648E+04      0.1135713460328416E+07     -0.1211130491866818E+10      0.1292123013988626E+13     -0.1379134848857611E+16
  0.23500000E+03     -0.1070994173125244E+04      0.1147540229961348E+07     -0.1230103318349409E+10      0.1319189790245311E+13     -0.1415351027163032E+16
  0.23600000E+03     -0.1076468628444747E+04      0.1159305707519006E+07     -0.1249076184997045E+10      0.1346397780414359E+13     -0.1451946135723109E+16
  0.23700000E+03     -0.1081846118665269E+04      0.1170921416607517E+07     -0.1267902595482247E+10      0.1373532812291562E+13     -0.1488628479225760E+16
  0.23800000E+03     -0.1087186976840213E+04      0.1182516106491454E+07     -0.1286789647882362E+10      0.1400892521548210E+13     -0.1525801161294182E+16
  0.23900000E+03     -0.1092418109387251E+04      0.1193929454260268E+07     -0.1305474465231958E+10      0.1428094999072298E+13     -0.1562945682879640E+16
  0.24000000E+03     -0.1097568744702545E+04      0.1205221956655149E+07     -0.1324051783406388E+10      0.1455273436884017E+13     -0.1600239548575414E+16
  0.24100000E+03     -0.1102648746808760E+04      0.1216410741314540E+07     -0.1342543082144518E+10      0.1482450505886778E+13     -0.1637703306438156E+16
  0.24200000E+03     -0.1107599915047878E+04      0.1227364746940314E+07     -0.1360727814476283E+10      0.1509297443788750E+13     -0.1674879018864885E+16
  0.24300000E+03     -0.1112480081702455E+04      0.1238211618051373E+07     -0.1378818152461892E+10      0.1536129037014227E+13     -0.1712206321968317E+16
  0.24400000E+03     -0.1117242264426084E+04      0.1248841385484494E+07     -0.1396622147199342E+10      0.1562648966524303E+13     -0.1749258291680654E+16
  0.24500000E+03     -0.1121902695825470E+04      0.1259285325612760E+07     -0.1414184437546647E+10      0.1588913018460474E+13     -0.1786099083355842E+16
  0.24600000E+03     -0.1126476361134094E+04      0.1269576485714358E+07     -0.1431560349735607E+10      0.1615004545621467E+13     -0.1822847857583592E+16
  0.24700000E+03     -0.1131019555944476E+04      0.1279840080342106E+07     -0.1448959261435030E+10      0.1641235529377129E+13     -0.1859941543382745E+16
  0.24800000E+03     -0.1135483760621824E+04      0.1289961392494646E+07     -0.1466178524360141E+10      0.1667288839422165E+13     -0.1896916275763486E+16
  0.24900000E+03     -0.1139935221689592E+04      0.1300090986798844E+07     -0.1483475332823631E+10      0.1693555819590682E+13     -0.1934331463382164E+16
  0.25000000E+03     -0.1144357323852823E+04      0.1310189324843760E+07     -0.1500779633354383E+10      0.1719926848713412E+13     -0.1972027217986966E+16
  0.25100000E+03     -0.1148809832348759E+04      0.1320394203770116E+07     -0.1518330104645629E+10      0.1746770006316822E+13     -0.2010536546888240E+16
  0.25200000E+03     -0.1153301989195361E+04      0.1330727997599117E+07     -0.1536167793809223E+10      0.1774152785549126E+13     -0.2049964150871829E+16
  0.25300000E+03     -0.1157860618459646E+04      0.1341253669578647E+07     -0.1554403891269672E+10      0.1802250224554086E+13     -0.2090569023660872E+16
  0.25400000E+03     -0.1162517981776402E+04      0.1352049381283260E+07     -0.1573180725933662E+10      0.1831293108824771E+13     -0.2132702497046493E+16
  0.25500000E+03     -0.1167242705028052E+04      0.1363042306220047E+07     -0.1592371943155526E+10      0.1861087220727878E+13     -0.2176085629963404E+16
  0.25600000E+03     -0.1172067796192300E+04      0.1374316370959554E+07     -0.1612137096502501E+10      0.1891901414644878E+13     -0.2221142008147986E+16
  0.25700000E+03     -0.1177053108921736E+04      0.1386014286770136E+07     -0.1632732111738578E+10      0.1924144718834030E+13     -0.2268485970476307E+16
  0.25800000E+03     -0.1182137126762650E+04      0.1397996675903928E+07     -0.1653921256262027E+10      0.1957464587676818E+13     -0.2317626156314232E+16
  0.25900000E+03     -0.1187332899760969E+04      0.1410296602019772E+07     -0.1675767820800550E+10      0.1991969292284834E+13     -0.2368736849672326E+16
  0.26000000E+03     -0.1192667888307988E+04      0.1422983192164147E+07     -0.1698402731535210E+10      0.2027879778336659E+13     -0.2422168200248272E+16
  0.26100000E+03     -0.1198108852535360E+04      0.1435980348167163E+07     -0.1721696430995318E+10      0.2065001865975468E+13     -0.2477650416907221E+16
  0.26200000E+03     -0.1203611174336166E+04      0.1449188318772059E+07     -0.1745483468229064E+10      0.2103094838914466E+13     -0.2534860599547160E+16
  0.26300000E+03     -0.1209290378732270E+04      0.1462883658146810E+07     -0.1770261622587439E+10      0.2142957111297729E+13     -0.2595002308759260E+16
  0.26400000E+03     -0.1215028907984537E+04      0.1476788772670823E+07     -0.1795540407381820E+10      0.2183820232579126E+13     -0.2656949876267538E+16
  0.26500000E+03     -0.1220774872599905E+04      0.1490779004873462E+07     -0.1821096254342259E+10      0.2225329504122229E+13     -0.2720178409328980E+16
  0.26600000E+03     -0.1226696429403112E+04      0.1505265887859269E+07     -0.1847686069281704E+10      0.2268724835723566E+13     -0.2786595776055748E+16
  0.26700000E+03     -0.1232697756577167E+04      0.1520021141069699E+07     -0.1874903346734773E+10      0.2313365163840568E+13     -0.2855258080971098E+16
  0.26800000E+03     -0.1238759336732193E+04      0.1534998278913353E+07     -0.1902666472512815E+10      0.2359125632790432E+13     -0.2925990537925054E+16
  0.26900000E+03     -0.1244882850725944E+04      0.1550203825118146E+07     -0.1930993282358416E+10      0.2406047323013967E+13     -0.2998878123030032E+16
  0.27000000E+03     -0.1251062201680063E+04      0.1565624464692097E+07     -0.1959863767878668E+10      0.2454107345902284E+13     -0.3073904787371342E+16
  0.27100000E+03     -0.1257290521129184E+04      0.1581245506084660E+07     -0.1989256446513610E+10      0.2503282354248192E+13     -0.3151057182106792E+16
  0.27200000E+03     -0.1263571939728260E+04      0.1597077918584662E+07     -0.2019194582346059E+10      0.2553618122629224E+13     -0.3230421725037566E+16
  0.27300000E+03     -0.1269900732957182E+04      0.1613109697159544E+07     -0.2049661582678252E+10      0.2605099584508408E+13     -0.3311998926429432E+16
  0.27400000E+03     -0.1276264873826692E+04      0.1629314291111752E+07     -0.2080615920512327E+10      0.2657674171981964E+13     -0.3395737353731420E+16
  0.27500000E+03     -0.1282683151904744E+04      0.1645738848635162E+07     -0.2112147997598091E+10      0.2711498820252799E+13     -0.3481896838963382E+16
  0.27600000E+03     -0.1289110890932441E+04      0.1662270520425613E+07     -0.2144045689893740E+10      0.2766222045120707E+13     -0.3569936344257414E+16
  0.27700000E+03     -0.1295563556160765E+04      0.1678948704266049E+07     -0.2176385739138459E+10      0.2821979232695381E+13     -0.3660083671696816E+16
  0.27800000E+03     -0.1302036747984461E+04      0.1695765849526451E+07     -0.2209162619823035E+10      0.2878779512518834E+13     -0.3752388494059805E+16
  0.27900000E+03     -0.1308527698957282E+04      0.1712712183829501E+07     -0.2242353900783836E+10      0.2936581001519298E+13     -0.3846782487323664E+16
  0.28000000E+03     -0.1315045870760501E+04      0.1729815037252421E+07     -0.2276019879635770E+10      0.2995503315330746E+13     -0.3943489456159513E+16
  0.28100000E+03     -0.1321650074987102E+04      0.1747232076522622E+07     -0.2310479322466633E+10      0.3056122238821641E+13     -0.4043488946628330E+16
  0.28200000E+03     -0.1328216592798801E+04      0.1764634751670156E+07     -0.2345079327835298E+10      0.3117287038440987E+13     -0.4144883761070152E+16
  0.28300000E+03     -0.1334759134845064E+04      0.1782060522494879E+07     -0.2379898297007576E+10      0.3179146226961223E+13     -0.4247941467469968E+16
  0.28400000E+03     -0.1341319100130735E+04      0.1799618960198029E+07     -0.2415155535450984E+10      0.3242093190150439E+13     -0.4353328919349552E+16
  0.28500000E+03     -0.1347871432300404E+04      0.1817243424064597E+07     -0.2450719812767947E+10      0.3305901329469380E+13     -0.4460684773729548E+16
  0.28600000E+03     -0.1354419166832289E+04      0.1834941538891636E+07     -0.2486607086102037E+10      0.3370603281985503E+13     -0.4570075707170241E+16
  0.28700000E+03     -0.1360976732306417E+04      0.1852752071755739E+07     -0.2522897255998290E+10      0.3436348604014440E+13     -0.4681769238511490E+16
  0.28800000E+03     -0.1367523635298840E+04      0.1870618627762573E+07     -0.2559475524814578E+10      0.3502932433703417E+13     -0.4795427565526659E+16
  0.28900000E+03     -0.1374050067192621E+04      0.1888515167402371E+07     -0.2596291739197611E+10      0.3570272255087843E+13     -0.4910929990063842E+16
  0.29000000E+03     -0.1380581932984843E+04      0.1906511926557201E+07     -0.2633490500979219E+10      0.3638635982814609E+13     -0.5028747432622205E+16
  0.29100000E+03     -0.1387103858025926E+04      0.1924567084175258E+07     -0.2670988100602466E+10      0.3707877774873561E+13     -0.5148647467977767E+16
  0.29200000E+03     -0.1393603937041690E+04      0.1942645508350816E+07     -0.2708708762640518E+10      0.3777855653036574E+13     -0.5270386117280484E+16
  0.29300000E+03     -0.1400096787088030E+04      0.1960789900522524E+07     -0.2746747518807165E+10      0.3848760016926093E+13     -0.5394324528709739E+16
  0.29400000E+03     -0.1406618969466542E+04      0.1979100955569525E+07     -0.2785314038094887E+10      0.3920982117585610E+13     -0.5521152754368509E+16
  0.29500000E+03     -0.1413039878555559E+04      0.1997206939958409E+07     -0.2823616230634823E+10      0.3993024314526706E+13     -0.5648220584202032E+16
  0.29600000E+03     -0.1419487602585182E+04      0.2015476761020857E+07     -0.2862452636727754E+10      0.4066426095439812E+13     -0.5778315554506016E+16
  0.29700000E+03     -0.1425935196705983E+04      0.2033828296673019E+07     -0.2901637915297723E+10      0.4140819633121616E+13     -0.5910759697325185E+16
  0.29800000E+03     -0.1432315552787952E+04      0.2052069943930887E+07     -0.2940763372730835E+10      0.4215433059005766E+13     -0.6044191771551535E+16
  0.29900000E+03     -0.1438688821108194E+04      0.2070373215061774E+07     -0.2980197581080190E+10      0.4290973828063997E+13     -0.6179890907247511E+16
  0.30000000E+03     -0.1445061676841026E+04      0.2088756011358974E+07     -0.3019977736306418E+10      0.4367513172640143E+13     -0.6317989709506947E+16
  0.30100000E+03     -0.1451330908305454E+04      0.2106919680058374E+07     -0.3059456991061746E+10      0.4443808228140445E+13     -0.6456253820399568E+16
  0.30200000E+03     -0.1457624023428893E+04      0.2125231292818804E+07     -0.3099429868978438E+10      0.4521391500608104E+13     -0.6597461450976527E+16
  0.30300000E+03     -0.1463907883746584E+04      0.2143596906004543E+07     -0.3139698073958425E+10      0.4599893912019076E+13     -0.6740974423430047E+16
  0.30400000E+03     -0.1470156895548756E+04      0.2161936881195696E+07     -0.3180077821266122E+10      0.4678942093219010E+13     -0.6886087704269597E+16
  0.30500000E+03     -0.1476386534470378E+04      0.2180297266334380E+07     -0.3220673406188610E+10      0.4758748902077199E+13     -0.7033213498283337E+16
  0.30600000E+03     -0.1482544665130629E+04      0.2198521308332008E+07     -0.3261132722729393E+10      0.4838613879670625E+13     -0.7181050028042871E+16
  0.30700000E+03     -0.1488704647159023E+04      0.2216827133587149E+07     -0.3301943686665740E+10      0.4919510069675153E+13     -0.7331421878441484E+16
  0.30800000E+03     -0.1494824204730053E+04      0.2235086241042668E+07     -0.3342814748852023E+10      0.5000852133682250E+13     -0.7483232074915759E+16
  0.30900000E+03     -0.1501045649655900E+04      0.2253726348132294E+07     -0.3384711666892305E+10      0.5084581595764234E+13     -0.7640145707383671E+16
  0.31000000E+03     -0.1507204360839685E+04      0.2272252991168527E+07     -0.3426521624839703E+10      0.5168474435298180E+13     -0.7797999809767880E+16
  0.31100000E+03     -0.1513356616367489E+04      0.2290836074355815E+07     -0.3468630661398576E+10      0.5253312945760964E+13     -0.7958285448253686E+16
  0.31200000E+03     -0.1519556649589611E+04      0.2309639389937875E+07     -0.3511411514863544E+10      0.5339854586143252E+13     -0.8122452172729497E+16
  0.31300000E+03     -0.1525705149850940E+04      0.2328360503770662E+07     -0.3554174335501113E+10      0.5426702480236593E+13     -0.8287851687270726E+16
  0.31400000E+03     -0.1531850128930462E+04      0.2347149542114273E+07     -0.3597272640042934E+10      0.5514599355437828E+13     -0.8455951804339567E+16
  0.31500000E+03     -0.1538039012477204E+04      0.2366146574257588E+07     -0.3641017687296800E+10      0.5604162196230179E+13     -0.8627903476963104E+16
  0.31600000E+03     -0.1544262187824234E+04      0.2385326887597772E+07     -0.3685365015414435E+10      0.5695328314849495E+13     -0.8803646237564687E+16
  0.31700000E+03     -0.1550487213932562E+04      0.2404587939966357E+07     -0.3730073111032102E+10      0.5787595190177981E+13     -0.8982205623269495E+16
  0.31800000E+03     -0.1556625556642426E+04      0.2423656806006875E+07     -0.3774511938952785E+10      0.5879672039519287E+13     -0.9161106369069180E+16
  0.31900000E+03     -0.1562884999948171E+04      0.2443182435020717E+07     -0.3820203649498623E+10      0.5974736672860537E+13     -0.9346576260912728E+16
  0.32000000E+03     -0.1569238735594151E+04      0.2463082470157792E+07     -0.3866960047909546E+10      0.6072410201754206E+13     -0.9537907123295004E+16
  0.32100000E+03     -0.1575569008375078E+04      0.2482989437244848E+07     -0.3913922226166592E+10      0.6170910587141459E+13     -0.9731637569260984E+16
  0.32200000E+03     -0.1581972868073823E+04      0.2503208784501523E+07     -0.3961813033931800E+10      0.6271762231968463E+13     -0.9930788926636024E+16
  0.32300000E+03     -0.1588356771836622E+04      0.2523448415650088E+07     -0.4009949996430111E+10      0.6373551184743769E+13     -0.1013262190134331E+17
  0.32400000E+03     -0.1594776728605291E+04      0.2543885718198355E+07     -0.4058756097766633E+10      0.6477177441412179E+13     -0.1033893856984166E+17
  0.32500000E+03     -0.1601211036614137E+04      0.2564452236331967E+07     -0.4108070887507473E+10      0.6582309975774803E+13     -0.1054910543778088E+17
  0.32600000E+03     -0.1607634880306040E+04      0.2585067933126795E+07     -0.4157702557733149E+10      0.6688543990576668E+13     -0.1076232926338901E+17
  0.32700000E+03     -0.1614064155202290E+04      0.2605787670032670E+07     -0.4207793953968778E+10      0.6796211512007028E+13     -0.1097933568000768E+17
  0.32800000E+03     -0.1620521751917100E+04      0.2626682254601864E+07     -0.4258511074111947E+10      0.6905662432915887E+13     -0.1120082449576212E+17
  0.32900000E+03     -0.1626952038308516E+04      0.2647570683868089E+07     -0.4309413617309782E+10      0.7015947665732943E+13     -0.1142488379691303E+17
  0.33000000E+03     -0.1633179866802953E+04      0.2667882778058938E+07     -0.4359110771252026E+10      0.7124054467536763E+13     -0.1164540112379215E+17
  0.33100000E+03     -0.1639464668130716E+04      0.2688462538081157E+07     -0.4409663985663312E+10      0.7234463059308553E+13     -0.1187151441409253E+17
  0.33200000E+03     -0.1645725018278057E+04      0.2709043474740095E+07     -0.4460420552250719E+10      0.7345755539630526E+13     -0.1210034252350660E+17
  0.33300000E+03     -0.1651859330088761E+04      0.2729283180389012E+07     -0.4510516815791533E+10      0.7455999585070885E+13     -0.1232784025160643E+17
  0.33400000E+03     -0.1657965252394923E+04      0.2749506632852169E+07     -0.4560765467383443E+10      0.7567005072609036E+13     -0.1255779311865138E+17
  0.33500000E+03     -0.1663968977020892E+04      0.2769466295213429E+07     -0.4610545261167718E+10      0.7677389108832604E+13     -0.1278732134700429E+17
  0.33600000E+03     -0.1669907293701907E+04      0.2789279431714126E+07     -0.4660137565657583E+10      0.7787754354318028E+13     -0.1301764086870322E+17
  0.33700000E+03     -0.1675622207185320E+04      0.2808409477749729E+07     -0.4708176939081416E+10      0.7895014764039128E+13     -0.1324221812944640E+17
  0.33800000E+03     -0.1681270041234267E+04      0.2827376995155511E+07     -0.4755964657159073E+10      0.8002064407748620E+13     -0.1346709291422015E+17
  0.33900000E+03     -0.1686851620092327E+04      0.2846181302161758E+07     -0.4803491414028043E+10      0.8108867943070975E+13     -0.1369216584892424E+17
  0.34000000E+03     -0.1692489764290499E+04      0.2865230820193426E+07     -0.4851776429088976E+10      0.8217687640111026E+13     -0.1392214749641653E+17
  0.34100000E+03     -0.1698047779369442E+04      0.2884060903290950E+07     -0.4899635600934034E+10      0.8325842235680760E+13     -0.1415134803167296E+17
  0.34200000E+03     -0.1703712298845999E+04      0.2903304530895605E+07     -0.4948679521457468E+10      0.8436975587628095E+13     -0.1438749851873419E+17
  0.34300000E+03     -0.1709444406158868E+04      0.2922836039182283E+07     -0.4998605285454626E+10      0.8550442156760926E+13     -0.1462931715473439E+17
  0.34400000E+03     -0.1715484032782787E+04      0.2943479475190503E+07     -0.5051536282650887E+10      0.8671107138344385E+13     -0.1488725791712531E+17
  0.34500000E+03     -0.1721778456389238E+04      0.2965068502252441E+07     -0.5107082699161274E+10      0.8798167996157635E+13     -0.1515979446794060E+17
  0.34600000E+03     -0.1728396035695362E+04      0.2987854774656853E+07     -0.5165937811090978E+10      0.8933318831871381E+13     -0.1545080008806730E+17
  0.34700000E+03     -0.1735432304147561E+04      0.3012180347895485E+07     -0.5229020519694697E+10      0.9078754488664656E+13     -0.1576519037018643E+17
  0.34800000E+03     -0.1742748137739987E+04      0.3037585297654336E+07     -0.5295195427697677E+10      0.9231995685775791E+13     -0.1609791825600795E+17
  0.34900000E+03     -0.1750324476143094E+04      0.3064006541074817E+07     -0.5364308326596592E+10      0.9392713317638152E+13     -0.1644833970032424E+17
  0.35000000E+03     -0.1758129064197051E+04      0.3091350383012537E+07     -0.5436166427745182E+10      0.9560587966449961E+13     -0.1681605507813189E+17
  0.35100000E+03     -0.1766404631032684E+04      0.3120487351281031E+07     -0.5513113686383884E+10      0.9741234893000475E+13     -0.1721368648340514E+17
  0.35200000E+03     -0.1774908968283964E+04      0.3150578594229549E+07     -0.5592975366224370E+10      0.9929652645043072E+13     -0.1763047356301151E+17
  0.35300000E+03     -0.1783598344275094E+04      0.3181477226265944E+07     -0.5675386410717345E+10      0.1012504764523611E+14     -0.1806483102136616E+17
  0.35400000E+03     -0.1792539258842162E+04      0.3213433086945122E+07     -0.5761053133677695E+10      0.1032919942803390E+14     -0.1852097033116470E+17
  0.35500000E+03     -0.1801644865707035E+04      0.3246146019361306E+07     -0.5849202886663111E+10      0.1054035379336654E+14     -0.1899519075601121E+17
  0.35600000E+03     -0.1810933232204526E+04      0.3279688870900026E+07     -0.5940058158339437E+10      0.1075911790404743E+14     -0.1948904828125156E+17
  0.35700000E+03     -0.1820294268897849E+04      0.3313670716980559E+07     -0.6032582921918451E+10      0.1098306387646347E+14     -0.1999723888655296E+17
  0.35800000E+03     -0.1829800543849178E+04      0.3348361408496025E+07     -0.6127534537418407E+10      0.1121409198688695E+14     -0.2052425536793744E+17
  0.35900000E+03     -0.1839442017703946E+04      0.3383731407158192E+07     -0.6224856857412333E+10      0.1145213854040225E+14     -0.2107014796372558E+17
  0.36000000E+03     -0.1849167571813642E+04      0.3419600391433742E+07     -0.6324079072763420E+10      0.1169612746510642E+14     -0.2163265308533281E+17
  0.36100000E+03     -0.1858927955188719E+04      0.3455788549651318E+07     -0.6424714373580675E+10      0.1194490130601796E+14     -0.2220922486403051E+17
  0.36200000E+03     -0.1868787527598184E+04      0.3492538511512720E+07     -0.6527454322203173E+10      0.1220022531739060E+14     -0.2280411620225193E+17
  0.36300000E+03     -0.1878756354992527E+04      0.3529894707144626E+07     -0.6632448301587310E+10      0.1246254783068998E+14     -0.2341858516852983E+17
  0.36400000E+03     -0.1888732469908658E+04      0.3567477132229915E+07     -0.6738640040433378E+10      0.1272927389372817E+14     -0.2404669091780033E+17
  0.36500000E+03     -0.1898761749752470E+04      0.3605461203964070E+07     -0.6846538559860623E+10      0.1300173082984745E+14     -0.2469170985738346E+17
  0.36600000E+03     -0.1908847826734202E+04      0.3643863163543013E+07     -0.6956203111108939E+10      0.1328011666198135E+14     -0.2535426155629330E+17
  0.36700000E+03     -0.1919019532543865E+04      0.3682797783146677E+07     -0.7067981928377545E+10      0.1356538312937455E+14     -0.2603680983157332E+17
  0.36800000E+03     -0.1929203442845212E+04      0.3721986525752135E+07     -0.7181088851679079E+10      0.1385557440702608E+14     -0.2673483425733874E+17
  0.36900000E+03     -0.1939478163631857E+04      0.3761735164367930E+07     -0.7296422304198346E+10      0.1415305274067097E+14     -0.2745419410620733E+17
  0.37000000E+03     -0.1949760069963804E+04      0.3801724030485409E+07     -0.7413072402638731E+10      0.1445553360820811E+14     -0.2818955627436420E+17
  0.37100000E+03     -0.1960094948813896E+04      0.3842132007054962E+07     -0.7531569907154906E+10      0.1476443360211900E+14     -0.2894450417464250E+17
  0.37200000E+03     -0.1970501629205136E+04      0.3883036693227733E+07     -0.7652160688691423E+10      0.1508045868768164E+14     -0.2972096437528930E+17
  0.37300000E+03     -0.1980926749195109E+04      0.3924230100319834E+07     -0.7774243456592126E+10      0.1540208178439302E+14     -0.3051534764877899E+17
  0.37400000E+03     -0.1991399026481357E+04      0.3965830060804280E+07     -0.7898187172550758E+10      0.1573034492641013E+14     -0.3133044510329568E+17
  0.37500000E+03     -0.2001899630870011E+04      0.4007762509478576E+07     -0.8023780286765280E+10      0.1606473033506501E+14     -0.3216512216926687E+17
  0.37600000E+03     -0.2012442297339364E+04      0.4050084508506798E+07     -0.8151207286509248E+10      0.1640578384805534E+14     -0.3302092392158993E+17
  0.37700000E+03     -0.2022986960641925E+04      0.4092637237280997E+07     -0.8280003019157791E+10      0.1675231405576565E+14     -0.3389504195651072E+17
  0.37800000E+03     -0.2033590813596699E+04      0.4135652986957313E+07     -0.8410882183152881E+10      0.1710629423899102E+14     -0.3479262904796074E+17
  0.37900000E+03     -0.2044190460336403E+04      0.4178877008930030E+07     -0.8543084210313754E+10      0.1746572596964252E+14     -0.3570881549454472E+17
  0.38000000E+03     -0.2054851915716307E+04      0.4222579696441493E+07     -0.8677446951680241E+10      0.1783293625099396E+14     -0.3664970768441421E+17
  0.38100000E+03     -0.2065556658310593E+04      0.4266687980915369E+07     -0.8813761760027884E+10      0.1820741833437899E+14     -0.3761422044255358E+17
  0.38200000E+03     -0.2076318338766181E+04      0.4311261960514661E+07     -0.8952233630014099E+10      0.1858980852126895E+14     -0.3860423309204298E+17
  0.38300000E+03     -0.2086982620128158E+04      0.4355661789018885E+07     -0.9090880387678423E+10      0.1897466878632662E+14     -0.3960581195845365E+17
  0.38400000E+03     -0.2097787139220410E+04      0.4400876513262282E+07     -0.9232796911065903E+10      0.1937062838635000E+14     -0.4064156785936607E+17
  0.38500000E+03     -0.2108579165657845E+04      0.4446273254463983E+07     -0.9376023899724686E+10      0.1977231721464421E+14     -0.4169776051798794E+17
  0.38600000E+03     -0.2119440182382462E+04      0.4492194799207356E+07     -0.9521650597067953E+10      0.2018283334027668E+14     -0.4278270606426786E+17
  0.38700000E+03     -0.2130256691700506E+04      0.4538162803068656E+07     -0.9668172510690403E+10      0.2059799204033888E+14     -0.4388555014834999E+17
  0.38800000E+03     -0.2141174754868826E+04      0.4584799712090414E+07     -0.9817586855809011E+10      0.2102351149211982E+14     -0.4502169816400955E+17
  0.38900000E+03     -0.2152052095546514E+04      0.4631499182133809E+07     -0.9967963168372957E+10      0.2145395025282952E+14     -0.4617683003094486E+17
  0.39000000E+03     -0.2162973301023055E+04      0.4678625884469468E+07     -0.1012048840829076E+11      0.2189276455984928E+14     -0.4736043839654571E+17
  0.39100000E+03     -0.2173963349471431E+04      0.4726289849409290E+07     -0.1027553381718099E+11      0.2234108861733109E+14     -0.4857582195148258E+17
  0.39200000E+03     -0.2184910323464135E+04      0.4774007949583588E+07     -0.1043154302676124E+11      0.2279448867130311E+14     -0.4981120297938588E+17
  0.39300000E+03     -0.2195900181709117E+04      0.4822153805284411E+07     -0.1058974205148773E+11      0.2325656420147920E+14     -0.5107655162506591E+17
  0.39400000E+03     -0.2206902113851657E+04      0.4870593858457232E+07     -0.1074970457065691E+11      0.2372612954690484E+14     -0.5236884705683640E+17
  0.39500000E+03     -0.2217992888703076E+04      0.4919671481169043E+07     -0.1091259031377722E+11      0.2420668859800679E+14     -0.5369807165802618E+17
  0.39600000E+03     -0.2229035671839144E+04      0.4968780089454979E+07     -0.1107639058910674E+11      0.2469235241638857E+14     -0.5504810589840027E+17
  0.39700000E+03     -0.2240148805685388E+04      0.5018448044989076E+07     -0.1124288280640562E+11      0.2518845982164211E+14     -0.5643404896399478E+17
  0.39800000E+03     -0.2251196017835578E+04      0.5068066957541078E+07     -0.1141003788619440E+11      0.2568901955510936E+14     -0.5783938449408314E+17
  0.39900000E+03     -0.2262315939508586E+04      0.5118258272283203E+07     -0.1157995350148735E+11      0.2620035052060125E+14     -0.5928202713541334E+17
  0.40000000E+03     -0.2273441411445152E+04      0.5168721477436787E+07     -0.1175162925398390E+11      0.2671951746495704E+14     -0.6075397639710556E+17
  0.40100000E+03     -0.2284611445343787E+04      0.5219635552672681E+07     -0.1192568922598669E+11      0.2724847869701109E+14     -0.6226105689983274E+17
  0.40200000E+03     -0.2295725894802945E+04      0.5270545671764245E+07     -0.1210059248471138E+11      0.2778261921685759E+14     -0.6379038536966306E+17
  0.40300000E+03     -0.2306933670952363E+04      0.5322132482001496E+07     -0.1227868082566685E+11      0.2832912667439198E+14     -0.6536271746029116E+17
  0.40400000E+03     -0.2318105697017122E+04      0.5373804994022574E+07     -0.1245793313049627E+11      0.2888188292939380E+14     -0.6696076655015938E+17
  0.40500000E+03     -0.2329351625543375E+04      0.5426071204440333E+07     -0.1264012301122869E+11      0.2944641840841339E+14     -0.6860077380962958E+17
  0.40600000E+03     -0.2340691129702836E+04      0.5479029405132968E+07     -0.1282562557039075E+11      0.3002402258222681E+14     -0.7028693179282956E+17
  0.40700000E+03     -0.2351802542595200E+04      0.5531172038267754E+07     -0.1300915008346233E+11      0.3059821685512448E+14     -0.7197119932372270E+17
  0.40800000E+03     -0.2363054888303477E+04      0.5584225897762225E+07     -0.1319676545209682E+11      0.3118798804817297E+14     -0.7370934513949403E+17
  0.40900000E+03     -0.2374395322533326E+04      0.5637952613338363E+07     -0.1338767531189956E+11      0.3179100578879538E+14     -0.7549508944197880E+17
  0.41000000E+03     -0.2385698938497058E+04      0.5691761096924881E+07     -0.1357979041726403E+11      0.3240073342514256E+14     -0.7730934158053498E+17
  0.41100000E+03     -0.2397017546253342E+04      0.5745895839818435E+07     -0.1377398477374804E+11      0.3301997597899825E+14     -0.7916062296125838E+17
  0.41200000E+03     -0.2408245092054680E+04      0.5799848510304039E+07     -0.1396843946058762E+11      0.3364297512101490E+14     -0.8103192476164445E+17
  0.41300000E+03     -0.2419633960742769E+04      0.5854834494968523E+07     -0.1416755297574760E+11      0.3428390864751790E+14     -0.8296617450150245E+17
  0.41400000E+03     -0.2430988395786115E+04      0.5909912171003170E+07     -0.1436793697582619E+11      0.3493196689072461E+14     -0.8493112850818701E+17
  0.41500000E+03     -0.2442325791619748E+04      0.5965164400011578E+07     -0.1456989614849376E+11      0.3558817388375359E+14     -0.8693009450681824E+17
  0.41600000E+03     -0.2453648879376711E+04      0.6020603283412457E+07     -0.1477347906100160E+11      0.3625272994781195E+14     -0.8896389885501435E+17
  0.41700000E+03     -0.2464976000649680E+04      0.6076319766611312E+07     -0.1497903263930418E+11      0.3692683843020809E+14     -0.9103652865535672E+17
  0.41800000E+03     -0.2476362302492191E+04      0.6132585230189943E+07     -0.1518756733654302E+11      0.3761387233605441E+14     -0.9315862562408101E+17
  0.41900000E+03     -0.2487790849525376E+04      0.6189319490613719E+07     -0.1539880777090419E+11      0.3831302527442009E+14     -0.9532810034568309E+17
  0.42000000E+03     -0.2499125237731197E+04      0.6245844357383475E+07     -0.1561023364723121E+11      0.3901600057340238E+14     -0.9751943706120758E+17
  0.42100000E+03     -0.2510542728752232E+04      0.6303044093657927E+07     -0.1582516240352438E+11      0.3973389136330133E+14     -0.9976750475527859E+17
  0.42200000E+03     -0.2521966576648351E+04      0.6360536693690778E+07     -0.1604217682328316E+11      0.4046205425844491E+14     -0.1020581382059013E+18
  0.42300000E+03     -0.2533394452518794E+04      0.6418310851538275E+07     -0.1626124475683229E+11      0.4120044677061460E+14     -0.1043915040222347E+18
  0.42400000E+03     -0.2544774625309015E+04      0.6476103162847565E+07     -0.1648136924982470E+11      0.4194574480689162E+14     -0.1067573075716834E+18
  0.42500000E+03     -0.2556168978828693E+04      0.6534227889186609E+07     -0.1670375618782502E+11      0.4270209157841880E+14     -0.1091689879974023E+18
  0.42600000E+03     -0.2567605305124712E+04      0.6592825003007731E+07     -0.1692894302338971E+11      0.4347135141968511E+14     -0.1116327015043644E+18
  0.42700000E+03     -0.2578979747064964E+04      0.6651367303926536E+07     -0.1715493159005817E+11      0.4424682381681004E+14     -0.1141274869773301E+18
  0.42800000E+03     -0.2590474025943117E+04      0.6710788412030130E+07     -0.1738532858254409E+11      0.4504092549479735E+14     -0.1166935213004164E+18
  0.42900000E+03     -0.2601881352754323E+04      0.6770021328805847E+07     -0.1761601358002272E+11      0.4583954292855227E+14     -0.1192855822852674E+18
  0.43000000E+03     -0.2613370307278494E+04      0.6829941275576860E+07     -0.1785040373920848E+11      0.4665456727381170E+14     -0.1219425656312366E+18
  0.43100000E+03     -0.2624773217288873E+04      0.6889673409205477E+07     -0.1808508444148806E+11      0.4747418238407376E+14     -0.1246262383431019E+18
  0.43200000E+03     -0.2636216034254956E+04      0.6949875315602959E+07     -0.1832263962300033E+11      0.4830744509613217E+14     -0.1273664641740664E+18
  0.43300000E+03     -0.2647562894089533E+04      0.7009832095921515E+07     -0.1856025681939503E+11      0.4914455135422330E+14     -0.1301313057882620E+18
  0.43400000E+03     -0.2659033118041004E+04      0.7070701906036363E+07     -0.1880253204021616E+11      0.5000174561996613E+14     -0.1329746963347134E+18
  0.43500000E+03     -0.2670540468291404E+04      0.7132033662491194E+07     -0.1904770490150187E+11      0.5087295494902093E+14     -0.1358771116600532E+18
  0.43600000E+03     -0.2681858889569940E+04      0.7192614961488499E+07     -0.1929090753706063E+11      0.5174083788082241E+14     -0.1387807397083113E+18
  0.43700000E+03     -0.2693362256065892E+04      0.7254450917249392E+07     -0.1954021431030226E+11      0.5263432884038263E+14     -0.1417828947954609E+18
  0.43800000E+03     -0.2704804745987963E+04      0.7316220917174872E+07     -0.1979031308860651E+11      0.5353446592184386E+14     -0.1448202294109159E+18
  0.43900000E+03     -0.2716222732884942E+04      0.7378121313076747E+07     -0.2004200785989082E+11      0.5444420750674119E+14     -0.1479030537405529E+18
  0.44000000E+03     -0.2727674621319049E+04      0.7440465443708306E+07     -0.2029656832233641E+11      0.5536815958950654E+14     -0.1510471429259014E+18
  0.44100000E+03     -0.2739050021292873E+04      0.7502652547282781E+07     -0.2055155106318899E+11      0.5629752017205277E+14     -0.1542228797922812E+18
  0.44200000E+03     -0.2750463406016166E+04      0.7565309532401607E+07     -0.2080954018389477E+11      0.5724179053268473E+14     -0.1574631272746336E+18
  0.44300000E+03     -0.2761885838860157E+04      0.7628276408067085E+07     -0.2106988114757477E+11      0.5819862301408041E+14     -0.1607601059696935E+18
  0.44400000E+03     -0.2773298909532130E+04      0.7691451655187941E+07     -0.2133216299261545E+11      0.5916657219058592E+14     -0.1641091720303208E+18
  0.44500000E+03     -0.2784673575949123E+04      0.7754673291901090E+07     -0.2159571697479472E+11      0.6014321648724825E+14     -0.1675022202583232E+18
  0.44600000E+03     -0.2796076395047060E+04      0.7818313007909255E+07     -0.2186210887534729E+11      0.6113445185695126E+14     -0.1709601753235349E+18
  0.44700000E+03     -0.2807563364605788E+04      0.7882683205484525E+07     -0.2213265486766867E+11      0.6214524075975095E+14     -0.1745006925701691E+18
  0.44800000E+03     -0.2818761615417997E+04      0.7945689640944825E+07     -0.2239854141574535E+11      0.6314264397142121E+14     -0.1780084688818601E+18
  0.44900000E+03     -0.2830172739414858E+04      0.8010152761767663E+07     -0.2267167240298445E+11      0.6417135542155730E+14     -0.1816409462432640E+18
  0.45000000E+03     -0.2841555854110034E+04      0.8074716224365033E+07     -0.2294632851840031E+11      0.6520997067475734E+14     -0.1853231420087762E+18
  0.45100000E+03     -0.2853007709989495E+04      0.8139933293396236E+07     -0.2322489151190914E+11      0.6626763659783545E+14     -0.1890881017954984E+18
  0.45200000E+03     -0.2864133553850804E+04      0.8203542047260182E+07     -0.2349764958036525E+11      0.6730732051011349E+14     -0.1928035553074891E+18
  0.45300000E+03     -0.2875546710170512E+04      0.8269052163184338E+07     -0.2377967462381726E+11      0.6838658998429735E+14     -0.1966757645480578E+18
  0.45400000E+03     -0.2886915567519248E+04      0.8334568279438845E+07     -0.2406285042037601E+11      0.6947458518958904E+14     -0.2005948477880055E+18
  0.45500000E+03     -0.2898247657197875E+04      0.8400128314037723E+07     -0.2434732611272701E+11      0.7057185688576664E+14     -0.2045628326553522E+18
  0.45600000E+03     -0.2909478079269794E+04      0.8465353736295296E+07     -0.2463145433453748E+11      0.7167206465517031E+14     -0.2085569580315908E+18
  0.45700000E+03     -0.2920687026924459E+04      0.8530704708097586E+07     -0.2491722388895688E+11      0.7278288229881981E+14     -0.2126051050382650E+18
  0.45800000E+03     -0.2932020028591331E+04      0.8597037225168556E+07     -0.2520841944223558E+11      0.7391921614773059E+14     -0.2167624291434900E+18
  0.45900000E+03     -0.2943143357263457E+04      0.8662388755348047E+07     -0.2549639354774335E+11      0.7504722889760733E+14     -0.2209049171946071E+18
  0.46000000E+03     -0.2954326490266708E+04      0.8728345041180898E+07     -0.2578815339293952E+11      0.7619447788302433E+14     -0.2251342948868737E+18
  0.46100000E+03     -0.2965563828731834E+04      0.8794872176232487E+07     -0.2608355367944964E+11      0.7736044403002959E+14     -0.2294489660210622E+18
  0.46200000E+03     -0.2976728682117311E+04      0.8861220400312359E+07     -0.2637927479561825E+11      0.7853209520695241E+14     -0.2338010882441321E+18
  0.46300000E+03     -0.2987899710013211E+04      0.8927850571281129E+07     -0.2667734973745840E+11      0.7971743527041797E+14     -0.2382203243511370E+18
  0.46400000E+03     -0.2998977678658320E+04      0.8994175578352584E+07     -0.2697518159838536E+11      0.8090628753353322E+14     -0.2426694154445538E+18
  0.46500000E+03     -0.3010141877413800E+04      0.9061265129612645E+07     -0.2727756560461250E+11      0.8211779349468562E+14     -0.2472201226647870E+18
  0.46600000E+03     -0.3021114430976004E+04      0.9127444296278045E+07     -0.2757693786834626E+11      0.8332162226371681E+14     -0.2517585413163844E+18
  0.46700000E+03     -0.3032339703683786E+04      0.9195400161896743E+07     -0.2788549361002392E+11      0.8456700591009083E+14     -0.2564711276556834E+18
  0.46800000E+03     -0.3043341557125731E+04      0.9262244829780003E+07     -0.2819010368874427E+11      0.8580091896552955E+14     -0.2611572263690965E+18
  0.46900000E+03     -0.3054270218167057E+04      0.9328885654644787E+07     -0.2849488643861282E+11      0.8704001001775639E+14     -0.2658800602398951E+18
  0.47000000E+03     -0.3065345893141490E+04      0.9396666360317389E+07     -0.2880599971027785E+11      0.8830939619670531E+14     -0.2707358017607553E+18
  0.47100000E+03     -0.3076442548219236E+04      0.9464824152347587E+07     -0.2911998947787713E+11      0.8959521046456373E+14     -0.2756723972242761E+18
  0.47200000E+03     -0.3087372510542398E+04      0.9532195761116307E+07     -0.2943145635223203E+11      0.9087520970582872E+14     -0.2806040700019020E+18
  0.47300000E+03     -0.3098330031415544E+04      0.9599977989901714E+07     -0.2974593848130080E+11      0.9217220646859152E+14     -0.2856190407058128E+18
  0.47400000E+03     -0.3109059238358492E+04      0.9666580228998221E+07     -0.3005602765726544E+11      0.9345556251114125E+14     -0.2905986386629403E+18
  0.47500000E+03     -0.3119980033233480E+04      0.9734608432599857E+07     -0.3037386158118248E+11      0.9477556332028881E+14     -0.2957383015915774E+18
  0.47600000E+03     -0.3131023041670442E+04      0.9803643340892833E+07     -0.3069754970538277E+11      0.9612467422202838E+14     -0.3010100563845137E+18
  0.47700000E+03     -0.3141696152794193E+04      0.9870593729715329E+07     -0.3101253615836087E+11      0.9744200110614480E+14     -0.3061751944200471E+18
  0.47800000E+03     -0.3152567863498938E+04      0.9939026353367571E+07     -0.3133561245728252E+11      0.9879784540823534E+14     -0.3115097856614128E+18
  0.47900000E+03     -0.3163180573998115E+04      0.1000605436787979E+08     -0.3165312644578093E+11      0.1001348473835006E+15     -0.3167880082643304E+18
  0.48000000E+03     -0.3174103497529172E+04      0.1007527725702615E+08     -0.3198215777264233E+11      0.1015250806718987E+15     -0.3222951317816003E+18
  0.48100000E+03     -0.3184916279004614E+04      0.1014404096797352E+08     -0.3231014573586816E+11      0.1029157357978810E+15     -0.3278231276713298E+18
  0.48200000E+03     -0.3196035159051882E+04      0.1021504557441449E+08     -0.3265023851491212E+11      0.1043637744769320E+15     -0.3336035401533247E+18
  0.48300000E+03     -0.3221091750972524E+04      0.1037757254497760E+08     -0.3344109079431541E+11      0.1077852926303948E+15     -0.3474845319694084E+18
  0.48400000E+03     -0.3313368103435053E+04      0.1098302713635952E+08     -0.3642122454634406E+11      0.1208271443332602E+15     -0.4010045126081370E+18
  0.48500000E+03     -0.3227864477636946E+04      0.1041947412392516E+08     -0.3363500780777444E+11      0.1085806655590714E+15     -0.3505328393255937E+18
  0.48600000E+03     -0.3239181787242543E+04      0.1049289306393057E+08     -0.3399228453035131E+11      0.1101263522836416E+15     -0.3568030839967955E+18
  0.48700000E+03     -0.3312815822436095E+04      0.1098398493814408E+08     -0.3644976420340678E+11      0.1210620484704240E+15     -0.4024441765500035E+18
  0.48800000E+03     -0.3427669298668221E+04      0.1175428748094069E+08     -0.4032594251611740E+11      0.1384063760341244E+15     -0.4752298807463713E+18
  0.48900000E+03     -0.3450704910554661E+04      0.1191076777755289E+08     -0.4112355537816555E+11      0.1420219801470000E+15     -0.4906024683100839E+18
  0.49000000E+03     -0.3465793748021072E+04      0.1201407637581639E+08     -0.4165426734395666E+11      0.1444463871603460E+15     -0.5009896212452902E+18
  0.49100000E+03     -0.3470949231117261E+04      0.1204804131982756E+08     -0.4182194619959409E+11      0.1451815163096249E+15     -0.5040079944350205E+18
  0.49200000E+03     -0.3487696271092538E+04      0.1216452695156058E+08     -0.4242965167824330E+11      0.1479998094658988E+15     -0.5162619059687195E+18
  0.49300000E+03     -0.3502152994627183E+04      0.1226554942510228E+08     -0.4295912960098904E+11      0.1504666743999060E+15     -0.5270373223838285E+18
  0.49400000E+03     -0.3515655826553310E+04      0.1236035810697698E+08     -0.4345840914945140E+11      0.1528038865306743E+15     -0.5372946687920872E+18
  0.49500000E+03     -0.3523369599796068E+04      0.1241445099769670E+08     -0.4374293723918594E+11      0.1541343609811706E+15     -0.5431278678634365E+18
  0.49600000E+03     -0.3537171754779863E+04      0.1251190050807493E+08     -0.4425897950948718E+11      0.1565634864949224E+15     -0.5538479346108591E+18
  0.49700000E+03     -0.3547746373423632E+04      0.1258682796063923E+08     -0.4465716912108075E+11      0.1584445254841937E+15     -0.5621787666196696E+18
  0.49800000E+03     -0.3569532715009731E+04      0.1274193645451134E+08     -0.4548541874764758E+11      0.1623759280997665E+15     -0.5796739377872515E+18
  0.49900000E+03     -0.3583199996671843E+04      0.1283969909884907E+08     -0.4600991005768462E+11      0.1648772202638499E+15     -0.5908573699698012E+18
  0.50000000E+03     -0.3596616362999264E+04      0.1293602081890272E+08     -0.4652857636362108E+11      0.1673598533303792E+15     -0.6019983019026819E+18
  0.50100000E+03     -0.3614600340624459E+04      0.1306567072770768E+08     -0.4722959985638046E+11      0.1707292568936789E+15     -0.6171812945906612E+18
  0.50200000E+03     -0.3639820077732540E+04      0.1324893053670818E+08     -0.4822838690426681E+11      0.1755681250784419E+15     -0.6391600807425989E+18
  0.50300000E+03     -0.3646754632585352E+04      0.1329933788717532E+08     -0.4850320489832202E+11      0.1768999854858112E+15     -0.6452115150338931E+18
  0.50400000E+03     -0.3654523774582535E+04      0.1335605070055427E+08     -0.4881370966589624E+11      0.1784111805572146E+15     -0.6521069516484234E+18
  0.50500000E+03     -0.3685816924061854E+04      0.1358556928592625E+08     -0.5007630093149929E+11      0.1845852320286384E+15     -0.6804120092659400E+18
  0.50600000E+03     -0.3697178614620296E+04      0.1366944966231013E+08     -0.5054076227989502E+11      0.1868713402761991E+15     -0.6909613616574234E+18
  0.50700000E+03     -0.3706767535680130E+04      0.1374044931906474E+08     -0.5093505119408106E+11      0.1888177349398452E+15     -0.6999693757941335E+18
  0.50800000E+03     -0.3717688735133047E+04      0.1382153767088598E+08     -0.5138661434325727E+11      0.1910530390065050E+15     -0.7103431457442916E+18
  0.50900000E+03     -0.3727073453726785E+04      0.1389141594903202E+08     -0.5177685702320258E+11      0.1929902868092046E+15     -0.7193592147243136E+18
  0.51000000E+03     -0.3739525557133617E+04      0.1398433057302050E+08     -0.5229684982635737E+11      0.1955771216673022E+15     -0.7314240662456435E+18
