  0.00000000E+00     -0.3035314011261492E-09      0.5154714490207705E-18     -0.5282666151321544E-27      0.7683503216865763E-36     -0.1050051153116415E-44
  0.10000000E+01     -0.6057403050498616E-03      0.3669213171634716E-06     -0.2222590305896788E-09      0.1346312529895717E-12     -0.8155157625561521E-16
  0.20000000E+01     -0.3350316121862153E-01      0.1957039223076274E-01     -0.1170509603625294E-01      0.2252404032552160E-01      0.3567423669086287E-01
  0.30000000E+01     -0.9880019328137796E-01      0.6537552948108831E-01     -0.4871731849347322E-01      0.9104846101912388E-01      0.6481996587402254E-01
  0.40000000E+01     -0.1963490690468872E+00      0.1503101727339803E+00     -0.1389281826703068E+00      0.2614772017244602E+00     -0.5412550179839382E-01
  0.50000000E+01     -0.3262729829392332E+00      0.2937703644614961E+00     -0.3333934157564433E+00      0.6492315192343066E+00     -0.6832920705072364E+00
  0.60000000E+01     -0.4885164254802294E+00      0.5208584016790621E+00     -0.7117280321732810E+00      0.1479817200541948E+01     -0.2525266689090852E+01
  0.70000000E+01     -0.6827507014124469E+00      0.8628489849529597E+00     -0.1398079243429566E+01      0.3171473242255400E+01     -0.7112827813348992E+01
  0.80000000E+01     -0.9093974488332627E+00      0.1358613421107886E+01     -0.2575664235330084E+01      0.6453520512231771E+01     -0.1735982153560660E+02
  0.90000000E+01     -0.1168309656821468E+01      0.2051007654799312E+01     -0.4501793575131145E+01      0.1251168732162627E+02     -0.3898553954281230E+02
  0.10000000E+02     -0.1459362797432890E+01      0.2991620430062116E+01     -0.7540826862946577E+01      0.2332825957374763E+02     -0.8215855246517425E+02
  0.11000000E+02     -0.1782864287246293E+01      0.4237520029742617E+01     -0.1217011982780953E+02      0.4188405478768029E+02     -0.1643844283727875E+03
  0.12000000E+02     -0.2138526777354016E+01      0.5849694706742699E+01     -0.1901958549379954E+02      0.7267712728350706E+02     -0.3157975566467294E+03
  0.13000000E+02     -0.2526217171625670E+01      0.7897661332128209E+01     -0.2890786120434986E+02      0.1224190529776101E+03     -0.5861662532031634E+03
  0.14000000E+02     -0.2946036665919230E+01      0.1045498010321700E+02     -0.4283255690192365E+02      0.2002550979910549E+03     -0.1050630712563525E+04
  0.15000000E+02     -0.3397957283240799E+01      0.1360514532989391E+02     -0.6211035802745860E+02      0.3198640269092542E+03     -0.1834973384759797E+04
  0.16000000E+02     -0.3881793899952831E+01      0.1743103938601400E+02     -0.8824673105538163E+02      0.4988974959596934E+03     -0.3119038231150722E+04
  0.17000000E+02     -0.4398182860694622E+01      0.2203466775413446E+02     -0.1232248208881719E+03      0.7628864610731711E+03     -0.5189252597349003E+04
  0.18000000E+02     -0.4946261468749383E+01      0.2750742036283979E+02     -0.1692455298976375E+03      0.1143839151579405E+04     -0.8440732370273994E+04
  0.19000000E+02     -0.5527076673949658E+01      0.3396532657716921E+02     -0.2290884663682025E+03      0.1685505297086123E+04     -0.1346155034526758E+05
  0.20000000E+02     -0.6138967996915977E+01      0.4150078201055828E+02     -0.3057336913790264E+03      0.2441574277354601E+04     -0.2105142052087701E+05
  0.21000000E+02     -0.6783793324013328E+01      0.5025423038593162E+02     -0.4031088385567538E+03      0.3485571082029418E+04     -0.3237969346135038E+05
  0.22000000E+02     -0.7460434615516595E+01      0.6033742797002844E+02     -0.5253515305644240E+03      0.4905470357020306E+04     -0.4898288140784780E+05
  0.23000000E+02     -0.8168289173216790E+01      0.7186601538046146E+02     -0.6771762002025627E+03      0.6811627216601168E+04     -0.7297110792808664E+05
  0.24000000E+02     -0.8908497360256270E+01      0.8499973241113952E+02     -0.8645772228703293E+03      0.9348949545241370E+04     -0.1072613966110631E+06
  0.25000000E+02     -0.9679881747332837E+01      0.9985861130680074E+02     -0.1093579886225228E+04      0.1268373459846566E+05     -0.1555479050517864E+06
  0.26000000E+02     -0.1048312878493885E+02      0.1165950214168603E+03     -0.1371388596762234E+04      0.1702441374574712E+05     -0.2227506699691956E+06
  0.27000000E+02     -0.1131888737139758E+02      0.1353873359124523E+03     -0.1706680073567404E+04      0.2263613528071355E+05     -0.3155246389003187E+06
  0.28000000E+02     -0.1218627611301933E+02      0.1563708382339879E+03     -0.2108013611597991E+04      0.2981328252098692E+05     -0.4419261503012786E+06
  0.29000000E+02     -0.1308430966703104E+02      0.1796880161368646E+03     -0.2585153961979735E+04      0.3891672192503542E+05     -0.6125249566472364E+06
  0.30000000E+02     -0.1401617467763859E+02      0.2055890415978168E+03     -0.3150824692651003E+04      0.5040397855826547E+05     -0.8410709323543515E+06
  0.31000000E+02     -0.1498052660204124E+02      0.2342182590050176E+03     -0.3816869629199525E+04      0.6477708078689582E+05     -0.1144263383314244E+07
  0.32000000E+02     -0.1597311525590136E+02      0.2656394642973966E+03     -0.4594377613078876E+04      0.8258189172658691E+05     -0.1541955462313975E+07
  0.33000000E+02     -0.1699966250808670E+02      0.3002152675916491E+03     -0.5502709134801347E+04      0.1046212053685839E+06     -0.2062573354991439E+07
  0.34000000E+02     -0.1805596119483695E+02      0.3379954987663328E+03     -0.6554436057759220E+04      0.1316084048516392E+06     -0.2735467691551625E+07
  0.35000000E+02     -0.1914424689134131E+02      0.3792623757530330E+03     -0.7769986884599865E+04      0.1645523114653084E+06     -0.3601568041281803E+07
  0.36000000E+02     -0.2026523532150909E+02      0.4242481628474017E+03     -0.9170059798879800E+04      0.2045822917748730E+06     -0.4710148269082205E+07
  0.37000000E+02     -0.2141648688333816E+02      0.4730675477761810E+03     -0.1077288844417982E+05      0.2528501328491261E+06     -0.6115945995977088E+07
  0.38000000E+02     -0.2260077912054988E+02      0.5260682696657213E+03     -0.1260667739178321E+05      0.3109658867310908E+06     -0.7894859957979126E+07
  0.39000000E+02     -0.2381569083029193E+02      0.5833478102211790E+03     -0.1469152018047196E+05      0.3803766947952830E+06     -0.1012389678818572E+08
  0.40000000E+02     -0.2506217603382805E+02      0.6452038087813689E+03     -0.1705816015781456E+05      0.4630994030561978E+06     -0.1290959306673489E+08
  0.41000000E+02     -0.2633798219864285E+02      0.7117247257467310E+03     -0.1972908894200928E+05      0.5609594610144851E+06     -0.1636007757442093E+08
  0.42000000E+02     -0.2764580451549602E+02      0.7833000757500736E+03     -0.2274224943950180E+05      0.6765840538021994E+06     -0.2062536641829200E+08
  0.43000000E+02     -0.2898511851007266E+02      0.8601537180139364E+03     -0.2613103216007939E+05      0.8126552131163648E+06     -0.2587288156979126E+08
  0.44000000E+02     -0.3035480436931001E+02      0.9424595161500383E+03     -0.2992765803848457E+05      0.9719779489658817E+06     -0.3228783845145118E+08
  0.45000000E+02     -0.3175756319974758E+02      0.1030656890598771E+04     -0.3418052976078520E+05      0.1158370059037800E+07     -0.4011890441114004E+08
  0.46000000E+02     -0.3318834432328935E+02      0.1124687777292139E+04     -0.3891594403941373E+05      0.1374948512084674E+07     -0.4960715728601243E+08
  0.47000000E+02     -0.3465221404802902E+02      0.1225110138465882E+04     -0.4419042590483220E+05      0.1626329200021295E+07     -0.6107358865596105E+08
  0.48000000E+02     -0.3614628460657268E+02      0.1332032974041085E+04     -0.5004453154305324E+05      0.1916953338609041E+07     -0.7487208654723090E+08
  0.49000000E+02     -0.3767021829224190E+02      0.1445703500986329E+04     -0.5652669572872567E+05      0.2251902108504345E+07     -0.9141353547723433E+08
  0.50000000E+02     -0.3922292183942206E+02      0.1566297160668837E+04     -0.6368222067319244E+05      0.2636355107886349E+07     -0.1111417535374738E+09
  0.51000000E+02     -0.4080751692038493E+02      0.1694358090114277E+04     -0.7158391064976781E+05      0.3077556697168312E+07     -0.1346558816456617E+09
  0.52000000E+02     -0.4242055277652064E+02      0.1829881568761206E+04     -0.8027210950539348E+05      0.3581291933644282E+07     -0.1625168667516573E+09
  0.53000000E+02     -0.4406716420330473E+02      0.1973575245473470E+04     -0.8983442617423389E+05      0.4156440257841564E+07     -0.1954968471609619E+09
  0.54000000E+02     -0.4573966615595933E+02      0.2125100247174564E+04     -0.1002971375549332E+06      0.4809065696218037E+07     -0.2342859198046657E+09
  0.55000000E+02     -0.4744385166023890E+02      0.2285230471187726E+04     -0.1117587546816375E+06      0.5549784796886476E+07     -0.2798752237694123E+09
  0.56000000E+02     -0.4917968393839446E+02      0.2454323344084078E+04     -0.1243003502977162E+06      0.6389269161930943E+07     -0.3333654209150000E+09
  0.57000000E+02     -0.5094536206753952E+02      0.2632500524087496E+04     -0.1379834950284881E+06      0.7337111238729848E+07     -0.3958354829440975E+09
  0.58000000E+02     -0.5274332517948528E+02      0.2820371048655973E+04     -0.1529161505564857E+06      0.8407253399313496E+07     -0.4687717392755799E+09
  0.59000000E+02     -0.5456778265042774E+02      0.3017616802344278E+04     -0.1691300070338656E+06      0.9608390153467122E+07     -0.5533567140412891E+09
  0.60000000E+02     -0.5641992700920658E+02      0.3224667777134257E+04     -0.1867220375149586E+06      0.1095492740605944E+08     -0.6512959650565807E+09
  0.61000000E+02     -0.5830382197119275E+02      0.3442295450073007E+04     -0.2058218299777264E+06      0.1246439826979279E+08     -0.7646066060649084E+09
  0.62000000E+02     -0.6021831453363317E+02      0.3670754587169060E+04     -0.2265265179115595E+06      0.1415351954657697E+08     -0.8954510458956838E+09
  0.63000000E+02     -0.6215978077483826E+02      0.3909909667260059E+04     -0.2488922958306410E+06      0.1603573310539210E+08     -0.1045800947447867E+10
  0.64000000E+02     -0.6413062186531562E+02      0.4160392068168665E+04     -0.2730524761765596E+06      0.1813200284860433E+08     -0.1218379711251161E+10
  0.65000000E+02     -0.6613008869119248E+02      0.4422473275559932E+04     -0.2991146190475423E+06      0.2046257980788347E+08     -0.1416060633144255E+10
  0.66000000E+02     -0.6816043322422929E+02      0.4696770050890742E+04     -0.3272202882622976E+06      0.2305148859832015E+08     -0.1642190890553547E+10
  0.67000000E+02     -0.7022234552790506E+02      0.4983784761763322E+04     -0.3575126352339226E+06      0.2592480023173851E+08     -0.1900548594045601E+10
  0.68000000E+02     -0.7231086809105211E+02      0.5283180624272828E+04     -0.3900453244770073E+06      0.2910085489225237E+08     -0.2194393161781133E+10
  0.69000000E+02     -0.7442389050515868E+02      0.5594974713125087E+04     -0.4249092839493026E+06      0.3260236850872313E+08     -0.2527567469982841E+10
  0.70000000E+02     -0.7656595208573648E+02      0.5920116922163611E+04     -0.4622975646640128E+06      0.3646286147429438E+08     -0.2905105252317439E+10
  0.71000000E+02     -0.7873956454007917E+02      0.6259448507868790E+04     -0.5024199213008208E+06      0.4072171981181113E+08     -0.3333170445087002E+10
  0.72000000E+02     -0.8093952001402074E+02      0.6612531069216085E+04     -0.5453290584454577E+06      0.4540186230321299E+08     -0.3816417670621637E+10
  0.73000000E+02     -0.8317079923449666E+02      0.6980497851273249E+04     -0.5912664051942234E+06      0.5054761698694871E+08     -0.4361951377163518E+10
  0.74000000E+02     -0.8543075894635898E+02      0.7363383613273120E+04     -0.6403625870192717E+06      0.5619516440748109E+08     -0.4976660465302831E+10
  0.75000000E+02     -0.8771558980474443E+02      0.7760826026117335E+04     -0.6926739760513069E+06      0.6237022461381112E+08     -0.5666216833117841E+10
  0.76000000E+02     -0.9002989332672890E+02      0.8174069181678280E+04     -0.7484958649548073E+06      0.6913164730175775E+08     -0.6440798915495884E+10
  0.77000000E+02     -0.9237509277539405E+02      0.8603753059831328E+04     -0.8080409731026730E+06      0.7652926425199139E+08     -0.7309853173539894E+10
  0.78000000E+02     -0.9474313737711135E+02      0.9048812449863435E+04     -0.8712948526279466E+06      0.8458707613004188E+08     -0.8280289082881120E+10
  0.79000000E+02     -0.9714234297361264E+02      0.9511140681340092E+04     -0.9386532021109213E+06      0.9338155738848601E+08     -0.9365629161088169E+10
  0.80000000E+02     -0.9956886861245174E+02      0.9990447740454971E+04     -0.1010221914060700E+07      0.1029564011765619E+09     -0.1057621931727838E+11
  0.81000000E+02     -0.1020191014706353E+03      0.1048636066400772E+05     -0.1086080168426115E+07      0.1133512481647190E+09     -0.1192210671912117E+11
  0.82000000E+02     -0.1044978214083667E+03      0.1100024670865785E+05     -0.1166585683998104E+07      0.1246471586650888E+09     -0.1341941087133188E+11
  0.83000000E+02     -0.1070091771767601E+03      0.1153348368767144E+05     -0.1252129502273420E+07      0.1369365648341656E+09     -0.1508705567408258E+11
  0.84000000E+02     -0.1095420625271777E+03      0.1208400141761167E+05     -0.1342515935978568E+07      0.1502236057655700E+09     -0.1693165535248570E+11
  0.85000000E+02     -0.1121031730707528E+03      0.1265373999088797E+05     -0.1438243144534309E+07      0.1646223279304967E+09     -0.1897667057680767E+11
  0.86000000E+02     -0.1146864422720890E+03      0.1324159467567646E+05     -0.1539264859141174E+07      0.1801611974320521E+09     -0.2123318683712273E+11
  0.87000000E+02     -0.1172997775439587E+03      0.1384993773177470E+05     -0.1646189610023024E+07      0.1969801225149452E+09     -0.2373043240839430E+11
  0.88000000E+02     -0.1199405965183239E+03      0.1447855139715781E+05     -0.1759154779166971E+07      0.2151451070239413E+09     -0.2648725082236057E+11
  0.89000000E+02     -0.1226036762039176E+03      0.1512653963410308E+05     -0.1878169932180499E+07      0.2347021244775464E+09     -0.2951988343909813E+11
  0.90000000E+02     -0.1252916761543152E+03      0.1579492713807354E+05     -0.2003604983965510E+07      0.2557599194312462E+09     -0.3285538124574839E+11
  0.91000000E+02     -0.1280074572779227E+03      0.1648500737811857E+05     -0.2135930632614588E+07      0.2784554145904737E+09     -0.3652766622418443E+11
  0.92000000E+02     -0.1307497616048686E+03      0.1719669575572200E+05     -0.2275291975330131E+07      0.3028607390453477E+09     -0.4055916662239021E+11
  0.93000000E+02     -0.1335115150286321E+03      0.1792864032196366E+05     -0.2421645687717858E+07      0.3290288712096128E+09     -0.4497217473832613E+11
  0.94000000E+02     -0.1363026857524326E+03      0.1868387457403638E+05     -0.2575795697187007E+07      0.3571597023724501E+09     -0.4981331506184994E+11
  0.95000000E+02     -0.1391182255223250E+03      0.1946148276240529E+05     -0.2737782961790225E+07      0.3873266479084842E+09     -0.5511068175383329E+11
  0.96000000E+02     -0.1419588744200924E+03      0.2026205280753949E+05     -0.2907939930780094E+07      0.4196545832409608E+09     -0.6090138789420885E+11
  0.97000000E+02     -0.1448274945795529E+03      0.2108692485967348E+05     -0.3086802468694957E+07      0.4543186664120632E+09     -0.6723445408368908E+11
  0.98000000E+02     -0.1477209397296734E+03      0.2193555836991194E+05     -0.3274473902328565E+07      0.4914086993728510E+09     -0.7414390525001703E+11
  0.99000000E+02     -0.1506380278889769E+03      0.2280808054806269E+05     -0.3471229266841386E+07      0.5310553979754897E+09     -0.8167335335961343E+11
  0.10000000E+03     -0.1535860821276571E+03      0.2370710741546191E+05     -0.3677905230350921E+07      0.5735069821848201E+09     -0.8989065157338988E+11
  0.10100000E+03     -0.1565560249565783E+03      0.2463044014116897E+05     -0.3894279896505242E+07      0.6188070997111813E+09     -0.9882744736088890E+11
  0.10200000E+03     -0.1595509748170307E+03      0.2557928607329451E+05     -0.4120844653234676E+07      0.6671335687913586E+09     -0.1085396421916384E+12
  0.10300000E+03     -0.1625732259043953E+03      0.2655494583180004E+05     -0.4358210866202269E+07      0.7187154935680733E+09     -0.1190999820454837E+12
  0.10400000E+03     -0.1656168912366552E+03      0.2755603212990299E+05     -0.4606327540795974E+07      0.7736385847796496E+09     -0.1305527730986284E+12
  0.10500000E+03     -0.1686791995236264E+03      0.2858184005728710E+05     -0.4865238436510357E+07      0.8319973980106767E+09     -0.1429429401322754E+12
  0.10600000E+03     -0.1717600042064077E+03      0.2963287064851255E+05     -0.5135382190604362E+07      0.8939995668928189E+09     -0.1563456674441959E+12
  0.10700000E+03     -0.1748688493266897E+03      0.3071261783221266E+05     -0.5417891706163152E+07      0.9599983052494427E+09     -0.1708658238587842E+12
  0.10800000E+03     -0.1780060179839553E+03      0.3182179178809994E+05     -0.5713295829248612E+07      0.1030239521832138E+10     -0.1865936100110448E+12
  0.10900000E+03     -0.1811668355366581E+03      0.3295932235893713E+05     -0.6021644374024653E+07      0.1104856573345627E+10     -0.2035952839659738E+12
  0.11000000E+03     -0.1843436954267435E+03      0.3412269789704111E+05     -0.6342511339444433E+07      0.1183854501613749E+10     -0.2219071365928495E+12
  0.11100000E+03     -0.1875546428548273E+03      0.3531913106445045E+05     -0.6678243908583754E+07      0.1267945676926710E+10     -0.2417360685235212E+12
  0.11200000E+03     -0.1907863540427326E+03      0.3654397371199968E+05     -0.7027820955686040E+07      0.1356993215284708E+10     -0.2630889617466185E+12
  0.11300000E+03     -0.1940426465028640E+03      0.3779923864433855E+05     -0.7392178853525125E+07      0.1451378186829687E+10     -0.2861032908586413E+12
  0.11400000E+03     -0.1973218656589516E+03      0.3908480556796659E+05     -0.7771640811591399E+07      0.1551330329552112E+10     -0.3108835112968104E+12
  0.11500000E+03     -0.2006252997743804E+03      0.4040150021808811E+05     -0.8166755454678929E+07      0.1657128994055294E+10     -0.3375456181345422E+12
  0.11600000E+03     -0.2039464461593486E+03      0.4174728114221982E+05     -0.8577287246599132E+07      0.1768868119412672E+10     -0.3661667995492303E+12
  0.11700000E+03     -0.2072963658956689E+03      0.4312708185463407E+05     -0.9005100465429695E+07      0.1887212523964298E+10     -0.3969727494344534E+12
  0.11800000E+03     -0.2106604723577695E+03      0.4453508675314680E+05     -0.9448672545120141E+07      0.2011878885849817E+10     -0.4299410581405922E+12
  0.11900000E+03     -0.2140516411199049E+03      0.4597737945112389E+05     -0.9910366519978391E+07      0.2143720014315910E+10     -0.4653636607714114E+12
  0.12000000E+03     -0.2174633252879344E+03      0.4745158829369672E+05     -0.1038978432899379E+08      0.2282789798383229E+10     -0.5033171020408248E+12
  0.12100000E+03     -0.2209040192773214E+03      0.4896200165059243E+05     -0.1088876901961411E+08      0.2429824103529951E+10     -0.5440763711953290E+12
  0.12200000E+03     -0.2243635166577070E+03      0.5050452151658964E+05     -0.1140632886682263E+08      0.2584705945360412E+10     -0.5876763601211810E+12
  0.12300000E+03     -0.2278461880738960E+03      0.5208174886067316E+05     -0.1194381134030408E+08      0.2748056403428273E+10     -0.6343743346167864E+12
  0.12400000E+03     -0.2313514324244672E+03      0.5369343520087971E+05     -0.1250138992067442E+08      0.2920081801353401E+10     -0.6842944247042563E+12
  0.12500000E+03     -0.2348813929242922E+03      0.5534129286841319E+05     -0.1308015976805450E+08      0.3101351740039039E+10     -0.7376911301272402E+12
  0.12600000E+03     -0.2384249898251469E+03      0.5702052062049303E+05     -0.1367883259404864E+08      0.3291670345923859E+10     -0.7945920896894777E+12
  0.12700000E+03     -0.2419932944380787E+03      0.5873677633764994E+05     -0.1429982983993639E+08      0.3492016867699689E+10     -0.8553766131684235E+12
  0.12800000E+03     -0.2455910027791192E+03      0.6049298931067745E+05     -0.1494473098105518E+08      0.3703156857246511E+10     -0.9203811439426400E+12
  0.12900000E+03     -0.2492039378130293E+03      0.6228263955297484E+05     -0.1561155955074180E+08      0.3924667369054500E+10     -0.9895709938991736E+12
  0.13000000E+03     -0.2528359836730700E+03      0.6410789545609715E+05     -0.1630150243892559E+08      0.4157163367890990E+10     -0.1063236562062105E+13
  0.13100000E+03     -0.2564925385746362E+03      0.6597213011939407E+05     -0.1701636125859473E+08      0.4401521428083303E+10     -0.1141769693365966E+13
  0.13200000E+03     -0.2601713251272565E+03      0.6787460527545857E+05     -0.1775631241020982E+08      0.4658059755186913E+10     -0.1225387708638702E+13
  0.13300000E+03     -0.2638715123243951E+03      0.6981560054622281E+05     -0.1852204466186514E+08      0.4927322688114314E+10     -0.1314401353048565E+13
  0.13400000E+03     -0.2675876668322157E+03      0.7179242534354317E+05     -0.1931285044210653E+08      0.5209286711119756E+10     -0.1408910196843931E+13
  0.13500000E+03     -0.2713401880724961E+03      0.7381663356348342E+05     -0.2013394638298177E+08      0.5506134662712757E+10     -0.1509790896233198E+13
  0.13600000E+03     -0.2751049801476825E+03      0.7587572358592779E+05     -0.2098077793036686E+08      0.5816519667193700E+10     -0.1616725628345364E+13
  0.13700000E+03     -0.2788878811782960E+03      0.7797331080993974E+05     -0.2185531979779605E+08      0.6141458052500558E+10     -0.1730204044844352E+13
  0.13800000E+03     -0.2826934157198064E+03      0.8011215054857296E+05     -0.2275914916665327E+08      0.6481814953249969E+10     -0.1850667290986993E+13
  0.13900000E+03     -0.2865267059166081E+03      0.8229581512508780E+05     -0.2369439390307424E+08      0.6838745535013160E+10     -0.1978691799010158E+13
  0.14000000E+03     -0.2903770578794429E+03      0.8451876366152147E+05     -0.2465925651855352E+08      0.7211911868796087E+10     -0.2114326817843557E+13
  0.14100000E+03     -0.2942467948831458E+03      0.8678268887906369E+05     -0.2565495538925252E+08      0.7602098736985245E+10     -0.2258016985053132E+13
  0.14200000E+03     -0.2981341045319655E+03      0.8908706362797650E+05     -0.2668185227905990E+08      0.8009820204797112E+10     -0.2410139764328220E+13
  0.14300000E+03     -0.3020434679569918E+03      0.9143496343946180E+05     -0.2774185081035124E+08      0.8436180147611709E+10     -0.2571287382274281E+13
  0.14400000E+03     -0.3059736820928119E+03      0.9382613500060303E+05     -0.2883539920162507E+08      0.8881724649945421E+10     -0.2741856634341917E+13
  0.14500000E+03     -0.3099259182266935E+03      0.9626171171889979E+05     -0.2996356968789699E+08      0.9347261798041080E+10     -0.2922354057148154E+13
  0.14600000E+03     -0.3138944040686341E+03      0.9873897752163305E+05     -0.3112587025918989E+08      0.9833058892683456E+10     -0.3113124992343378E+13
  0.14700000E+03     -0.3178872286194750E+03      0.1012631233170211E+06     -0.3232517944526631E+08      0.1034066041892561E+11     -0.3314970883047947E+13
  0.14800000E+03     -0.3218970445108817E+03      0.1038300237563715E+06     -0.3356015600485831E+08      0.1086991646845000E+11     -0.3528059554856367E+13
  0.14900000E+03     -0.3259356973676979E+03      0.1064477516351022E+06     -0.3483530137044838E+08      0.1142318271943066E+11     -0.3753575712677179E+13
  0.15000000E+03     -0.3300003202889463E+03      0.1091155178442223E+06     -0.3615115736603748E+08      0.1200127086106312E+11     -0.3992155986801065E+13
  0.15100000E+03     -0.3340703286539446E+03      0.1118195499610085E+06     -0.3750119786733650E+08      0.1260160357501546E+11     -0.4242926805007891E+13
  0.15200000E+03     -0.3381650490650958E+03      0.1145738131709274E+06     -0.3889335925202473E+08      0.1322831606175024E+11     -0.4507942166645669E+13
  0.15300000E+03     -0.3422751536416351E+03      0.1173717436980153E+06     -0.4032458229359607E+08      0.1388032816080320E+11     -0.4786946655617322E+13
  0.15400000E+03     -0.3464187451420025E+03      0.1202266754330921E+06     -0.4180262323647901E+08      0.1456178840490951E+11     -0.5082058699864649E+13
  0.15500000E+03     -0.3505775660820049E+03      0.1231265357927999E+06     -0.4332190870872902E+08      0.1527062847669270E+11     -0.5392680905070438E+13
  0.15600000E+03     -0.3547589206644142E+03      0.1260769924202647E+06     -0.4488615552532252E+08      0.1600913817966965E+11     -0.5720150306684277E+13
  0.15700000E+03     -0.3589575070606591E+03      0.1290748232966433E+06     -0.4649435653572001E+08      0.1677737243023059E+11     -0.6064814153864290E+13
  0.15800000E+03     -0.3631678577540077E+03      0.1321165214988904E+06     -0.4814529278367558E+08      0.1757527860449239E+11     -0.6426981544043731E+13
  0.15900000E+03     -0.3674090887775264E+03      0.1352162172933037E+06     -0.4984724392326225E+08      0.1840736164138512E+11     -0.6809019178082737E+13
  0.16000000E+03     -0.3716673191595303E+03      0.1383645478925979E+06     -0.5159596379836629E+08      0.1927220921343887E+11     -0.7210686608861035E+13
  0.16100000E+03     -0.3759522643256918E+03      0.1415691042228936E+06     -0.5339635660005678E+08      0.2017281328973949E+11     -0.7633740834971767E+13
  0.16200000E+03     -0.3802523541383848E+03      0.1448218119251598E+06     -0.5524466463726919E+08      0.2110790848073552E+11     -0.8077980612442019E+13
  0.16300000E+03     -0.3845731618108516E+03      0.1481276818269257E+06     -0.5714467797722392E+08      0.2208013591388134E+11     -0.8545120893550119E+13
  0.16400000E+03     -0.3889136834915028E+03      0.1514859355832131E+06     -0.5909642010084491E+08      0.2308999058880840E+11     -0.9035746994038270E+13
  0.16500000E+03     -0.3932795256926030E+03      0.1549018654566245E+06     -0.6110400917118139E+08      0.2414039286662984E+11     -0.9551781885111836E+13
  0.16600000E+03     -0.3976621654600570E+03      0.1583690366141656E+06     -0.6316429796784014E+08      0.2523028649729713E+11     -0.1009312277591756E+14
  0.16700000E+03     -0.4020637671873980E+03      0.1618900299212570E+06     -0.6527984436366960E+08      0.2636183364313058E+11     -0.1066137739657141E+14
  0.16800000E+03     -0.4064856116626100E+03      0.1654662978176369E+06     -0.6745228008299646E+08      0.2753657961739141E+11     -0.1125779245478049E+14
  0.16900000E+03     -0.4109307025172979E+03      0.1691007245683200E+06     -0.6968415779394865E+08      0.2875661860239799E+11     -0.1188393487701818E+14
  0.17000000E+03     -0.4153873793453940E+03      0.1727841734515950E+06     -0.7197062876074925E+08      0.3001999815205137E+11     -0.1253930448472340E+14
  0.17100000E+03     -0.4198757606957097E+03      0.1765340595712880E+06     -0.7432353255504699E+08      0.3133412552429611E+11     -0.1322834540420478E+14
  0.17200000E+03     -0.4243765929739103E+03      0.1803346283574775E+06     -0.7673372777850601E+08      0.3269460861451629E+11     -0.1394928428660604E+14
  0.17300000E+03     -0.4288903806434234E+03      0.1841866115478490E+06     -0.7920240070542361E+08      0.3410282038565319E+11     -0.1470337673086825E+14
  0.17400000E+03     -0.4334328182090246E+03      0.1881041965832153E+06     -0.8173970785711291E+08      0.3556547572287074E+11     -0.1549487892169457E+14
  0.17500000E+03     -0.4380005985368829E+03      0.1920851090375698E+06     -0.8434510408267468E+08      0.3708311218647651E+11     -0.1632471297403725E+14
  0.17600000E+03     -0.4426007008486014E+03      0.1961366677354484E+06     -0.8702477251869039E+08      0.3866048130283200E+11     -0.1719628973971920E+14
  0.17700000E+03     -0.4472084249811551E+03      0.2002371922243319E+06     -0.8976500345641229E+08      0.4029022285388509E+11     -0.1810612078626759E+14
  0.17800000E+03     -0.4518362741514224E+03      0.2043985031956698E+06     -0.9257474695716576E+08      0.4197863180602782E+11     -0.1905845556097567E+14
  0.17900000E+03     -0.4564942659726676E+03      0.2086298994327149E+06     -0.9546106770930594E+08      0.4373077765513879E+11     -0.2005681549345964E+14
  0.18000000E+03     -0.4611662113812712E+03      0.2129176219047667E+06     -0.9841582344155137E+08      0.4554283214556210E+11     -0.2109985807112366E+14
  0.18100000E+03     -0.4658690152003868E+03      0.2172776599121754E+06     -0.1014509777395160E+09      0.4742308858479710E+11     -0.2219312333578100E+14
  0.18200000E+03     -0.4705842163361116E+03      0.2216937907853065E+06     -0.1045564783102154E+09      0.4936646912312265E+11     -0.2333454693972362E+14
  0.18300000E+03     -0.4753161543493753E+03      0.2261701574440974E+06     -0.1077359263229107E+09      0.5137605198436534E+11     -0.2452665186416929E+14
  0.18400000E+03     -0.4800716925454575E+03      0.2307139282986538E+06     -0.1109955167418141E+09      0.5345684089599046E+11     -0.2577328173466004E+14
  0.18500000E+03     -0.4848500755987308E+03      0.2353250235943614E+06     -0.1143363067265552E+09      0.5561063754762908E+11     -0.2707643887177662E+14
  0.18600000E+03     -0.4896575237939281E+03      0.2400102186311523E+06     -0.1177644105948756E+09      0.5784257430935545E+11     -0.2844019717506150E+14
  0.18700000E+03     -0.4944753404321140E+03      0.2447514526715063E+06     -0.1212673845694486E+09      0.6014547475245685E+11     -0.2986099443934465E+14
  0.18800000E+03     -0.4993174522317820E+03      0.2495638919107920E+06     -0.1248581966580173E+09      0.6252946993690786E+11     -0.3134634602986528E+14
  0.18900000E+03     -0.5041887532191561E+03      0.2544526255351161E+06     -0.1285414924950115E+09      0.6499865636916196E+11     -0.3289971298387596E+14
  0.19000000E+03     -0.5090820859007462E+03      0.2594107427582778E+06     -0.1323129517535685E+09      0.6755118588478868E+11     -0.3452087566745810E+14
  0.19100000E+03     -0.5139854215919266E+03      0.2644273918632037E+06     -0.1361660337821731E+09      0.7018426130789699E+11     -0.3620938922957204E+14
  0.19200000E+03     -0.5189138155071356E+03      0.2695180135984314E+06     -0.1401133453175642E+09      0.7290749683971577E+11     -0.3797237134762580E+14
  0.19300000E+03     -0.5238681245967474E+03      0.2746844206850502E+06     -0.1441577271956314E+09      0.7572433347997444E+11     -0.3981332441278305E+14
  0.19400000E+03     -0.5288422895600369E+03      0.2799208506975489E+06     -0.1482958236319173E+09      0.7863373751270961E+11     -0.4173274939193420E+14
  0.19500000E+03     -0.5338337639554251E+03      0.2852250824157242E+06     -0.1525269840193552E+09      0.8163654651280641E+11     -0.4373239309874546E+14
  0.19600000E+03     -0.5388451637688221E+03      0.2906007152173723E+06     -0.1568554676890206E+09      0.8473728702081947E+11     -0.4581661487540223E+14
  0.19700000E+03     -0.5438873759214948E+03      0.2960600548419153E+06     -0.1612924545235710E+09      0.8794542440047311E+11     -0.4799312119091796E+14
  0.19800000E+03     -0.5489582677860371E+03      0.3016015866327438E+06     -0.1658381273416714E+09      0.9126266624205231E+11     -0.5026451308489360E+14
  0.19900000E+03     -0.5540498362334287E+03      0.3072175720297294E+06     -0.1704877262958238E+09      0.9468725051926596E+11     -0.5263113218815618E+14
  0.20000000E+03     -0.5591673373210239E+03      0.3129142321920169E+06     -0.1752475620592999E+09      0.9822527296041356E+11     -0.5509859967830637E+14
  0.20100000E+03     -0.5642833930667850E+03      0.3186614833120009E+06     -0.1800935977842887E+09      0.1018602540449168E+12     -0.5765678489282537E+14
  0.20200000E+03     -0.5694334869575524E+03      0.3244996106488463E+06     -0.1850609699669395E+09      0.1056200307917553E+12     -0.6032674477622623E+14
  0.20300000E+03     -0.5746071071383510E+03      0.3304182652080510E+06     -0.1901430408740812E+09      0.1095018494547432E+12     -0.6310858185111193E+14
  0.20400000E+03     -0.5798070535015224E+03      0.3364211067350496E+06     -0.1953441691628346E+09      0.1135105941051427E+12     -0.6600735634694796E+14
  0.20500000E+03     -0.5850365578159283E+03      0.3425123124488957E+06     -0.2006692094616664E+09      0.1176516093603445E+12     -0.6902856051929884E+14
  0.20600000E+03     -0.5902915633839852E+03      0.3486884250901711E+06     -0.2061170978199490E+09      0.1219262492280182E+12     -0.7217525217413702E+14
  0.20700000E+03     -0.5955756408023950E+03      0.3549545780871608E+06     -0.2116940659256327E+09      0.1263414252835805E+12     -0.7545450989710619E+14
  0.20800000E+03     -0.6008749721858962E+03      0.3612944367259467E+06     -0.2173864925376701E+09      0.1308877657754901E+12     -0.7886092849277845E+14
  0.20900000E+03     -0.6061821975647969E+03      0.3677001006995899E+06     -0.2231889761455919E+09      0.1355630077179355E+12     -0.8239487125514948E+14
  0.21000000E+03     -0.6115173142254052E+03      0.3741964464433807E+06     -0.2291256461539556E+09      0.1403886204071523E+12     -0.8607465753266288E+14
  0.21100000E+03     -0.6168722758289765E+03      0.3807741101555144E+06     -0.2351892356595136E+09      0.1453604695480967E+12     -0.8989903648928505E+14
  0.21200000E+03     -0.6222721933243296E+03      0.3874648862076022E+06     -0.2414108527166568E+09      0.1505062898183739E+12     -0.9389163136984075E+14
  0.21300000E+03     -0.6276943589616318E+03      0.3942416300813229E+06     -0.2477671113946406E+09      0.1558090423523067E+12     -0.9804160340844264E+14
  0.21400000E+03     -0.6331264653881042E+03      0.4010902567679758E+06     -0.2542469697795425E+09      0.1612621165122360E+12     -0.1023464317050658E+15
  0.21500000E+03     -0.6385842651629546E+03      0.4080305960388264E+06     -0.2608701364667683E+09      0.1668837119124877E+12     -0.1068224003284302E+15
  0.21600000E+03     -0.6440745367299320E+03      0.4150725771650340E+06     -0.2676483135664608E+09      0.1726864768301705E+12     -0.1114823973068173E+15
  0.21700000E+03     -0.6495846269634241E+03      0.4222001780662213E+06     -0.2745672734452366E+09      0.1786601025623716E+12     -0.1163203269433198E+15
  0.21800000E+03     -0.6551091223323309E+03      0.4294071807290065E+06     -0.2816227176338872E+09      0.1848032164429601E+12     -0.1213376470993949E+15
  0.21900000E+03     -0.6606642084687375E+03      0.4367159804605024E+06     -0.2888388463036212E+09      0.1911397585283066E+12     -0.1265569768020430E+15
  0.22000000E+03     -0.6662463979438932E+03      0.4441222493774953E+06     -0.2962126615822053E+09      0.1976691059759226E+12     -0.1319801881036458E+15
  0.22100000E+03     -0.6718516043533002E+03      0.4516220644169087E+06     -0.3037428076354908E+09      0.2043932495085148E+12     -0.1376123573986104E+15
  0.22200000E+03     -0.6774841836126540E+03      0.4592217156643008E+06     -0.3114371124796057E+09      0.2113214633540602E+12     -0.1434639453651880E+15
  0.22300000E+03     -0.6831546139211849E+03      0.4669365990095573E+06     -0.3193135110241858E+09      0.2184729737145016E+12     -0.1495546006669959E+15
  0.22400000E+03     -0.6888370225528990E+03      0.4747320433088478E+06     -0.3273382372456631E+09      0.2258195885472004E+12     -0.1558632496300745E+15
  0.22500000E+03     -0.6945469882676437E+03      0.4826304919487415E+06     -0.3355365952369890E+09      0.2333874900803976E+12     -0.1624158232450450E+15
  0.22600000E+03     -0.7002803512326909E+03      0.4906270693457293E+06     -0.3439055597806094E+09      0.2411767986397929E+12     -0.1692158403068482E+15
  0.22700000E+03     -0.7060358109421159E+03      0.4987205039726044E+06     -0.3524454951733264E+09      0.2491904762374711E+12     -0.1762690855069056E+15
  0.22800000E+03     -0.7118783911781103E+03      0.5070042817490845E+06     -0.3612583626267890E+09      0.2575283969323110E+12     -0.1836681068239676E+15
  0.22900000E+03     -0.7176934970798409E+03      0.5153168138963467E+06     -0.3701743663482113E+09      0.2660330184615412E+12     -0.1912768309140890E+15
  0.23000000E+03     -0.7235313433162717E+03      0.5237298944467495E+06     -0.3792717193749231E+09      0.2747812301575395E+12     -0.1991671029496302E+15
  0.23100000E+03     -0.7294161144103709E+03      0.5322797008180874E+06     -0.3885921671538901E+09      0.2838168442983307E+12     -0.2073827765358136E+15
  0.23200000E+03     -0.7353095674709057E+03      0.5409114188951300E+06     -0.3980779956158828E+09      0.2930870735693307E+12     -0.2158798046082232E+15
  0.23300000E+03     -0.7412364650396552E+03      0.5496620545540190E+06     -0.4077719026726980E+09      0.3026368177672302E+12     -0.2247033357706432E+15
  0.23400000E+03     -0.7471861643485064E+03      0.5585170723518350E+06     -0.4176603340669507E+09      0.3124564554787946E+12     -0.2338490527949339E+15
  0.23500000E+03     -0.7531568580299262E+03      0.5674744003008024E+06     -0.4277429271803678E+09      0.3225488128972045E+12     -0.2433237151591062E+15
  0.23600000E+03     -0.7591542997930057E+03      0.5765434894617216E+06     -0.4380325123612905E+09      0.3329301939663438E+12     -0.2531470640516487E+15
  0.23700000E+03     -0.7651760545062992E+03      0.5857219893172563E+06     -0.4485292378275778E+09      0.3436049010492545E+12     -0.2633283394788240E+15
  0.23800000E+03     -0.7712321491755065E+03      0.5950260398413081E+06     -0.4592538499261755E+09      0.3545976861274902E+12     -0.2738958956747629E+15
  0.23900000E+03     -0.7773184284421751E+03      0.6044505035499838E+06     -0.4702032026817921E+09      0.3659095387986852E+12     -0.2848560476182540E+15
  0.24000000E+03     -0.7834292057283226E+03      0.6139870317570082E+06     -0.4813694768396770E+09      0.3775357138773364E+12     -0.2962087706039863E+15
  0.24100000E+03     -0.7895591151504012E+03      0.6236284620928209E+06     -0.4927470581306532E+09      0.3894746580371868E+12     -0.3079581087787324E+15
  0.24200000E+03     -0.7957224505771846E+03      0.6333987796563114E+06     -0.5043674295347865E+09      0.4017642143171594E+12     -0.3201474788437975E+15
  0.24300000E+03     -0.8019100216137150E+03      0.6432835444037020E+06     -0.5162149629176624E+09      0.4143909592043239E+12     -0.3327680997105188E+15
  0.24400000E+03     -0.8081315727544636E+03      0.6532998262283519E+06     -0.5283133358421233E+09      0.4273850636285300E+12     -0.3458565631263683E+15
  0.24500000E+03     -0.8143761771689075E+03      0.6634311063171357E+06     -0.5406453408775302E+09      0.4407325479147971E+12     -0.3594048835167058E+15
  0.24600000E+03     -0.8206479231148771E+03      0.6736849251024623E+06     -0.5532227202044162E+09      0.4544504715154969E+12     -0.3734363882526026E+15
  0.24700000E+03     -0.8269517679858767E+03      0.6840705184823348E+06     -0.5660596695035427E+09      0.4685590542754746E+12     -0.3879782474888369E+15
  0.24800000E+03     -0.8332865071412336E+03      0.6945872933294099E+06     -0.5791586904251055E+09      0.4830662628341070E+12     -0.4030457600044566E+15
  0.24900000E+03     -0.8396414899482367E+03      0.7052180080453949E+06     -0.5925003677483664E+09      0.4979545460023364E+12     -0.4186265311381778E+15
  0.25000000E+03     -0.8460298575675047E+03      0.7159861194664107E+06     -0.6061175276890277E+09      0.5132660273504604E+12     -0.4347721783593638E+15
  0.25100000E+03     -0.8524492915615564E+03      0.7268887799641596E+06     -0.6200094757086999E+09      0.5290049509390940E+12     -0.4514943245131958E+15
  0.25200000E+03     -0.8588929430280666E+03      0.7379156520226285E+06     -0.6341662846413263E+09      0.5451655495643602E+12     -0.4687945769991251E+15
  0.25300000E+03     -0.8653595876413016E+03      0.7490654275975921E+06     -0.6485888935640904E+09      0.5617537161634005E+12     -0.4866863626351755E+15
  0.25400000E+03     -0.8718472678063915E+03      0.7603352960508342E+06     -0.6632760114129837E+09      0.5787725152899543E+12     -0.5051798883266712E+15
  0.25500000E+03     -0.8783772702325497E+03      0.7717637496032952E+06     -0.6782814193647741E+09      0.5962903585052589E+12     -0.5243581753261663E+15
  0.25600000E+03     -0.8849259328523485E+03      0.7833106955319131E+06     -0.6935558725349339E+09      0.6142556593412961E+12     -0.5441733291297008E+15
  0.25700000E+03     -0.8915109870087850E+03      0.7950082419332690E+06     -0.7091446563470051E+09      0.6327269814168826E+12     -0.5646979839263652E+15
  0.25800000E+03     -0.8981282534916511E+03      0.8068504238571600E+06     -0.7250434773836730E+09      0.6517055933735753E+12     -0.5859428568410944E+15
  0.25900000E+03     -0.9047757430903555E+03      0.8188346733229631E+06     -0.7412519576138958E+09      0.6711967794735593E+12     -0.6079225984590308E+15
  0.26000000E+03     -0.9114372124035888E+03      0.8309329534408505E+06     -0.7577356115598518E+09      0.6911652968675144E+12     -0.6306068498431531E+15
  0.26100000E+03     -0.9181369817440245E+03      0.8431903622847885E+06     -0.7745589375756657E+09      0.7116951405454211E+12     -0.6541001392130282E+15
  0.26200000E+03     -0.9248742033532402E+03      0.8556067858567931E+06     -0.7917255619956566E+09      0.7327975579487897E+12     -0.6784256649729720E+15
  0.26300000E+03     -0.9316460453987449E+03      0.8681786505599570E+06     -0.8092346486951874E+09      0.7544788128704904E+12     -0.7036016380451969E+15
  0.26400000E+03     -0.9384316820919320E+03      0.8808682204850606E+06     -0.8270367985245677E+09      0.7766839498364153E+12     -0.7295741353808982E+15
  0.26500000E+03     -0.9452586180388994E+03      0.8937278170533465E+06     -0.8452085424225593E+09      0.7995146809184170E+12     -0.7564721834129625E+15
  0.26600000E+03     -0.9521062392039307E+03      0.9067200645266214E+06     -0.8637010102573868E+09      0.8229169346499659E+12     -0.7842435020523660E+15
  0.26700000E+03     -0.9589823777224025E+03      0.9198609245837368E+06     -0.8825404313410598E+09      0.8469308013155308E+12     -0.8129467598302658E+15
  0.26800000E+03     -0.9658845001025044E+03      0.9331462874687936E+06     -0.9017239016064860E+09      0.8715588552729133E+12     -0.8425954808210509E+15
  0.26900000E+03     -0.9728211520129930E+03      0.9465941619157015E+06     -0.9212816413464273E+09      0.8968478247122522E+12     -0.8732584932439429E+15
  0.27000000E+03     -0.9797874717500379E+03      0.9601965539550121E+06     -0.9412061271615992E+09      0.9227958960788734E+12     -0.9049463548826359E+15
  0.27100000E+03     -0.9867858382665598E+03      0.9739592305194035E+06     -0.9615094752266653E+09      0.9494262614011689E+12     -0.9376996542724594E+15
  0.27200000E+03     -0.9938113501464774E+03      0.9878734550718352E+06     -0.9821821669861244E+09      0.9767335264338151E+12     -0.9715237575932250E+15
  0.27300000E+03     -0.1000861292870502E+04      0.1001935793550492E+07     -0.1003224074127563E+10      0.1004726846507498E+13     -0.1006444963076277E+16
  0.27400000E+03     -0.1007950653198123E+04      0.1016176947511428E+07     -0.1024684465615686E+10      0.1033479013933188E+13     -0.1042566629296695E+16
  0.27500000E+03     -0.1015058063760594E+04      0.1030555505389105E+07     -0.1046505349251542E+10      0.1062921099643278E+13     -0.1079816759310328E+16
  0.27600000E+03     -0.1022206332942639E+04      0.1045118491553351E+07     -0.1068761582907320E+10      0.1093161724153061E+13     -0.1118346086543779E+16
  0.27700000E+03     -0.1029386189072163E+04      0.1059848558590970E+07     -0.1091431205747709E+10      0.1124180210924948E+13     -0.1158143733693892E+16
  0.27800000E+03     -0.1036590674466180E+04      0.1074732875796258E+07     -0.1114498900433597E+10      0.1155964678822473E+13     -0.1199209969953640E+16
  0.27900000E+03     -0.1043820708147100E+04      0.1089774475370200E+07     -0.1137973376238781E+10      0.1188535754720307E+13     -0.1241586594202040E+16
  0.28000000E+03     -0.1051081203785529E+04      0.1104984594415375E+07     -0.1161876023552139E+10      0.1221931610779858E+13     -0.1285338408888114E+16
  0.28100000E+03     -0.1058381450506482E+04      0.1120384333320508E+07     -0.1186244876476907E+10      0.1256215403808969E+13     -0.1330565474977423E+16
  0.28200000E+03     -0.1065694500446936E+04      0.1135918088790098E+07     -0.1210996250542924E+10      0.1291278739261905E+13     -0.1377141447079691E+16
  0.28300000E+03     -0.1073038862652368E+04      0.1151626044140625E+07     -0.1236197906065256E+10      0.1327226220272538E+13     -0.1425221125833932E+16
  0.28400000E+03     -0.1080418469398673E+04      0.1167517970294959E+07     -0.1261870088174201E+10      0.1364096641137244E+13     -0.1474874205550770E+16
  0.28500000E+03     -0.1087828581975504E+04      0.1183585309663682E+07     -0.1288004037335286E+10      0.1401888144247777E+13     -0.1526117265840993E+16
  0.28600000E+03     -0.1095264555726294E+04      0.1199818966870021E+07     -0.1314588983742239E+10      0.1440594495653708E+13     -0.1578959287843407E+16
  0.28700000E+03     -0.1102729959571616E+04      0.1216228487018479E+07     -0.1341645910382082E+10      0.1480257643993381E+13     -0.1633478021221481E+16
  0.28800000E+03     -0.1110219190919642E+04      0.1232801995277907E+07     -0.1369158453764037E+10      0.1520861964918266E+13     -0.1689668495731814E+16
  0.28900000E+03     -0.1117746347891986E+04      0.1249572802058584E+07     -0.1397187940431846E+10      0.1562510590056255E+13     -0.1747696047406162E+16
  0.29000000E+03     -0.1125295383876322E+04      0.1266506160716254E+07     -0.1425680541334079E+10      0.1605133646145571E+13     -0.1807482707222943E+16
  0.29100000E+03     -0.1132889280960150E+04      0.1283654904884179E+07     -0.1454729894072698E+10      0.1648882154445125E+13     -0.1869261070876840E+16
  0.29200000E+03     -0.1140504322208418E+04      0.1300967487555243E+07     -0.1484254709562580E+10      0.1693646720864340E+13     -0.1932900627075990E+16
  0.29300000E+03     -0.1148140617096920E+04      0.1318444763948850E+07     -0.1514260135316680E+10      0.1739444765115805E+13     -0.1998445523388298E+16
  0.29400000E+03     -0.1155808660120230E+04      0.1336112257524987E+07     -0.1544795242578326E+10      0.1786363272714839E+13     -0.2066043371547989E+16
  0.29500000E+03     -0.1163505987831870E+04      0.1353965413175068E+07     -0.1575856809078888E+10      0.1834408603682455E+13     -0.2135725627999134E+16
  0.29600000E+03     -0.1171239847402476E+04      0.1372022622186769E+07     -0.1607482326421361E+10      0.1883651483507821E+13     -0.2207619478732490E+16
  0.29700000E+03     -0.1178995472882999E+04      0.1390250823276164E+07     -0.1639619134657471E+10      0.1934022386968194E+13     -0.2281647904564601E+16
  0.29800000E+03     -0.1186770514457576E+04      0.1408645481684187E+07     -0.1672263789059499E+10      0.1985527445452866E+13     -0.2357843323621732E+16
  0.29900000E+03     -0.1194579066616658E+04      0.1427241293228794E+07     -0.1705483077038043E+10      0.2038284700017318E+13     -0.2436405670039186E+16
  0.30000000E+03     -0.1202430903471760E+04      0.1446063059328943E+07     -0.1739326909775554E+10      0.2092386895895789E+13     -0.2517499933940912E+16
  0.30100000E+03     -0.1210301035060450E+04      0.1465052347351758E+07     -0.1773695730409875E+10      0.2147688274516723E+13     -0.2600934569496392E+16
  0.30200000E+03     -0.1218198573399501E+04      0.1484232245733760E+07     -0.1808636265168158E+10      0.2204276698605900E+13     -0.2686868398492680E+16
  0.30300000E+03     -0.1226119006022488E+04      0.1503592967424808E+07     -0.1844135766867445E+10      0.2262144524760581E+13     -0.2775316798260418E+16
  0.30400000E+03     -0.1234069512511943E+04      0.1523153857124119E+07     -0.1880235988492702E+10      0.2321374930736883E+13     -0.2866437453590930E+16
  0.30500000E+03     -0.1242073551892953E+04      0.1542973986030877E+07     -0.1917051482771510E+10      0.2382169924569323E+13     -0.2960570416446184E+16
  0.30600000E+03     -0.1250080316810736E+04      0.1562928962261129E+07     -0.1954356883349997E+10      0.2444171778670541E+13     -0.3057191928053544E+16
  0.30700000E+03     -0.1258112104297187E+04      0.1583075204072402E+07     -0.1992262332684879E+10      0.2507576434434134E+13     -0.3156635392697333E+16
  0.30800000E+03     -0.1266177342184189E+04      0.1603435271956269E+07     -0.2030816076361353E+10      0.2572479513969237E+13     -0.3259082375273444E+16
  0.30900000E+03     -0.1274282759662022E+04      0.1624027771500411E+07     -0.2070059555179878E+10      0.2638966525275208E+13     -0.3364701048055794E+16
  0.31000000E+03     -0.1282396923760120E+04      0.1644774226333829E+07     -0.2109849039928992E+10      0.2706809232512915E+13     -0.3473161688796672E+16
  0.31100000E+03     -0.1290548221076701E+04      0.1665748314506683E+07     -0.2150331150439168E+10      0.2776272151066671E+13     -0.3584919127270198E+16
  0.31200000E+03     -0.1298723800187094E+04      0.1686918447279045E+07     -0.2191451039362563E+10      0.2847277276815030E+13     -0.3699882790312936E+16
  0.31300000E+03     -0.1306921357230547E+04      0.1708279756620502E+07     -0.2233204660518896E+10      0.2919832619854570E+13     -0.3818099082948372E+16
  0.31400000E+03     -0.1315140990937430E+04      0.1729833086669993E+07     -0.2275598108691369E+10      0.2993962223090678E+13     -0.3939638426580781E+16
  0.31500000E+03     -0.1323410001003341E+04      0.1751652437476667E+07     -0.2318785015924359E+10      0.3069954679059127E+13     -0.4065016231856906E+16
  0.31600000E+03     -0.1331685958362678E+04      0.1773626857701918E+07     -0.2362551134128496E+10      0.3147448339558888E+13     -0.4193670906762323E+16
  0.31700000E+03     -0.1339990971635691E+04      0.1795816543373901E+07     -0.2407022754215476E+10      0.3226684213860014E+13     -0.4326041515771508E+16
  0.31800000E+03     -0.1348330445997655E+04      0.1818236967909467E+07     -0.2452236404022555E+10      0.3307743356158699E+13     -0.4462300407783036E+16
  0.31900000E+03     -0.1356691414307172E+04      0.1840854894983190E+07     -0.2498131808054980E+10      0.3390536027210063E+13     -0.4602337987765321E+16
  0.32000000E+03     -0.1365079218050996E+04      0.1863686007273492E+07     -0.2544746802655023E+10      0.3475147662034517E+13     -0.4746338527743112E+16
  0.32100000E+03     -0.1373495389898825E+04      0.1886735988106064E+07     -0.2592099641782219E+10      0.3561629932165434E+13     -0.4894432523503174E+16
  0.32200000E+03     -0.1381944153282775E+04      0.1910017773314784E+07     -0.2640223288858694E+10      0.3650061237673433E+13     -0.5046796569873134E+16
  0.32300000E+03     -0.1390404040001911E+04      0.1933472816945694E+07     -0.2689001591589051E+10      0.3740243679597493E+13     -0.5203127845861306E+16
  0.32400000E+03     -0.1398896322424206E+04      0.1957161884153808E+07     -0.2738568277417216E+10      0.3832444825354423E+13     -0.5363937078005521E+16
  0.32500000E+03     -0.1407420509177024E+04      0.1981085023338555E+07     -0.2788930102018227E+10      0.3926696472661998E+13     -0.5529325216106013E+16
  0.32600000E+03     -0.1415998305835601E+04      0.2005304904362751E+07     -0.2840226396293739E+10      0.4023280171405709E+13     -0.5699834974516752E+16
  0.32700000E+03     -0.1424547099714291E+04      0.2029590185891663E+07     -0.2891975008201032E+10      0.4121309868406605E+13     -0.5873952994903318E+16
  0.32800000E+03     -0.1433131145252104E+04      0.2054122733670208E+07     -0.2944565905462364E+10      0.4221536219257796E+13     -0.6053046722736929E+16
  0.32900000E+03     -0.1441748964860887E+04      0.2078899266900394E+07     -0.2997997799517013E+10      0.4323974815425216E+13     -0.6237188953195306E+16
  0.33000000E+03     -0.1450374487048991E+04      0.2103846726609404E+07     -0.3052121027575921E+10      0.4428361141018599E+13     -0.6425957574211474E+16
  0.33100000E+03     -0.1459034199991706E+04      0.2129043457203140E+07     -0.3107113215357051E+10      0.4535060065353665E+13     -0.6620066290276629E+16
  0.33200000E+03     -0.1467731055232781E+04      0.2154498225883270E+07     -0.3162997793069960E+10      0.4644132956826164E+13     -0.6819669456516705E+16
  0.33300000E+03     -0.1476446969851346E+04      0.2180161488621553E+07     -0.3219677333528926E+10      0.4755419447864489E+13     -0.7024542100244797E+16
  0.33400000E+03     -0.1485204525483526E+04      0.2206100422955463E+07     -0.3277305749054428E+10      0.4869240523621789E+13     -0.7235324269116462E+16
  0.33500000E+03     -0.1493960249260625E+04      0.2232187429473699E+07     -0.3335606164629851E+10      0.4985070347615497E+13     -0.7451095829573654E+16
  0.33600000E+03     -0.1502739495198688E+04      0.2258497725712875E+07     -0.3394749953254859E+10      0.5103263837676376E+13     -0.7672559606718480E+16
  0.33700000E+03     -0.1511530027298035E+04      0.2284996854297664E+07     -0.3454668667502697E+10      0.5223710280459508E+13     -0.7899572116648615E+16
  0.33800000E+03     -0.1520364130895040E+04      0.2311783207727843E+07     -0.3515591352923080E+10      0.5346891628082454E+13     -0.8133098014185215E+16
  0.33900000E+03     -0.1529209923981092E+04      0.2338761288824281E+07     -0.3577307613985617E+10      0.5472404585645552E+13     -0.8372430493730211E+16
  0.34000000E+03     -0.1538110077049767E+04      0.2366063173683373E+07     -0.3640128158598203E+10      0.5600906858611657E+13     -0.8618888929456495E+16
  0.34100000E+03     -0.1546989021845005E+04      0.2393456933345546E+07     -0.3703523252332998E+10      0.5731331457313132E+13     -0.8870475201884075E+16
  0.34200000E+03     -0.1555896716981815E+04      0.2421098724239776E+07     -0.3767863182964538E+10      0.5864467214493593E+13     -0.9128779878584750E+16
  0.34300000E+03     -0.1564848140674748E+04      0.2449035735430446E+07     -0.3833263670944974E+10      0.6000574505427250E+13     -0.9394365687217520E+16
  0.34400000E+03     -0.1573814943421087E+04      0.2477181271352618E+07     -0.3899530220626938E+10      0.6139275079594539E+13     -0.9666563695137660E+16
  0.34500000E+03     -0.1582776449801069E+04      0.2505471858326589E+07     -0.3966521102063071E+10      0.6280297561867775E+13     -0.9944908850440646E+16
  0.34600000E+03     -0.1591804328027732E+04      0.2534133507350709E+07     -0.4034775284674957E+10      0.6424793659535908E+13     -0.1023172621453158E+17
  0.34700000E+03     -0.1600845292122470E+04      0.2563000242701188E+07     -0.4103909503673741E+10      0.6571986623381804E+13     -0.1052556110124874E+17
  0.34800000E+03     -0.1609909118491083E+04      0.2592104243927386E+07     -0.4174007565733222E+10      0.6722078659800725E+13     -0.1082688344607658E+17
  0.34900000E+03     -0.1618948219163756E+04      0.2621293080041964E+07     -0.4244707716868103E+10      0.6874316303494953E+13     -0.1113424223384913E+17
  0.35000000E+03     -0.1628030793488670E+04      0.2650786537403419E+07     -0.4316545738476917E+10      0.7029870284643074E+13     -0.1145005501925896E+17
  0.35100000E+03     -0.1637135677152306E+04      0.2680518159705307E+07     -0.4389369742183385E+10      0.7188442966952713E+13     -0.1177380055705325E+17
  0.35200000E+03     -0.1646271398647855E+04      0.2710515637733788E+07     -0.4463251674159233E+10      0.7350209801578982E+13     -0.1210589545082403E+17
  0.35300000E+03     -0.1655449118288489E+04      0.2740820496485562E+07     -0.4538310389670690E+10      0.7515477324336865E+13     -0.1244708455699071E+17
  0.35400000E+03     -0.1664605232305568E+04      0.2771222074902073E+07     -0.4614027202344384E+10      0.7683120510585171E+13     -0.1279510167363597E+17
  0.35500000E+03     -0.1673811903324203E+04      0.2801959826128297E+07     -0.4691002703772021E+10      0.7854488646521667E+13     -0.1315280951172314E+17
  0.35600000E+03     -0.1683001098719280E+04      0.2832809498507048E+07     -0.4768687223286160E+10      0.8028394985257798E+13     -0.1351782985364817E+17
  0.35700000E+03     -0.1692240863409281E+04      0.2863998116469050E+07     -0.4847653576648547E+10      0.8206134875543969E+13     -0.1389293094679842E+17
  0.35800000E+03     -0.1701445076542884E+04      0.2895236143044071E+07     -0.4927176281470951E+10      0.8386102948653822E+13     -0.1427480511806135E+17
  0.35900000E+03     -0.1710716445302822E+04      0.2926874365783480E+07     -0.5008158673178156E+10      0.8570377583022697E+13     -0.1466795729596722E+17
  0.36000000E+03     -0.1719992336440093E+04      0.2958699756456973E+07     -0.5090062113570289E+10      0.8757759203434963E+13     -0.1506990727264726E+17
  0.36100000E+03     -0.1729274897528253E+04      0.2990720627547709E+07     -0.5172915175449399E+10      0.8948340475123557E+13     -0.1548093568558246E+17
  0.36200000E+03     -0.1738613390682388E+04      0.3023107928552374E+07     -0.5257167647688922E+10      0.9143184294767713E+13     -0.1590341984423036E+17
  0.36300000E+03     -0.1747946085461963E+04      0.3055650004444425E+07     -0.5342280116040111E+10      0.9341080289087824E+13     -0.1633484000525365E+17
  0.36400000E+03     -0.1757299130762015E+04      0.3088438288899748E+07     -0.5428497387138080E+10      0.9542622453923990E+13     -0.1677657048216914E+17
  0.36500000E+03     -0.1766640034895629E+04      0.3121358027782902E+07     -0.5515520260135810E+10      0.9747128506351576E+13     -0.1722717792094012E+17
  0.36600000E+03     -0.1776048866432616E+04      0.3154693566111779E+07     -0.5604111130975699E+10      0.9956427109443322E+13     -0.1769079911152605E+17
  0.36700000E+03     -0.1785443985686544E+04      0.3188156351861470E+07     -0.5693509850918599E+10      0.1016874963137213E+14     -0.1816360199089564E+17
  0.36800000E+03     -0.1794863439938625E+04      0.3221883586602843E+07     -0.5784092510099085E+10      0.1038502391409923E+14     -0.1864775642228423E+17
  0.36900000E+03     -0.1804264747318195E+04      0.3255722708326400E+07     -0.5875453135728864E+10      0.1060430155203293E+14     -0.1914121266854489E+17
  0.37000000E+03     -0.1813724004994182E+04      0.3289949058933982E+07     -0.5968344030478226E+10      0.1082842167653363E+14     -0.1964821207578058E+17
  0.37100000E+03     -0.1823142995690846E+04      0.3324207154935623E+07     -0.6061805148014956E+10      0.1105509152678200E+14     -0.2016364875206513E+17
  0.37200000E+03     -0.1832636292182445E+04      0.3358915644790579E+07     -0.6156988976328111E+10      0.1128714364701332E+14     -0.2069407690553538E+17
  0.37300000E+03     -0.1842131409871558E+04      0.3393810682080755E+07     -0.6253180256386565E+10      0.1152286700178442E+14     -0.2123568871861677E+17
  0.37400000E+03     -0.1851630700012848E+04      0.3428901850944512E+07     -0.6350413112775964E+10      0.1176237660393438E+14     -0.2178884929814260E+17
  0.37500000E+03     -0.1861148159029213E+04      0.3464241344537921E+07     -0.6448838720847423E+10      0.1200607379159285E+14     -0.2235458200441265E+17
  0.37600000E+03     -0.1870654883762730E+04      0.3499721832380153E+07     -0.6548163284489899E+10      0.1225325663133825E+14     -0.2293134617118235E+17
  0.37700000E+03     -0.1880210976589432E+04      0.3535568579672225E+07     -0.6649025269644567E+10      0.1250554648407802E+14     -0.2352303082468207E+17
  0.37800000E+03     -0.1889777177002838E+04      0.3571636924339581E+07     -0.6751030173470646E+10      0.1276200087955328E+14     -0.2412755996187767E+17
  0.37900000E+03     -0.1899341674388274E+04      0.3607879873660254E+07     -0.6854043421440536E+10      0.1302229055963438E+14     -0.2474421015838907E+17
  0.38000000E+03     -0.1908893152225504E+04      0.3644257324260027E+07     -0.6957964102682981E+10      0.1328620666779981E+14     -0.2537262688164875E+17
  0.38100000E+03     -0.1918456404471479E+04      0.3680863392630234E+07     -0.7063065524210579E+10      0.1355446812326363E+14     -0.2601461336703560E+17
  0.38200000E+03     -0.1928044966450255E+04      0.3717748859691472E+07     -0.7169495732378923E+10      0.1382747180719519E+14     -0.2667119663875486E+17
  0.38300000E+03     -0.1937617299529135E+04      0.3754754779856114E+07     -0.7276803787401919E+10      0.1410409417820551E+14     -0.2733978663084571E+17
  0.38400000E+03     -0.1947352390968573E+04      0.3792578661509198E+07     -0.7387033787926141E+10      0.1438967387591057E+14     -0.2803348774976195E+17
  0.38500000E+03     -0.1956960589120634E+04      0.3830095249318029E+07     -0.7496912180389325E+10      0.1467575881664047E+14     -0.2873187317749111E+17
  0.38600000E+03     -0.1966622132909208E+04      0.3868006378840006E+07     -0.7608494253001941E+10      0.1496771372576075E+14     -0.2944810652585015E+17
  0.38700000E+03     -0.1976266614593839E+04      0.3906037491361482E+07     -0.7720982346521167E+10      0.1526349292119774E+14     -0.3017730536305980E+17
  0.38800000E+03     -0.1985957409606146E+04      0.3944436641638358E+07     -0.7835110083215316E+10      0.1556503944813313E+14     -0.3092432966286752E+17
  0.38900000E+03     -0.1995585196264352E+04      0.3982773636888407E+07     -0.7949613077967541E+10      0.1586906419611566E+14     -0.3168119407690307E+17
  0.39000000E+03     -0.2005230549072680E+04      0.4021367142156170E+07     -0.8065442108022217E+10      0.1617810359989239E+14     -0.3245427913523354E+17
  0.39100000E+03     -0.2014927784355781E+04      0.4060354594950731E+07     -0.8183015492125754E+10      0.1649330385349509E+14     -0.3324656374686764E+17
  0.39200000E+03     -0.2024652579830095E+04      0.4099642629673440E+07     -0.8302070350320741E+10      0.1681402462302041E+14     -0.3405663633590641E+17
  0.39300000E+03     -0.2034385948247992E+04      0.4139154995240800E+07     -0.8422382630051597E+10      0.1713969637555196E+14     -0.3488318261685016E+17
  0.39400000E+03     -0.2044046389076180E+04      0.4178557071931873E+07     -0.8542927340229378E+10      0.1746754263584547E+14     -0.3571918801437842E+17
  0.39500000E+03     -0.2053767535449670E+04      0.4218396528283810E+07     -0.8665393521017862E+10      0.1780220891362880E+14     -0.3657666897268319E+17
  0.39600000E+03     -0.2063485127833803E+04      0.4258409897712584E+07     -0.8788976425097485E+10      0.1814152515696137E+14     -0.3745017845444933E+17
  0.39700000E+03     -0.2073191580649493E+04      0.4298565136010661E+07     -0.8913580042346066E+10      0.1848525087826238E+14     -0.3833919551358743E+17
  0.39800000E+03     -0.2082950263434594E+04      0.4339128062096232E+07     -0.9040046077665619E+10      0.1883576961559818E+14     -0.3925008359626544E+17
  0.39900000E+03     -0.2092568139394507E+04      0.4379292658652215E+07     -0.9165855871177418E+10      0.1918610051857571E+14     -0.4016474245563142E+17
  0.40000000E+03     -0.2102370154752859E+04      0.4420414461177101E+07     -0.9295256292400066E+10      0.1954808685381620E+14     -0.4111417768987050E+17
  0.40100000E+03     -0.2112110780803132E+04      0.4461468764882392E+07     -0.9425045046411709E+10      0.1991284764286939E+14     -0.4207533767952843E+17
  0.40200000E+03     -0.2121879428348831E+04      0.4502833880441370E+07     -0.9556428445577347E+10      0.2028381812454386E+14     -0.4305743508771462E+17
  0.40300000E+03     -0.2131594587550263E+04      0.4544161356141132E+07     -0.9688294919980686E+10      0.2065786206786691E+14     -0.4405221571101660E+17
  0.40400000E+03     -0.2141333966405289E+04      0.4585781302744225E+07     -0.9821701753349468E+10      0.2103800514919617E+14     -0.4506783819951926E+17
  0.40500000E+03     -0.2151073674301952E+04      0.4627589693197214E+07     -0.9956314951629082E+10      0.2142331017716070E+14     -0.4610188047423898E+17
  0.40600000E+03     -0.2160843135797933E+04      0.4669719459094998E+07     -0.1009258915477278E+11      0.2181516987351723E+14     -0.4715836618180138E+17
  0.40700000E+03     -0.2170636116786177E+04      0.4712141965693022E+07     -0.1023043191068986E+11      0.2221333565725981E+14     -0.4823671691364318E+17
  0.40800000E+03     -0.2180362804404865E+04      0.4754466026930642E+07     -0.1036857085304743E+11      0.2261414469590816E+14     -0.4932709024391203E+17
  0.40900000E+03     -0.2190134298472988E+04      0.4797176039105275E+07     -0.1050859546485294E+11      0.2302224900546348E+14     -0.5044229304752490E+17
  0.41000000E+03     -0.2199971416002262E+04      0.4840367150808486E+07     -0.1065083718970978E+11      0.2343868849322959E+14     -0.5158541564314066E+17
  0.41100000E+03     -0.2209769405096540E+04      0.4883577592702234E+07     -0.1079377486733355E+11      0.2385902503998690E+14     -0.5274436308676163E+17
  0.41200000E+03     -0.2219465896445625E+04      0.4926530237072137E+07     -0.1093649031995696E+11      0.2428057014938671E+14     -0.5391179838599838E+17
  0.41300000E+03     -0.2229237209509948E+04      0.4970002692711561E+07     -0.1108156170592589E+11      0.2471094000800294E+14     -0.5510886461118230E+17
  0.41400000E+03     -0.2238939272744218E+04      0.5013356558214360E+07     -0.1122687238848592E+11      0.2514391161110955E+14     -0.5631845182021756E+17
  0.41500000E+03     -0.2248742031059472E+04      0.5057353120584105E+07     -0.1137498603307217E+11      0.2558717660040577E+14     -0.5756224330201287E+17
  0.41600000E+03     -0.2258394201780177E+04      0.5100861309689926E+07     -0.1152208945157265E+11      0.2602932334449536E+14     -0.5880826542505924E+17
  0.41700000E+03     -0.2268232437296999E+04      0.5145399787004528E+07     -0.1167332698353424E+11      0.2648586039050995E+14     -0.6010040205888440E+17
  0.41800000E+03     -0.2278002787370538E+04      0.5189820740525557E+07     -0.1182481261097635E+11      0.2694510804673030E+14     -0.6140578574369840E+17
  0.41900000E+03     -0.2287840844503894E+04      0.5234744817279607E+07     -0.1197868290919543E+11      0.2741362186819044E+14     -0.6274332255472662E+17
  0.42000000E+03     -0.2297467430420787E+04      0.5278890568796060E+07     -0.1213053167224788E+11      0.2787795052423023E+14     -0.6407455945675129E+17
  0.42100000E+03     -0.2307274665383552E+04      0.5324052752591344E+07     -0.1228652609539841E+11      0.2835695013350510E+14     -0.6545359970612719E+17
  0.42200000E+03     -0.2317055416110077E+04      0.5369288491961742E+07     -0.1244345279549033E+11      0.2884090381689318E+14     -0.6685294957474669E+17
  0.42300000E+03     -0.2326624025956960E+04      0.5413726671589355E+07     -0.1259825221388317E+11      0.2932027752316918E+14     -0.6824480673349562E+17
  0.42400000E+03     -0.2336423609263391E+04      0.5459426733006145E+07     -0.1275810933360251E+11      0.2981737249622797E+14     -0.6969412142182144E+17
  0.42500000E+03     -0.2346199516846994E+04      0.5505205725443672E+07     -0.1291890739208206E+11      0.3031946873067608E+14     -0.7116409141939517E+17
  0.42600000E+03     -0.2355825194442591E+04      0.5550471710781965E+07     -0.1307857554072638E+11      0.3082014431141526E+14     -0.7263609914764854E+17
  0.42700000E+03     -0.2365494819136130E+04      0.5596128683912165E+07     -0.1324027556649319E+11      0.3132924618999648E+14     -0.7413894589219392E+17
  0.42800000E+03     -0.2375185039299031E+04      0.5642071715819185E+07     -0.1340366017799718E+11      0.3184577470306687E+14     -0.7567000814979902E+17
  0.42900000E+03     -0.2384883185272589E+04      0.5688241682510599E+07     -0.1356852814204107E+11      0.3236914011738160E+14     -0.7722772867542733E+17
  0.43000000E+03     -0.2394562144447979E+04      0.5734506842781482E+07     -0.1373440461758410E+11      0.3289783731925096E+14     -0.7880768275027104E+17
  0.43100000E+03     -0.2404269812926378E+04      0.5781095988751702E+07     -0.1390211510477558E+11      0.3343453227249613E+14     -0.8041799600809894E+17
  0.43200000E+03     -0.2413926188340382E+04      0.5827626764554142E+07     -0.1407029427814650E+11      0.3397490829729755E+14     -0.8204592562685434E+17
  0.43300000E+03     -0.2423577505792673E+04      0.5874320453643247E+07     -0.1423974181240608E+11      0.3452155151460158E+14     -0.8369936420729318E+17
  0.43400000E+03     -0.2433286302848941E+04      0.5921477184929077E+07     -0.1441154354321493E+11      0.3507797199971389E+14     -0.8538900416258714E+17
  0.43500000E+03     -0.2442876745506249E+04      0.5968246433038477E+07     -0.1458261896920612E+11      0.3563426877709155E+14     -0.8708506286506962E+17
  0.43600000E+03     -0.2452466574207984E+04      0.6015199908395088E+07     -0.1475505585343747E+11      0.3619723752646728E+14     -0.8880833496120789E+17
  0.43700000E+03     -0.2462122793851483E+04      0.6062659805054627E+07     -0.1493002113080286E+11      0.3677065186448991E+14     -0.9057031334854958E+17
  0.43800000E+03     -0.2471774839125715E+04      0.6110287244988426E+07     -0.1510630019754051E+11      0.3735066259581279E+14     -0.9235962852929770E+17
  0.43900000E+03     -0.2481203536523912E+04      0.6156991071624643E+07     -0.1527982377602692E+11      0.3792379630383714E+14     -0.9413450684496520E+17
  0.44000000E+03     -0.2490892933928241E+04      0.6205175270507407E+07     -0.1545955279987047E+11      0.3851976527882717E+14     -0.9598737578380058E+17
  0.44100000E+03     -0.2500386804535249E+04      0.6252564921486191E+07     -0.1563698379558903E+11      0.3911032987798590E+14     -0.9783035746604056E+17
  0.44200000E+03     -0.2509873346999573E+04      0.6300098502133995E+07     -0.1581563205342799E+11      0.3970721243772270E+14     -0.9970015506212482E+17
  0.44300000E+03     -0.2519417075271670E+04      0.6348102378135378E+07     -0.1599674105010570E+11      0.4031464125381271E+14     -0.1016102992677162E+18
  0.44400000E+03     -0.2528985514508695E+04      0.6396413746463995E+07     -0.1617970395915384E+11      0.4093062382587210E+14     -0.1035547152993760E+18
  0.44500000E+03     -0.2538360792949808E+04      0.6443923630583689E+07     -0.1636029208643061E+11      0.4154084323247975E+14     -0.1054880105742223E+18
  0.44600000E+03     -0.2547678250535918E+04      0.6491319413526757E+07     -0.1654112928334432E+11      0.4215422065050883E+14     -0.1074386792073906E+18
  0.44700000E+03     -0.2557270540980410E+04      0.6540290970571148E+07     -0.1672865934037575E+11      0.4279261555532117E+14     -0.1094762994626780E+18
  0.44800000E+03     -0.2566535722458596E+04      0.6587764736625299E+07     -0.1691111547890620E+11      0.4341599787110743E+14     -0.1114732413739591E+18
  0.44900000E+03     -0.2576032018468255E+04      0.6636608688778244E+07     -0.1709955528292127E+11      0.4406228565987749E+14     -0.1135514754784080E+18
  0.45000000E+03     -0.2585524812153043E+04      0.6685615318964692E+07     -0.1728932254028929E+11      0.4471553582460275E+14     -0.1156598770459338E+18
  0.45100000E+03     -0.2594766318071539E+04      0.6733492317818913E+07     -0.1747536705002338E+11      0.4535822166866321E+14     -0.1177414723609774E+18
  0.45200000E+03     -0.2604110753817307E+04      0.6782076993611479E+07     -0.1766484153601788E+11      0.4601511300333734E+14     -0.1198767357070007E+18
  0.45300000E+03     -0.2613443906286323E+04      0.6830775399287084E+07     -0.1785543440873239E+11      0.4667823016116393E+14     -0.1220398990839361E+18
  0.45400000E+03     -0.2622847510689167E+04      0.6880024056691581E+07     -0.1804889829021331E+11      0.4735384164045083E+14     -0.1242520233266389E+18
  0.45500000E+03     -0.2632096860272597E+04      0.6928633793549720E+07     -0.1824051829226094E+11      0.4802534792168077E+14     -0.1264583750480179E+18
  0.45600000E+03     -0.2641441829912780E+04      0.6977918288110198E+07     -0.1843547960392572E+11      0.4871095999085738E+14     -0.1287189770400651E+18
  0.45700000E+03     -0.2650620052111808E+04      0.7026502625337590E+07     -0.1862838291599136E+11      0.4939184683201484E+14     -0.1309723122648402E+18
  0.45800000E+03     -0.2659789837530474E+04      0.7075196790783660E+07     -0.1882233753886295E+11      0.5007862260723095E+14     -0.1332523665066162E+18
  0.45900000E+03     -0.2669054442516796E+04      0.7124572026069453E+07     -0.1901971484721713E+11      0.5078004108956553E+14     -0.1355894427385728E+18
  0.46000000E+03     -0.2678134207528559E+04      0.7173130892228449E+07     -0.1921450552294122E+11      0.5147468088197866E+14     -0.1379120018377414E+18
  0.46100000E+03     -0.2687323013538330E+04      0.7222439236502190E+07     -0.1941297218523856E+11      0.5218482532204878E+14     -0.1402944395154137E+18
  0.46200000E+03     -0.2696467423974788E+04      0.7271676037256122E+07     -0.1961182399514610E+11      0.5289876422137112E+14     -0.1426977399827857E+18
  0.46300000E+03     -0.2705498850492520E+04      0.7320472677553156E+07     -0.1980957988725330E+11      0.5361122515409873E+14     -0.1451043656562760E+18
  0.46400000E+03     -0.2714595787485982E+04      0.7369777809709406E+07     -0.2001002475677126E+11      0.5433564410937557E+14     -0.1475590771766268E+18
  0.46500000E+03     -0.2723592716742201E+04      0.7418710368377171E+07     -0.2020964624738864E+11      0.5505959413208266E+14     -0.1500207229561471E+18
  0.46600000E+03     -0.2732588862077338E+04      0.7467801150040539E+07     -0.2041057822945810E+11      0.5579071636885577E+14     -0.1525150102434073E+18
  0.46700000E+03     -0.2741315446087330E+04      0.7515584299564216E+07     -0.2060682889745341E+11      0.5650725490756037E+14     -0.1549679323171214E+18
  0.46800000E+03     -0.2750511683720557E+04      0.7566087745923825E+07     -0.2081486474216998E+11      0.5726906693576052E+14     -0.1575835468351826E+18
  0.46900000E+03     -0.2759407311712771E+04      0.7615104246189597E+07     -0.2101745280282682E+11      0.5801341732165281E+14     -0.1601477755574443E+18
  0.47000000E+03     -0.2768171822032235E+04      0.7663551249271852E+07     -0.2121832140202644E+11      0.5875378803424051E+14     -0.1627063744801321E+18
  0.47100000E+03     -0.2777146052106546E+04      0.7713325759320150E+07     -0.2142539387369700E+11      0.5951961293234968E+14     -0.1653619098084148E+18
  0.47200000E+03     -0.2785950219070860E+04      0.7762308446131018E+07     -0.2162980417736952E+11      0.6027793725447455E+14     -0.1679995950551476E+18
  0.47300000E+03     -0.2794720139505744E+04      0.7811259879891681E+07     -0.2183475088596077E+11      0.6104073327351520E+14     -0.1706614941039831E+18
  0.47400000E+03     -0.2803379176355683E+04      0.7859739030294151E+07     -0.2203833641893918E+11      0.6180076460717523E+14     -0.1733218056959910E+18
  0.47500000E+03     -0.2812009720619934E+04      0.7908206829856127E+07     -0.2224249806565588E+11      0.6256528122024161E+14     -0.1760060087243130E+18
  0.47600000E+03     -0.2820899329782393E+04      0.7958287742972258E+07     -0.2245412347196690E+11      0.6336025999189641E+14     -0.1788060160645528E+18
  0.47700000E+03     -0.2829441017423928E+04      0.8006560849414073E+07     -0.2265875492607848E+11      0.6413139654653950E+14     -0.1815306346109959E+18
  0.47800000E+03     -0.2838087580928572E+04      0.8055567404606228E+07     -0.2286709447285733E+11      0.6491877281484378E+14     -0.1843206702177053E+18
  0.47900000E+03     -0.2846597968758366E+04      0.8103952079279273E+07     -0.2307342909547342E+11      0.6570099183333766E+14     -0.1871010259800114E+18
  0.48000000E+03     -0.2855248717286961E+04      0.8153285196259740E+07     -0.2328445199165022E+11      0.6650343248507108E+14     -0.1899619895927664E+18
  0.48100000E+03     -0.2863601161460008E+04      0.8201058567859277E+07     -0.2348940976877662E+11      0.6728512380001666E+14     -0.1927572502178633E+18
  0.48200000E+03     -0.2872035932964337E+04      0.8249439507307526E+07     -0.2369756233836430E+11      0.6808125001291666E+14     -0.1956122000836305E+18
  0.48300000E+03     -0.2880610352284263E+04      0.8298773322308956E+07     -0.2391046979072002E+11      0.6889807567491688E+14     -0.1985504178766613E+18
  0.48400000E+03     -0.2888867368924198E+04      0.8346417522463082E+07     -0.2411667681193262E+11      0.6969147085177402E+14     -0.2014125660869517E+18
  0.48500000E+03     -0.2897070834585471E+04      0.8393890319606267E+07     -0.2432273931419846E+11      0.7048661519897928E+14     -0.2042893655839038E+18
  0.48600000E+03     -0.2905429507766126E+04      0.8442396494099321E+07     -0.2453387565616550E+11      0.7130361400226386E+14     -0.2072534875022196E+18
  0.48700000E+03     -0.2913902195394799E+04      0.8491703404677546E+07     -0.2474910452519035E+11      0.7213880452541720E+14     -0.2102921792501348E+18
  0.48800000E+03     -0.2921949324562322E+04      0.8538677123418620E+07     -0.2495477702240657E+11      0.7293935916131731E+14     -0.2132137941108811E+18
  0.48900000E+03     -0.2929956458668499E+04      0.8585541380457217E+07     -0.2516051420172531E+11      0.7374228679501394E+14     -0.2161518250153208E+18
  0.49000000E+03     -0.2938147013120275E+04      0.8633606726563675E+07     -0.2537208591078617E+11      0.7457018327541209E+14     -0.2191892891451385E+18
  0.49100000E+03     -0.2946008728483936E+04      0.8679872382983524E+07     -0.2557631004872652E+11      0.7537158175516484E+14     -0.2221378276945085E+18
  0.49200000E+03     -0.2954122277410794E+04      0.8727751116497086E+07     -0.2578823444712501E+11      0.7620547784077869E+14     -0.2252143447576859E+18
  0.49300000E+03     -0.2962156208757947E+04      0.8775289454750339E+07     -0.2599922715687926E+11      0.7703797862061552E+14     -0.2282941223296802E+18
  0.49400000E+03     -0.2970146386409358E+04      0.8822694714155210E+07     -0.2621018895167632E+11      0.7787257109645412E+14     -0.2313898464386400E+18
  0.49500000E+03     -0.2977870324535384E+04      0.8868650189554006E+07     -0.2641527816790543E+11      0.7868622861905527E+14     -0.2344164634943026E+18
  0.49600000E+03     -0.2985324339770563E+04      0.8913091913448220E+07     -0.2661402412674359E+11      0.7947635885168089E+14     -0.2373616701508090E+18
  0.49700000E+03     -0.2993250371572313E+04      0.8960492475404879E+07     -0.2682665101253435E+11      0.8032426160006075E+14     -0.2405319006345480E+18
  0.49800000E+03     -0.3000983835264462E+04      0.9006844922471344E+07     -0.2703504175577378E+11      0.8115713212282709E+14     -0.2436528996044949E+18
  0.49900000E+03     -0.3008491642687345E+04      0.9051974811278982E+07     -0.2723852199142947E+11      0.8197272457633564E+14     -0.2467179732760534E+18
  0.50000000E+03     -0.3016520480694100E+04      0.9100356025509130E+07     -0.2745720149273164E+11      0.8285140874887705E+14     -0.2500283293439535E+18
  0.50100000E+03     -0.3023702477054623E+04      0.9143741273865769E+07     -0.2765378464648327E+11      0.8364326068349041E+14     -0.2530189332449001E+18
  0.50200000E+03     -0.3030787815098420E+04      0.9186648647215454E+07     -0.2784868421444205E+11      0.8443027672922012E+14     -0.2559986419888061E+18
  0.50300000E+03     -0.3038610940756397E+04      0.9234142953490149E+07     -0.2806496126764242E+11      0.8530581104174480E+14     -0.2593218191520603E+18
  0.50400000E+03     -0.3046155338173422E+04      0.9280057752479605E+07     -0.2827455988262924E+11      0.8615639635553480E+14     -0.2625582389191684E+18
  0.50500000E+03     -0.3053015425373226E+04      0.9321897502020275E+07     -0.2846596629669952E+11      0.8693482362334950E+14     -0.2655264685314800E+18
  0.50600000E+03     -0.3060412484447824E+04      0.9367120491083503E+07     -0.2867334614867249E+11      0.8778023317670972E+14     -0.2687578244637685E+18
  0.50700000E+03     -0.3067783805868054E+04      0.9412294577219347E+07     -0.2888100058942965E+11      0.8862880195134727E+14     -0.2720090761243465E+18
  0.50800000E+03     -0.3074648291554815E+04      0.9454470018514864E+07     -0.2907536593291245E+11      0.8942509287667320E+14     -0.2750678136231110E+18
  0.50900000E+03     -0.3081488219063693E+04      0.9496593411069399E+07     -0.2926994786628514E+11      0.9022414513214091E+14     -0.2781443715208685E+18
  0.51000000E+03     -0.3089043113852838E+04      0.9543211646370627E+07     -0.2948571807639087E+11      0.9111195825299906E+14     -0.2815694443624500E+18
