  0.00000000E+00     -0.1211215113383561E+02
  0.10000000E+01     -0.9973220127418131E+01
  0.20000000E+01     -0.8505123371693664E+01
  0.30000000E+01     -0.7419966217594041E+01
  0.40000000E+01     -0.6600058810183749E+01
  0.50000000E+01     -0.5980787972311120E+01
  0.60000000E+01     -0.5521273879467379E+01
  0.70000000E+01     -0.5193711003763606E+01
  0.80000000E+01     -0.4977370986550198E+01
  0.90000000E+01     -0.4856455335814534E+01
  0.10000000E+02     -0.4818479867377334E+01
  0.11000000E+02     -0.4853588561032467E+01
  0.12000000E+02     -0.4953565857153858E+01
  0.13000000E+02     -0.5111374538013617E+01
  0.14000000E+02     -0.5321093993411012E+01
  0.15000000E+02     -0.5577685247481956E+01
  0.16000000E+02     -0.5876529375859715E+01
  0.17000000E+02     -0.6213857256629918E+01
  0.18000000E+02     -0.6586534970858757E+01
  0.19000000E+02     -0.6991200008657465E+01
  0.20000000E+02     -0.7425064477825458E+01
  0.21000000E+02     -0.7885718262197514E+01
  0.22000000E+02     -0.8370867852258606E+01
  0.23000000E+02     -0.8878742642836741E+01
  0.24000000E+02     -0.9407255492809039E+01
  0.25000000E+02     -0.9954639455570593E+01
  0.26000000E+02     -0.1051941826710262E+02
  0.27000000E+02     -0.1110001578298832E+02
  0.28000000E+02     -0.1169496143793880E+02
  0.29000000E+02     -0.1230334188408079E+02
  0.30000000E+02     -0.1292390227068939E+02
  0.31000000E+02     -0.1355546797232435E+02
  0.32000000E+02     -0.1419721799728959E+02
  0.33000000E+02     -0.1484800159505233E+02
  0.34000000E+02     -0.1550722272057712E+02
  0.35000000E+02     -0.1617351561062022E+02
  0.36000000E+02     -0.1684651102425706E+02
  0.37000000E+02     -0.1752529004394433E+02
  0.38000000E+02     -0.1820949338026334E+02
  0.39000000E+02     -0.1889792560530582E+02
  0.40000000E+02     -0.1959009748499239E+02
  0.41000000E+02     -0.2028578189436400E+02
  0.42000000E+02     -0.2098421291871905E+02
  0.43000000E+02     -0.2168491245061965E+02
  0.44000000E+02     -0.2238728148643672E+02
  0.45000000E+02     -0.2309095455204319E+02
  0.46000000E+02     -0.2379542238336592E+02
  0.47000000E+02     -0.2450012639453437E+02
  0.48000000E+02     -0.2520484227027913E+02
  0.49000000E+02     -0.2590902303600934E+02
  0.50000000E+02     -0.2661244199995991E+02
  0.51000000E+02     -0.2731476905242562E+02
  0.52000000E+02     -0.2801577020929750E+02
  0.53000000E+02     -0.2871495730579536E+02
  0.54000000E+02     -0.2941217783728586E+02
  0.55000000E+02     -0.3010688860639681E+02
  0.56000000E+02     -0.3079886007737993E+02
  0.57000000E+02     -0.3148789258597268E+02
  0.58000000E+02     -0.3217375485411168E+02
  0.59000000E+02     -0.3285637958007697E+02
  0.60000000E+02     -0.3353507143876165E+02
  0.61000000E+02     -0.3421015837234993E+02
  0.62000000E+02     -0.3488100887141810E+02
  0.63000000E+02     -0.3554802888874388E+02
  0.64000000E+02     -0.3621064928307283E+02
  0.65000000E+02     -0.3686867098680216E+02
  0.66000000E+02     -0.3752206121565665E+02
  0.67000000E+02     -0.3817035119284875E+02
  0.68000000E+02     -0.3881379674898002E+02
  0.69000000E+02     -0.3945227225303171E+02
  0.70000000E+02     -0.4008547793560206E+02
  0.71000000E+02     -0.4071352141984686E+02
  0.72000000E+02     -0.4133619331991395E+02
  0.73000000E+02     -0.4195368317113225E+02
  0.74000000E+02     -0.4256563506079600E+02
  0.75000000E+02     -0.4317204041009425E+02
  0.76000000E+02     -0.4377256086814022E+02
  0.77000000E+02     -0.4436716008652387E+02
  0.78000000E+02     -0.4495568360766690E+02
  0.79000000E+02     -0.4553842402088978E+02
  0.80000000E+02     -0.4611534482376494E+02
  0.81000000E+02     -0.4668641934495979E+02
  0.82000000E+02     -0.4725180320339562E+02
  0.83000000E+02     -0.4781099181137743E+02
  0.84000000E+02     -0.4836402021131779E+02
  0.85000000E+02     -0.4891080824623010E+02
  0.86000000E+02     -0.4945148938147675E+02
  0.87000000E+02     -0.4998617832662447E+02
  0.88000000E+02     -0.5051494676667733E+02
  0.89000000E+02     -0.5103775972185671E+02
  0.90000000E+02     -0.5155439419996873E+02
  0.91000000E+02     -0.5206489520256743E+02
  0.92000000E+02     -0.5256880031829976E+02
  0.93000000E+02     -0.5306673404249649E+02
  0.94000000E+02     -0.5355835927508883E+02
  0.95000000E+02     -0.5404386637539535E+02
  0.96000000E+02     -0.5452316443560549E+02
  0.97000000E+02     -0.5499638280865287E+02
  0.98000000E+02     -0.5546340070218969E+02
  0.99000000E+02     -0.5592443685056455E+02
  0.10000000E+03     -0.5637942715410033E+02
  0.10100000E+03     -0.5682829832592785E+02
  0.10200000E+03     -0.5727105838759733E+02
  0.10300000E+03     -0.5770738420927503E+02
  0.10400000E+03     -0.5813802569298806E+02
  0.10500000E+03     -0.5856256267474181E+02
  0.10600000E+03     -0.5898079866471531E+02
  0.10700000E+03     -0.5939296602671173E+02
  0.10800000E+03     -0.5979927448497335E+02
  0.10900000E+03     -0.6019957444265545E+02
  0.11000000E+03     -0.6059334516263438E+02
  0.11100000E+03     -0.6098147648335510E+02
  0.11200000E+03     -0.6136339721964938E+02
  0.11300000E+03     -0.6173978030783036E+02
  0.11400000E+03     -0.6210976214307100E+02
  0.11500000E+03     -0.6247395562100460E+02
  0.11600000E+03     -0.6283251071341606E+02
  0.11700000E+03     -0.6318438929916466E+02
  0.11800000E+03     -0.6353079559994150E+02
  0.11900000E+03     -0.6387110222009621E+02
  0.12000000E+03     -0.6420550708424015E+02
  0.12100000E+03     -0.6453395296491361E+02
  0.12200000E+03     -0.6485689932826213E+02
  0.12300000E+03     -0.6517382108578394E+02
  0.12400000E+03     -0.6548541334656093E+02
  0.12500000E+03     -0.6579044893371740E+02
  0.12600000E+03     -0.6608997762083618E+02
  0.12700000E+03     -0.6638327498061112E+02
  0.12800000E+03     -0.6667125720958100E+02
  0.12900000E+03     -0.6695345791987400E+02
  0.13000000E+03     -0.6722990342889375E+02
  0.13100000E+03     -0.6750026643891435E+02
  0.13200000E+03     -0.6776472173119328E+02
  0.13300000E+03     -0.6802364704188186E+02
  0.13400000E+03     -0.6827718191941362E+02
  0.13500000E+03     -0.6852464474644887E+02
  0.13600000E+03     -0.6876644338481414E+02
  0.13700000E+03     -0.6900278580515469E+02
  0.13800000E+03     -0.6923264499515219E+02
  0.13900000E+03     -0.6945762042164252E+02
  0.14000000E+03     -0.6967693423374223E+02
  0.14100000E+03     -0.6989069231795382E+02
  0.14200000E+03     -0.7009891653540492E+02
  0.14300000E+03     -0.7030154641459472E+02
  0.14400000E+03     -0.7049843217633484E+02
  0.14500000E+03     -0.7068991842221125E+02
  0.14600000E+03     -0.7087606612110088E+02
  0.14700000E+03     -0.7105596541291391E+02
  0.14800000E+03     -0.7123087702693779E+02
  0.14900000E+03     -0.7140009856067449E+02
  0.15000000E+03     -0.7156370713083957E+02
  0.15100000E+03     -0.7172175731762975E+02
  0.15200000E+03     -0.7187495846198739E+02
  0.15300000E+03     -0.7202220508321788E+02
  0.15400000E+03     -0.7216435286687987E+02
  0.15500000E+03     -0.7230071073545092E+02
  0.15600000E+03     -0.7243149166281881E+02
  0.15700000E+03     -0.7255736686497517E+02
  0.15800000E+03     -0.7267723635071367E+02
  0.15900000E+03     -0.7279221713760164E+02
  0.16000000E+03     -0.7290188750467843E+02
  0.16100000E+03     -0.7300597731010787E+02
  0.16200000E+03     -0.7310463311103594E+02
  0.16300000E+03     -0.7319773915319604E+02
  0.16400000E+03     -0.7328585299679250E+02
  0.16500000E+03     -0.7336856021690426E+02
  0.16600000E+03     -0.7344585549699995E+02
  0.16700000E+03     -0.7351795581100446E+02
  0.16800000E+03     -0.7358470016887829E+02
  0.16900000E+03     -0.7364632477983486E+02
  0.17000000E+03     -0.7370280176213352E+02
  0.17100000E+03     -0.7375415956491022E+02
  0.17200000E+03     -0.7379994796214527E+02
  0.17300000E+03     -0.7384121899432274E+02
  0.17400000E+03     -0.7387712370570668E+02
  0.17500000E+03     -0.7390793929943216E+02
  0.17600000E+03     -0.7393339784757131E+02
  0.17700000E+03     -0.7395362685337589E+02
  0.17800000E+03     -0.7396838333602734E+02
  0.17900000E+03     -0.7397761127191183E+02
  0.18000000E+03     -0.7398193052489250E+02
  0.18100000E+03     -0.7398101907893201E+02
  0.18200000E+03     -0.7397533712006488E+02
  0.18300000E+03     -0.7396418780644888E+02
  0.18400000E+03     -0.7394792830453245E+02
  0.18500000E+03     -0.7392623129931775E+02
  0.18600000E+03     -0.7390007767408113E+02
  0.18700000E+03     -0.7386745620150225E+02
  0.18800000E+03     -0.7383002093655372E+02
  0.18900000E+03     -0.7378659754727987E+02
  0.19000000E+03     -0.7373840255452556E+02
  0.19100000E+03     -0.7368478158966342E+02
  0.19200000E+03     -0.7362586419086388E+02
  0.19300000E+03     -0.7356141354714048E+02
  0.19400000E+03     -0.7349142907100894E+02
  0.19500000E+03     -0.7341633641770231E+02
  0.19600000E+03     -0.7333633031695281E+02
  0.19700000E+03     -0.7325036373558089E+02
  0.19800000E+03     -0.7315942115496215E+02
  0.19900000E+03     -0.7306241597267615E+02
  0.20000000E+03     -0.7296023307063412E+02
  0.20100000E+03     -0.7285285902825035E+02
  0.20200000E+03     -0.7274042446716362E+02
  0.20300000E+03     -0.7262218094014681E+02
  0.20400000E+03     -0.7249808400131062E+02
  0.20500000E+03     -0.7236877428645609E+02
  0.20600000E+03     -0.7223445867967997E+02
  0.20700000E+03     -0.7209403510240462E+02
  0.20800000E+03     -0.7194841570625069E+02
  0.20900000E+03     -0.7179692705472259E+02
  0.21000000E+03     -0.7163999138895313E+02
  0.21100000E+03     -0.7147716520008818E+02
  0.21200000E+03     -0.7130917902207726E+02
  0.21300000E+03     -0.7113550688245307E+02
  0.21400000E+03     -0.7095613616251968E+02
  0.21500000E+03     -0.7077145648905672E+02
  0.21600000E+03     -0.7058103193971075E+02
  0.21700000E+03     -0.7038514055633378E+02
  0.21800000E+03     -0.7018368758480864E+02
  0.21900000E+03     -0.6997611709739920E+02
  0.22000000E+03     -0.6976324978746170E+02
  0.22100000E+03     -0.6954451146891149E+02
  0.22200000E+03     -0.6932076847010114E+02
  0.22300000E+03     -0.6909085989622538E+02
  0.22400000E+03     -0.6885548046402134E+02
  0.22500000E+03     -0.6861447129261103E+02
  0.22600000E+03     -0.6836730531590980E+02
  0.22700000E+03     -0.6811501838437161E+02
  0.22800000E+03     -0.6785677516098147E+02
  0.22900000E+03     -0.6759294123367567E+02
  0.23000000E+03     -0.6732326201951101E+02
  0.23100000E+03     -0.6704789193372935E+02
  0.23200000E+03     -0.6676688077683728E+02
  0.23300000E+03     -0.6648025015816771E+02
  0.23400000E+03     -0.6618762865099104E+02
  0.23500000E+03     -0.6588939183198312E+02
  0.23600000E+03     -0.6558516841994653E+02
  0.23700000E+03     -0.6527520011263076E+02
  0.23800000E+03     -0.6495950897452634E+02
  0.23900000E+03     -0.6463842800615927E+02
  0.24000000E+03     -0.6431187563559385E+02
  0.24100000E+03     -0.6397884478423698E+02
  0.24200000E+03     -0.6363981686093449E+02
  0.24300000E+03     -0.6329601999028609E+02
  0.24400000E+03     -0.6294559001859520E+02
  0.24500000E+03     -0.6258907429938017E+02
  0.24600000E+03     -0.6222694873397498E+02
  0.24700000E+03     -0.6185923312073829E+02
  0.24800000E+03     -0.6148548447138998E+02
  0.24900000E+03     -0.6110600808397892E+02
  0.25000000E+03     -0.6072078986608148E+02
  0.25100000E+03     -0.6032943135092133E+02
  0.25200000E+03     -0.5993240911802070E+02
  0.25300000E+03     -0.5952948758900763E+02
  0.25400000E+03     -0.5912111686872172E+02
  0.25500000E+03     -0.5870653094611099E+02
  0.25600000E+03     -0.5828640567012870E+02
  0.25700000E+03     -0.5786054367009677E+02
  0.25800000E+03     -0.5742877655321305E+02
  0.25900000E+03     -0.5699154703808249E+02
  0.26000000E+03     -0.5654861120749305E+02
  0.26100000E+03     -0.5610013059192477E+02
  0.26200000E+03     -0.5564551306053704E+02
  0.26300000E+03     -0.5518569390832531E+02
  0.26400000E+03     -0.5472041203790247E+02
  0.26500000E+03     -0.5424917563505400E+02
  0.26600000E+03     -0.5377249206108904E+02
  0.26700000E+03     -0.5329054817285530E+02
  0.26800000E+03     -0.5280319820546607E+02
  0.26900000E+03     -0.5231043684365752E+02
  0.27000000E+03     -0.5181197009705282E+02
  0.27100000E+03     -0.5130836654792279E+02
  0.27200000E+03     -0.5079990464780486E+02
  0.27300000E+03     -0.5028656552318736E+02
  0.27400000E+03     -0.4976807430196439E+02
  0.27500000E+03     -0.4924513870693094E+02
  0.27600000E+03     -0.4871696815914855E+02
  0.27700000E+03     -0.4818381480684103E+02
  0.27800000E+03     -0.4764621507573526E+02
  0.27900000E+03     -0.4710399653840301E+02
  0.28000000E+03     -0.4655684155351911E+02
  0.28100000E+03     -0.4600592654184550E+02
  0.28200000E+03     -0.4545048192022819E+02
  0.28300000E+03     -0.4489093232653038E+02
  0.28400000E+03     -0.4432748155325094E+02
  0.28500000E+03     -0.4375980411553311E+02
  0.28600000E+03     -0.4318884202127360E+02
  0.28700000E+03     -0.4261407432425671E+02
  0.28800000E+03     -0.4203613750826902E+02
  0.28900000E+03     -0.4145503482884161E+02
  0.29000000E+03     -0.4087042296154689E+02
  0.29100000E+03     -0.4028314872345160E+02
  0.29200000E+03     -0.3969260111789308E+02
  0.29300000E+03     -0.3909887035590120E+02
  0.29400000E+03     -0.3850196997062793E+02
  0.29500000E+03     -0.3790366199839377E+02
  0.29600000E+03     -0.3730339500392218E+02
  0.29700000E+03     -0.3670127167811256E+02
  0.29800000E+03     -0.3609748082803398E+02
  0.29900000E+03     -0.3549237094282305E+02
  0.30000000E+03     -0.3488569759070596E+02
  0.30100000E+03     -0.3427773130892520E+02
  0.30200000E+03     -0.3366814141116316E+02
  0.30300000E+03     -0.3305896191860865E+02
  0.30400000E+03     -0.3244788155066031E+02
  0.30500000E+03     -0.3183582223629035E+02
  0.30600000E+03     -0.3122505491681014E+02
  0.30700000E+03     -0.3061263350089827E+02
  0.30800000E+03     -0.3000156042131854E+02
  0.30900000E+03     -0.2939030034202888E+02
  0.31000000E+03     -0.2877947884699314E+02
  0.31100000E+03     -0.2816968340111539E+02
  0.31200000E+03     -0.2756105382783351E+02
  0.31300000E+03     -0.2695379237823035E+02
  0.31400000E+03     -0.2634796501804441E+02
  0.31500000E+03     -0.2574388235515880E+02
  0.31600000E+03     -0.2514186347665749E+02
  0.31700000E+03     -0.2454233013947248E+02
  0.31800000E+03     -0.2394540730409673E+02
  0.31900000E+03     -0.2335035544208582E+02
  0.32000000E+03     -0.2275858336602223E+02
  0.32100000E+03     -0.2216892100459335E+02
  0.32200000E+03     -0.2158463838941694E+02
  0.32300000E+03     -0.2100308044407405E+02
  0.32400000E+03     -0.2042769118322060E+02
  0.32500000E+03     -0.1985314532030936E+02
  0.32600000E+03     -0.1928509039726241E+02
  0.32700000E+03     -0.1872150307856909E+02
  0.32800000E+03     -0.1816326629916529E+02
  0.32900000E+03     -0.1760957727965928E+02
  0.33000000E+03     -0.1706140253859556E+02
  0.33100000E+03     -0.1651736882161295E+02
  0.33200000E+03     -0.1598067139626859E+02
  0.33300000E+03     -0.1544936239321195E+02
  0.33400000E+03     -0.1492589587099753E+02
  0.33500000E+03     -0.1441090152624893E+02
  0.33600000E+03     -0.1390096634314398E+02
  0.33700000E+03     -0.1339782721076629E+02
  0.33800000E+03     -0.1290368151617650E+02
  0.33900000E+03     -0.1241662669579166E+02
  0.34000000E+03     -0.1193934656692018E+02
  0.34100000E+03     -0.1146922879633822E+02
  0.34200000E+03     -0.1100819771457675E+02
  0.34300000E+03     -0.1055644728922833E+02
  0.34400000E+03     -0.1011536834670056E+02
  0.34500000E+03     -0.9683230908997176E+01
  0.34600000E+03     -0.9263638982834800E+01
  0.34700000E+03     -0.8851577567399863E+01
  0.34800000E+03     -0.8450314108132046E+01
  0.34900000E+03     -0.8061647911004366E+01
  0.35000000E+03     -0.7684236833866651E+01
  0.35100000E+03     -0.7318163178358914E+01
  0.35200000E+03     -0.6965115082562859E+01
  0.35300000E+03     -0.6624392073305126E+01
  0.35400000E+03     -0.6296446060973681E+01
  0.35500000E+03     -0.5981386568525321E+01
  0.35600000E+03     -0.5679359445691704E+01
  0.35700000E+03     -0.5392711269642005E+01
  0.35800000E+03     -0.5119535256555663E+01
  0.35900000E+03     -0.4859800196163398E+01
  0.36000000E+03     -0.4616394637801861E+01
  0.36100000E+03     -0.4383912409757890E+01
  0.36200000E+03     -0.4169870775828482E+01
  0.36300000E+03     -0.3970742835156869E+01
  0.36400000E+03     -0.3790248464326293E+01
  0.36500000E+03     -0.3623767527439731E+01
  0.36600000E+03     -0.3477353622918852E+01
  0.36700000E+03     -0.3346878615067765E+01
  0.36800000E+03     -0.3234150610288034E+01
  0.36900000E+03     -0.3140336978648480E+01
  0.37000000E+03     -0.3064724172651047E+01
  0.37100000E+03     -0.3008583870891808E+01
  0.37200000E+03     -0.2970752245483854E+01
  0.37300000E+03     -0.2951688803697376E+01
  0.37400000E+03     -0.2953416459222207E+01
  0.37500000E+03     -0.2976435382378532E+01
  0.37600000E+03     -0.3022531334012132E+01
  0.37700000E+03     -0.3085720395147470E+01
  0.37800000E+03     -0.3169425016566888E+01
  0.37900000E+03     -0.3277958390995590E+01
  0.38000000E+03     -0.3409472914534256E+01
  0.38100000E+03     -0.3562945519058581E+01
  0.38200000E+03     -0.3737449281480495E+01
  0.38300000E+03     -0.3941917660144008E+01
  0.38400000E+03     -0.4168153064228687E+01
  0.38500000E+03     -0.4417443112259820E+01
  0.38600000E+03     -0.4697863514321127E+01
  0.38700000E+03     -0.4995110286263816E+01
  0.38800000E+03     -0.5322479298458076E+01
  0.38900000E+03     -0.5671714308342290E+01
  0.39000000E+03     -0.6052233630323185E+01
  0.39100000E+03     -0.6458372424349713E+01
  0.39200000E+03     -0.6892241513327153E+01
  0.39300000E+03     -0.7354878901725064E+01
  0.39400000E+03     -0.7847512126325347E+01
  0.39500000E+03     -0.8370179384258105E+01
  0.39600000E+03     -0.8920696577950741E+01
  0.39700000E+03     -0.9499557530700811E+01
  0.39800000E+03     -0.1010860066862928E+02
  0.39900000E+03     -0.1075243705276556E+02
  0.40000000E+03     -0.1142754255907072E+02
  0.40100000E+03     -0.1213301337413515E+02
  0.40200000E+03     -0.1287150987623551E+02
  0.40300000E+03     -0.1363770542508178E+02
  0.40400000E+03     -0.1444084650773723E+02
  0.40500000E+03     -0.1528125077752113E+02
  0.40600000E+03     -0.1615298209760812E+02
  0.40700000E+03     -0.1706304645809406E+02
  0.40800000E+03     -0.1800535761052930E+02
  0.40900000E+03     -0.1898012569139093E+02
  0.41000000E+03     -0.1999992725677113E+02
  0.41100000E+03     -0.2105322364429206E+02
  0.41200000E+03     -0.2214212331699924E+02
  0.41300000E+03     -0.2326888770117473E+02
  0.41400000E+03     -0.2443250755182471E+02
  0.41500000E+03     -0.2563823337062918E+02
  0.41600000E+03     -0.2688965115656464E+02
  0.41700000E+03     -0.2817850830491214E+02
  0.41800000E+03     -0.2950701280591947E+02
  0.41900000E+03     -0.3087483618750488E+02
  0.42000000E+03     -0.3228582710911427E+02
  0.42100000E+03     -0.3373377619117479E+02
  0.42200000E+03     -0.3522943885041337E+02
  0.42300000E+03     -0.3675631928592198E+02
  0.42400000E+03     -0.3833000004350662E+02
  0.42500000E+03     -0.3996078354442822E+02
  0.42600000E+03     -0.4163018636630814E+02
  0.42700000E+03     -0.4335474315647812E+02
  0.42800000E+03     -0.4512398661616990E+02
  0.42900000E+03     -0.4692865085762031E+02
  0.43000000E+03     -0.4878574212454795E+02
  0.43100000E+03     -0.5068216305331222E+02
  0.43200000E+03     -0.5263921108103847E+02
  0.43300000E+03     -0.5464551327748994E+02
  0.43400000E+03     -0.5670368246449600E+02
  0.43500000E+03     -0.5882726878320032E+02
  0.43600000E+03     -0.6098232668098073E+02
  0.43700000E+03     -0.6319755096398585E+02
  0.43800000E+03     -0.6544461261895449E+02
  0.43900000E+03     -0.6775455730724717E+02
  0.44000000E+03     -0.7011304033568830E+02
  0.44100000E+03     -0.7253078024615191E+02
  0.44200000E+03     -0.7500614974790570E+02
  0.44300000E+03     -0.7753924896699961E+02
  0.44400000E+03     -0.8013992593563000E+02
  0.44500000E+03     -0.8278376474452480E+02
  0.44600000E+03     -0.8547877235395094E+02
  0.44700000E+03     -0.8825007727492367E+02
  0.44800000E+03     -0.9106917552100730E+02
  0.44900000E+03     -0.9394761352856345E+02
  0.45000000E+03     -0.9688998573325203E+02
  0.45100000E+03     -0.9988568259312957E+02
  0.45200000E+03     -0.1029433547698221E+03
  0.45300000E+03     -0.1060788109236140E+03
  0.45400000E+03     -0.1092580283614774E+03
  0.45500000E+03     -0.1125143789265402E+03
  0.45600000E+03     -0.1158192961858380E+03
  0.45700000E+03     -0.1191966713094712E+03
  0.45800000E+03     -0.1226403285057748E+03
  0.45900000E+03     -0.1261593155976436E+03
  0.46000000E+03     -0.1297235713142582E+03
  0.46100000E+03     -0.1333687101008676E+03
  0.46200000E+03     -0.1370788763967036E+03
  0.46300000E+03     -0.1408607686550698E+03
  0.46400000E+03     -0.1447002601567174E+03
  0.46500000E+03     -0.1486193825788750E+03
  0.46600000E+03     -0.1526203986518368E+03
  0.46700000E+03     -0.1566988343062799E+03
  0.46800000E+03     -0.1608204157697812E+03
  0.46900000E+03     -0.1650361806914607E+03
  0.47000000E+03     -0.1693411379583058E+03
  0.47100000E+03     -0.1736788364042743E+03
  0.47200000E+03     -0.1781263504074161E+03
  0.47300000E+03     -0.1826375382461968E+03
  0.47400000E+03     -0.1872241509805163E+03
  0.47500000E+03     -0.1919084937544139E+03
  0.47600000E+03     -0.1966360845212841E+03
  0.47700000E+03     -0.2014771907931308E+03
  0.47800000E+03     -0.2063747479615618E+03
  0.47900000E+03     -0.2113680706267797E+03
  0.48000000E+03     -0.2164455701654788E+03
  0.48100000E+03     -0.2216027417944037E+03
  0.48200000E+03     -0.2268370708894100E+03
  0.48300000E+03     -0.2321835567287841E+03
  0.48400000E+03     -0.2375869150816731E+03
  0.48500000E+03     -0.2430628157339454E+03
  0.48600000E+03     -0.2486279344521266E+03
  0.48700000E+03     -0.2542441877516302E+03
  0.48800000E+03     -0.2600076776549392E+03
  0.48900000E+03     -0.2658519763889039E+03
  0.49000000E+03     -0.2717854764800239E+03
  0.49100000E+03     -0.2778300370517870E+03
  0.49200000E+03     -0.2839343233420433E+03
  0.49300000E+03     -0.2901388857239433E+03
  0.49400000E+03     -0.2964565143773985E+03
  0.49500000E+03     -0.3028764380426187E+03
  0.49600000E+03     -0.3093666658975509E+03
  0.49700000E+03     -0.3159600219192703E+03
  0.49800000E+03     -0.3226513143468758E+03
  0.49900000E+03     -0.3294482439016893E+03
  0.50000000E+03     -0.3363398018869906E+03
  0.50100000E+03     -0.3433056732546503E+03
  0.50200000E+03     -0.3504036584328741E+03
  0.50300000E+03     -0.3575968193247682E+03
  0.50400000E+03     -0.3648641846815837E+03
  0.50500000E+03     -0.3722489972335875E+03
  0.50600000E+03     -0.3797612332284448E+03
  0.50700000E+03     -0.3868884720124444E+03
  0.50800000E+03     -0.3920441513744407E+03
  0.50900000E+03     -0.3963022143806030E+03
  0.51000000E+03     -0.4004499239508285E+03
