  0.00000000E+00     -0.1451189014260508E-08      0.3472078916144563E-17     -0.9774207582288974E-26      0.3060956788315114E-34     -0.1024903235501732E-42
  0.10000000E+01     -0.6057414530004844E-03      0.3669227078849964E-06     -0.2222602942158756E-09      0.1346322735623982E-12     -0.8155234900993531E-16
  0.20000000E+01     -0.4055976306840891E-01      0.2449312092729662E-01     -0.1828629948758833E-01      0.1901073064754896E-01     -0.5913078145767671E-02
  0.30000000E+01     -0.1201660130435375E+00      0.8426622179383997E-01     -0.7778988891153354E-01      0.1020933812863351E+00     -0.1076966579143398E+00
  0.40000000E+01     -0.2394439664825479E+00      0.1994464720914964E+00     -0.2271675627750277E+00      0.3587826591454226E+00     -0.6085318941790957E+00
  0.50000000E+01     -0.3988198126690801E+00      0.4003602764314334E+00     -0.5548944707725471E+00      0.1041754060495406E+01     -0.2259631820658088E+01
  0.60000000E+01     -0.5984849737469004E+00      0.7272794944806803E+00     -0.1209683137705619E+01      0.2650970135090644E+01     -0.6946005471700190E+01
  0.70000000E+01     -0.8387756746129752E+00      0.1230760517069651E+01     -0.2425865737709477E+01      0.6149301751169327E+01     -0.1879347358341527E+02
  0.80000000E+01     -0.1120047196329387E+01      0.1971978505473617E+01     -0.4556915498960643E+01      0.1325810968420725E+02     -0.4639770886813436E+02
  0.90000000E+01     -0.1442778308650464E+01      0.3024189803288184E+01     -0.8123158421214052E+01      0.2695231116164406E+02     -0.1068565295007226E+03
  0.10000000E+02     -0.1806626244383451E+01      0.4466998048711587E+01     -0.1383079669642951E+02      0.5198042575802302E+02     -0.2312070077816462E+03
  0.11000000E+02     -0.2212559840966410E+01      0.6398986585600799E+01     -0.2269598922877890E+02      0.9621590166583925E+02     -0.4780605671198414E+03
  0.12000000E+02     -0.2660756603573266E+01      0.8925497709692461E+01     -0.3603794998715711E+02      0.1715548361569988E+03     -0.9483683640844280E+03
  0.13000000E+02     -0.3151624372520319E+01      0.1216504617785473E+02     -0.5558533203317197E+02      0.2957502970080415E+03     -0.1810964954474485E+04
  0.14000000E+02     -0.3685705659926127E+01      0.1624961056435291E+02     -0.8356040288195585E+02      0.4946572626833281E+03     -0.3339876416852400E+04
  0.15000000E+02     -0.4263476861647868E+01      0.2132926430194565E+02     -0.1228708050822310E+03      0.8067154516354382E+03     -0.5992736754673105E+04
  0.16000000E+02     -0.4884135790555060E+01      0.2754671856731371E+02     -0.1769073244651756E+03      0.1283478308573005E+04     -0.1046191873593116E+05
  0.17000000E+02     -0.5549441272290416E+01      0.3508879191207627E+02     -0.2501424272737100E+03      0.1998329363463106E+04     -0.1781449350070494E+05
  0.18000000E+02     -0.6259717521016650E+01      0.4414210210137940E+02     -0.3479345561820924E+03      0.3051596072535025E+04     -0.2969095987224404E+05
  0.19000000E+02     -0.7015909958732946E+01      0.5491441693776905E+02     -0.4767581726258637E+03      0.4576081590968686E+04     -0.4845682995552405E+05
  0.20000000E+02     -0.7818129465078441E+01      0.6762823337053298E+02     -0.6445518473939842E+03      0.6752993580406344E+04     -0.7766815794992981E+05
  0.21000000E+02     -0.8667288974943016E+01      0.8251833035623051E+02     -0.8604305485940120E+03      0.9811481385967874E+04     -0.1222608363401271E+06
  0.22000000E+02     -0.9564707727359986E+01      0.9986505064982511E+02     -0.1135951399090525E+04      0.1406486692314814E+05     -0.1895009690973295E+06
  0.23000000E+02     -0.1050947228099768E+02      0.1199098411310823E+03     -0.1483496054381166E+04      0.1989421756329791E+05     -0.2892110973807530E+06
  0.24000000E+02     -0.1150336936371176E+02      0.1429701445007733E+03     -0.1918586972067418E+04      0.2780088231057323E+05     -0.4351547011482720E+06
  0.25000000E+02     -0.1254721894236787E+02      0.1693787610708057E+03     -0.2459590287643563E+04      0.3843467644392332E+05     -0.6466943625008010E+06
  0.26000000E+02     -0.1364120347944102E+02      0.1994479875175152E+03     -0.3126259530909008E+04      0.5256773451899011E+05     -0.9489784805732466E+06
  0.27000000E+02     -0.1478845881626955E+02      0.2336219808412513E+03     -0.3944518084873373E+04      0.7124102862307298E+05     -0.1377600701008654E+07
  0.28000000E+02     -0.1598735667323505E+02      0.2722174811658832E+03     -0.4940224701722451E+04      0.9565632103113837E+05     -0.1978244405251169E+07
  0.29000000E+02     -0.1724062149719775E+02      0.3157244994392466E+03     -0.6147177043906951E+04      0.1273947856741902E+06     -0.2813391074963953E+07
  0.30000000E+02     -0.1854984051835752E+02      0.3646376626008107E+03     -0.7604002461686998E+04      0.1684316430948832E+06     -0.3967582596175053E+07
  0.31000000E+02     -0.1991310244079262E+02      0.4192908586590424E+03     -0.9346690897197816E+04      0.2208695094033222E+06     -0.5539606513334955E+07
  0.32000000E+02     -0.2133546663631850E+02      0.4803996252833012E+03     -0.1143052264167073E+05      0.2877903447279391E+06     -0.7676392533305025E+07
  0.33000000E+02     -0.2281613845990412E+02      0.5484408641272680E+03     -0.1390773935737919E+05      0.3725783708965542E+06     -0.1055683141512233E+08
  0.34000000E+02     -0.2435650253808783E+02      0.6240109899767833E+03     -0.1684025180335825E+05      0.4793896499114161E+06     -0.1441222823200431E+08
  0.35000000E+02     -0.2595865028053532E+02      0.7077938484549904E+03     -0.2029980670449258E+05      0.6132265156502319E+06     -0.1953303807681854E+08
  0.36000000E+02     -0.2762380119649747E+02      0.8004681756896804E+03     -0.2436664016346271E+05      0.7801938438906028E+06     -0.2630332860170668E+08
  0.37000000E+02     -0.2935231818651324E+02      0.9026939907615626E+03     -0.2912733283790588E+05      0.9873344308070528E+06     -0.3519173811271594E+08
  0.38000000E+02     -0.3114813600682119E+02      0.1015399374354652E+04     -0.3469025033444342E+05      0.1243534318023890E+07     -0.4681235956137194E+08
  0.39000000E+02     -0.3301069704307130E+02      0.1139269062963514E+04     -0.4116065779458407E+05      0.1558463012842644E+07     -0.6188579931257861E+08
  0.40000000E+02     -0.3493988591495647E+02      0.1275051287436815E+04     -0.4865785551460247E+05      0.1943690468669328E+07     -0.8132466812797855E+08
  0.41000000E+02     -0.3693918763755779E+02      0.1423774033743613E+04     -0.5732694553155820E+05      0.2413369632424497E+07     -0.1062814382617833E+09
  0.42000000E+02     -0.3901073235424523E+02      0.1586523668480145E+04     -0.6733580119904243E+05      0.2984819505645504E+07     -0.1382395349885453E+09
  0.43000000E+02     -0.4115457544394521E+02      0.1764214129745604E+04     -0.7885346433480961E+05      0.3677194006450682E+07     -0.1789610688608812E+09
  0.44000000E+02     -0.4337319374374216E+02      0.1957927771349151E+04     -0.9206623100066904E+05      0.4511988486628854E+07     -0.2304956117277101E+09
  0.45000000E+02     -0.4566162729122460E+02      0.2168184988975849E+04     -0.1071418726256302E+06      0.5512133814296727E+07     -0.2952466208417422E+09
  0.46000000E+02     -0.4802854694770583E+02      0.2396888283045372E+04     -0.1243708733377857E+06      0.6711770471767303E+07     -0.3766665189442821E+09
  0.47000000E+02     -0.5047326630927834E+02      0.2644978475616878E+04     -0.1439791652198726E+06      0.8142562627343801E+07     -0.4783073964808221E+09
  0.48000000E+02     -0.5298768079137741E+02      0.2912629789393447E+04     -0.1661487067611842E+06      0.9836200406663980E+07     -0.6041355819710253E+09
  0.49000000E+02     -0.5557805240472932E+02      0.3201746437417789E+04     -0.1912329702474973E+06      0.1184122945677640E+08     -0.7598065839801849E+09
  0.50000000E+02     -0.5824454685752234E+02      0.3513418853623499E+04     -0.2195239089012296E+06      0.1420450564651605E+08     -0.9513360149875368E+09
  0.51000000E+02     -0.6098101890030821E+02      0.3847974801491951E+04     -0.2512574322385443E+06      0.1697163079903035E+08     -0.1185168725369305E+10
  0.52000000E+02     -0.6378969729929569E+02      0.4206929505618693E+04     -0.2868150798884209E+06      0.2020640257455572E+08     -0.1470047009278437E+10
  0.53000000E+02     -0.6666838444690089E+02      0.4591039692872950E+04     -0.3265013545159793E+06      0.2396799616593850E+08     -0.1814800512892719E+10
  0.54000000E+02     -0.6961620867318011E+02      0.5001478815850129E+04     -0.3707080303614435E+06      0.2833124928026535E+08     -0.2230759929023641E+10
  0.55000000E+02     -0.7263406153544182E+02      0.5439516749436614E+04     -0.4198463881366249E+06      0.3337779377096058E+08     -0.2730855621043289E+10
  0.56000000E+02     -0.7571119013085143E+02      0.5904584585958842E+04     -0.4741156441798134E+06      0.3916953584461413E+08     -0.3326646738718264E+10
  0.57000000E+02     -0.7884772593993587E+02      0.6397976105895408E+04     -0.5339839155896498E+06      0.4580688197503657E+08     -0.4035216045705751E+10
  0.58000000E+02     -0.8203932006847018E+02      0.6919981456172457E+04     -0.5997806710669782E+06      0.5337711578666116E+08     -0.4873092248665906E+10
  0.59000000E+02     -0.8528812638161124E+02      0.7471856302598733E+04     -0.6719574134165701E+06      0.6198497452246578E+08     -0.5859646333040527E+10
  0.60000000E+02     -0.8859229625499897E+02      0.8054404219472929E+04     -0.7509626592317410E+06      0.7174668539001285E+08     -0.7017690208824701E+10
  0.61000000E+02     -0.9194740006606952E+02      0.8667938916016068E+04     -0.8371887480134187E+06      0.8277706533723941E+08     -0.8371256392309547E+10
  0.62000000E+02     -0.9534697197088293E+02      0.9312210993603025E+04     -0.9309449989926697E+06      0.9518494551377681E+08     -0.9945048425508106E+10
  0.63000000E+02     -0.9879656786657931E+02      0.9989230200828280E+04     -0.1032886721911320E+07      0.1091326438962961E+09     -0.1177249573512824E+11
  0.64000000E+02     -0.1022812378750544E+03      0.1069686745160993E+05     -0.1143045857868403E+07      0.1247020716920159E+09     -0.1387803798163092E+11
  0.65000000E+02     -0.1058131282078003E+03      0.1143844787808481E+05     -0.1262309100041492E+07      0.1421015996690214E+09     -0.1630496583331298E+11
  0.66000000E+02     -0.1093733241545301E+03      0.1221086696886224E+05     -0.1390570716198993E+07      0.1614076502714400E+09     -0.1908119834028498E+11
  0.67000000E+02     -0.1129706891439779E+03      0.1301675243896944E+05     -0.1528637496535280E+07      0.1828330924073170E+09     -0.2225529874198744E+11
  0.68000000E+02     -0.1166030778325484E+03      0.1385638553565840E+05     -0.1676955388558421E+07      0.2065473049018804E+09     -0.2587247970140358E+11
  0.69000000E+02     -0.1202574615289113E+03      0.1472741781281592E+05     -0.1835495678308559E+07      0.2326472531353215E+09     -0.2996864434180158E+11
  0.70000000E+02     -0.1239421030407660E+03      0.1563232310628021E+05     -0.2005088784277807E+07      0.2613768507738287E+09     -0.3460547902874231E+11
  0.71000000E+02     -0.1276562200496889E+03      0.1657179863108434E+05     -0.2186313598321713E+07      0.2929545438391865E+09     -0.3984436738190643E+11
  0.72000000E+02     -0.1313980961848569E+03      0.1754596963024272E+05     -0.2379608978291376E+07      0.3275792473160253E+09     -0.4574645531088329E+11
  0.73000000E+02     -0.1351669233792489E+03      0.1855507796790283E+05     -0.2585409084705569E+07      0.3654477653906157E+09     -0.5237356443201038E+11
  0.74000000E+02     -0.1389506947246988E+03      0.1959668430254544E+05     -0.2803688880352609E+07      0.4066967814851168E+09     -0.5978331016918393E+11
  0.75000000E+02     -0.1427608115732367E+03      0.2067421363133880E+05     -0.3035539456343120E+07      0.4516587623651845E+09     -0.6806753904960518E+11
  0.76000000E+02     -0.1465988418086337E+03      0.2178896599770816E+05     -0.3281751674110666E+07      0.5006457456329579E+09     -0.7732330237374197E+11
  0.77000000E+02     -0.1504505649215329E+03      0.2293699339245982E+05     -0.3541822564974208E+07      0.5536930382763985E+09     -0.8759396733621927E+11
  0.78000000E+02     -0.1543296768858998E+03      0.2412304741853443E+05     -0.3817302563669750E+07      0.6112752320309073E+09     -0.9901329548455196E+11
  0.79000000E+02     -0.1582216064488220E+03      0.2534310540394384E+05     -0.4107714172702662E+07      0.6734584195262783E+09     -0.1116405146019276E+12
  0.80000000E+02     -0.1621434484150726E+03      0.2660317468998438E+05     -0.4414991496533263E+07      0.7408358707021952E+09     -0.1256462365688062E+12
  0.81000000E+02     -0.1660804644029339E+03      0.2789888592861317E+05     -0.4738508758560877E+07      0.8134397760925698E+09     -0.1410868216503929E+12
  0.82000000E+02     -0.1700418447841515E+03      0.2923366090637091E+05     -0.5079580183679972E+07      0.8917451963554186E+09     -0.1581171723043061E+12
  0.83000000E+02     -0.1740165109244639E+03      0.3060429800047385E+05     -0.5437887642785463E+07      0.9758735517320316E+09     -0.1768225357457102E+12
  0.84000000E+02     -0.1780086088924402E+03      0.3201268993276490E+05     -0.5814411977191268E+07      0.1066250814357997E+10     -0.1973584303324857E+12
  0.85000000E+02     -0.1820172566077406E+03      0.3345900047049164E+05     -0.6209702819879031E+07      0.1163216861643229E+10     -0.2198680836908421E+12
  0.86000000E+02     -0.1860411112878477E+03      0.3494318188008058E+05     -0.6624260836043782E+07      0.1267113177542986E+10     -0.2445021599549976E+12
  0.87000000E+02     -0.1900867815695310E+03      0.3646792043466903E+05     -0.7059288268086788E+07      0.1378446258644552E+10     -0.2714503682027492E+12
  0.88000000E+02     -0.1941469424133542E+03      0.3803104593048961E+05     -0.7514722256078651E+07      0.1497437245365011E+10     -0.3008456439707573E+12
  0.89000000E+02     -0.1982170549247085E+03      0.3963103479285243E+05     -0.7990591406680516E+07      0.1624318932999240E+10     -0.3328252717323233E+12
  0.90000000E+02     -0.2023023127115766E+03      0.4126988061180439E+05     -0.8487868961342754E+07      0.1759553991621313E+10     -0.3675819441870932E+12
  0.91000000E+02     -0.2064083053404657E+03      0.4295075104688166E+05     -0.9008191858261498E+07      0.1903874118951844E+10     -0.4054026691083662E+12
  0.92000000E+02     -0.2105243249795087E+03      0.4466949391969526E+05     -0.9550767313094912E+07      0.2057308390452995E+10     -0.4463886901534865E+12
  0.93000000E+02     -0.2146542700497758E+03      0.4642801732834956E+05     -0.1011669754564466E+08      0.2220422072002639E+10     -0.4907876999031178E+12
  0.94000000E+02     -0.2187996508481368E+03      0.4822746503284078E+05     -0.1070693308898020E+08      0.2393774317107174E+10     -0.5388604269300832E+12
  0.95000000E+02     -0.2229522931466258E+03      0.5006450025468316E+05     -0.1132087008135085E+08      0.2577451051682990E+10     -0.5907355948357406E+12
  0.96000000E+02     -0.2271170970161986E+03      0.5194175131174783E+05     -0.1195996584124034E+08      0.2772184582553853E+10     -0.6467374318506335E+12
  0.97000000E+02     -0.2312960513562792E+03      0.5386001198418851E+05     -0.1262489324336463E+08      0.2978430860346549E+10     -0.7071047664077812E+12
  0.98000000E+02     -0.2354924012125423E+03      0.5582121133491814E+05     -0.1331691210364419E+08      0.3196895918585369E+10     -0.7721739674162175E+12
  0.99000000E+02     -0.2396988901920686E+03      0.5782233038850239E+05     -0.1403551415283540E+08      0.3427725355495616E+10     -0.8421172050660859E+12
  0.10000000E+03     -0.2439034587641243E+03      0.5985787704546459E+05     -0.1477926304222063E+08      0.3670769430737538E+10     -0.9170245880012197E+12
  0.10100000E+03     -0.2481260762070856E+03      0.6193757499926979E+05     -0.1555216653360623E+08      0.3927624149883469E+10     -0.9975174479696566E+12
  0.10200000E+03     -0.2523583509876913E+03      0.6405791405925062E+05     -0.1635360815010421E+08      0.4198460716603960E+10     -0.1083812248178430E+13
  0.10300000E+03     -0.2566015098650025E+03      0.6621986776161772E+05     -0.1718453774002098E+08      0.4483942524890280E+10     -0.1176274385257005E+13
  0.10400000E+03     -0.2608559663521588E+03      0.6842374807621374E+05     -0.1804559130576413E+08      0.4784625513107158E+10     -0.1275243915876338E+13
  0.10500000E+03     -0.2651281515812666E+03      0.7067290840601762E+05     -0.1893853613150845E+08      0.5101438606562640E+10     -0.1381177919254546E+13
  0.10600000E+03     -0.2694122510811238E+03      0.7296480247000090E+05     -0.1986302390026983E+08      0.5434651870083863E+10     -0.1494350088711192E+13
  0.10700000E+03     -0.2736976553543039E+03      0.7529404609760738E+05     -0.2081746368134708E+08      0.5784063280735634E+10     -0.1614871404691031E+13
  0.10800000E+03     -0.2780014838013375E+03      0.7767016708472406E+05     -0.2180632244182205E+08      0.6151682408927563E+10     -0.1743620712001817E+13
  0.10900000E+03     -0.2823075047518836E+03      0.8008467307293182E+05     -0.2282673331939645E+08      0.6536863537385093E+10     -0.1880578037424354E+13
  0.11000000E+03     -0.2866380130091813E+03      0.8255012098999963E+05     -0.2388449652304313E+08      0.6942154168714121E+10     -0.2026835715058118E+13
  0.11100000E+03     -0.2909688356800135E+03      0.8505324001763547E+05     -0.2497462558828130E+08      0.7366100760299792E+10     -0.2182099890125301E+13
  0.11200000E+03     -0.2953186628443494E+03      0.8760517090900854E+05     -0.2610260546381885E+08      0.7811266977372492E+10     -0.2347533161818766E+13
  0.11300000E+03     -0.2996721557843391E+03      0.9019689880407353E+05     -0.2726491727709532E+08      0.8276630091820926E+10     -0.2522957627450931E+13
  0.11400000E+03     -0.3040341623380563E+03      0.9283182812202765E+05     -0.2846383284947967E+08      0.8763598472951313E+10     -0.2709166104227559E+13
  0.11500000E+03     -0.3084140990794808E+03      0.9551573118181741E+05     -0.2970250605986829E+08      0.9273861661602240E+10     -0.2907033526512244E+13
  0.11600000E+03     -0.3128089558188610E+03      0.9824729408775685E+05     -0.3098108066828015E+08      0.9807991810817167E+10     -0.3117058235797752E+13
  0.11700000E+03     -0.3172152630565242E+03      0.1010250189648963E+06     -0.3229966614644943E+08      0.1036657945490821E+11     -0.3339766318498889E+13
  0.11800000E+03     -0.3216385804476130E+03      0.1038523532567884E+06     -0.3366038199790686E+08      0.1095093777102461E+11     -0.3575928866334440E+13
  0.11900000E+03     -0.3260737179748187E+03      0.1067267948855224E+06     -0.3506294983849604E+08      0.1156156978299577E+11     -0.3826090143399099E+13
  0.12000000E+03     -0.3305140340798687E+03      0.1096436722785052E+06     -0.3650542680857132E+08      0.1219799641806353E+11     -0.4090292727219696E+13
  0.12100000E+03     -0.3349693271834782E+03      0.1126103982860108E+06     -0.3799248466899561E+08      0.1286294903002291E+11     -0.4370040886196073E+13
  0.12200000E+03     -0.3394480208715372E+03      0.1156325712510194E+06     -0.3952744950470761E+08      0.1355837790982535E+11     -0.4666445064876263E+13
  0.12300000E+03     -0.3439354481835820E+03      0.1187007869962614E+06     -0.4110635714468210E+08      0.1428310554151655E+11     -0.4979372184109658E+13
  0.12400000E+03     -0.3484441396241841E+03      0.1218242254437002E+06     -0.4273477004900070E+08      0.1504030573715413E+11     -0.5310560523827122E+13
  0.12500000E+03     -0.3529742502565535E+03      0.1250035130389259E+06     -0.4441381177043194E+08      0.1583111193157409E+11     -0.5660876392401012E+13
  0.12600000E+03     -0.3575176832029268E+03      0.1282334014819814E+06     -0.4614154785627146E+08      0.1665528975025376E+11     -0.6030639204848115E+13
  0.12700000E+03     -0.3620885183412196E+03      0.1315242114822618E+06     -0.4792419615268668E+08      0.1751638654683066E+11     -0.6421811022341037E+13
  0.12800000E+03     -0.3666639729948063E+03      0.1348603317408501E+06     -0.4975429005597639E+08      0.1841154056748805E+11     -0.6833549371853274E+13
  0.12900000E+03     -0.3712690119149886E+03      0.1382605114333584E+06     -0.5164300200650345E+08      0.1934693305026040E+11     -0.7269154770870909E+13
  0.13000000E+03     -0.3758973983163991E+03      0.1417208254445561E+06     -0.5358912998961335E+08      0.2032274706821115E+11     -0.7729210238779646E+13
  0.13100000E+03     -0.3805447620962157E+03      0.1452380966844541E+06     -0.5559152612078340E+08      0.2133901716411248E+11     -0.8214153929913131E+13
  0.13200000E+03     -0.3852099111001629E+03      0.1488126971978456E+06     -0.5765171496669260E+08      0.2239747766421644E+11     -0.8725410477451818E+13
  0.13300000E+03     -0.3899055145802222E+03      0.1524545124761210E+06     -0.5977613288281421E+08      0.2350213731385063E+11     -0.9265408739771297E+13
  0.13400000E+03     -0.3946128429779499E+03      0.1561499454820046E+06     -0.6195799361424653E+08      0.2465037300424595E+11     -0.9833458941251254E+13
  0.13500000E+03     -0.3993493659170498E+03      0.1599131562782641E+06     -0.6420657212693845E+08      0.2584788631030056E+11     -0.1043295376325715E+14
  0.13600000E+03     -0.4041100968030065E+03      0.1637405993602006E+06     -0.6652062878318152E+08      0.2709481519070576E+11     -0.1106452447496634E+14
  0.13700000E+03     -0.4088934312455130E+03      0.1676319225336887E+06     -0.6890115716291329E+08      0.2839268708489921E+11     -0.1172961907216581E+14
  0.13800000E+03     -0.4137081715392046E+03      0.1715953510099009E+06     -0.7135451285067146E+08      0.2974605095140281E+11     -0.1243130741376881E+14
  0.13900000E+03     -0.4185333628864346E+03      0.1756141085399816E+06     -0.7387127068300131E+08      0.3115060019403447E+11     -0.1316800593973388E+14
  0.14000000E+03     -0.4233948395702871E+03      0.1797106928376452E+06     -0.7646682907318465E+08      0.3261604304765294E+11     -0.1394559101884724E+14
  0.14100000E+03     -0.4282788119940202E+03      0.1838732826535344E+06     -0.7913424804824670E+08      0.3413914982362025E+11     -0.1476291273025958E+14
  0.14200000E+03     -0.4331957408644812E+03      0.1881129621713046E+06     -0.8188273235049008E+08      0.3572677932211751E+11     -0.1562472573705468E+14
  0.14300000E+03     -0.4381316959740346E+03      0.1924173199338431E+06     -0.8470468842388158E+08      0.3737521455836345E+11     -0.1652959547231634E+14
  0.14400000E+03     -0.4430895818568387E+03      0.1967903263933810E+06     -0.8760438885608663E+08      0.3908834612116134E+11     -0.1748065079909653E+14
  0.14500000E+03     -0.4480927506062872E+03      0.2012530131565147E+06     -0.9059682064995103E+08      0.4087608585895898E+11     -0.1848422576408313E+14
  0.14600000E+03     -0.4531236424593210E+03      0.2057911269470933E+06     -0.9367411183854330E+08      0.4273517622301122E+11     -0.1953954710702738E+14
  0.14700000E+03     -0.4581771677755927E+03      0.2104010550918326E+06     -0.9683526504322267E+08      0.4466636449116290E+11     -0.2064807112396375E+14
  0.14800000E+03     -0.4632577371783033E+03      0.2150872859408270E+06     -0.1000844235675017E+09      0.4667328616622073E+11     -0.2181277717946592E+14
  0.14900000E+03     -0.4683496899794246E+03      0.2198354874810296E+06     -0.1034125420863876E+09      0.4875140228614127E+11     -0.2303192527617387E+14
  0.15000000E+03     -0.4734633632439262E+03      0.2246568114078215E+06     -0.1068292879148800E+09      0.5090839647038062E+11     -0.2431127661288602E+14
  0.15100000E+03     -0.4786070336546578E+03      0.2295588000002482E+06     -0.1103406436635622E+09      0.5314896179535709E+11     -0.2565445966615974E+14
  0.15200000E+03     -0.4837612229063952E+03      0.2345238850392645E+06     -0.1139355255922709E+09      0.5546748439605273E+11     -0.2705928277062389E+14
  0.15300000E+03     -0.4889456885542439E+03      0.2395717005070147E+06     -0.1176294055725376E+09      0.5787527871677058E+11     -0.2853372721942032E+14
  0.15400000E+03     -0.4941461240322710E+03      0.2446893906000408E+06     -0.1214145151801509E+09      0.6036890031013266E+11     -0.3007700942077377E+14
  0.15500000E+03     -0.4993695390593758E+03      0.2498841444287706E+06     -0.1252972345576803E+09      0.6295380891189707E+11     -0.3169362878944360E+14
  0.15600000E+03     -0.5046127205388590E+03      0.2551534942384248E+06     -0.1292771161221292E+09      0.6563120114340173E+11     -0.3338561961182566E+14
  0.15700000E+03     -0.5098596735403976E+03      0.2604813157598115E+06     -0.1333428013120502E+09      0.6839456044459894E+11     -0.3514993445890604E+14
  0.15800000E+03     -0.5151263065663094E+03      0.2658851469888436E+06     -0.1375095918874004E+09      0.7125617304703441E+11     -0.3699599115919771E+14
  0.15900000E+03     -0.5204166615758321E+03      0.2713689688179563E+06     -0.1417813282315744E+09      0.7421981835476849E+11     -0.3892735654997363E+14
  0.16000000E+03     -0.5257000243383518E+03      0.2769012067407077E+06     -0.1461344982969159E+09      0.7727054391972804E+11     -0.4093556769809593E+14
  0.16100000E+03     -0.5310173241622143E+03      0.2825258162320163E+06     -0.1506054490250989E+09      0.8043567798798209E+11     -0.4304024316068041E+14
  0.16200000E+03     -0.5363319846829235E+03      0.2882040304114086E+06     -0.1551642055572453E+09      0.8369523057706543E+11     -0.4522932889051276E+14
  0.16300000E+03     -0.5416609890648539E+03      0.2939539874610988E+06     -0.1598262064563948E+09      0.8706149354321472E+11     -0.4751233990352141E+14
  0.16400000E+03     -0.5469925857569618E+03      0.2997634576120948E+06     -0.1645827943308716E+09      0.9052976469794310E+11     -0.4988756881748995E+14
  0.16500000E+03     -0.5523175525375625E+03      0.3056222007862662E+06     -0.1694263565026619E+09      0.9409573026079324E+11     -0.5235336900294717E+14
  0.16600000E+03     -0.5576561354703466E+03      0.3115530426428730E+06     -0.1743770935296311E+09      0.9777588039826042E+11     -0.5492269976354767E+14
  0.16700000E+03     -0.5629734112724271E+03      0.3175171423861681E+06     -0.1794034569599923E+09      0.1015480850160311E+12     -0.5758149980520196E+14
  0.16800000E+03     -0.5683047426786567E+03      0.3235528822681510E+06     -0.1845376771431502E+09      0.1054371642390281E+12     -0.6034821357353405E+14
  0.16900000E+03     -0.5736222404402897E+03      0.3296298229511484E+06     -0.1897556602126505E+09      0.1094268580945536E+12     -0.6321313415407459E+14
  0.17000000E+03     -0.5789598562075812E+03      0.3357870386814860E+06     -0.1950921232062466E+09      0.1135453110648849E+12     -0.6619812648624560E+14
  0.17100000E+03     -0.5842933708650013E+03      0.3419964823351497E+06     -0.2005235825374190E+09      0.1177757413669645E+12     -0.6929250808588971E+14
  0.17200000E+03     -0.5896037487634892E+03      0.3482351518759312E+06     -0.2060300859149321E+09      0.1221034375341803E+12     -0.7248663159575012E+14
  0.17300000E+03     -0.5949100697525071E+03      0.3545256703300652E+06     -0.2116326829738186E+09      0.1265464968006063E+12     -0.7579551871580231E+14
  0.17400000E+03     -0.6002129666799269E+03      0.3608681451470052E+06     -0.2173317831285103E+09      0.1311061899385105E+12     -0.7922133569946694E+14
  0.17500000E+03     -0.6055074955345898E+03      0.3672567149847847E+06     -0.2231230746989125E+09      0.1357805558086247E+12     -0.8276426994515345E+14
  0.17600000E+03     -0.6107831674115897E+03      0.3736782866265320E+06     -0.2289951678576370E+09      0.1405614891969612E+12     -0.8641953021730997E+14
  0.17700000E+03     -0.6160556930307155E+03      0.3801518239629344E+06     -0.2349661585974537E+09      0.1454650671466841E+12     -0.9020098992235009E+14
  0.17800000E+03     -0.6213239480555593E+03      0.3866753857127553E+06     -0.2410345992471351E+09      0.1504910843681124E+12     -0.9410978729111458E+14
  0.17900000E+03     -0.6265605417749971E+03      0.3932135991008356E+06     -0.2471671087135233E+09      0.1556122235326479E+12     -0.9812549431903591E+14
  0.18000000E+03     -0.6318003485923322E+03      0.3998118505410664E+06     -0.2534088386951502E+09      0.1608690540837703E+12     -0.1022827220854637E+15
  0.18100000E+03     -0.6370461117916299E+03      0.4064731563046519E+06     -0.2597630837775967E+09      0.1662654408612435E+12     -0.1065859553584610E+15
  0.18200000E+03     -0.6422881526513510E+03      0.4131843004610681E+06     -0.2662172996054321E+09      0.1717915790430800E+12     -0.1110286812271028E+15
  0.18300000E+03     -0.6475037174441327E+03      0.4199164749613703E+06     -0.2727448844558777E+09      0.1774263150813211E+12     -0.1155957426338360E+15
  0.18400000E+03     -0.6526950174968356E+03      0.4266705650856743E+06     -0.2793456621954674E+09      0.1831693544141980E+12     -0.1202873900410939E+15
  0.18500000E+03     -0.6578742215954943E+03      0.4334627230233577E+06     -0.2860365585182427E+09      0.1890371303296858E+12     -0.1251190230924397E+15
  0.18600000E+03     -0.6630396186353752E+03      0.4402907261807119E+06     -0.2928162717598270E+09      0.1950300389259965E+12     -0.1300928581590748E+15
  0.18700000E+03     -0.6681760110009752E+03      0.4471325642179784E+06     -0.2996618488600012E+09      0.2011275315663124E+12     -0.1351922136065732E+15
  0.18800000E+03     -0.6733167891622680E+03      0.4540338262387302E+06     -0.3066208058178279E+09      0.2073743253881422E+12     -0.1404570703283451E+15
  0.18900000E+03     -0.6784504820806523E+03      0.4609780888652898E+06     -0.3136764332267167E+09      0.2137560773869818E+12     -0.1458765562131636E+15
  0.19000000E+03     -0.6837414370174854E+03      0.4681906646255224E+06     -0.3210614702862497E+09      0.2204874325491028E+12     -0.1516370405838111E+15
  0.19100000E+03     -0.6888463157254654E+03      0.4752018323034128E+06     -0.3282941217645047E+09      0.2271292781707104E+12     -0.1573634636063121E+15
  0.19200000E+03     -0.6939287289975852E+03      0.4822336007210239E+06     -0.3356013914249613E+09      0.2338889201145281E+12     -0.1632341621222633E+15
  0.19300000E+03     -0.6990918139770235E+03      0.4894297565028858E+06     -0.3431346542606065E+09      0.2409089501089496E+12     -0.1693758488270460E+15
  0.19400000E+03     -0.7041299941971527E+03      0.4965032769218665E+06     -0.3505936970895157E+09      0.2479105686449457E+12     -0.1755460805595389E+15
  0.19500000E+03     -0.7091744751403659E+03      0.5036364930460509E+06     -0.3581696021399794E+09      0.2550727674307404E+12     -0.1819029154750854E+15
  0.19600000E+03     -0.7141974109117793E+03      0.5107890929374670E+06     -0.3658193381600695E+09      0.2623553896284319E+12     -0.1884118225633170E+15
  0.19700000E+03     -0.7192059962875130E+03      0.5179713419962352E+06     -0.3735546017242451E+09      0.2697709142509483E+12     -0.1950857445412377E+15
  0.19800000E+03     -0.7241982413740629E+03      0.5251800927939366E+06     -0.3813724457309703E+09      0.2773176624481681E+12     -0.2019248471526096E+15
  0.19900000E+03     -0.7291679333814700E+03      0.5324054180054304E+06     -0.3892618409893507E+09      0.2849854762455243E+12     -0.2089210371977951E+15
  0.20000000E+03     -0.7341381103521079E+03      0.5396806444265639E+06     -0.3972596931686702E+09      0.2928114035102826E+12     -0.2161098094215950E+15
  0.20100000E+03     -0.7390823202905191E+03      0.5469664172930513E+06     -0.4053227860137007E+09      0.3007539277195610E+12     -0.2234543961307833E+15
  0.20200000E+03     -0.7440094050295888E+03      0.5542749597922114E+06     -0.4134644193392742E+09      0.3088265776474547E+12     -0.2309683036949959E+15
  0.20300000E+03     -0.7489268124971522E+03      0.5616175201526891E+06     -0.4216980549132546E+09      0.3170443192054413E+12     -0.2386676083558266E+15
  0.20400000E+03     -0.7538403374592289E+03      0.5690017007251332E+06     -0.4300317906945503E+09      0.3254155556265934E+12     -0.2465611820119661E+15
  0.20500000E+03     -0.7587597566757647E+03      0.5764432199580508E+06     -0.4384851514678243E+09      0.3339623154143453E+12     -0.2546726545693366E+15
  0.20600000E+03     -0.7636707146684446E+03      0.5839198448700955E+06     -0.4470329948933552E+09      0.3426599992256586E+12     -0.2629801250038885E+15
  0.20700000E+03     -0.7685688566814872E+03      0.5914243089827839E+06     -0.4556670228376302E+09      0.3515009177576257E+12     -0.2714776756831586E+15
  0.20800000E+03     -0.7734636101660799E+03      0.5989710770597368E+06     -0.4644045556474528E+09      0.3605041640379973E+12     -0.2801855938453402E+15
  0.20900000E+03     -0.7783551281666875E+03      0.6065605622929947E+06     -0.4732469637160338E+09      0.3696727701665704E+12     -0.2891090505411101E+15
  0.21000000E+03     -0.7832536016544075E+03      0.6142082433347048E+06     -0.4822125681839725E+09      0.3790267251085303E+12     -0.2982691355285066E+15
  0.21100000E+03     -0.7881620679596318E+03      0.6219193820344848E+06     -0.4913088646487103E+09      0.3885759763333788E+12     -0.3076783949849816E+15
  0.21200000E+03     -0.7930738139878459E+03      0.6296833120803937E+06     -0.5005237971877107E+09      0.3983091120444757E+12     -0.3173274830453995E+15
  0.21300000E+03     -0.7979844703996913E+03      0.6374933446076743E+06     -0.5098503673046393E+09      0.4082204503646413E+12     -0.3272131695622716E+15
  0.21400000E+03     -0.8028988295062217E+03      0.6453569100282833E+06     -0.5192979305273639E+09      0.4183211920385787E+12     -0.3373486167474250E+15
  0.21500000E+03     -0.8078219737237356E+03      0.6532825636274103E+06     -0.5288779214961118E+09      0.4286254839887696E+12     -0.3477506296752311E+15
  0.21600000E+03     -0.8127643603686978E+03      0.6612877197234171E+06     -0.5386128189030169E+09      0.4391598161107944E+12     -0.3584490543166682E+15
  0.21700000E+03     -0.8177176116032261E+03      0.6693592180548970E+06     -0.5484878294589809E+09      0.4499102550612479E+12     -0.3694326174302300E+15
  0.21800000E+03     -0.8226848201265860E+03      0.6775022443082349E+06     -0.5585102109037137E+09      0.4608864885060116E+12     -0.3807138436761316E+15
  0.21900000E+03     -0.8276828389742830E+03      0.6857460899280575E+06     -0.5687187544408065E+09      0.4721347486014880E+12     -0.3923448632868009E+15
  0.22000000E+03     -0.8327034005484676E+03      0.6940773881857529E+06     -0.5790980070821606E+09      0.4836400550283781E+12     -0.4043131581956478E+15
  0.22100000E+03     -0.8377309031976783E+03      0.7024707244747713E+06     -0.5896176487656146E+09      0.4953711070041125E+12     -0.4165894140619625E+15
  0.22200000E+03     -0.8427912467009252E+03      0.7109698324771759E+06     -0.6003339110173305E+09      0.5073930767472531E+12     -0.4292453279203248E+15
  0.22300000E+03     -0.8478776022737703E+03      0.7195643854370639E+06     -0.6112359445441675E+09      0.5196970409052647E+12     -0.4422757714534915E+15
  0.22400000E+03     -0.8529834888502662E+03      0.7282442206407423E+06     -0.6223126567857035E+09      0.5322734007642953E+12     -0.4556746032322584E+15
  0.22500000E+03     -0.8581294686405405E+03      0.7370453485477270E+06     -0.6336122184267839E+09      0.5451803455361716E+12     -0.4695085812920089E+15
  0.22600000E+03     -0.8632962135891108E+03      0.7459356760294451E+06     -0.6450954424556813E+09      0.5583763000537787E+12     -0.4837374974671374E+15
  0.22700000E+03     -0.8684907057454573E+03      0.7549272447233673E+06     -0.6567787594842433E+09      0.5718821134754626E+12     -0.4983869832992686E+15
  0.22800000E+03     -0.8736996601414716E+03      0.7639978976307176E+06     -0.6686353139409511E+09      0.5856699457361812E+12     -0.5134313599836429E+15
  0.22900000E+03     -0.8789396622638739E+03      0.7731780210580109E+06     -0.6807076220258937E+09      0.5997934460118636E+12     -0.5289347876132648E+15
  0.23000000E+03     -0.8842014267461059E+03      0.7824519384530793E+06     -0.6929767489789598E+09      0.6142334797857722E+12     -0.5448807215210366E+15
  0.23100000E+03     -0.8894936020034613E+03      0.7918351097597504E+06     -0.7054643150943727E+09      0.6290178961971755E+12     -0.5613036990844399E+15
  0.23200000E+03     -0.8948091906016199E+03      0.8013168617342674E+06     -0.7181592996345831E+09      0.6441384443430126E+12     -0.5782010133596524E+15
  0.23300000E+03     -0.9001520666801789E+03      0.8109047251683421E+06     -0.7310735705901334E+09      0.6596125196489426E+12     -0.5955970097968482E+15
  0.23400000E+03     -0.9055208707161464E+03      0.8205965558560651E+06     -0.7442055417983295E+09      0.6754408559973197E+12     -0.6134966733046118E+15
  0.23500000E+03     -0.9109075307408949E+03      0.8303792806086232E+06     -0.7575404876359627E+09      0.6916104545516831E+12     -0.6318919692572968E+15
  0.23600000E+03     -0.9163280760148616E+03      0.8402824059698716E+06     -0.7711201090720260E+09      0.7081748101155441E+12     -0.6508483718066474E+15
  0.23700000E+03     -0.9217665728693203E+03      0.8502774532598874E+06     -0.7849072029717714E+09      0.7250919876675391E+12     -0.6703231873999651E+15
  0.23800000E+03     -0.9272343068895929E+03      0.8603863764036561E+06     -0.7989347033638908E+09      0.7424068460483829E+12     -0.6903745471375308E+15
  0.23900000E+03     -0.9327099652740025E+03      0.8705697881154930E+06     -0.8131489464423637E+09      0.7600555590606395E+12     -0.7109327047734531E+15
  0.24000000E+03     -0.9382188116335265E+03      0.8808759906339318E+06     -0.8276202122103782E+09      0.7781301947904683E+12     -0.7321119615696759E+15
  0.24100000E+03     -0.9437469303296515E+03      0.8912793619726283E+06     -0.8423141033510929E+09      0.7965910100400411E+12     -0.7538709764001024E+15
  0.24200000E+03     -0.9492929452387880E+03      0.9017781560154725E+06     -0.8572303788705508E+09      0.8154417909969186E+12     -0.7762205493641036E+15
  0.24300000E+03     -0.9548539695083697E+03      0.9123673922892489E+06     -0.8723636564422740E+09      0.8346791404232109E+12     -0.7991621808946825E+15
  0.24400000E+03     -0.9604215952019891E+03      0.9230312156413677E+06     -0.8876925772430881E+09      0.8542789253911019E+12     -0.8226723131495698E+15
  0.24500000E+03     -0.9660206757111532E+03      0.9338178886087287E+06     -0.9032885127121485E+09      0.8743362885150569E+12     -0.8468713284930621E+15
  0.24600000E+03     -0.9716401878934269E+03      0.9447072050824555E+06     -0.9191247650621363E+09      0.8948214497243021E+12     -0.8717303775757188E+15
  0.24700000E+03     -0.9772621639239494E+03      0.9556647943780923E+06     -0.9351530857821099E+09      0.9156756440488337E+12     -0.8971842693411382E+15
  0.24800000E+03     -0.9828907294214557E+03      0.9666987664028391E+06     -0.9513864919085752E+09      0.9369186728616610E+12     -0.9232623249313618E+15
  0.24900000E+03     -0.9885363572022758E+03      0.9778300385423751E+06     -0.9678574625103874E+09      0.9585967541215541E+12     -0.9500276643302425E+15
  0.25000000E+03     -0.9941868114222501E+03      0.9890344210057926E+06     -0.9845311430750225E+09      0.9806666067222970E+12     -0.9774317170658550E+15
  0.25100000E+03     -0.9998583534294896E+03      0.1000344927317289E+07     -0.1001458902127727E+10      0.1003200635218033E+13     -0.1005571656758810E+16
  0.25200000E+03     -0.1005536242433807E+04      0.1011732413248821E+07     -0.1018598585575610E+10      0.1026146116091336E+13     -0.1034387675359489E+16
  0.25300000E+03     -0.1011226442701705E+04      0.1023209717810906E+07     -0.1035971939955425E+10      0.1049536876231939E+13     -0.1063930017926113E+16
  0.25400000E+03     -0.1016927731049534E+04      0.1034774667450176E+07     -0.1053577256388481E+10      0.1073374269278503E+13     -0.1094206929978328E+16
  0.25500000E+03     -0.1022657591926997E+04      0.1046462782885572E+07     -0.1071469773501306E+10      0.1097736127676744E+13     -0.1125322981811900E+16
  0.25600000E+03     -0.1028373250301950E+04      0.1058187229299322E+07     -0.1089518359910332E+10      0.1122447923611771E+13     -0.1157062386969685E+16
  0.25700000E+03     -0.1034096917486840E+04      0.1069993777562876E+07     -0.1107794899319454E+10      0.1147611534161626E+13     -0.1189562361110625E+16
  0.25800000E+03     -0.1039836603160923E+04      0.1081898891641902E+07     -0.1126325922480947E+10      0.1173266483652585E+13     -0.1222879828524265E+16
  0.25900000E+03     -0.1045568929996283E+04      0.1093854711736629E+07     -0.1145039046187119E+10      0.1199317055212517E+13     -0.1256898348650626E+16
  0.26000000E+03     -0.1051304357000037E+04      0.1105883247445879E+07     -0.1163970145512896E+10      0.1225816731822456E+13     -0.1291694416142944E+16
  0.26100000E+03     -0.1057057927690842E+04      0.1118015245500789E+07     -0.1183167492382654E+10      0.1252834513669291E+13     -0.1327362595923010E+16
  0.26200000E+03     -0.1062821775872997E+04      0.1130235689588912E+07     -0.1202610941746331E+10      0.1280348728719540E+13     -0.1363885191271334E+16
  0.26300000E+03     -0.1068593151629778E+04      0.1142538520878799E+07     -0.1222291666988560E+10      0.1308349698931424E+13     -0.1401255289034956E+16
  0.26400000E+03     -0.1074363649602068E+04      0.1154905914199597E+07     -0.1242182424226910E+10      0.1336802064344555E+13     -0.1439432358594307E+16
  0.26500000E+03     -0.1080137361924063E+04      0.1167346274496609E+07     -0.1262297292969250E+10      0.1365728409228366E+13     -0.1478452181633409E+16
  0.26600000E+03     -0.1085921015066521E+04      0.1179874795449316E+07     -0.1282663086207975E+10      0.1395172119609008E+13     -0.1518381943655663E+16
  0.26700000E+03     -0.1091694630892532E+04      0.1192448599099094E+07     -0.1303211923574980E+10      0.1425039378759906E+13     -0.1559102560175009E+16
  0.26800000E+03     -0.1097488687044065E+04      0.1205134607552945E+07     -0.1324055251956919E+10      0.1455496909082564E+13     -0.1600850128267360E+16
  0.26900000E+03     -0.1103295152319585E+04      0.1217914443050503E+07     -0.1345162727204525E+10      0.1486501835701631E+13     -0.1643570192863761E+16
  0.27000000E+03     -0.1109087395048260E+04      0.1230729721472401E+07     -0.1366439462238790E+10      0.1517918738985667E+13     -0.1687083951513372E+16
  0.27100000E+03     -0.1114888599715818E+04      0.1243631511773590E+07     -0.1387970988240322E+10      0.1549876660293218E+13     -0.1731576218492270E+16
  0.27200000E+03     -0.1120713011746343E+04      0.1256652278087705E+07     -0.1409813974760478E+10      0.1582465161372438E+13     -0.1777181705953432E+16
  0.27300000E+03     -0.1126534334850938E+04      0.1269734623887494E+07     -0.1431875651125276E+10      0.1615552835320257E+13     -0.1823728766897504E+16
  0.27400000E+03     -0.1132361459055659E+04      0.1282897762381233E+07     -0.1454188311027704E+10      0.1649189728061834E+13     -0.1871292563292218E+16
  0.27500000E+03     -0.1138269893856003E+04      0.1296310471530618E+07     -0.1477036178936147E+10      0.1683803262451333E+13     -0.1920478491540384E+16
  0.27600000E+03     -0.1144100666375583E+04      0.1309617043795752E+07     -0.1499823182249794E+10      0.1718506912152135E+13     -0.1970052447549446E+16
  0.27700000E+03     -0.1149930680049426E+04      0.1322990761915728E+07     -0.1522843572832853E+10      0.1753747012492084E+13     -0.2020652280252444E+16
  0.27800000E+03     -0.1155820100986985E+04      0.1336569870453370E+07     -0.1546337025996697E+10      0.1789895109111788E+13     -0.2072821053096149E+16
  0.27900000E+03     -0.1161682951393014E+04      0.1350155647546552E+07     -0.1569959986613919E+10      0.1826424668712434E+13     -0.2125804290529352E+16
  0.28000000E+03     -0.1167606986207158E+04      0.1363952021724260E+07     -0.1594069250509192E+10      0.1863892684083327E+13     -0.2180420164157931E+16
  0.28100000E+03     -0.1173522018708175E+04      0.1377798094364695E+07     -0.1618389327951356E+10      0.1901881726546484E+13     -0.2236078539969879E+16
  0.28200000E+03     -0.1179445940212578E+04      0.1391734132922804E+07     -0.1642989355239331E+10      0.1940499235361645E+13     -0.2292938836570328E+16
  0.28300000E+03     -0.1185385005532615E+04      0.1405775461001733E+07     -0.1667898657450132E+10      0.1979796694490382E+13     -0.2351087633297177E+16
  0.28400000E+03     -0.1191330474144899E+04      0.1419902329457724E+07     -0.1693085084216562E+10      0.2019729916382924E+13     -0.2410472138857588E+16
  0.28500000E+03     -0.1197297351376379E+04      0.1434151717035700E+07     -0.1718618136649209E+10      0.2060416672234358E+13     -0.2471281591862988E+16
  0.28600000E+03     -0.1203307481057722E+04      0.1448574835362911E+07     -0.1744589107109958E+10      0.2102003638518687E+13     -0.2533739910244224E+16
  0.28700000E+03     -0.1209328126988692E+04      0.1463095034137096E+07     -0.1770864751259449E+10      0.2144287238241943E+13     -0.2597559250998170E+16
  0.28800000E+03     -0.1215369555598909E+04      0.1477738349513755E+07     -0.1797495713602807E+10      0.2187356603183979E+13     -0.2662888595106314E+16
  0.28900000E+03     -0.1221429216336757E+04      0.1492498505746412E+07     -0.1824471683929348E+10      0.2231198889428997E+13     -0.2729717355007858E+16
  0.29000000E+03     -0.1227547192504116E+04      0.1507473832291887E+07     -0.1851975008667751E+10      0.2276116953518937E+13     -0.2798520444163588E+16
  0.29100000E+03     -0.1233708732896496E+04      0.1522631195924370E+07     -0.1879951523313403E+10      0.2322035243411945E+13     -0.2869204933121504E+16
  0.29200000E+03     -0.1239865603723875E+04      0.1537851456120132E+07     -0.1908181849961928E+10      0.2368596873488744E+13     -0.2941229909397182E+16
  0.29300000E+03     -0.1246067345909546E+04      0.1553259371266299E+07     -0.1936903009817692E+10      0.2416204299532333E+13     -0.3015239216671958E+16
  0.29400000E+03     -0.1252313894266721E+04      0.1568854176024714E+07     -0.1966113708404399E+10      0.2464857657999417E+13     -0.3091239790805636E+16
  0.29500000E+03     -0.1258623911343416E+04      0.1584686926195727E+07     -0.1995919463860878E+10      0.2514751692355421E+13     -0.3169569436313388E+16
  0.29600000E+03     -0.1264972488867646E+04      0.1600696209570377E+07     -0.2026208139250021E+10      0.2565706878140253E+13     -0.3249962872397361E+16
  0.29700000E+03     -0.1271377276234420E+04      0.1616929233008134E+07     -0.2057075674145658E+10      0.2617898300099050E+13     -0.3332721895627694E+16
  0.29800000E+03     -0.1277824581907088E+04      0.1633351846356899E+07     -0.2088459754251086E+10      0.2671227676124531E+13     -0.3417706054149104E+16
  0.29900000E+03     -0.1284352897313210E+04      0.1650064984115914E+07     -0.2120560296949669E+10      0.2726049202472934E+13     -0.3505506893637079E+16
  0.30000000E+03     -0.1290879682122917E+04      0.1666859560882664E+07     -0.2152981698044583E+10      0.2781700373627846E+13     -0.3595088965673542E+16
  0.30100000E+03     -0.1297527441672933E+04      0.1684052769562451E+07     -0.2186341696355680E+10      0.2839253567144228E+13     -0.3688202241706344E+16
  0.30200000E+03     -0.1304263269314950E+04      0.1701563598415946E+07     -0.2220492759515066E+10      0.2898473838008278E+13     -0.3784502981075505E+16
  0.30300000E+03     -0.1311057474637633E+04      0.1719318212405515E+07     -0.2255299265597546E+10      0.2959143710861323E+13     -0.3883671451262936E+16
  0.30400000E+03     -0.1317940069812654E+04      0.1737398386976463E+07     -0.2290930021299608E+10      0.3021575572869743E+13     -0.3986253363231586E+16
  0.30500000E+03     -0.1324925053628415E+04      0.1755844006603085E+07     -0.2327471636221231E+10      0.3085938480825856E+13     -0.4092560247253636E+16
  0.30600000E+03     -0.1331951098719281E+04      0.1774496996329551E+07     -0.2364620698020311E+10      0.3151718787213954E+13     -0.4201783958031978E+16
  0.30700000E+03     -0.1339082318243497E+04      0.1793530590094310E+07     -0.2402730358663755E+10      0.3219559968499701E+13     -0.4315029231219329E+16
  0.30800000E+03     -0.1346294751797622E+04      0.1812884518412099E+07     -0.2441689474034168E+10      0.3289284949219080E+13     -0.4432041490896375E+16
  0.30900000E+03     -0.1353571287702013E+04      0.1832516621003297E+07     -0.2481423018020802E+10      0.3360781124090977E+13     -0.4552674894573014E+16
  0.31000000E+03     -0.1360957705668928E+04      0.1852554448553408E+07     -0.2522199683770628E+10      0.3434555194187397E+13     -0.4677830687954086E+16
  0.31100000E+03     -0.1368386883284076E+04      0.1872819249128003E+07     -0.2563664962248453E+10      0.3509986929647039E+13     -0.4806500025328248E+16
  0.31200000E+03     -0.1375922271113935E+04      0.1893486331018450E+07     -0.2606184564650427E+10      0.3587758751234306E+13     -0.4939883656486601E+16
  0.31300000E+03     -0.1383523690667870E+04      0.1914450515905292E+07     -0.2649555072265025E+10      0.3667527137682484E+13     -0.5077449624045619E+16
  0.31400000E+03     -0.1391202195998243E+04      0.1935745572570197E+07     -0.2693855820750336E+10      0.3749460350588983E+13     -0.5219535090321416E+16
  0.31500000E+03     -0.1398968876037304E+04      0.1957405355110480E+07     -0.2739166405586676E+10      0.3833727560447854E+13     -0.5366480151205275E+16
  0.31600000E+03     -0.1406836295527965E+04      0.1979470331008380E+07     -0.2785585741317753E+10      0.3920544634485421E+13     -0.5518726245972507E+16
  0.31700000E+03     -0.1414757660899736E+04      0.2001812419971595E+07     -0.2832853948272048E+10      0.4009448883994414E+13     -0.5675512491342301E+16
  0.31800000E+03     -0.1422727831137896E+04      0.2024419484552728E+07     -0.2880953386084664E+10      0.4100427949931005E+13     -0.5836863833331139E+16
  0.31900000E+03     -0.1430785273100413E+04      0.2047403315777521E+07     -0.2930130670059955E+10      0.4193970651749262E+13     -0.6003697040641100E+16
  0.32000000E+03     -0.1438916796272916E+04      0.2070730995560651E+07     -0.2980328605478122E+10      0.4289999382460583E+13     -0.6175940002284346E+16
  0.32100000E+03     -0.1447114316283042E+04      0.2094382787804167E+07     -0.3031515456956148E+10      0.4388480259900539E+13     -0.6353591330985383E+16
  0.32200000E+03     -0.1455357455196601E+04      0.2118301607675635E+07     -0.3083574686653958E+10      0.4489208884970475E+13     -0.6536329453240318E+16
  0.32300000E+03     -0.1463688849727242E+04      0.2142615930693280E+07     -0.3136799725100690E+10      0.4592786382468396E+13     -0.6725317512967282E+16
  0.32400000E+03     -0.1472083982191819E+04      0.2167256715056779E+07     -0.3191048402469202E+10      0.4698960271075951E+13     -0.6920151229461222E+16
  0.32500000E+03     -0.1480508738577513E+04      0.2192126509723466E+07     -0.3246115635079359E+10      0.4807354657111811E+13     -0.7120200366338753E+16
  0.32600000E+03     -0.1489027831976207E+04      0.2217420321977719E+07     -0.3302445691131304E+10      0.4918875830715467E+13     -0.7327209540501291E+16
  0.32700000E+03     -0.1497600120366720E+04      0.2243018437770488E+07     -0.3359781093488461E+10      0.5033039424394293E+13     -0.7540340306835076E+16
  0.32800000E+03     -0.1506209002526025E+04      0.2268874431997440E+07     -0.3418028727586936E+10      0.5149689268194123E+13     -0.7759369850295184E+16
  0.32900000E+03     -0.1514895378706676E+04      0.2295113900299669E+07     -0.3477481609119148E+10      0.5269440093498309E+13     -0.7985519377010343E+16
  0.33000000E+03     -0.1523636668790243E+04      0.2321671752287023E+07     -0.3538003289431766E+10      0.5392047263329756E+13     -0.8218398975906621E+16
  0.33100000E+03     -0.1532415952018648E+04      0.2348498908127954E+07     -0.3599491218074158E+10      0.5517329929821048E+13     -0.8457731558992703E+16
  0.33200000E+03     -0.1541256197963441E+04      0.2375668573882620E+07     -0.3662124181549858E+10      0.5645683092269230E+13     -0.8704346252918929E+16
  0.33300000E+03     -0.1550139639186932E+04      0.2403128699739458E+07     -0.3725792259242358E+10      0.5776910666547683E+13     -0.8957938764073631E+16
  0.33400000E+03     -0.1559063675676278E+04      0.2430873613299090E+07     -0.3790492026226299E+10      0.5911034383551302E+13     -0.9218623603824122E+16
  0.33500000E+03     -0.1568059912423934E+04      0.2459004662656803E+07     -0.3856471316066027E+10      0.6048600730846479E+13     -0.9487543814554800E+16
  0.33600000E+03     -0.1577078374787380E+04      0.2487367332500670E+07     -0.3923376176469236E+10      0.6188898378821830E+13     -0.9763378625498618E+16
  0.33700000E+03     -0.1586127738688876E+04      0.2515990721033248E+07     -0.3991283931877632E+10      0.6332116923253601E+13     -0.1004657290907891E+17
  0.33800000E+03     -0.1595184847108492E+04      0.2544803090443588E+07     -0.4060032407604605E+10      0.6477940610151163E+13     -0.1033657275833594E+17
  0.33900000E+03     -0.1604318877672992E+04      0.2574026108545312E+07     -0.4130158838719283E+10      0.6627536161189256E+13     -0.1063577144325991E+17
  0.34000000E+03     -0.1613489054027806E+04      0.2603533566411299E+07     -0.4201375172690825E+10      0.6780330529317014E+13     -0.1094312538368514E+17
  0.34100000E+03     -0.1622743843443155E+04      0.2633483288240085E+07     -0.4274071473648838E+10      0.6937190202101030E+13     -0.1126045715559044E+17
  0.34200000E+03     -0.1632017369468645E+04      0.2663665842703910E+07     -0.4347753209150805E+10      0.7097088064886374E+13     -0.1158579022993181E+17
  0.34300000E+03     -0.1641311120947500E+04      0.2694087136538713E+07     -0.4422442207994329E+10      0.7260098020330957E+13     -0.1191935021056178E+17
  0.34400000E+03     -0.1650652249590217E+04      0.2724837461430144E+07     -0.4498368475350683E+10      0.7426750805841747E+13     -0.1226230358103261E+17
  0.34500000E+03     -0.1660065816659004E+04      0.2756003098006145E+07     -0.4575759282438710E+10      0.7597587257443261E+13     -0.1261587185284732E+17
  0.34600000E+03     -0.1669462545486406E+04      0.2787289290538167E+07     -0.4653889662016271E+10      0.7771033363768173E+13     -0.1297687447714845E+17
  0.34700000E+03     -0.1678914384926762E+04      0.2818937721460938E+07     -0.4733373522460895E+10      0.7948486156999416E+13     -0.1334831358595685E+17
  0.34800000E+03     -0.1688396210301718E+04      0.2850866535588760E+07     -0.4814016065328252E+10      0.8129546119160528E+13     -0.1372945066847138E+17
  0.34900000E+03     -0.1697925281918689E+04      0.2883134943170105E+07     -0.4895974716636978E+10      0.8314595908492911E+13     -0.1412117693230035E+17
  0.35000000E+03     -0.1707507588093187E+04      0.2915767290232736E+07     -0.4979326843401104E+10      0.8503857009195838E+13     -0.1452408514478347E+17
  0.35100000E+03     -0.1717096567690543E+04      0.2948606082288189E+07     -0.5063678137454763E+10      0.8696464120570672E+13     -0.1493642247912594E+17
  0.35200000E+03     -0.1726704975693447E+04      0.2981695816270660E+07     -0.5149150287293473E+10      0.8892724072275002E+13     -0.1535893368892974E+17
  0.35300000E+03     -0.1736354973376289E+04      0.3015114741734094E+07     -0.5235955748580658E+10      0.9093160709057715E+13     -0.1579285045831234E+17
  0.35400000E+03     -0.1746033858213702E+04      0.3048820670938515E+07     -0.5323994998610453E+10      0.9297579873066121E+13     -0.1623785649747204E+17
  0.35500000E+03     -0.1755737355662859E+04      0.3082801147500128E+07     -0.5413247302318151E+10      0.9505973483328906E+13     -0.1669404899299912E+17
  0.35600000E+03     -0.1765496243403904E+04      0.3117165753297237E+07     -0.5504010773626136E+10      0.9719074592039580E+13     -0.1716314202362131E+17
  0.35700000E+03     -0.1775292945058048E+04      0.3151854552817375E+07     -0.5596137824689996E+10      0.9936574849064711E+13     -0.1764456948888457E+17
  0.35800000E+03     -0.1785100025526659E+04      0.3186772107970146E+07     -0.5689385128453853E+10      0.1015793696503817E+14     -0.1813725370453888E+17
  0.35900000E+03     -0.1794949175946651E+04      0.3222033274230809E+07     -0.5784070458395382E+10      0.1038395497001996E+14     -0.1864308008070121E+17
  0.36000000E+03     -0.1804809941209264E+04      0.3257530510660641E+07     -0.5879914787385686E+10      0.1061399978424244E+14     -0.1916075413683091E+17
  0.36100000E+03     -0.1814702212713332E+04      0.3293336615666517E+07     -0.5977123666107176E+10      0.1084860020131727E+14     -0.1969157672884913E+17
  0.36200000E+03     -0.1824620280143748E+04      0.3329432559924789E+07     -0.6075655679157360E+10      0.1108769498146244E+14     -0.2023552850904424E+17
  0.36300000E+03     -0.1834594998953092E+04      0.3365933251207348E+07     -0.6175837512692397E+10      0.1133212273365907E+14     -0.2079465424362485E+17
  0.36400000E+03     -0.1844559816115499E+04      0.3402596489178998E+07     -0.6277014016796651E+10      0.1158032290794677E+14     -0.2136550401735930E+17
  0.36500000E+03     -0.1854565300780677E+04      0.3439609012431137E+07     -0.6379708333852748E+10      0.1183361257773525E+14     -0.2195121810748724E+17
  0.36600000E+03     -0.1864599734248661E+04      0.3476930288836620E+07     -0.6483821869815213E+10      0.1209179767782800E+14     -0.2255149579867788E+17
  0.36700000E+03     -0.1874681896254129E+04      0.3514631645236848E+07     -0.6589563821497475E+10      0.1235543743574003E+14     -0.2316776646922582E+17
  0.36800000E+03     -0.1884779114765887E+04      0.3552592844608257E+07     -0.6696608477181255E+10      0.1262376367357118E+14     -0.2379837255839779E+17
  0.36900000E+03     -0.1894921244693774E+04      0.3590928184141962E+07     -0.6805290114676078E+10      0.1289765983203862E+14     -0.2444553364594408E+17
  0.37000000E+03     -0.1905018246248819E+04      0.3629297662364140E+07     -0.6914651993044806E+10      0.1317474853522378E+14     -0.2510374936538155E+17
  0.37100000E+03     -0.1915183314433518E+04      0.3668132109472097E+07     -0.7025930301629804E+10      0.1345819866331896E+14     -0.2578067245783818E+17
  0.37200000E+03     -0.1925354838150697E+04      0.3707197248826790E+07     -0.7138463118896852E+10      0.1374636394204950E+14     -0.2647250428084415E+17
  0.37300000E+03     -0.1935583662152236E+04      0.3746691168440056E+07     -0.7252835490188442E+10      0.1404079563929891E+14     -0.2718313557263744E+17
  0.37400000E+03     -0.1945789451545447E+04      0.3786305256375311E+07     -0.7368164600161481E+10      0.1433926560344454E+14     -0.2790733556970252E+17
  0.37500000E+03     -0.1956052917571079E+04      0.3826352998579215E+07     -0.7485370137999961E+10      0.1464418884618702E+14     -0.2865108904507498E+17
  0.37600000E+03     -0.1966348308212362E+04      0.3866737356058469E+07     -0.7604184673269230E+10      0.1495492959804779E+14     -0.2941303272693442E+17
  0.37700000E+03     -0.1976639077381316E+04      0.3907315289327322E+07     -0.7724194817575871E+10      0.1527044323399080E+14     -0.3019073654017327E+17
  0.37800000E+03     -0.1986957681899194E+04      0.3948215373947564E+07     -0.7845789148398827E+10      0.1559179043574321E+14     -0.3098695376993454E+17
  0.37900000E+03     -0.1997292308454526E+04      0.3989392133877615E+07     -0.7968843033797694E+10      0.1591868708092263E+14     -0.3180113548856491E+17
  0.38000000E+03     -0.2007669510656082E+04      0.4030954785431539E+07     -0.8093699757209855E+10      0.1625210776300403E+14     -0.3263590932933892E+17
  0.38100000E+03     -0.2018049949486911E+04      0.4072744745261814E+07     -0.8219886527596634E+10      0.1659081737601025E+14     -0.3348829634456008E+17
  0.38200000E+03     -0.2028447473108919E+04      0.4114820227248147E+07     -0.8347593267179295E+10      0.1693538166359494E+14     -0.3435990636713161E+17
  0.38300000E+03     -0.2038880778038113E+04      0.4157257599438252E+07     -0.8477060703802372E+10      0.1728649254717533E+14     -0.3525264327500486E+17
  0.38400000E+03     -0.2049322439454831E+04      0.4199946796299865E+07     -0.8607964378538242E+10      0.1764331926340705E+14     -0.3616456663051139E+17
  0.38500000E+03     -0.2059753104558793E+04      0.4242808717968982E+07     -0.8740068570318094E+10      0.1800525634223603E+14     -0.3709427095997946E+17
  0.38600000E+03     -0.2070202665870571E+04      0.4285967053662372E+07     -0.8873764019779480E+10      0.1837341927755537E+14     -0.3804478554054774E+17
  0.38700000E+03     -0.2080734932862776E+04      0.4329687341715876E+07     -0.9009886363835941E+10      0.1875016407881765E+14     -0.3902238362349570E+17
  0.38800000E+03     -0.2091279267698278E+04      0.4373680720426985E+07     -0.9147556764878407E+10      0.1913313444015321E+14     -0.4002119816898370E+17
  0.38900000E+03     -0.2101791546333426E+04      0.4417760685944282E+07     -0.9286191097779417E+10      0.1952072367939886E+14     -0.4103713748623607E+17
  0.39000000E+03     -0.2112348386508225E+04      0.4462251061251520E+07     -0.9426822805432629E+10      0.1991588250386086E+14     -0.4207814808892699E+17
  0.39100000E+03     -0.2122948441664270E+04      0.4507147239196139E+07     -0.9569447795557144E+10      0.2031864877138455E+14     -0.4314451224753234E+17
  0.39200000E+03     -0.2133505730364888E+04      0.4552085867290455E+07     -0.9712921464869591E+10      0.2072583752994794E+14     -0.4422797581627486E+17
  0.39300000E+03     -0.2144138750576492E+04      0.4597572417207950E+07     -0.9858868192853676E+10      0.2114210927274783E+14     -0.4534112784795200E+17
  0.39400000E+03     -0.2154710823289864E+04      0.4643021689934033E+07     -0.1000541576057032E+11      0.2156215963882380E+14     -0.4646993298503626E+17
  0.39500000E+03     -0.2165363189461736E+04      0.4689043193823912E+07     -0.1015454416218156E+11      0.2199172667991180E+14     -0.4763003546457844E+17
  0.39600000E+03     -0.2176013519255636E+04      0.4735281966204851E+07     -0.1030511275304937E+11      0.2242757314130646E+14     -0.4881287951780434E+17
  0.39700000E+03     -0.2186672306629549E+04      0.4781784635380230E+07     -0.1045728403856655E+11      0.2287022111341253E+14     -0.5002007880495989E+17
  0.39800000E+03     -0.2197339183473211E+04      0.4828550438149827E+07     -0.1061106556956998E+11      0.2331974299510124E+14     -0.5125202614783439E+17
  0.39900000E+03     -0.2208001780880264E+04      0.4875524917735945E+07     -0.1076628482338772E+11      0.2377567496905920E+14     -0.5250761986513301E+17
  0.40000000E+03     -0.2218700524605075E+04      0.4922886923846401E+07     -0.1092354256070788E+11      0.2423983183539665E+14     -0.5379205489124231E+17
  0.40100000E+03     -0.2229372510595857E+04      0.4970359330850801E+07     -0.1108193040643190E+11      0.2470958881499618E+14     -0.5509828353404332E+17
  0.40200000E+03     -0.2240112330618008E+04      0.5018362376548549E+07     -0.1124285600925047E+11      0.2518915908722274E+14     -0.5643818821087599E+17
  0.40300000E+03     -0.2250870409678677E+04      0.5066679403707914E+07     -0.1140561694572345E+11      0.2567654262111494E+14     -0.5780650294844153E+17
  0.40400000E+03     -0.2261623569212918E+04      0.5115205272671208E+07     -0.1156986303896887E+11      0.2617072524046021E+14     -0.5920054013448741E+17
  0.40500000E+03     -0.2272346690531170E+04      0.5163825806172602E+07     -0.1173521246647843E+11      0.2667059440035191E+14     -0.6061732674612242E+17
  0.40600000E+03     -0.2283100925253963E+04      0.5212818249887357E+07     -0.1190261542141861E+11      0.2717906724013286E+14     -0.6206532088569446E+17
  0.40700000E+03     -0.2293887103535132E+04      0.5262188559224320E+07     -0.1207210716766789E+11      0.2769631891855117E+14     -0.6354527991604490E+17
  0.40800000E+03     -0.2304686455198624E+04      0.5311851980633139E+07     -0.1224340818220365E+11      0.2822155406483679E+14     -0.6505515824049574E+17
  0.40900000E+03     -0.2315412067056006E+04      0.5361407522589069E+07     -0.1241513836183248E+11      0.2875057329231032E+14     -0.6658304269195857E+17
  0.41000000E+03     -0.2326244187045852E+04      0.5411689224604464E+07     -0.1259019991375136E+11      0.2929237712308580E+14     -0.6815516975129166E+17
  0.41100000E+03     -0.2337018036108615E+04      0.5461932199305627E+07     -0.1276593724844322E+11      0.2983879280797813E+14     -0.6974802566525271E+17
  0.41200000E+03     -0.2347853553843172E+04      0.5512697777296832E+07     -0.1294432834601638E+11      0.3039603936183333E+14     -0.7138000914592691E+17
  0.41300000E+03     -0.2358647868404068E+04      0.5563504026809737E+07     -0.1312368745064005E+11      0.3095889904055892E+14     -0.7303605002218475E+17
  0.41400000E+03     -0.2369527845296255E+04      0.5614948367402842E+07     -0.1330613222759123E+11      0.3153406829205342E+14     -0.7473607015513738E+17
  0.41500000E+03     -0.2380402030291363E+04      0.5666602447418435E+07     -0.1349016564794259E+11      0.3211692139858147E+14     -0.7646674573961277E+17
  0.41600000E+03     -0.2391193073071156E+04      0.5718095458104054E+07     -0.1367446219287792E+11      0.3270327059977339E+14     -0.7821574449525211E+17
  0.41700000E+03     -0.2402075039067326E+04      0.5770258182099083E+07     -0.1386200367166961E+11      0.3330265409887249E+14     -0.8001174471218434E+17
  0.41800000E+03     -0.2412907545516895E+04      0.5822418463631389E+07     -0.1405038374234758E+11      0.3390743802546342E+14     -0.8183211426971173E+17
  0.41900000E+03     -0.2423700410800740E+04      0.5874621594263258E+07     -0.1423976643816024E+11      0.3451817497021414E+14     -0.8367866832349840E+17
  0.42000000E+03     -0.2434659131311671E+04      0.5927866479829143E+07     -0.1443380138698884E+11      0.3514674292438959E+14     -0.8558772361519120E+17
  0.42100000E+03     -0.2445552148891248E+04      0.5981029391654239E+07     -0.1462840614204383E+11      0.3577998310665199E+14     -0.8751959226200653E+17
  0.42200000E+03     -0.2456361330795173E+04      0.6034016508759845E+07     -0.1482322533466294E+11      0.3641672491648205E+14     -0.8947073462929259E+17
  0.42300000E+03     -0.2467197786882440E+04      0.6087373631116794E+07     -0.1502027760791574E+11      0.3706363008842352E+14     -0.9146183752189061E+17
  0.42400000E+03     -0.2478102634189941E+04      0.6141303610579232E+07     -0.1522032133096849E+11      0.3772324400304137E+14     -0.9350098519261710E+17
  0.42500000E+03     -0.2488909084869350E+04      0.6194982008511825E+07     -0.1542030749206785E+11      0.3838556796752020E+14     -0.9555751450830312E+17
  0.42600000E+03     -0.2499839574495804E+04      0.6249514680310226E+07     -0.1562436747778970E+11      0.3906434797458566E+14     -0.9767438422368184E+17
  0.42700000E+03     -0.2510704043227458E+04      0.6303953074508759E+07     -0.1582895824413494E+11      0.3974784536656552E+14     -0.9981521129118758E+17
  0.42800000E+03     -0.2521557074597327E+04      0.6358571134369461E+07     -0.1603511867218858E+11      0.4043958772602242E+14     -0.1019913032430132E+18
  0.42900000E+03     -0.2532427641901739E+04      0.6413513441183595E+07     -0.1624339764817924E+11      0.4114145345940183E+14     -0.1042087667981827E+18
  0.43000000E+03     -0.2543227426393325E+04      0.6468331572757490E+07     -0.1645209513623499E+11      0.4184773892129721E+14     -0.1064497425010354E+18
  0.43100000E+03     -0.2554113964622580E+04      0.6523827094967677E+07     -0.1666427779316794E+11      0.4256889924309660E+14     -0.1087477293978951E+18
  0.43200000E+03     -0.2565021652320139E+04      0.6579667860274021E+07     -0.1687869212504108E+11      0.4330075626157584E+14     -0.1110897593147041E+18
  0.43300000E+03     -0.2575972457498677E+04      0.6635967891141877E+07     -0.1709578973702505E+11      0.4404492512009011E+14     -0.1134813219175813E+18
  0.43400000E+03     -0.2586749881518224E+04      0.6691611938254004E+07     -0.1731126930814637E+11      0.4478668501348777E+14     -0.1158752672501584E+18
  0.43500000E+03     -0.2597513082174591E+04      0.6747414272907377E+07     -0.1752826297312605E+11      0.4553677210623664E+14     -0.1183061838779407E+18
  0.43600000E+03     -0.2608369166119339E+04      0.6803932711175413E+07     -0.1774895718886583E+11      0.4630283034121724E+14     -0.1207992077713800E+18
  0.43700000E+03     -0.2619246426340726E+04      0.6860796497597572E+07     -0.1797192169735655E+11      0.4707998169067456E+14     -0.1233388302515528E+18
  0.43800000E+03     -0.2630064560922429E+04      0.6917587134065961E+07     -0.1819552837946312E+11      0.4786262288716416E+14     -0.1259070625362320E+18
  0.43900000E+03     -0.2640910087427554E+04      0.6974756760859839E+07     -0.1842155716154876E+11      0.4865700965556606E+14     -0.1285246060542411E+18
  0.44000000E+03     -0.2651731445006332E+04      0.7032034201092463E+07     -0.1864894604516024E+11      0.4945947231610112E+14     -0.1311796651781126E+18
  0.44100000E+03     -0.2662545333855597E+04      0.7089503923886851E+07     -0.1887802226206021E+11      0.5027116344700621E+14     -0.1338761332433188E+18
  0.44200000E+03     -0.2673418583169398E+04      0.7147525546750224E+07     -0.1911024463486292E+11      0.5109736899120088E+14     -0.1366320480998087E+18
  0.44300000E+03     -0.2684168384547839E+04      0.7205123130456860E+07     -0.1934171306510320E+11      0.5192426166758505E+14     -0.1394015405578605E+18
  0.44400000E+03     -0.2694998136071665E+04      0.7263381224442093E+07     -0.1957677251708711E+11      0.5276734214707788E+14     -0.1422365466679913E+18
  0.44500000E+03     -0.2705693941194848E+04      0.7321148418075047E+07     -0.1981078166127506E+11      0.5361000598374875E+14     -0.1450814639122587E+18
  0.44600000E+03     -0.2716483318950482E+04      0.7379653061179591E+07     -0.2004872198161663E+11      0.5447023823582641E+14     -0.1479972600518413E+18
  0.44700000E+03     -0.2727218671572268E+04      0.7438096117917806E+07     -0.2028735644903526E+11      0.5533640848318751E+14     -0.1509448494012056E+18
  0.44800000E+03     -0.2737975429237301E+04      0.7496885510519707E+07     -0.2052834706823939E+11      0.5621456327924733E+14     -0.1539449483420346E+18
  0.44900000E+03     -0.2748687886855183E+04      0.7555665307587528E+07     -0.2077025532103437E+11      0.5709956297883835E+14     -0.1569804409671032E+18
  0.45000000E+03     -0.2759415144826294E+04      0.7614755089865531E+07     -0.2101438450919156E+11      0.5799615914151751E+14     -0.1600676616918630E+18
  0.45100000E+03     -0.2770073269807661E+04      0.7673690933283689E+07     -0.2125881858712410E+11      0.5889734373627758E+14     -0.1631826706867843E+18
  0.45200000E+03     -0.2780775120248205E+04      0.7733098115515290E+07     -0.2150616332817856E+11      0.5981279717071404E+14     -0.1663592775451569E+18
  0.45300000E+03     -0.2791583761523878E+04      0.7793332157156683E+07     -0.2175792899059292E+11      0.6074824760732162E+14     -0.1696179344929297E+18
  0.45400000E+03     -0.2802192847716960E+04      0.7852679480045864E+07     -0.2200693390396249E+11      0.6167696703046906E+14     -0.1728654763150746E+18
  0.45500000E+03     -0.2812878380365443E+04      0.7912683549841031E+07     -0.2225965929022013E+11      0.6262317556216580E+14     -0.1761868555338730E+18
  0.45600000E+03     -0.2823479983230489E+04      0.7972440089145604E+07     -0.2251228813734636E+11      0.6357257777018887E+14     -0.1795319710078636E+18
  0.45700000E+03     -0.2834029682580640E+04      0.8032127956205128E+07     -0.2276557676645458E+11      0.6452804365395945E+14     -0.1829111276024458E+18
  0.45800000E+03     -0.2844593278401239E+04      0.8092117168798874E+07     -0.2302109273117738E+11      0.6549550274947405E+14     -0.1863454468317183E+18
  0.45900000E+03     -0.2855207282493603E+04      0.8152619067878376E+07     -0.2327976055893114E+11      0.6647857554411970E+14     -0.1898483051874750E+18
  0.46000000E+03     -0.2865653037908108E+04      0.8212379486357933E+07     -0.2353619179831441E+11      0.6745670864684374E+14     -0.1933462946048440E+18
  0.46100000E+03     -0.2876223444650181E+04      0.8273078808205152E+07     -0.2379762434235033E+11      0.6845764238839432E+14     -0.1969391907630725E+18
  0.46200000E+03     -0.2886817300962978E+04      0.8334132544321826E+07     -0.2406153321670654E+11      0.6947170676374696E+14     -0.2005923670147047E+18
  0.46300000E+03     -0.2897280714991095E+04      0.8394655722853294E+07     -0.2432410832438072E+11      0.7048434677414678E+14     -0.2042537916926254E+18
  0.46400000E+03     -0.2907784834513351E+04      0.8455638467269154E+07     -0.2458965312287726E+11      0.7151221716730723E+14     -0.2079839943250569E+18
  0.46500000E+03     -0.2918210446036766E+04      0.8516380275104791E+07     -0.2485508768056756E+11      0.7254330815720977E+14     -0.2117391684713547E+18
  0.46600000E+03     -0.2928609469438137E+04      0.8577184731345519E+07     -0.2512175006509030E+11      0.7358288788928400E+14     -0.2155388511639433E+18
  0.46700000E+03     -0.2939038441573237E+04      0.8638382274375409E+07     -0.2539109568592569E+11      0.7463668135935181E+14     -0.2194042518709938E+18
  0.46800000E+03     -0.2949372891908639E+04      0.8699237824737886E+07     -0.2565987553168671E+11      0.7569195016635000E+14     -0.2232886450357675E+18
  0.46900000E+03     -0.2959710723659081E+04      0.8760327207307303E+07     -0.2593063622367207E+11      0.7675873123369736E+14     -0.2272292107433079E+18
  0.47000000E+03     -0.2970132720576305E+04      0.8822131502431234E+07     -0.2620553308584888E+11      0.7784563355467948E+14     -0.2312582791783713E+18
  0.47100000E+03     -0.2980313113400328E+04      0.8882713112535475E+07     -0.2647592930269448E+11      0.7891846164180634E+14     -0.2352490167402584E+18
  0.47200000E+03     -0.2990657400057360E+04      0.8944482079985667E+07     -0.2675257482530441E+11      0.8001986566869769E+14     -0.2393601652895551E+18
  0.47300000E+03     -0.3000921682148198E+04      0.9005986373959288E+07     -0.2702899258328275E+11      0.8112418910050498E+14     -0.2434965437108767E+18
  0.47400000E+03     -0.3011130189937116E+04      0.9067362321137473E+07     -0.2730576177246426E+11      0.8223363739637962E+14     -0.2476661012440672E+18
  0.47500000E+03     -0.3021343955311403E+04      0.9128978576478899E+07     -0.2758455888837094E+11      0.8335501274630759E+14     -0.2518948051003469E+18
  0.47600000E+03     -0.3031531123132302E+04      0.9190645334729603E+07     -0.2786454228958841E+11      0.8448502501931031E+14     -0.2561707050040635E+18
  0.47700000E+03     -0.3041491741655056E+04      0.9251138707567124E+07     -0.2814010021621531E+11      0.8560082881664067E+14     -0.2604067090412217E+18
  0.47800000E+03     -0.3051705459690582E+04      0.9313375995534044E+07     -0.2842454704478932E+11      0.8675646564522570E+14     -0.2648085594378722E+18
  0.47900000E+03     -0.3061687350089195E+04      0.9374402700552816E+07     -0.2870438754318100E+11      0.8789716430041698E+14     -0.2691679401683538E+18
  0.48000000E+03     -0.3071714340262311E+04      0.9435904898240028E+07     -0.2898732743913638E+11      0.8905425513732878E+14     -0.2736043761151772E+18
  0.48100000E+03     -0.3081876098795085E+04      0.9498440502086921E+07     -0.2927597598801138E+11      0.9023860813433369E+14     -0.2781604051942226E+18
  0.48200000E+03     -0.3091836015229791E+04      0.9559931433341455E+07     -0.2956071699868391E+11      0.9141069217165961E+14     -0.2826837640483671E+18
  0.48300000E+03     -0.3101691858575945E+04      0.9620979701428872E+07     -0.2984433667718242E+11      0.9258199456528452E+14     -0.2872189504776629E+18
  0.48400000E+03     -0.3111571128956694E+04      0.9682365332164347E+07     -0.3013041975538799E+11      0.9376718302531702E+14     -0.2918223242573738E+18
  0.48500000E+03     -0.3121312723961455E+04      0.9743087785405124E+07     -0.3041431111608827E+11      0.9494702779552947E+14     -0.2964195007743750E+18
  0.48600000E+03     -0.3131197253691873E+04      0.9804894443314338E+07     -0.3070417779163023E+11      0.9615548506832183E+14     -0.3011429372156780E+18
  0.48700000E+03     -0.3140820595392331E+04      0.9865256734617943E+07     -0.3098815874320420E+11      0.9734311897163005E+14     -0.3057995447042469E+18
  0.48800000E+03     -0.3150609749943839E+04      0.9926845646533981E+07     -0.3127879079826625E+11      0.9856226107764756E+14     -0.3105942152649500E+18
  0.48900000E+03     -0.3160247271410944E+04      0.9987668422609730E+07     -0.3156669684656462E+11      0.9977371028195275E+14     -0.3153733941250671E+18
  0.49000000E+03     -0.3169930014710556E+04      0.1004896608312862E+08     -0.3185775051200296E+11      0.1010022017365313E+15     -0.3202348336324937E+18
  0.49100000E+03     -0.3179562007233364E+04      0.1011012885314390E+08     -0.3214905131009504E+11      0.1022354937656341E+15     -0.3251301829103363E+18
  0.49200000E+03     -0.3189106716850699E+04      0.1017091940562925E+08     -0.3243944908426678E+11      0.1034686568043691E+15     -0.3300397310586066E+18
  0.49300000E+03     -0.3198577759673420E+04      0.1023142196521080E+08     -0.3272933911770541E+11      0.1047033601061929E+15     -0.3349701691331278E+18
  0.49400000E+03     -0.3208210597603398E+04      0.1029313985082643E+08     -0.3302592570851564E+11      0.1059703171006999E+15     -0.3400443496140504E+18
  0.49500000E+03     -0.3217631063652975E+04      0.1035367668856887E+08     -0.3331770251061376E+11      0.1072204370252099E+15     -0.3450659976238589E+18
  0.49600000E+03     -0.3226952742623558E+04      0.1041375486768293E+08     -0.3360812021738715E+11      0.1084683932005143E+15     -0.3500936966884918E+18
  0.49700000E+03     -0.3236162412039084E+04      0.1047327847392493E+08     -0.3389666822162257E+11      0.1097118100885224E+15     -0.3551172276274460E+18
  0.49800000E+03     -0.3245436697563619E+04      0.1053339755111166E+08     -0.3418896762203400E+11      0.1109751305181338E+15     -0.3602363189283407E+18
  0.49900000E+03     -0.3254806851305846E+04      0.1059431073890640E+08     -0.3448596978007947E+11      0.1122624245309754E+15     -0.3654673770880066E+18
  0.50000000E+03     -0.3263984573553312E+04      0.1065414172369290E+08     -0.3477852053994904E+11      0.1135340123179530E+15     -0.3706492324716662E+18
  0.50100000E+03     -0.3273298409836655E+04      0.1071503319713874E+08     -0.3507710573108581E+11      0.1148355302196980E+15     -0.3759681825698833E+18
  0.50200000E+03     -0.3282273350593597E+04      0.1077387067193693E+08     -0.3536641355052237E+11      0.1161000808761391E+15     -0.3811502849535910E+18
  0.50300000E+03     -0.3291338267559811E+04      0.1083346604425568E+08     -0.3566027670397027E+11      0.1173881756686630E+15     -0.3864438029442440E+18
  0.50400000E+03     -0.3307139773154938E+04      0.1093906703417861E+08     -0.3618979728415334E+11      0.1197493739675939E+15     -0.3963189557009534E+18
  0.50500000E+03     -0.3360752869139760E+04      0.1130331396571407E+08     -0.3804666520898747E+11      0.1281674446579371E+15     -0.4321132986770114E+18
  0.50600000E+03     -0.3408766995320499E+04      0.1163159216133255E+08     -0.3973089333727975E+11      0.1358522270441069E+15     -0.4650028063541768E+18
  0.50700000E+03     -0.3542452245168367E+04      0.1255100237557475E+08     -0.4447541888238689E+11      0.1576252946357083E+15     -0.5587186565832371E+18
  0.50800000E+03     -0.3560019054145027E+04      0.1267548579131032E+08     -0.4513715541996240E+11      0.1607527887075063E+15     -0.5725787491212778E+18
  0.50900000E+03     -0.3555510173508362E+04      0.1264459699355087E+08     -0.4497844051430711E+11      0.1600278502555431E+15     -0.5694743973905117E+18
  0.51000000E+03     -0.3563404337868756E+04      0.1270142253314644E+08     -0.4528515724634566E+11      0.1614990765891780E+15     -0.5760889208725196E+18
